model           cs_top1  cs_top2  cs_top3  cs_top4  cs_top5  cs_top6  cs_top7  cs_top8  cs_top9  cs_top10  cs_top20  cs_top50  cs_all
C1903d1TS273_1  [0.491]  [0.420]  0.394    0.386    0.371    0.358    0.359    0.351    0.347    0.342     0.328     0.307     0.281
C1903d1TS131_4  0.372    0.370    0.395    [0.395]  [0.411]  0.404    0.397    0.397    0.398    0.405     0.410     0.373     0.336
C1903d1TS247_2  0.367    0.350    0.345    0.345    0.346    0.352    0.348    0.353    0.352    0.350     0.354     0.351     0.318
C1903d1TS131_1  0.360    0.365    [0.400]  [0.395]  0.409    [0.406]  [0.400]  [0.403]  [0.404]  [0.412]   [0.415]   0.375     0.338
C1903d1TS131_3  0.355    0.364    0.389    0.390    0.403    0.396    0.391    0.391    0.394    0.402     0.410     0.372     0.335
C1903d1TS210_1  0.345    0.359    0.339    0.327    0.325    0.324    0.325    0.329    0.326    0.324     0.323     0.312     0.286
C1903d1TS044_1  0.319    0.333    0.337    0.337    0.350    0.350    0.346    0.353    0.359    0.359     0.363     0.356     0.324
C1903d1TS123_2  0.287    0.290    0.292    0.292    0.294    0.295    0.294    0.295    0.295    0.295     0.297     0.308     0.284
C1903d1TS273_2  0.286    0.286    0.301    0.298    0.297    0.309    0.305    0.305    0.304    0.307     0.315     0.306     0.280
C1903d1TS215_3  0.280    0.322    0.307    0.325    0.317    0.312    0.308    0.314    0.311    0.308     0.304     0.293     0.268
C1903d1TS131_5  0        0.366    0.390    0.388    0.400    0.394    0.389    0.389    0.391    0.402     0.410     0.372     0.336
C1903d1TS210_4  0        0.366    0.374    0.367    0.374    0.368    0.363    0.367    0.367    0.365     0.369     0.355     0.323
C1903d1TS438_1  0        0.354    0.359    0.368    0.373    0.374    0.370    0.374    0.380    0.380     0.390     [0.386]   [0.351]
C1903d1TS228_5  0        0.345    0.355    0.361    0.360    0.355    0.350    0.350    0.360    0.360     0.359     0.346     0.314
C1903d1TS258_4  0        0.338    0.354    0.350    0.362    0.368    0.364    0.363    0.364    0.366     0.371     0.361     0.328
C1903d1TS247_4  0        0.334    0.336    0.342    0.356    0.357    0.354    0.354    0.353    0.352     0.360     0.362     0.326
C1903d1TS215_4  0        0.313    0.318    0.327    0.334    0.331    0.326    0.331    0.335    0.342     0.334     0.322     0.294
C1903d1TS215_2  0        0.303    0.296    0.299    0.307    0.304    0.322    0.318    0.314    0.311     0.305     0.296     0.270
C1903d1TS258_1  0        0        0.342    0.342    0.346    0.347    0.345    0.346    0.354    0.359     0.368     0.359     0.328
C1903d1TS247_5  0        0        0.319    0.329    0.333    0.332    0.330    0.335    0.334    0.333     0.337     0.340     0.305
C1903d1TS215_1  0        0        0.316    0.311    0.310    0.324    0.326    0.324    0.322    0.324     0.321     0.309     0.283
C1903d1TS215_5  0        0        0.299    0.304    0.305    0.320    0.327    0.324    0.325    0.323     0.320     0.312     0.284
C1903d1TS438_2  0        0        0.233    0.233    0.235    0.235    0.234    0.235    0.236    0.236     0.242     0.253     0.227
C1903d1TS247_1  0        0        0        0.346    0.351    0.351    0.352    0.354    0.353    0.352     0.359     0.361     0.326
C1903d1TS210_5  0        0        0        0.342    0.347    0.346    0.344    0.345    0.346    0.347     0.370     0.354     0.321
C1903d1TS240_4  0        0        0        0.329    0.334    0.337    0.335    0.338    0.339    0.340     0.349     0.368     0.336
C1903d1TS073_4  0        0        0        0.292    0.296    0.297    0.296    0.297    0.297    0.300     0.304     0.317     0.293
C1903d1TS103_1  0        0        0        0.250    0.252    0.252    0.250    0.251    0.252    0.252     0.257     0.259     0.244
C1903d1TS405_4  0        0        0        0        0.364    0.365    0.367    0.370    0.370    0.370     0.373     0.378     0.348
C1903d1TS258_5  0        0        0        0        0.353    0.361    0.357    0.357    0.363    0.368     0.374     0.363     0.330
C1903d1TS247_3  0        0        0        0        0.352    0.357    0.353    0.354    0.352    0.352     0.361     0.361     0.326
C1903d1TS228_1  0        0        0        0        0.346    0.342    0.340    0.342    0.349    0.352     0.353     0.341     0.312
C1903d1TS073_1  0        0        0        0        0.306    0.308    0.307    0.308    0.309    0.311     0.315     0.332     0.304
C1903d1TS270_1  0        0        0        0        0.287    0.288    0.287    0.288    0.293    0.291     0.300     0.301     0.276
C1903d1TS240_5  0        0        0        0        0        0.340    0.339    0.342    0.343    0.344     0.354     0.374     0.341
C1903d1TS258_3  0        0        0        0        0        0.336    0.340    0.346    0.351    0.355     0.363     0.350     0.319
C1903d1TS347_1  0        0        0        0        0        0.292    0.295    0.296    0.296    0.296     0.307     0.315     0.288
C1903d1TS131_2  0        0        0        0        0        0        0.380    0.381    0.384    0.395     0.403     0.367     0.331
C1903d1TS210_2  0        0        0        0        0        0        0.367    0.371    0.371    0.371     0.374     0.378     0.348
C1903d1TS073_5  0        0        0        0        0        0        0.309    0.310    0.311    0.313     0.321     0.334     0.306
C1903d1TS347_2  0        0        0        0        0        0        0.297    0.298    0.298    0.298     0.308     0.316     0.289
C1903d1TS438_3  0        0        0        0        0        0        0.271    0.272    0.273    0.273     0.278     0.286     0.262
C1903d1TS405_5  0        0        0        0        0        0        0        0.369    0.369    0.370     0.372     0.378     0.350
C1903d1TS258_2  0        0        0        0        0        0        0        0.361    0.365    0.366     0.381     0.378     0.344
C1903d1TS240_1  0        0        0        0        0        0        0        0.343    0.345    0.345     0.354     0.370     0.338
C1903d1TS123_5  0        0        0        0        0        0        0        0.274    0.279    0.279     0.277     0.284     0.260
C1903d1TS438_4  0        0        0        0        0        0        0        0        0.263    0.264     0.268     0.279     0.255
C1903d1TS240_2  0        0        0        0        0        0        0        0        0        0         0.361     0.377     0.345
C1903d1TS240_3  0        0        0        0        0        0        0        0        0        0         0.361     0.380     0.347
C1903d1TS073_2  0        0        0        0        0        0        0        0        0        0         0.297     0.310     0.289
C1903d1TS073_3  0        0        0        0        0        0        0        0        0        0         0.296     0.309     0.287
C1903d1TS121_1  0        0        0        0        0        0        0        0        0        0         0.274     0.274     0.259
C1903d1TS121_2  0        0        0        0        0        0        0        0        0        0         0.230     0.228     0.218
C1903d1TS123_1  0        0        0        0        0        0        0        0        0        0         0         0.285     0.264
C1903d1TS067_1  0        0        0        0        0        0        0        0        0        0         0         0.269     0.254
C1903d1TS347_3  0        0        0        0        0        0        0        0        0        0         0         0.269     0.254
C1903d1TS067_4  0        0        0        0        0        0        0        0        0        0         0         0.266     0.258
C1903d1TS003_1  0        0        0        0        0        0        0        0        0        0         0         0.245     0.241
C1903d1TS049_4  0        0        0        0        0        0        0        0        0        0         0         0.185     0.181
C1903d1TS049_1  0        0        0        0        0        0        0        0        0        0         0         0.182     0.178
C1903d1TS049_2  0        0        0        0        0        0        0        0        0        0         0         0         0.191
C1903d1TS049_5  0        0        0        0        0        0        0        0        0        0         0         0         0.181
C1903d1TS049_3  0        0        0        0        0        0        0        0        0        0         0         0         0.151
