model           cs_top1  cs_top2  cs_top3  cs_top4  cs_top5  cs_top6  cs_top7  cs_top8  cs_top9  cs_top10  cs_top15  cs_top20  cs_top25  cs_top30  cs_top35  cs_top40  cs_top45  cs_top50
C1904d1TS210_1  [0.426]  0.449    0.438    0.453    0.461    0.452    0.443    0.432    0.428    0.424     0.409     0.393     0.388     0.384     0.382     0.377     0.373     0.369
C1904d1TS131_5  0.420    0.443    0.473    0.461    0.466    0.471    0.477    0.476    0.482    0.485     0.484     0.461     0.442     0.430     0.420     0.412     0.404     0.398
C1904d1TS131_3  0.410    0.440    0.469    0.465    0.465    0.470    0.482    0.480    0.486    0.487     0.487     0.465     0.446     0.433     0.423     0.414     0.407     0.400
C1904d1TS131_2  0.409    [0.458]  [0.485]  [0.471]  [0.472]  [0.475]  [0.485]  [0.482]  [0.488]  [0.490]   0.488     0.465     0.447     0.434     0.423     0.415     0.407     0.400
C1904d1TS247_5  0.369    0.398    0.402    0.403    0.399    0.394    0.397    0.399    0.400    0.400     0.398     0.403     0.405     0.412     0.412     0.409     0.405     0.401
C1904d1TS247_2  0.364    0.377    0.383    0.391    0.388    0.383    0.385    0.386    0.390    0.389     0.389     0.394     0.397     0.401     0.401     0.400     0.397     0.394
C1904d1TS210_2  0.343    0.349    0.355    0.358    0.367    0.366    0.367    0.368    0.370    0.371     0.378     0.382     0.384     0.389     0.390     0.391     0.391     0.389
C1904d1TS228_1  0.339    0.359    0.359    0.365    0.377    0.374    0.372    0.370    0.374    0.380     0.395     0.404     0.401     0.403     0.400     0.398     0.397     0.394
C1904d1TS273_3  0.275    0.294    0.303    0.308    0.311    0.316    0.328    0.330    0.331    0.332     0.327     0.327     0.335     0.337     0.335     0.335     0.333     0.331
C1904d1TS010_2  0.274    0.282    0.306    0.302    0.310    0.311    0.317    0.320    0.319    0.318     0.317     0.315     0.311     0.308     0.307     0.305     0.303     0.302
C1904d1TS067_5  0.250    0.226    0.197    0.182    0.173    0.167    0.164    0.161    0.159    0.157     0.154     0.151     0.149     0.148     0.148     0.147     0.146     0.146
C1904d1TS405_1  0        0.449    0.438    0.453    0.461    0.452    0.443    0.432    0.428    0.424     0.409     0.393     0.388     0.384     0.382     0.377     0.373     0.369
C1904d1TS131_4  0        0.448    0.472    0.461    0.464    0.468    0.478    0.478    0.484    0.486     0.488     0.466     0.448     0.435     0.424     0.416     0.408     0.402
C1904d1TS228_2  0        0.366    0.367    0.373    0.387    0.383    0.381    0.379    0.383    0.388     0.402     0.411     0.408     0.411     0.407     0.406     0.405     0.402
C1904d1TS010_1  0        0.299    0.308    0.319    0.319    0.326    0.337    0.334    0.337    0.335     0.329     0.328     0.327     0.324     0.323     0.321     0.321     0.322
C1904d1TS273_4  0        0.294    0.304    0.310    0.316    0.318    0.326    0.330    0.332    0.333     0.327     0.328     0.336     0.338     0.336     0.335     0.334     0.332
C1904d1TS121_1  0        0.230    0.235    0.238    0.240    0.243    0.244    0.245    0.245    0.246     0.247     0.254     0.254     0.254     0.256     0.257     0.257     0.257
C1904d1TS067_4  0        0.222    0.196    0.182    0.175    0.169    0.166    0.164    0.162    0.161     0.159     0.157     0.155     0.154     0.153     0.153     0.152     0.152
C1904d1TS131_1  0        0        0.469    0.463    0.463    0.474    0.482    0.480    0.487    0.489     [0.490]   [0.468]   [0.449]   [0.436]   [0.425]   [0.417]   [0.409]   0.402
C1904d1TS247_3  0        0        0.389    0.391    0.388    0.383    0.384    0.387    0.388    0.388     0.387     0.391     0.394     0.399     0.399     0.397     0.394     0.391
C1904d1TS210_4  0        0        0.356    0.370    0.375    0.372    0.374    0.381    0.387    0.386     0.398     0.393     0.391     0.390     0.395     0.392     0.391     0.388
C1904d1TS010_5  0        0        0.311    0.309    0.318    0.323    0.322    0.331    0.329    0.327     0.329     0.325     0.320     0.317     0.317     0.314     0.313     0.313
C1904d1TS010_4  0        0        0.299    0.300    0.302    0.311    0.312    0.312    0.313    0.317     0.323     0.324     0.322     0.321     0.322     0.320     0.319     0.319
C1904d1TS273_2  0        0        0.298    0.310    0.311    0.312    0.321    0.326    0.325    0.325     0.329     0.332     0.343     0.345     0.340     0.338     0.337     0.336
C1904d1TS347_1  0        0        0.254    0.256    0.257    0.259    0.260    0.261    0.262    0.263     0.264     0.265     0.267     0.268     0.269     0.270     0.270     0.270
C1904d1TS247_1  0        0        0        0.400    0.396    0.392    0.393    0.398    0.400    0.400     0.399     0.404     0.406     0.412     0.412     0.410     0.407     [0.403]
C1904d1TS228_3  0        0        0        0.376    0.388    0.385    0.383    0.381    0.386    0.391     0.404     0.411     0.409     0.412     0.408     0.407     0.406     [0.403]
C1904d1TS405_2  0        0        0        0.370    0.375    0.372    0.374    0.381    0.387    0.386     0.398     0.393     0.391     0.390     0.395     0.392     0.391     0.388
C1904d1TS273_1  0        0        0        0.310    0.311    0.312    0.321    0.326    0.325    0.325     0.329     0.332     0.343     0.345     0.340     0.338     0.337     0.336
C1904d1TS432_1  0        0        0        0.293    0.295    0.296    0.302    0.304    0.305    0.306     0.303     0.306     0.310     0.313     0.312     0.311     0.312     0.311
C1904d1TS123_3  0        0        0        0.285    0.288    0.293    0.294    0.294    0.294    0.294     0.298     0.303     0.303     0.304     0.303     0.303     0.304     0.305
C1904d1TS073_3  0        0        0        0.271    0.275    0.277    0.277    0.283    0.285    0.285     0.288     0.291     0.298     0.302     0.304     0.304     0.303     0.304
C1904d1TS438_2  0        0        0        0.228    0.230    0.232    0.233    0.234    0.234    0.235     0.236     0.236     0.235     0.235     0.235     0.237     0.237     0.237
C1904d1TS405_4  0        0        0        0        0.364    0.364    0.375    0.376    0.378    0.378     0.383     0.386     0.384     0.383     0.384     0.383     0.381     0.379
C1904d1TS010_3  0        0        0        0        0.302    0.306    0.308    0.308    0.310    0.315     0.321     0.318     0.318     0.317     0.319     0.317     0.317     0.318
C1904d1TS073_2  0        0        0        0        0.273    0.274    0.274    0.276    0.281    0.281     0.283     0.285     0.289     0.291     0.292     0.295     0.294     0.294
C1904d1TS228_5  0        0        0        0        0        0.373    0.375    0.375    0.381    0.383     0.389     0.393     0.395     0.398     0.396     0.394     0.394     0.391
C1904d1TS258_3  0        0        0        0        0        0.347    0.348    0.348    0.350    0.351     0.362     0.364     0.368     0.370     0.376     0.376     0.374     0.374
C1904d1TS240_4  0        0        0        0        0        0.308    0.311    0.312    0.318    0.321     0.329     0.328     0.331     0.332     0.339     0.342     0.341     0.339
C1904d1TS123_4  0        0        0        0        0        0.289    0.289    0.289    0.289    0.289     0.297     0.299     0.299     0.298     0.296     0.295     0.296     0.295
C1904d1TS405_5  0        0        0        0        0        0        0.360    0.364    0.368    0.369     0.376     0.375     0.377     0.379     0.383     0.382     0.381     0.379
C1904d1TS405_3  0        0        0        0        0        0        0        0.372    0.375    0.377     0.384     0.383     0.384     0.386     0.393     0.391     0.390     0.388
C1904d1TS438_1  0        0        0        0        0        0        0        0.341    0.343    0.347     0.366     0.370     0.383     0.389     0.394     0.400     0.396     0.394
C1904d1TS103_1  0        0        0        0        0        0        0        0.286    0.287    0.287     0.288     0.290     0.289     0.290     0.290     0.292     0.293     0.294
C1904d1TS215_1  0        0        0        0        0        0        0        0        0.328    0.329     0.333     0.333     0.334     0.335     0.335     0.336     0.335     0.335
C1904d1TS247_4  0        0        0        0        0        0        0        0        0        0.384     0.387     0.394     0.397     0.400     0.401     0.400     0.397     0.395
C1904d1TS210_5  0        0        0        0        0        0        0        0        0        0.377     0.384     0.383     0.384     0.386     0.393     0.391     0.390     0.388
C1904d1TS438_3  0        0        0        0        0        0        0        0        0        0.347     0.365     0.369     0.381     0.387     0.392     0.400     0.395     0.393
C1904d1TS240_1  0        0        0        0        0        0        0        0        0        0.323     0.326     0.329     0.332     0.332     0.336     0.338     0.339     0.337
C1904d1TS240_5  0        0        0        0        0        0        0        0        0        0.312     0.317     0.317     0.319     0.321     0.325     0.332     0.333     0.331
C1904d1TS347_2  0        0        0        0        0        0        0        0        0        0.295     0.297     0.297     0.298     0.299     0.300     0.300     0.299     0.298
C1904d1TS228_4  0        0        0        0        0        0        0        0        0        0         0.397     0.405     0.402     0.405     0.401     0.400     0.399     0.396
C1904d1TS210_3  0        0        0        0        0        0        0        0        0        0         0.375     0.381     0.385     0.388     0.388     0.388     0.389     0.387
C1904d1TS258_2  0        0        0        0        0        0        0        0        0        0         0.372     0.376     0.379     0.382     0.384     0.384     0.381     0.379
C1904d1TS438_4  0        0        0        0        0        0        0        0        0        0         0.367     0.371     0.384     0.390     0.395     0.402     0.397     0.396
C1904d1TS438_5  0        0        0        0        0        0        0        0        0        0         0.365     0.369     0.381     0.388     0.392     0.400     0.395     0.394
C1904d1TS258_5  0        0        0        0        0        0        0        0        0        0         0.327     0.327     0.329     0.330     0.332     0.333     0.335     0.337
C1904d1TS240_2  0        0        0        0        0        0        0        0        0        0         0.325     0.329     0.331     0.333     0.336     0.339     0.341     0.340
C1904d1TS073_5  0        0        0        0        0        0        0        0        0        0         0.280     0.282     0.287     0.291     0.292     0.293     0.295     0.299
C1904d1TS073_1  0        0        0        0        0        0        0        0        0        0         0.276     0.281     0.285     0.287     0.291     0.293     0.293     0.295
C1904d1TS258_4  0        0        0        0        0        0        0        0        0        0         0         0.362     0.363     0.364     0.369     0.369     0.368     0.367
C1904d1TS215_5  0        0        0        0        0        0        0        0        0        0         0         0.308     0.308     0.309     0.309     0.310     0.309     0.309
C1904d1TS123_1  0        0        0        0        0        0        0        0        0        0         0         0.298     0.298     0.300     0.302     0.303     0.307     0.310
C1904d1TS123_2  0        0        0        0        0        0        0        0        0        0         0         0.298     0.298     0.300     0.302     0.303     0.307     0.310
C1904d1TS073_4  0        0        0        0        0        0        0        0        0        0         0         0.285     0.289     0.290     0.292     0.294     0.296     0.299
C1904d1TS121_2  0        0        0        0        0        0        0        0        0        0         0         0.215     0.215     0.215     0.216     0.217     0.217     0.217
C1904d1TS215_3  0        0        0        0        0        0        0        0        0        0         0         0         0.330     0.334     0.336     0.342     0.340     0.342
C1904d1TS273_5  0        0        0        0        0        0        0        0        0        0         0         0         0.321     0.321     0.323     0.324     0.326     0.326
C1904d1TS240_3  0        0        0        0        0        0        0        0        0        0         0         0         0.319     0.320     0.326     0.328     0.330     0.330
C1904d1TS215_2  0        0        0        0        0        0        0        0        0        0         0         0         0.309     0.310     0.310     0.313     0.311     0.311
C1904d1TS103_2  0        0        0        0        0        0        0        0        0        0         0         0         0         0.279     0.279     0.279     0.278     0.277
C1904d1TS404_1  0        0        0        0        0        0        0        0        0        0         0         0         0         0         0.371     0.374     0.373     0.372
C1904d1TS258_1  0        0        0        0        0        0        0        0        0        0         0         0         0         0         0.353     0.354     0.353     0.354
C1904d1TS215_4  0        0        0        0        0        0        0        0        0        0         0         0         0         0         0.286     0.286     0.286     0.286
C1904d1TS404_5  0        0        0        0        0        0        0        0        0        0         0         0         0         0         0         0.375     0.374     0.373
C1904d1TS404_4  0        0        0        0        0        0        0        0        0        0         0         0         0         0         0         0.373     0.371     0.370
C1904d1TS404_2  0        0        0        0        0        0        0        0        0        0         0         0         0         0         0         0.371     0.370     0.369
C1904d1TS404_3  0        0        0        0        0        0        0        0        0        0         0         0         0         0         0         0.371     0.370     0.369
C1904d1TS123_5  0        0        0        0        0        0        0        0        0        0         0         0         0         0         0         0         0.287     0.289
