model           cs_top1  cs_top2  cs_top3  cs_top4  cs_top5  cs_top6  cs_top7  cs_top8  cs_top9  cs_top10  cs_top15  cs_top20  cs_top25  cs_top30  cs_top35  cs_top40  cs_top45  cs_top50
C1905d2TS210_1  [0.412]  [0.437]  [0.423]  [0.418]  [0.414]  [0.410]  [0.417]  [0.421]  [0.415]  [0.412]   [0.392]   [0.385]   0.373     0.365     0.356     0.352     0.347     0.343
C1905d2TS345_4  0.354    0.332    0.337    0.317    0.305    0.298    0.304    0.297    0.291    0.291     0.281     0.273     0.269     0.266     0.266     0.264     0.265     0.266
C1905d2TS240_5  0.339    0.321    0.319    0.317    0.317    0.315    0.314    0.316    0.316    0.318     0.319     0.317     0.318     0.322     0.325     0.329     0.330     0.330
C1905d2TS345_5  0.310    0.308    0.292    0.318    0.316    0.313    0.311    0.303    0.303    0.299     0.285     0.283     0.278     0.276     0.272     0.270     0.268     0.269
C1905d2TS131_1  0.304    0.327    0.341    0.348    0.348    0.347    0.344    0.351    0.355    0.359     0.373     0.370     0.373     0.372     [0.368]   [0.366]   [0.362]   0.357
C1905d2TS345_2  0.302    0.301    0.286    0.276    0.270    0.281    0.283    0.277    0.273    0.270     0.264     0.259     0.262     0.262     0.261     0.261     0.259     0.259
C1905d2TS210_3  0.298    0.297    0.303    0.322    0.318    0.314    0.313    0.313    0.312    0.312     0.318     0.323     0.323     0.326     0.328     0.333     0.332     0.330
C1905d2TS210_4  0.291    0.319    0.319    0.319    0.319    0.318    0.316    0.328    0.342    0.345     0.355     0.349     0.344     0.341     0.339     0.339     0.338     0.334
C1905d2TS345_3  0.273    0.292    0.298    0.313    0.321    0.311    0.305    0.299    0.295    0.292     0.283     0.287     0.284     0.282     0.279     0.278     0.276     0.276
C1905d2TS405_1  0        [0.437]  [0.423]  [0.418]  [0.414]  [0.410]  [0.417]  [0.421]  [0.415]  [0.412]   [0.392]   [0.385]   0.373     0.365     0.356     0.352     0.347     0.343
C1905d2TS131_5  0        0.334    0.350    0.350    0.353    0.348    0.344    0.351    0.356    0.358     0.374     0.368     0.370     0.369     0.364     0.362     0.359     0.354
C1905d2TS345_1  0        0.325    0.338    0.321    0.319    0.325    0.317    0.316    0.310    0.306     0.301     0.295     0.289     0.285     0.282     0.280     0.278     0.279
C1905d2TS405_3  0        0.319    0.319    0.319    0.319    0.318    0.316    0.328    0.342    0.345     0.355     0.349     0.344     0.341     0.339     0.339     0.338     0.334
C1905d2TS210_5  0        0.314    0.332    0.335    0.343    0.345    0.346    0.355    0.359    0.362     0.359     0.360     0.357     0.358     0.353     0.350     0.346     0.341
C1905d2TS215_5  0        0.281    0.282    0.292    0.300    0.305    0.303    0.301    0.300    0.300     0.304     0.302     0.302     0.301     0.302     0.301     0.302     0.303
C1905d2TS432_1  0        0.267    0.283    0.280    0.287    0.286    0.283    0.283    0.281    0.281     0.279     0.282     0.284     0.284     0.283     0.284     0.284     0.286
C1905d2TS210_2  0        0        0.343    0.368    0.376    0.374    0.368    0.369    0.372    0.377     0.372     0.377     0.372     0.370     0.362     0.361     0.357     0.352
C1905d2TS131_3  0        0        0.337    0.339    0.345    0.341    0.338    0.346    0.349    0.353     0.367     0.361     0.368     0.370     0.365     0.363     0.360     0.355
C1905d2TS405_4  0        0        0.332    0.335    0.343    0.345    0.346    0.355    0.359    0.362     0.359     0.360     0.357     0.358     0.353     0.350     0.346     0.341
C1905d2TS131_4  0        0        0.325    0.327    0.328    0.325    0.327    0.332    0.335    0.343     0.352     0.347     0.354     0.358     0.354     0.351     0.348     0.345
C1905d2TS240_4  0        0        0.297    0.298    0.298    0.298    0.298    0.300    0.299    0.299     0.305     0.305     0.308     0.310     0.313     0.316     0.320     0.321
C1905d2TS258_5  0        0        0.290    0.291    0.292    0.292    0.293    0.299    0.298    0.303     0.312     0.317     0.323     0.323     0.321     0.321     0.320     0.318
C1905d2TS010_3  0        0        0.273    0.275    0.275    0.277    0.277    0.279    0.280    0.281     0.291     0.293     0.293     0.296     0.295     0.296     0.295     0.294
C1905d2TS405_2  0        0        0        0.368    0.376    0.374    0.368    0.369    0.372    0.377     0.372     0.377     0.372     0.370     0.362     0.361     0.357     0.352
C1905d2TS131_2  0        0        0        0.331    0.331    0.328    0.325    0.331    0.339    0.342     0.357     0.352     0.355     0.356     0.353     0.352     0.348     0.344
C1905d2TS273_5  0        0        0        0.284    0.294    0.306    0.314    0.312    0.324    0.334     0.366     0.377     0.377     [0.376]   0.367     0.360     0.357     0.354
C1905d2TS010_5  0        0        0        0.271    0.271    0.272    0.271    0.272    0.273    0.273     0.276     0.282     0.282     0.282     0.279     0.282     0.281     0.279
C1905d2TS258_2  0        0        0        0        0.309    0.315    0.319    0.324    0.324    0.325     0.327     0.328     0.332     0.330     0.335     0.334     0.334     0.332
C1905d2TS240_2  0        0        0        0        0.297    0.296    0.301    0.301    0.300    0.300     0.300     0.301     0.302     0.304     0.307     0.310     0.313     0.314
C1905d2TS273_3  0        0        0        0        0.294    0.306    0.315    0.313    0.325    0.334     0.366     0.377     [0.378]   [0.376]   [0.368]   0.360     0.357     0.355
C1905d2TS123_4  0        0        0        0        0.233    0.233    0.239    0.238    0.238    0.238     0.237     0.236     0.236     0.236     0.234     0.235     0.234     0.236
C1905d2TS240_3  0        0        0        0        0        0.315    0.315    0.321    0.321    0.322     0.323     0.321     0.322     0.324     0.326     0.330     0.331     0.332
C1905d2TS273_1  0        0        0        0        0        0.306    0.314    0.312    0.324    0.334     0.366     0.377     0.377     [0.376]   0.367     0.360     0.357     0.355
C1905d2TS010_1  0        0        0        0        0        0.265    0.265    0.271    0.273    0.273     0.276     0.277     0.278     0.281     0.278     0.279     0.282     0.281
C1905d2TS010_2  0        0        0        0        0        0.263    0.264    0.266    0.271    0.271     0.272     0.275     0.274     0.276     0.273     0.275     0.277     0.276
C1905d2TS228_5  0        0        0        0        0        0        0.282    0.283    0.283    0.285     0.299     0.297     0.305     0.307     0.317     0.320     0.323     0.320
C1905d2TS010_4  0        0        0        0        0        0        0.274    0.276    0.276    0.277     0.280     0.283     0.287     0.287     0.288     0.288     0.289     0.291
C1905d2TS258_3  0        0        0        0        0        0        0        0.306    0.307    0.310     0.317     0.319     0.327     0.329     0.328     0.329     0.331     0.329
C1905d2TS121_1  0        0        0        0        0        0        0        0.201    0.201    0.201     0.200     0.203     0.202     0.202     0.203     0.203     0.203     0.203
C1905d2TS273_4  0        0        0        0        0        0        0        0        0.317    0.327     0.358     0.369     0.369     0.368     0.361     0.353     0.351     0.348
C1905d2TS240_1  0        0        0        0        0        0        0        0        0.315    0.320     0.322     0.319     0.319     0.321     0.323     0.329     0.329     0.330
C1905d2TS258_4  0        0        0        0        0        0        0        0        0.299    0.306     0.318     0.316     0.326     0.325     0.325     0.324     0.322     0.319
C1905d2TS215_2  0        0        0        0        0        0        0        0        0.289    0.291     0.297     0.303     0.305     0.302     0.301     0.300     0.299     0.297
C1905d2TS273_2  0        0        0        0        0        0        0        0        0        0.332     0.365     0.376     0.377     [0.376]   0.367     0.360     0.357     0.354
C1905d2TS258_1  0        0        0        0        0        0        0        0        0        0.320     0.327     0.329     0.335     0.336     0.334     0.335     0.338     0.337
C1905d2TS215_4  0        0        0        0        0        0        0        0        0        0.279     0.284     0.291     0.293     0.295     0.294     0.295     0.295     0.294
C1905d2TS405_5  0        0        0        0        0        0        0        0        0        0         0.336     0.337     0.338     0.337     0.334     0.335     0.335     0.334
C1905d2TS438_3  0        0        0        0        0        0        0        0        0        0         0.333     0.342     0.354     0.352     0.354     0.359     0.361     [0.365]
C1905d2TS438_2  0        0        0        0        0        0        0        0        0        0         0.332     0.342     0.353     0.351     0.353     0.359     0.361     [0.365]
C1905d2TS438_5  0        0        0        0        0        0        0        0        0        0         0.332     0.342     0.352     0.350     0.353     0.359     0.361     [0.365]
C1905d2TS438_4  0        0        0        0        0        0        0        0        0        0         0.329     0.339     0.350     0.348     0.350     0.356     0.358     0.362
C1905d2TS215_1  0        0        0        0        0        0        0        0        0        0         0.294     0.296     0.302     0.301     0.302     0.301     0.303     0.302
C1905d2TS438_1  0        0        0        0        0        0        0        0        0        0         0         0.338     0.349     0.347     0.350     0.355     0.357     0.361
C1905d2TS228_3  0        0        0        0        0        0        0        0        0        0         0         0.289     0.300     0.308     0.329     0.336     0.341     0.338
C1905d2TS215_3  0        0        0        0        0        0        0        0        0        0         0         0.284     0.285     0.287     0.284     0.286     0.286     0.286
C1905d2TS123_5  0        0        0        0        0        0        0        0        0        0         0         0.246     0.246     0.246     0.246     0.249     0.249     0.253
C1905d2TS228_2  0        0        0        0        0        0        0        0        0        0         0         0         0.299     0.308     0.330     0.338     0.344     0.340
C1905d2TS228_4  0        0        0        0        0        0        0        0        0        0         0         0         0.299     0.308     0.329     0.337     0.343     0.339
C1905d2TS228_1  0        0        0        0        0        0        0        0        0        0         0         0         0.298     0.307     0.329     0.337     0.343     0.339
C1905d2TS123_2  0        0        0        0        0        0        0        0        0        0         0         0         0         0.240     0.240     0.241     0.244     0.244
C1905d2TS067_4  0        0        0        0        0        0        0        0        0        0         0         0         0         0.208     0.209     0.209     0.209     0.210
C1905d2TS347_3  0        0        0        0        0        0        0        0        0        0         0         0         0         0         0.229     0.230     0.230     0.230
C1905d2TS067_1  0        0        0        0        0        0        0        0        0        0         0         0         0         0         0.224     0.224     0.225     0.225
C1905d2TS067_5  0        0        0        0        0        0        0        0        0        0         0         0         0         0         0.209     0.209     0.209     0.210
C1905d2TS346_1  0        0        0        0        0        0        0        0        0        0         0         0         0         0         0.192     0.192     0.192     0.192
C1905d2TS121_2  0        0        0        0        0        0        0        0        0        0         0         0         0         0         0.179     0.179     0.179     0.179
C1905d2TS123_1  0        0        0        0        0        0        0        0        0        0         0         0         0         0         0         0.227     0.227     0.229
C1905d2TS123_3  0        0        0        0        0        0        0        0        0        0         0         0         0         0         0         0         0.244     0.244
C1905d2TS067_2  0        0        0        0        0        0        0        0        0        0         0         0         0         0         0         0         0.225     0.225
C1905d2TS103_1  0        0        0        0        0        0        0        0        0        0         0         0         0         0         0         0         0         0.236
C1905d2TS347_2  0        0        0        0        0        0        0        0        0        0         0         0         0         0         0         0         0         0.227
C1905d2TS067_3  0        0        0        0        0        0        0        0        0        0         0         0         0         0         0         0         0         0.225
