model           cs_top1  cs_top2  cs_top3  cs_top4  cs_top5  cs_top6  cs_top7  cs_top8  cs_top9  cs_top10  cs_top15  cs_top20  cs_top25  cs_top30  cs_top35  cs_top40  cs_top45  cs_top50
C1902x2TS215_3  [0.426]  0.383    [0.381]  0.373    0.365    0.361    0.353    0.346    0.340    0.335     0.322     0.325     0.311     0.297     0.280     0.277     0.277     0.277
C1902x2TS215_1  0.388    0.329    0.357    0.337    0.328    0.326    0.319    0.321    0.315    0.317     0.312     0.308     0.292     0.279     0.265     0.262     0.262     0.262
C1902x2TS389_2  0.349    0.351    0.370    0.378    0.367    0.366    0.370    0.371    0.379    0.385     0.395     0.393     0.371     0.352     0.329     0.325     0.325     0.325
C1902x2TS369_1  0.349    0.376    0.373    0.361    0.350    0.354    0.353    0.351    0.348    0.348     0.356     0.357     0.339     0.320     0.301     0.297     0.297     0.297
C1902x2TS389_4  0.347    0.361    0.375    [0.393]  [0.381]  0.380    0.382    0.389    0.388    0.391     0.403     0.408     [0.388]   [0.367]   [0.343]   [0.339]   [0.339]   [0.339]
C1902x2TS215_2  0.296    [0.397]  0.365    0.373    0.365    0.353    0.353    0.347    0.343    0.344     0.329     0.328     0.311     0.298     0.281     0.278     0.278     0.278
C1902x2TS258_1  0.295    0.317    0.324    0.329    0.363    [0.381]  [0.397]  [0.407]  [0.415]  [0.413]   [0.417]   0.399     0.371     0.348     0.324     0.320     0.320     0.320
C1902x2TS215_5  0.290    0.299    0.306    0.302    0.309    0.300    0.295    0.298    0.293    0.290     0.285     0.287     0.280     0.268     0.255     0.253     0.253     0.253
C1902x2TS389_5  0        0.362    0.375    0.382    0.373    0.379    0.381    0.383    0.387    0.400     0.415     [0.409]   0.386     0.366     0.342     0.338     0.338     0.338
C1902x2TS389_1  0        0.357    0.374    0.371    0.361    0.366    0.373    0.383    0.381    0.381     0.391     0.389     0.370     0.352     0.329     0.325     0.325     0.325
C1902x2TS389_3  0        0.357    0.369    0.374    0.365    0.365    0.370    0.377    0.377    0.384     0.397     0.403     0.383     0.363     0.339     0.335     0.335     0.335
C1902x2TS258_3  0        0.329    0.326    0.346    0.362    0.373    0.381    0.394    0.406    0.403     0.402     0.385     0.358     0.336     0.314     0.310     0.310     0.310
C1902x2TS228_5  0        0.200    0.202    0.205    0.205    0.215    0.217    0.217    0.223    0.223     0.223     0.228     0.234     0.223     0.205     0.202     0.202     0.202
C1902x2TS044_1  0        0        0.365    0.366    0.364    0.373    0.387    0.392    0.395    0.394     0.401     0.398     0.381     0.363     0.339     0.335     0.335     0.335
C1902x2TS258_4  0        0        0.321    0.326    0.351    0.380    0.390    0.393    0.400    0.400     0.411     0.393     0.366     0.344     0.321     0.317     0.317     0.317
C1902x2TS228_3  0        0        0.302    0.308    0.317    0.317    0.333    0.334    0.332    0.342     0.353     0.358     0.341     0.321     0.301     0.297     0.297     0.297
C1902x2TS215_4  0        0        0.279    0.312    0.319    0.311    0.306    0.303    0.305    0.302     0.298     0.296     0.293     0.279     0.265     0.263     0.263     0.263
C1902x2TS228_2  0        0        0        0.313    0.314    0.320    0.325    0.338    0.337    0.339     0.362     0.365     0.347     0.330     0.309     0.306     0.306     0.306
C1902x2TS228_4  0        0        0        0.312    0.312    0.314    0.322    0.325    0.325    0.332     0.348     0.354     0.343     0.323     0.301     0.298     0.298     0.298
C1902x2TS258_5  0        0        0        0        0.343    0.359    0.377    0.381    0.383    0.386     0.401     0.386     0.360     0.339     0.317     0.313     0.313     0.313
C1902x2TS228_1  0        0        0        0        0.297    0.300    0.306    0.309    0.314    0.317     0.337     0.352     0.332     0.313     0.292     0.288     0.288     0.288
C1902x2TS258_2  0        0        0        0        0        0.346    0.360    0.365    0.376    0.384     0.397     0.384     0.358     0.336     0.314     0.310     0.310     0.310
C1902x2TS003_1  0        0        0        0        0        0        0        0        0        0         0.237     0.237     0.233     0.230     0.242     0.241     0.241     0.241
C1902x2TS123_3  0        0        0        0        0        0        0        0        0        0         0         0.234     0.249     0.273     0.260     0.257     0.257     0.257
C1902x2TS123_1  0        0        0        0        0        0        0        0        0        0         0         0.231     0.248     0.270     0.258     0.255     0.255     0.255
C1902x2TS123_5  0        0        0        0        0        0        0        0        0        0         0         0.226     0.241     0.270     0.260     0.257     0.257     0.257
C1902x2TS123_2  0        0        0        0        0        0        0        0        0        0         0         0         0.272     0.285     0.271     0.268     0.268     0.268
C1902x2TS067_4  0        0        0        0        0        0        0        0        0        0         0         0         0.269     0.285     0.271     0.269     0.269     0.269
C1902x2TS067_3  0        0        0        0        0        0        0        0        0        0         0         0         0.248     0.269     0.256     0.254     0.254     0.254
C1902x2TS067_1  0        0        0        0        0        0        0        0        0        0         0         0         0.247     0.264     0.253     0.250     0.250     0.250
C1902x2TS123_4  0        0        0        0        0        0        0        0        0        0         0         0         0.237     0.260     0.248     0.245     0.245     0.245
C1902x2TS049_1  0        0        0        0        0        0        0        0        0        0         0         0         0.183     0.183     0.193     0.197     0.197     0.197
C1902x2TS049_2  0        0        0        0        0        0        0        0        0        0         0         0         0         0.162     0.174     0.180     0.180     0.180
C1902x2TS049_3  0        0        0        0        0        0        0        0        0        0         0         0         0         0         0.190     0.191     0.191     0.191
C1902x2TS049_4  0        0        0        0        0        0        0        0        0        0         0         0         0         0         0.173     0.175     0.175     0.175
C1902x2TS049_5  0        0        0        0        0        0        0        0        0        0         0         0         0         0         0.171     0.173     0.173     0.173
