model           cs_top1  cs_top2  cs_top3  cs_top4  cs_top5  cs_top6  cs_top7  cs_top8  cs_top9  cs_top10  cs_top20  cs_top50  cs_all
C1902d1TS273_1  [0.614]  [0.540]  [0.507]  [0.486]  0.476    0.464    0.462    0.464    0.466    0.461     0.438     0.393     0.362
C1902d1TS258_4  0.457    0.451    0.447    0.456    0.463    0.462    0.473    0.478    0.473    0.473     0.463     0.412     0.380
C1902d1TS438_4  0.432    0.472    0.486    0.470    [0.491]  [0.490]  0.492    [0.493]  0.490    0.484     0.485     [0.441]   [0.407]
C1902d1TS131_4  0.424    0.481    0.491    0.479    0.487    0.487    0.492    0.485    0.492    0.488     0.492     0.431     0.398
C1902d1TS273_4  0.418    0.432    0.447    0.442    0.460    0.454    0.451    0.452    0.458    0.451     0.444     0.407     0.377
C1902d1TS273_2  0.402    0.439    0.444    0.445    0.449    0.447    0.448    0.442    0.441    0.435     0.426     0.385     0.356
C1902d1TS273_3  0.389    0.403    0.398    0.407    0.414    0.408    0.407    0.418    0.416    0.412     0.408     0.378     0.349
C1902d1TS215_2  0.352    0.376    0.383    0.386    0.380    0.374    0.372    0.370    0.367    0.369     0.366     0.339     0.314
C1902d1TS215_1  0.334    0.335    0.344    0.352    0.348    0.348    0.345    0.349    0.347    0.348     0.339     0.324     0.301
C1902d1TS103_1  0.305    0.312    0.314    0.309    0.312    0.311    0.312    0.312    0.313    0.311     0.318     0.321     0.298
C1902d1TS438_1  0        0.476    0.484    0.469    0.488    0.489    0.492    0.491    0.488    0.482     0.483     [0.441]   [0.407]
C1902d1TS131_2  0        0.467    0.493    0.484    0.489    0.487    0.493    0.486    [0.495]  [0.492]   [0.497]   0.434     0.401
C1902d1TS210_4  0        0.433    0.435    0.421    0.437    0.436    0.439    0.436    0.436    0.431     0.432     0.391     0.360
C1902d1TS258_3  0        0.427    0.423    0.438    0.440    0.438    0.446    0.451    0.447    0.451     0.443     0.398     0.368
C1902d1TS044_1  0        0.423    0.441    0.429    0.442    0.445    0.444    0.441    0.441    0.437     0.442     0.413     0.383
C1902d1TS228_5  0        0.417    0.423    0.418    0.422    0.421    0.429    0.432    0.441    0.439     0.447     0.414     0.382
C1902d1TS228_1  0        0.408    0.414    0.417    0.417    0.415    0.418    0.422    0.424    0.422     0.436     0.404     0.374
C1902d1TS131_3  0        0        0.483    0.473    0.482    0.482    [0.494]  0.486    0.493    [0.492]   0.493     0.432     0.399
C1902d1TS438_3  0        0        0.466    0.452    0.467    0.470    0.472    0.473    0.471    0.466     0.471     0.433     0.400
C1902d1TS258_1  0        0        0.443    0.443    0.450    0.446    0.460    0.469    0.465    0.463     0.457     0.409     0.377
C1902d1TS215_5  0        0        0.322    0.319    0.321    0.328    0.327    0.330    0.330    0.328     0.334     0.325     0.302
C1902d1TS131_1  0        0        0        0.470    0.478    0.480    0.488    0.481    0.487    0.485     0.493     0.431     0.399
C1902d1TS067_1  0        0        0        0.303    0.303    0.303    0.303    0.303    0.304    0.303     0.306     0.317     0.297
C1902d1TS049_2  0        0        0        0.178    0.178    0.178    0.178    0.178    0.178    0.178     0.178     0.179     0.178
C1902d1TS258_5  0        0        0        0        0.449    0.446    0.460    0.463    0.460    0.463     0.457     0.410     0.378
C1902d1TS258_2  0        0        0        0        0        0.433    0.440    0.446    0.444    0.444     0.445     0.401     0.370
C1902d1TS210_5  0        0        0        0        0        0.427    0.432    0.432    0.445    0.441     0.445     0.409     0.377
C1902d1TS347_3  0        0        0        0        0        0.330    0.330    0.331    0.331    0.330     0.332     0.332     0.308
C1902d1TS123_1  0        0        0        0        0        0.306    0.306    0.305    0.309    0.307     0.309     0.318     0.295
C1902d1TS215_3  0        0        0        0        0        0        0.343    0.343    0.343    0.342     0.357     0.346     0.320
C1902d1TS003_1  0        0        0        0        0        0        0        0        0.252    0.251     0.252     0.252     0.249
C1902d1TS240_3  0        0        0        0        0        0        0        0        0        0.419     0.437     0.418     0.387
C1902d1TS405_5  0        0        0        0        0        0        0        0        0        0.411     0.420     0.421     0.389
C1902d1TS240_1  0        0        0        0        0        0        0        0        0        0.405     0.423     0.410     0.379
C1902d1TS347_2  0        0        0        0        0        0        0        0        0        0.334     0.333     0.333     0.309
C1902d1TS049_4  0        0        0        0        0        0        0        0        0        0.171     0.172     0.171     0.168
C1902d1TS240_2  0        0        0        0        0        0        0        0        0        0         0.446     0.426     0.394
C1902d1TS240_5  0        0        0        0        0        0        0        0        0        0         0.445     0.423     0.392
C1902d1TS240_4  0        0        0        0        0        0        0        0        0        0         0.442     0.426     0.395
C1902d1TS210_2  0        0        0        0        0        0        0        0        0        0         0.413     0.414     0.383
C1902d1TS405_4  0        0        0        0        0        0        0        0        0        0         0.403     0.404     0.375
C1902d1TS273_5  0        0        0        0        0        0        0        0        0        0         0.347     0.352     0.327
C1902d1TS123_2  0        0        0        0        0        0        0        0        0        0         0.335     0.336     0.310
C1902d1TS347_1  0        0        0        0        0        0        0        0        0        0         0.331     0.336     0.312
C1902d1TS215_4  0        0        0        0        0        0        0        0        0        0         0.327     0.328     0.305
C1902d1TS123_4  0        0        0        0        0        0        0        0        0        0         0.319     0.335     0.311
C1902d1TS067_2  0        0        0        0        0        0        0        0        0        0         0.297     0.306     0.286
C1902d1TS210_1  0        0        0        0        0        0        0        0        0        0         0         0.418     0.389
C1902d1TS210_3  0        0        0        0        0        0        0        0        0        0         0         0.398     0.369
C1902d1TS123_5  0        0        0        0        0        0        0        0        0        0         0         0.355     0.330
C1902d1TS123_3  0        0        0        0        0        0        0        0        0        0         0         0.334     0.310
C1902d1TS067_3  0        0        0        0        0        0        0        0        0        0         0         0.329     0.316
C1902d1TS067_4  0        0        0        0        0        0        0        0        0        0         0         0.307     0.286
C1902d1TS438_2  0        0        0        0        0        0        0        0        0        0         0         0.280     0.251
C1902d1TS049_5  0        0        0        0        0        0        0        0        0        0         0         0.210     0.207
C1902d1TS049_1  0        0        0        0        0        0        0        0        0        0         0         0.200     0.197
C1902d1TS049_3  0        0        0        0        0        0        0        0        0        0         0         0.200     0.198
