model           cs_top1  cs_top2  cs_top3  cs_top4  cs_top5  cs_top6  cs_top7  cs_top8  cs_top9  cs_top10  cs_top15  cs_top20  cs_top25  cs_top30  cs_top35  cs_top40  cs_top45  cs_top50
C1906d1TS131_1  [0.636]  [0.620]  [0.619]  [0.603]  [0.603]  [0.595]  [0.599]  [0.599]  0.600    0.600     0.590     0.584     0.580     0.569     0.562     0.554     0.547     0.537
C1906d1TS228_5  0.549    0.585    0.587    0.579    0.588    0.583    0.583    0.586    0.593    0.594     0.585     0.578     0.576     0.566     0.560     0.553     0.546     0.538
C1906d1TS228_1  0.529    0.545    0.560    0.566    0.574    0.570    0.573    0.571    0.577    0.578     0.573     0.565     0.559     0.550     0.543     0.535     0.527     0.518
C1906d1TS345_4  0.468    0.453    0.451    0.454    0.452    0.456    0.465    0.471    0.469    0.472     0.463     0.458     0.455     0.450     0.448     0.444     0.442     0.437
C1906d1TS010_1  0.437    0.452    0.472    0.472    0.482    0.478    0.483    0.479    0.479    0.478     0.485     0.479     0.475     0.471     0.467     0.468     0.464     0.459
C1906d1TS010_3  0.434    0.425    0.436    0.431    0.432    0.430    0.431    0.426    0.427    0.426     0.432     0.434     0.435     0.435     0.434     0.437     0.434     0.432
C1906d1TS026_3  0.393    0.435    0.436    0.443    0.444    0.435    0.437    0.433    0.433    0.433     0.431     0.424     0.417     0.408     0.403     0.397     0.392     0.385
C1906d1TS345_5  0.390    0.419    0.416    0.412    0.414    0.428    0.425    0.427    0.435    0.433     0.423     0.421     0.418     0.414     0.412     0.414     0.412     0.410
C1906d1TS026_1  0.234    0.231    0.233    0.229    0.230    0.230    0.231    0.238    0.239    0.240     0.237     0.238     0.236     0.234     0.230     0.227     0.224     0.222
C1906d1TS026_4  0        0.576    0.585    0.584    0.593    0.587    0.588    0.588    0.593    0.596     0.594     0.590     0.585     0.573     0.566     0.558     0.550     0.540
C1906d1TS258_1  0        0.559    0.571    0.573    0.587    0.582    0.589    0.592    [0.601]  0.611     0.606     0.596     0.589     0.576     0.569     0.561     0.553     0.543
C1906d1TS247_1  0        0.559    0.571    0.564    0.577    0.575    0.575    0.573    0.575    0.577     0.570     0.563     0.564     0.556     0.552     0.545     0.538     0.529
C1906d1TS247_3  0        0.528    0.535    0.533    0.540    0.537    0.540    0.538    0.539    0.542     0.538     0.532     0.532     0.525     0.521     0.514     0.507     0.499
C1906d1TS270_1  0        0.485    0.505    0.508    0.514    0.510    0.509    0.506    0.508    0.508     0.508     0.511     0.511     0.506     0.504     0.501     0.497     0.490
C1906d1TS026_2  0        0.480    0.490    0.506    0.509    0.498    0.498    0.493    0.494    0.494     0.490     0.483     0.476     0.465     0.460     0.453     0.447     0.439
C1906d1TS010_2  0        0.449    0.463    0.462    0.472    0.471    0.474    0.472    0.473    0.472     0.480     0.476     0.474     0.471     0.467     0.468     0.464     0.460
C1906d1TS215_5  0        0.440    0.443    0.441    0.445    0.444    0.446    0.446    0.447    0.454     0.458     0.455     0.457     0.455     0.452     0.448     0.444     0.438
C1906d1TS010_4  0        0.424    0.431    0.438    0.446    0.449    0.453    0.447    0.450    0.448     0.449     0.454     0.455     0.453     0.451     0.451     0.450     0.447
C1906d1TS345_3  0        0.393    0.397    0.405    0.409    0.411    0.410    0.408    0.409    0.409     0.406     0.409     0.411     0.412     0.411     0.411     0.409     0.408
C1906d1TS438_2  0        0        0.570    0.572    0.576    0.579    0.579    0.577    0.582    0.583     0.580     0.577     0.575     0.568     0.562     0.556     0.550     0.541
C1906d1TS258_3  0        0        0.567    0.566    0.577    0.572    0.577    0.581    0.588    0.598     0.596     0.588     0.583     0.571     0.564     0.556     0.547     0.538
C1906d1TS073_4  0        0        0.548    0.542    0.544    0.541    0.541    0.543    0.547    0.549     0.545     0.552     0.553     0.546     0.541     0.535     0.529     0.521
C1906d1TS073_3  0        0        0.535    0.530    0.532    0.533    0.534    0.533    0.535    0.537     0.534     0.538     0.541     0.534     0.529     0.523     0.518     0.510
C1906d1TS215_1  0        0        0.478    0.474    0.479    0.478    0.478    0.482    0.483    0.488     0.485     0.481     0.478     0.473     0.469     0.464     0.459     0.454
C1906d1TS010_5  0        0        0.463    0.461    0.469    0.470    0.476    0.472    0.475    0.476     0.484     0.479     0.476     0.472     0.469     0.469     0.465     0.461
C1906d1TS215_3  0        0        0.419    0.417    0.419    0.420    0.420    0.421    0.423    0.424     0.425     0.428     0.431     0.427     0.425     0.424     0.426     0.422
C1906d1TS240_2  0        0        0        0.450    0.455    0.455    0.457    0.454    0.457    0.457     0.460     0.465     0.470     0.476     0.479     0.482     0.484     0.483
C1906d1TS273_1  0        0        0        0.399    0.401    0.401    0.402    0.400    0.401    0.401     0.416     0.425     0.432     0.443     0.446     0.448     0.448     0.445
C1906d1TS258_5  0        0        0        0        0.590    0.584    0.589    0.594    [0.601]  [0.612]   [0.608]   [0.599]   [0.592]   [0.579]   [0.572]   [0.564]   [0.555]   [0.545]
C1906d1TS345_1  0        0        0        0        0.440    0.447    0.445    0.443    0.443    0.443     0.443     0.442     0.440     0.439     0.443     0.440     0.438     0.435
C1906d1TS258_2  0        0        0        0        0        0.571    0.577    0.581    0.588    0.597     0.595     0.586     0.579     0.567     0.561     0.554     0.545     0.536
C1906d1TS210_1  0        0        0        0        0        0.548    0.552    0.552    0.556    0.560     0.557     0.557     0.559     0.551     0.546     0.543     0.539     0.530
C1906d1TS215_2  0        0        0        0        0        0.408    0.408    0.407    0.408    0.408     0.407     0.404     0.403     0.404     0.404     0.401     0.398     0.399
C1906d1TS347_1  0        0        0        0        0        0        0.439    0.436    0.437    0.437     0.446     0.447     0.450     0.450     0.452     0.454     0.453     0.450
C1906d1TS215_4  0        0        0        0        0        0        0        0.356    0.357    0.363     0.361     0.360     0.361     0.360     0.361     0.361     0.360     0.359
C1906d1TS345_2  0        0        0        0        0        0        0        0        0.436    0.438     0.438     0.439     0.443     0.440     0.438     0.437     0.437     0.433
C1906d1TS073_5  0        0        0        0        0        0        0        0        0        0.521     0.519     0.529     0.532     0.525     0.523     0.517     0.513     0.506
C1906d1TS044_1  0        0        0        0        0        0        0        0        0        0         0.546     0.546     0.547     0.540     0.537     0.532     0.527     0.520
C1906d1TS073_2  0        0        0        0        0        0        0        0        0        0         0.512     0.519     0.523     0.518     0.515     0.509     0.507     0.499
C1906d1TS123_1  0        0        0        0        0        0        0        0        0        0         0.455     0.459     0.460     0.460     0.463     0.461     0.459     0.454
C1906d1TS273_3  0        0        0        0        0        0        0        0        0        0         0.420     0.427     0.435     0.445     0.448     0.451     0.451     0.447
C1906d1TS273_4  0        0        0        0        0        0        0        0        0        0         0.417     0.425     0.433     0.443     0.446     0.449     0.449     0.446
C1906d1TS273_5  0        0        0        0        0        0        0        0        0        0         0.416     0.424     0.432     0.442     0.444     0.446     0.447     0.444
C1906d1TS003_1  0        0        0        0        0        0        0        0        0        0         0.303     0.304     0.305     0.304     0.304     0.304     0.305     0.305
C1906d1TS073_1  0        0        0        0        0        0        0        0        0        0         0         0.532     0.534     0.528     0.524     0.519     0.514     0.506
C1906d1TS240_5  0        0        0        0        0        0        0        0        0        0         0         0.470     0.476     0.480     0.482     0.484     0.488     0.487
C1906d1TS240_1  0        0        0        0        0        0        0        0        0        0         0         0.460     0.466     0.471     0.475     0.478     0.482     0.481
C1906d1TS123_2  0        0        0        0        0        0        0        0        0        0         0         0.426     0.430     0.432     0.434     0.436     0.435     0.434
C1906d1TS438_1  0        0        0        0        0        0        0        0        0        0         0         0.400     0.400     0.398     0.400     0.399     0.399     0.398
C1906d1TS240_3  0        0        0        0        0        0        0        0        0        0         0         0         0.464     0.471     0.474     0.477     0.477     0.478
C1906d1TS240_4  0        0        0        0        0        0        0        0        0        0         0         0         0         0.468     0.474     0.478     0.479     0.479
C1906d1TS347_3  0        0        0        0        0        0        0        0        0        0         0         0         0         0         0.430     0.429     0.431     0.431
C1906d1TS123_3  0        0        0        0        0        0        0        0        0        0         0         0         0         0         0.415     0.415     0.415     0.417
C1906d1TS123_5  0        0        0        0        0        0        0        0        0        0         0         0         0         0         0         0.388     0.391     0.395
C1906d1TS121_1  0        0        0        0        0        0        0        0        0        0         0         0         0         0         0         0.380     0.382     0.384
C1906d1TS123_4  0        0        0        0        0        0        0        0        0        0         0         0         0         0         0         0.335     0.339     0.341
C1906d1TS103_1  0        0        0        0        0        0        0        0        0        0         0         0         0         0         0         0         0.358     0.359
C1906d1TS067_1  0        0        0        0        0        0        0        0        0        0         0         0         0         0         0         0         0         0.335
C1906d1TS067_2  0        0        0        0        0        0        0        0        0        0         0         0         0         0         0         0         0         0.286
