model           cs_top1  cs_top2  cs_top3  cs_top4  cs_top5  cs_top6  cs_top7  cs_top8  cs_top9  cs_top10  cs_top15  cs_top20  cs_top25  cs_top30  cs_top35  cs_top40  cs_top45  cs_top50
C1901d3TS273_1  [0.774]  [0.758]  0.743    0.723    0.691    0.664    0.634    0.607    0.578    0.564     0.511     0.474     0.444     0.420     0.405     0.391     0.379     0.367
C1901d3TS273_3  0.746    0.742    [0.744]  [0.739]  [0.711]  [0.680]  [0.649]  [0.621]  [0.590]  [0.574]   0.519     0.482     0.451     0.426     0.410     0.396     0.383     0.371
C1901d3TS273_2  0.707    0.720    0.725    0.722    0.698    0.671    0.644    0.617    0.587    0.573     [0.522]   [0.485]   [0.454]   [0.430]   [0.415]   [0.401]   [0.388]   [0.376]
C1901d3TS215_2  0.602    0.612    0.614    0.625    0.612    0.605    0.584    0.564    0.538    0.526     0.486     0.453     0.425     0.402     0.387     0.374     0.362     0.351
C1901d3TS010_4  0.243    0.244    0.242    0.244    0.244    0.243    0.252    0.252    0.252    0.251     0.258     0.263     0.260     0.258     0.259     0.257     0.257     0.258
C1901d3TS267_4  0.235    0.236    0.235    0.234    0.235    0.235    0.235    0.235    0.235    0.235     0.235     0.235     0.234     0.235     0.235     0.237     0.240     0.243
C1901d3TS273_5  0        0.704    0.722    0.725    0.699    0.672    0.643    0.615    0.585    0.570     0.519     0.481     0.450     0.426     0.411     0.397     0.384     0.373
C1901d3TS215_1  0        0.462    0.461    0.461    0.454    0.447    0.444    0.434    0.422    0.421     0.422     0.406     0.388     0.373     0.363     0.353     0.344     0.336
C1901d3TS210_4  0        0.315    0.313    0.313    0.314    0.316    0.316    0.322    0.327    0.326     0.335     0.338     0.340     0.336     0.334     0.328     0.322     0.315
C1901d3TS228_3  0        0.312    0.310    0.313    0.311    0.311    0.313    0.322    0.324    0.321     0.315     0.321     0.337     0.344     0.341     0.335     0.328     0.322
C1901d3TS215_3  0        0        0.566    0.566    0.564    0.567    0.552    0.533    0.514    0.509     0.477     0.446     0.420     0.400     0.387     0.375     0.364     0.353
C1901d3TS345_1  0        0        0.289    0.289    0.288    0.304    0.307    0.310    0.307    0.309     0.301     0.296     0.292     0.290     0.287     0.284     0.280     0.277
C1901d3TS438_2  0        0        0.211    0.209    0.208    0.207    0.205    0.205    0.204    0.203     0.202     0.201     0.200     0.199     0.203     0.204     0.206     0.204
C1901d3TS258_2  0        0        0        0.467    0.466    0.456    0.454    0.455    0.445    0.437     0.423     0.406     0.390     0.377     0.367     0.358     0.349     0.341
C1901d3TS228_5  0        0        0        0.305    0.303    0.303    0.303    0.307    0.306    0.304     0.304     0.310     0.316     0.320     0.320     0.316     0.309     0.304
C1901d3TS010_3  0        0        0        0.225    0.226    0.226    0.229    0.230    0.237    0.236     0.236     0.238     0.244     0.245     0.246     0.245     0.244     0.247
C1901d3TS345_5  0        0        0        0        0.368    0.371    0.365    0.360    0.359    0.360     0.353     0.347     0.341     0.331     0.324     0.318     0.311     0.305
C1901d3TS345_2  0        0        0        0        0.313    0.310    0.307    0.312    0.319    0.316     0.320     0.316     0.313     0.307     0.303     0.297     0.292     0.287
C1901d3TS405_5  0        0        0        0        0.308    0.310    0.309    0.311    0.312    0.312     0.323     0.334     0.331     0.328     0.325     0.323     0.318     0.312
C1901d3TS267_3  0        0        0        0        0.241    0.241    0.241    0.241    0.241    0.242     0.242     0.243     0.243     0.243     0.245     0.247     0.250     0.250
C1901d3TS210_3  0        0        0        0        0        0.310    0.314    0.316    0.321    0.326     0.332     0.336     0.335     0.331     0.329     0.324     0.319     0.312
C1901d3TS210_5  0        0        0        0        0        0.299    0.298    0.301    0.306    0.305     0.317     0.330     0.330     0.325     0.320     0.318     0.313     0.306
C1901d3TS345_3  0        0        0        0        0        0.261    0.261    0.261    0.271    0.274     0.270     0.264     0.263     0.264     0.264     0.262     0.260     0.259
C1901d3TS258_1  0        0        0        0        0        0        0.500    0.499    0.481    0.471     0.448     0.424     0.405     0.389     0.378     0.367     0.357     0.348
C1901d3TS215_5  0        0        0        0        0        0        0.464    0.456    0.445    0.447     0.442     0.421     0.399     0.381     0.368     0.357     0.347     0.337
C1901d3TS228_1  0        0        0        0        0        0        0.313    0.321    0.321    0.319     0.313     0.322     0.339     0.346     0.341     0.334     0.327     0.320
C1901d3TS010_1  0        0        0        0        0        0        0.250    0.256    0.256    0.256     0.258     0.263     0.261     0.263     0.262     0.262     0.263     0.263
C1901d3TS010_5  0        0        0        0        0        0        0.243    0.244    0.250    0.250     0.248     0.250     0.253     0.257     0.258     0.257     0.257     0.259
C1901d3TS228_2  0        0        0        0        0        0        0        0.324    0.325    0.322     0.315     0.322     0.340     0.349     0.344     0.337     0.330     0.323
C1901d3TS405_4  0        0        0        0        0        0        0        0.309    0.311    0.310     0.318     0.336     0.335     0.330     0.327     0.323     0.318     0.312
C1901d3TS240_1  0        0        0        0        0        0        0        0.297    0.295    0.294     0.290     0.289     0.288     0.288     0.290     0.293     0.293     0.293
C1901d3TS131_2  0        0        0        0        0        0        0        0        0.295    0.294     0.295     0.312     0.323     0.333     0.340     0.338     0.330     0.323
C1901d3TS215_4  0        0        0        0        0        0        0        0        0        0.445     0.444     0.422     0.401     0.381     0.368     0.356     0.346     0.336
C1901d3TS210_2  0        0        0        0        0        0        0        0        0        0.275     0.283     0.286     0.290     0.296     0.293     0.290     0.287     0.284
C1901d3TS267_2  0        0        0        0        0        0        0        0        0        0.239     0.239     0.239     0.238     0.241     0.242     0.244     0.245     0.249
C1901d3TS438_1  0        0        0        0        0        0        0        0        0        0         0.348     0.343     0.338     0.334     0.334     0.332     0.327     0.321
C1901d3TS345_4  0        0        0        0        0        0        0        0        0        0         0.320     0.317     0.314     0.310     0.306     0.301     0.294     0.289
C1901d3TS131_4  0        0        0        0        0        0        0        0        0        0         0.292     0.304     0.315     0.328     0.335     0.332     0.326     0.319
C1901d3TS432_1  0        0        0        0        0        0        0        0        0        0         0.252     0.247     0.250     0.246     0.246     0.246     0.246     0.243
C1901d3TS123_1  0        0        0        0        0        0        0        0        0        0         0.244     0.244     0.244     0.244     0.244     0.247     0.249     0.253
C1901d3TS010_2  0        0        0        0        0        0        0        0        0        0         0.243     0.254     0.256     0.255     0.253     0.253     0.252     0.253
C1901d3TS123_3  0        0        0        0        0        0        0        0        0        0         0.243     0.243     0.243     0.245     0.245     0.246     0.250     0.254
C1901d3TS131_1  0        0        0        0        0        0        0        0        0        0         0         0.313     0.326     0.334     0.342     0.339     0.332     0.324
C1901d3TS131_5  0        0        0        0        0        0        0        0        0        0         0         0.305     0.314     0.322     0.329     0.330     0.323     0.317
C1901d3TS210_1  0        0        0        0        0        0        0        0        0        0         0         0.266     0.274     0.284     0.282     0.281     0.278     0.275
C1901d3TS131_3  0        0        0        0        0        0        0        0        0        0         0         0         0.316     0.327     0.335     0.333     0.327     0.321
C1901d3TS240_4  0        0        0        0        0        0        0        0        0        0         0         0         0.279     0.280     0.286     0.289     0.291     0.290
C1901d3TS123_4  0        0        0        0        0        0        0        0        0        0         0         0         0.260     0.258     0.257     0.258     0.262     0.262
C1901d3TS240_2  0        0        0        0        0        0        0        0        0        0         0         0         0         0.288     0.293     0.296     0.295     0.295
C1901d3TS240_5  0        0        0        0        0        0        0        0        0        0         0         0         0         0.282     0.284     0.288     0.291     0.291
C1901d3TS123_5  0        0        0        0        0        0        0        0        0        0         0         0         0         0.266     0.265     0.267     0.268     0.268
C1901d3TS267_1  0        0        0        0        0        0        0        0        0        0         0         0         0         0.232     0.231     0.234     0.238     0.238
C1901d3TS103_1  0        0        0        0        0        0        0        0        0        0         0         0         0         0.198     0.199     0.199     0.198     0.198
C1901d3TS258_4  0        0        0        0        0        0        0        0        0        0         0         0         0         0         0.299     0.299     0.298     0.295
C1901d3TS240_3  0        0        0        0        0        0        0        0        0        0         0         0         0         0         0.289     0.291     0.293     0.293
C1901d3TS258_5  0        0        0        0        0        0        0        0        0        0         0         0         0         0         0.287     0.289     0.290     0.287
C1901d3TS267_5  0        0        0        0        0        0        0        0        0        0         0         0         0         0         0.248     0.251     0.251     0.252
C1901d3TS347_3  0        0        0        0        0        0        0        0        0        0         0         0         0         0         0.235     0.237     0.237     0.241
C1901d3TS067_2  0        0        0        0        0        0        0        0        0        0         0         0         0         0         0.210     0.210     0.209     0.210
C1901d3TS258_3  0        0        0        0        0        0        0        0        0        0         0         0         0         0         0         0.270     0.268     0.267
C1901d3TS103_2  0        0        0        0        0        0        0        0        0        0         0         0         0         0         0         0.234     0.235     0.237
C1901d3TS347_2  0        0        0        0        0        0        0        0        0        0         0         0         0         0         0         0         0.239     0.242
C1901d3TS123_2  0        0        0        0        0        0        0        0        0        0         0         0         0         0         0         0         0.234     0.239
C1901d3TS319_2  0        0        0        0        0        0        0        0        0        0         0         0         0         0         0         0         0.194     0.194
C1901d3TS347_1  0        0        0        0        0        0        0        0        0        0         0         0         0         0         0         0         0         0.228
C1901d3TS067_1  0        0        0        0        0        0        0        0        0        0         0         0         0         0         0         0         0         0.215
C1901d3TS049_1  0        0        0        0        0        0        0        0        0        0         0         0         0         0         0         0         0         0.174
