model           cs_top1  cs_top2  cs_top3  cs_top4  cs_top5  cs_top6  cs_top7  cs_top8  cs_top9  cs_top10  cs_top20  cs_top50  cs_all
C1904d3TS273_1  [0.909]  [0.678]  [0.607]  [0.571]  [0.548]  [0.532]  0.522    0.515    0.508    0.502     0.465     0.352     0.339
C1904d3TS258_5  0.524    0.499    0.480    0.475    0.467    0.462    0.470    0.474    0.475    0.474     0.449     0.338     0.326
C1904d3TS131_1  0.486    0.488    0.494    0.489    0.505    0.504    0.510    0.522    0.522    0.524     0.484     [0.359]   [0.346]
C1904d3TS438_1  0        0.519    0.489    0.471    0.462    0.457    0.453    0.463    0.466    0.466     0.442     0.335     0.323
C1904d3TS131_3  0        0.503    0.530    0.523    0.536    [0.532]  [0.538]  [0.535]  [0.533]  [0.528]   0.484     0.358     0.345
C1904d3TS131_2  0        0.472    0.498    0.493    0.504    0.511    0.514    0.512    0.506    0.505     0.468     0.350     0.337
C1904d3TS131_4  0        0.466    0.473    0.469    0.479    0.491    0.492    0.498    0.498    0.500     0.469     0.349     0.336
C1904d3TS215_3  0        0.446    0.448    0.442    0.432    0.423    0.425    0.421    0.421    0.421     0.402     0.314     0.300
C1904d3TS258_1  0        0.446    0.438    0.441    0.436    0.438    0.437    0.437    0.435    0.433     0.435     0.334     0.322
C1904d3TS215_2  0        0.382    0.386    0.393    0.393    0.392    0.389    0.386    0.381    0.377     0.363     0.296     0.282
C1904d3TS258_2  0        0        0.511    0.501    0.501    0.504    0.500    0.502    0.499    0.497     0.477     0.357     [0.346]
C1904d3TS258_3  0        0        0.425    0.430    0.428    0.426    0.430    0.430    0.428    0.426     0.426     0.330     0.318
C1904d3TS210_1  0        0        0.372    0.390    0.385    0.385    0.383    0.381    0.388    0.390     0.383     0.300     0.286
C1904d3TS215_4  0        0        0.359    0.368    0.365    0.362    0.367    0.365    0.367    0.367     0.360     0.297     0.283
C1904d3TS131_5  0        0        0        0.502    0.524    0.525    0.533    0.531    0.531    0.526     [0.486]   [0.359]   [0.346]
C1904d3TS228_5  0        0        0        0.387    0.388    0.400    0.398    0.403    0.402    0.403     0.409     0.325     0.312
C1904d3TS258_4  0        0        0        0        0.449    0.447    0.447    0.457    0.458    0.461     0.449     0.343     0.331
C1904d3TS210_2  0        0        0        0        0.395    0.396    0.406    0.405    0.404    0.407     0.405     0.321     0.308
C1904d3TS240_1  0        0        0        0        0.377    0.376    0.376    0.378    0.378    0.382     0.411     0.336     0.323
C1904d3TS215_5  0        0        0        0        0.371    0.369    0.368    0.367    0.371    0.369     0.368     0.303     0.289
C1904d3TS228_1  0        0        0        0        0        0.391    0.389    0.391    0.390    0.393     0.410     0.323     0.309
C1904d3TS215_1  0        0        0        0        0        0.366    0.366    0.366    0.365    0.364     0.360     0.302     0.288
C1904d3TS240_3  0        0        0        0        0        0        0        0.381    0.382    0.383     0.408     0.341     0.327
C1904d3TS240_2  0        0        0        0        0        0        0        0        0        0.384     0.403     0.340     0.327
C1904d3TS240_5  0        0        0        0        0        0        0        0        0        0         0.405     0.343     0.330
C1904d3TS240_4  0        0        0        0        0        0        0        0        0        0         0.375     0.322     0.309
C1904d3TS210_4  0        0        0        0        0        0        0        0        0        0         0.333     0.295     0.281
C1904d3TS210_5  0        0        0        0        0        0        0        0        0        0         0.322     0.286     0.272
C1904d3TS210_3  0        0        0        0        0        0        0        0        0        0         0.311     0.285     0.270
C1904d3TS405_4  0        0        0        0        0        0        0        0        0        0         0.303     0.276     0.261
C1904d3TS405_5  0        0        0        0        0        0        0        0        0        0         0.294     0.273     0.259
C1904d3TS003_1  0        0        0        0        0        0        0        0        0        0         0         0.268     0.253
C1904d3TS049_4  0        0        0        0        0        0        0        0        0        0         0         0.236     0.220
C1904d3TS123_5  0        0        0        0        0        0        0        0        0        0         0         0.234     0.218
C1904d3TS123_3  0        0        0        0        0        0        0        0        0        0         0         0.230     0.214
C1904d3TS347_3  0        0        0        0        0        0        0        0        0        0         0         0.229     0.213
C1904d3TS067_3  0        0        0        0        0        0        0        0        0        0         0         0.228     0.212
C1904d3TS067_1  0        0        0        0        0        0        0        0        0        0         0         0.228     0.212
C1904d3TS347_2  0        0        0        0        0        0        0        0        0        0         0         0.228     0.212
C1904d3TS123_1  0        0        0        0        0        0        0        0        0        0         0         0.226     0.210
C1904d3TS123_2  0        0        0        0        0        0        0        0        0        0         0         0.223     0.207
C1904d3TS347_1  0        0        0        0        0        0        0        0        0        0         0         0.212     0.196
C1904d3TS103_1  0        0        0        0        0        0        0        0        0        0         0         0.207     0.192
C1904d3TS049_1  0        0        0        0        0        0        0        0        0        0         0         0.206     0.190
C1904d3TS049_5  0        0        0        0        0        0        0        0        0        0         0         0.198     0.182
C1904d3TS049_3  0        0        0        0        0        0        0        0        0        0         0         0.178     0.161
C1904d3TS049_2  0        0        0        0        0        0        0        0        0        0         0         0.171     0.154
C1904d3TS121_1  0        0        0        0        0        0        0        0        0        0         0         0.145     0.129
