model           cs_top1  cs_top2  cs_top3  cs_top4  cs_top5  cs_top6  cs_top7  cs_top8  cs_top9  cs_top10  cs_top15  cs_top20  cs_top25  cs_top30  cs_top35  cs_top40  cs_top45  cs_top50
C1903d2TS345_4  [0.490]  0.456    0.431    0.427    0.417    0.417    0.411    0.407    0.405    0.403     0.400     0.395     0.395     0.392     0.390     0.388     0.387     0.388
C1903d2TS228_5  0.483    [0.496]  0.506    0.496    0.500    0.501    0.505    0.502    0.503    0.504     0.503     0.500     0.499     0.499     0.499     0.498     0.496     0.495
C1903d2TS228_3  0.464    0.492    [0.517]  [0.505]  [0.528]  [0.535]  [0.541]  [0.537]  0.538    0.542     0.533     0.529     0.525     0.523     0.524     0.521     0.516     0.514
C1903d2TS273_4  0.462    0.474    0.469    0.462    0.472    0.472    0.469    0.475    0.475    0.477     0.494     0.497     0.501     0.502     0.502     0.500     0.499     0.497
C1903d2TS240_2  0.459    0.472    0.482    0.494    0.499    0.500    0.500    0.502    0.510    0.513     0.528     0.526     0.523     [0.524]   0.526     0.523     0.520     0.518
C1903d2TS240_1  0.449    0.461    0.474    0.491    0.499    0.505    0.503    0.507    0.515    0.518     0.524     0.519     0.515     0.515     0.517     0.514     0.512     0.510
C1903d2TS131_1  0.447    0.473    0.488    0.490    0.494    0.494    0.500    0.503    0.507    0.510     0.516     0.515     0.512     0.514     0.515     0.514     0.512     0.510
C1903d2TS123_1  0.447    0.407    0.396    0.408    0.400    0.394    0.396    0.392    0.389    0.386     0.382     0.384     0.384     0.382     0.380     0.380     0.379     0.378
C1903d2TS210_2  0.423    0.493    0.509    0.489    0.489    0.501    0.501    0.508    0.506    0.507     0.506     0.500     0.493     0.488     0.487     0.488     0.489     0.485
C1903d2TS123_2  0.379    0.392    0.395    0.399    0.393    0.387    0.386    0.383    0.381    0.380     0.378     0.387     0.393     0.389     0.388     0.396     0.396     0.397
C1903d2TS405_2  0        0.493    0.509    0.489    0.489    0.501    0.501    0.508    0.506    0.507     0.506     0.500     0.493     0.488     0.487     0.488     0.489     0.485
C1903d2TS228_4  0        0.491    0.509    0.496    0.513    0.526    0.532    0.530    0.534    0.541     0.530     0.526     0.521     0.519     0.519     0.515     0.511     0.508
C1903d2TS131_2  0        0.482    0.494    0.500    0.504    0.505    0.514    0.515    0.517    0.520     0.527     0.525     0.522     0.523     0.523     0.523     0.521     [0.519]
C1903d2TS210_1  0        0.476    0.500    0.484    0.495    0.507    0.508    0.515    0.512    0.512     0.515     0.510     0.506     0.501     0.503     0.502     0.501     0.498
C1903d2TS273_3  0        0.473    0.470    0.465    0.475    0.476    0.474    0.478    0.478    0.482     0.500     0.506     0.511     0.512     0.512     0.510     0.509     0.508
C1903d2TS258_3  0        0.467    0.474    0.477    0.479    0.481    0.482    0.484    0.489    0.494     0.507     0.506     0.506     0.507     0.510     0.509     0.507     0.506
C1903d2TS258_5  0        0.464    0.468    0.467    0.471    0.473    0.472    0.480    0.485    0.488     0.496     0.498     0.498     0.501     0.502     0.503     0.503     0.501
C1903d2TS010_5  0        0.432    0.439    0.441    0.439    0.437    0.436    0.435    0.438    0.439     0.449     0.449     0.449     0.450     0.450     0.448     0.449     0.448
C1903d2TS010_4  0        0.429    0.467    0.477    0.468    0.462    0.459    0.455    0.457    0.457     0.460     0.458     0.458     0.456     0.455     0.453     0.454     0.453
C1903d2TS345_3  0        0.408    0.411    0.421    0.428    0.431    0.430    0.428    0.428    0.432     0.433     0.432     0.433     0.432     0.432     0.431     0.429     0.428
C1903d2TS345_5  0        0.398    0.399    0.406    0.416    0.414    0.419    0.421    0.423    0.422     0.419     0.416     0.417     0.414     0.413     0.411     0.410     0.410
C1903d2TS123_3  0        0.392    0.395    0.399    0.393    0.387    0.386    0.383    0.381    0.380     0.378     0.387     0.393     0.389     0.388     0.396     0.396     0.397
C1903d2TS228_1  0        0        0.512    0.500    0.520    0.533    0.538    0.536    [0.540]  [0.546]   [0.536]   [0.531]   [0.526]   0.523     0.524     0.520     0.516     0.513
C1903d2TS405_1  0        0        0.500    0.484    0.495    0.507    0.508    0.515    0.512    0.512     0.515     0.510     0.506     0.501     0.503     0.502     0.501     0.498
C1903d2TS240_4  0        0        0.481    0.492    0.499    0.501    0.500    0.501    0.512    0.514     0.524     0.519     0.516     0.518     0.520     0.517     0.515     0.514
C1903d2TS240_3  0        0        0.479    0.487    0.498    0.507    0.510    0.516    0.522    0.524     0.528     0.526     0.521     0.522     0.523     0.520     0.518     0.516
C1903d2TS010_3  0        0        0.431    0.442    0.439    0.438    0.437    0.435    0.444    0.444     0.448     0.448     0.447     0.446     0.445     0.443     0.443     0.443
C1903d2TS123_4  0        0        0.395    0.399    0.393    0.387    0.386    0.383    0.381    0.380     0.378     0.387     0.393     0.389     0.388     0.396     0.396     0.397
C1903d2TS438_1  0        0        0.349    0.348    0.359    0.359    0.359    0.365    0.364    0.365     0.363     0.363     0.360     0.361     0.361     0.361     0.360     0.359
C1903d2TS131_5  0        0        0        0.492    0.497    0.498    0.508    0.509    0.511    0.516     0.520     0.518     0.515     0.518     0.519     0.518     0.517     0.515
C1903d2TS240_5  0        0        0        0.491    0.496    0.499    0.499    0.502    0.509    0.513     0.525     0.525     0.522     [0.524]   [0.527]   [0.524]   [0.522]   [0.519]
C1903d2TS210_4  0        0        0        0.476    0.483    0.491    0.497    0.501    0.503    0.504     0.508     0.506     0.503     0.507     0.515     0.520     0.518     0.517
C1903d2TS215_1  0        0        0        0.425    0.428    0.443    0.441    0.446    0.446    0.449     0.449     0.451     0.449     0.449     0.449     0.447     0.446     0.445
C1903d2TS123_5  0        0        0        0.399    0.393    0.387    0.386    0.383    0.381    0.380     0.378     0.387     0.393     0.389     0.388     0.396     0.396     0.397
C1903d2TS228_2  0        0        0        0        0.522    0.533    0.538    0.534    0.538    0.542     0.532     0.527     0.522     0.520     0.522     0.517     0.513     0.510
C1903d2TS131_3  0        0        0        0        0.494    0.496    0.502    0.503    0.506    0.511     0.515     0.514     0.510     0.514     0.516     0.516     0.515     0.513
C1903d2TS273_1  0        0        0        0        0.476    0.476    0.473    0.478    0.478    0.481     0.499     0.504     0.508     0.509     0.509     0.507     0.506     0.504
C1903d2TS215_5  0        0        0        0        0.388    0.389    0.390    0.391    0.392    0.392     0.394     0.397     0.397     0.401     0.400     0.400     0.401     0.404
C1903d2TS405_4  0        0        0        0        0        0.491    0.497    0.501    0.503    0.504     0.508     0.506     0.503     0.507     0.515     0.520     0.518     0.517
C1903d2TS301_1  0        0        0        0        0        0.415    0.426    0.425    0.431    0.435     0.436     0.431     0.427     0.427     0.427     0.425     0.425     0.426
C1903d2TS010_2  0        0        0        0        0        0        0.452    0.453    0.456    0.460     0.468     0.468     0.470     0.470     0.470     0.469     0.468     0.469
C1903d2TS044_1  0        0        0        0        0        0        0.426    0.425    0.431    0.435     0.436     0.431     0.427     0.427     0.427     0.425     0.425     0.426
C1903d2TS215_3  0        0        0        0        0        0        0.394    0.398    0.397    0.397     0.401     0.404     0.404     0.404     0.402     0.403     0.402     0.403
C1903d2TS258_2  0        0        0        0        0        0        0        0.483    0.487    0.492     0.502     0.504     0.505     0.508     0.510     0.510     0.510     0.508
C1903d2TS210_5  0        0        0        0        0        0        0        0        0.491    0.496     0.499     0.499     0.497     0.501     0.509     0.512     0.511     0.511
C1903d2TS258_4  0        0        0        0        0        0        0        0        0.487    0.489     0.497     0.497     0.495     0.499     0.501     0.501     0.501     0.499
C1903d2TS405_5  0        0        0        0        0        0        0        0        0        0.496     0.499     0.499     0.497     0.501     0.509     0.512     0.511     0.511
C1903d2TS273_2  0        0        0        0        0        0        0        0        0        0.482     0.500     0.506     0.511     0.512     0.512     0.510     0.509     0.508
C1903d2TS131_4  0        0        0        0        0        0        0        0        0        0         0.512     0.513     0.509     0.513     0.515     0.517     0.515     0.514
C1903d2TS273_5  0        0        0        0        0        0        0        0        0        0         0.495     0.501     0.507     0.507     0.507     0.505     0.504     0.503
C1903d2TS438_4  0        0        0        0        0        0        0        0        0        0         0.492     0.491     0.494     0.498     0.499     0.499     0.499     0.499
C1903d2TS438_5  0        0        0        0        0        0        0        0        0        0         0.490     0.490     0.493     0.497     0.498     0.498     0.498     0.498
C1903d2TS438_2  0        0        0        0        0        0        0        0        0        0         0.485     0.485     0.488     0.492     0.493     0.493     0.492     0.492
C1903d2TS010_1  0        0        0        0        0        0        0        0        0        0         0.464     0.462     0.462     0.463     0.462     0.461     0.461     0.461
C1903d2TS270_1  0        0        0        0        0        0        0        0        0        0         0.462     0.461     0.460     0.462     0.463     0.462     0.462     0.463
C1903d2TS345_1  0        0        0        0        0        0        0        0        0        0         0.423     0.422     0.423     0.422     0.424     0.424     0.425     0.423
C1903d2TS103_1  0        0        0        0        0        0        0        0        0        0         0.356     0.358     0.358     0.358     0.357     0.358     0.357     0.357
C1903d2TS258_1  0        0        0        0        0        0        0        0        0        0         0         0.498     0.498     0.502     0.505     0.503     0.503     0.502
C1903d2TS210_3  0        0        0        0        0        0        0        0        0        0         0         0.494     0.491     0.496     0.504     0.508     0.509     0.510
C1903d2TS405_3  0        0        0        0        0        0        0        0        0        0         0         0.494     0.491     0.496     0.504     0.508     0.509     0.510
C1903d2TS432_1  0        0        0        0        0        0        0        0        0        0         0         0.441     0.439     0.442     0.446     0.446     0.450     0.448
C1903d2TS345_2  0        0        0        0        0        0        0        0        0        0         0         0.396     0.396     0.395     0.396     0.395     0.396     0.395
C1903d2TS347_1  0        0        0        0        0        0        0        0        0        0         0         0.384     0.383     0.383     0.383     0.383     0.382     0.382
C1903d2TS215_2  0        0        0        0        0        0        0        0        0        0         0         0         0.395     0.396     0.397     0.396     0.396     0.395
C1903d2TS121_1  0        0        0        0        0        0        0        0        0        0         0         0         0.275     0.275     0.275     0.275     0.275     0.276
C1903d2TS215_4  0        0        0        0        0        0        0        0        0        0         0         0         0         0.371     0.372     0.373     0.373     0.373
C1903d2TS347_3  0        0        0        0        0        0        0        0        0        0         0         0         0         0.365     0.364     0.364     0.364     0.364
C1903d2TS438_3  0        0        0        0        0        0        0        0        0        0         0         0         0         0.270     0.273     0.272     0.272     0.271
C1903d2TS049_5  0        0        0        0        0        0        0        0        0        0         0         0         0         0         0         0.235     0.235     0.235
C1903d2TS347_2  0        0        0        0        0        0        0        0        0        0         0         0         0         0         0         0         0         0.375
C1903d2TS121_2  0        0        0        0        0        0        0        0        0        0         0         0         0         0         0         0         0         0.264
