model           cs_top1  cs_top2  cs_top3  cs_top4  cs_top5  cs_top6  cs_top7  cs_top8  cs_top9  cs_top10  cs_top15  cs_top20  cs_top25  cs_top30  cs_top35  cs_top40  cs_top45  cs_top50
C1904d2TS210_5  [0.479]  0.438    0.444    0.432    0.430    0.418    0.416    0.413    0.408    0.402     0.394     0.387     0.384     0.380     0.377     0.373     0.369     0.362
C1904d2TS228_5  0.458    0.436    0.412    0.418    0.420    0.413    0.411    0.403    0.398    0.394     0.388     0.383     0.383     0.377     0.373     0.370     0.365     0.357
C1904d2TS228_1  0.447    [0.466]  [0.457]  [0.449]  [0.481]  [0.484]  [0.472]  [0.461]  [0.453]  0.448     0.429     0.418     0.415     0.408     0.406     0.402     0.396     0.387
C1904d2TS228_4  0.447    0.464    0.452    0.444    0.471    0.473    0.460    0.450    0.443    0.438     0.420     0.410     0.407     0.400     0.398     0.394     0.388     0.380
C1904d2TS210_4  0.377    0.447    0.453    0.437    0.410    0.392    0.381    0.374    0.369    0.364     0.348     0.347     0.341     0.348     0.347     0.348     0.345     0.339
C1904d2TS438_4  0.372    0.396    0.397    0.409    0.416    0.421    0.423    0.421    0.430    0.431     0.442     0.446     0.445     0.441     0.439     0.435     0.429     0.422
C1904d2TS258_4  0.370    0.385    0.383    0.390    0.397    0.397    0.400    0.400    0.407    0.414     0.436     0.439     0.442     0.439     0.435     0.428     0.421     0.412
C1904d2TS215_4  0.284    0.292    0.305    0.314    0.312    0.316    0.314    0.318    0.317    0.316     0.318     0.320     0.317     0.316     0.318     0.316     0.314     0.312
C1904d2TS121_1  0.246    0.253    0.251    0.253    0.253    0.253    0.255    0.256    0.258    0.258     0.261     0.261     0.261     0.263     0.264     0.263     0.265     0.263
C1904d2TS405_5  0        0.447    0.453    0.437    0.410    0.392    0.381    0.374    0.369    0.364     0.348     0.347     0.341     0.348     0.347     0.348     0.345     0.339
C1904d2TS228_3  0        0.445    0.439    0.437    0.461    0.466    0.456    0.446    0.438    0.435     0.422     0.413     0.410     0.402     0.402     0.399     0.393     0.384
C1904d2TS131_1  0        0.415    0.407    0.410    0.423    0.426    0.436    0.447    0.448    0.447     0.458     0.462     0.463     0.460     0.455     0.445     0.436     0.426
C1904d2TS131_4  0        0.411    0.408    0.409    0.423    0.426    0.436    0.447    0.449    0.448     0.458     0.459     0.461     0.458     0.455     0.445     0.437     0.427
C1904d2TS131_5  0        0.410    0.403    0.405    0.419    0.423    0.432    0.440    0.441    0.443     0.454     0.457     0.460     0.455     0.451     0.442     0.433     0.423
C1904d2TS438_1  0        0.398    0.401    0.415    0.420    0.425    0.427    0.424    0.433    0.434     0.445     0.448     0.446     0.443     0.441     0.436     0.431     0.424
C1904d2TS273_4  0        0.361    0.357    0.365    0.368    0.366    0.370    0.372    0.377    0.379     0.388     0.393     0.397     0.401     0.402     0.399     0.397     0.390
C1904d2TS228_2  0        0        0.449    0.443    0.473    0.476    0.465    0.454    0.446    0.443     0.426     0.416     0.412     0.405     0.404     0.400     0.394     0.385
C1904d2TS258_3  0        0        0.376    0.380    0.388    0.388    0.395    0.395    0.402    0.405     0.424     0.431     0.431     0.428     0.423     0.416     0.410     0.401
C1904d2TS210_1  0        0        0.369    0.376    0.374    0.372    0.375    0.383    0.392    0.394     0.396     0.391     0.391     0.396     0.403     0.405     0.407     0.404
C1904d2TS123_2  0        0        0.296    0.296    0.306    0.305    0.304    0.303    0.303    0.307     0.307     0.305     0.306     0.307     0.306     0.307     0.307     0.306
C1904d2TS438_3  0        0        0.240    0.240    0.242    0.242    0.242    0.242    0.243    0.243     0.244     0.244     0.250     0.249     0.249     0.248     0.246     0.247
C1904d2TS438_5  0        0        0        0.409    0.417    0.422    0.425    0.422    0.431    0.433     0.443     0.446     0.445     0.441     0.439     0.435     0.429     0.422
C1904d2TS258_2  0        0        0        0.383    0.402    0.399    0.400    0.400    0.403    0.404     0.422     0.428     0.427     0.426     0.423     0.416     0.411     0.403
C1904d2TS405_1  0        0        0        0.376    0.374    0.372    0.375    0.383    0.392    0.394     0.396     0.391     0.391     0.396     0.403     0.405     0.407     0.404
C1904d2TS273_3  0        0        0        0.366    0.369    0.367    0.370    0.372    0.376    0.377     0.386     0.391     0.395     0.399     0.401     0.399     0.396     0.389
C1904d2TS240_1  0        0        0        0.341    0.348    0.348    0.352    0.354    0.357    0.358     0.375     0.381     0.386     0.383     0.385     0.383     0.378     0.371
C1904d2TS240_5  0        0        0        0.332    0.340    0.341    0.349    0.351    0.352    0.356     0.369     0.376     0.379     0.375     0.375     0.376     0.371     0.364
C1904d2TS123_3  0        0        0        0.290    0.291    0.298    0.298    0.299    0.300    0.299     0.300     0.300     0.299     0.300     0.302     0.303     0.313     0.314
C1904d2TS131_2  0        0        0        0        0.423    0.428    0.438    0.448    0.449    [0.449]   [0.460]   [0.463]   [0.466]   [0.461]   [0.457]   [0.447]   [0.438]   [0.428]
C1904d2TS240_4  0        0        0        0        0.343    0.344    0.349    0.355    0.358    0.359     0.375     0.380     0.385     0.382     0.385     0.384     0.379     0.372
C1904d2TS240_2  0        0        0        0        0.341    0.347    0.354    0.359    0.360    0.363     0.372     0.374     0.381     0.380     0.378     0.376     0.370     0.363
C1904d2TS131_3  0        0        0        0        0        0.396    0.405    0.413    0.417    0.416     0.429     0.429     0.429     0.429     0.425     0.417     0.411     0.402
C1904d2TS210_3  0        0        0        0        0        0.371    0.381    0.389    0.396    0.396     0.397     0.391     0.389     0.394     0.401     0.405     0.411     0.406
C1904d2TS123_4  0        0        0        0        0        0.298    0.298    0.299    0.300    0.299     0.300     0.300     0.299     0.300     0.302     0.303     0.313     0.314
C1904d2TS215_5  0        0        0        0        0        0.290    0.288    0.293    0.292    0.296     0.295     0.295     0.292     0.291     0.293     0.290     0.290     0.288
C1904d2TS405_3  0        0        0        0        0        0        0.381    0.389    0.396    0.396     0.397     0.391     0.389     0.394     0.401     0.405     0.411     0.406
C1904d2TS273_2  0        0        0        0        0        0        0.368    0.370    0.373    0.373     0.385     0.392     0.392     0.395     0.396     0.394     0.392     0.384
C1904d2TS273_1  0        0        0        0        0        0        0.367    0.373    0.378    0.377     0.390     0.396     0.395     0.396     0.398     0.395     0.393     0.385
C1904d2TS215_3  0        0        0        0        0        0        0.288    0.287    0.291    0.294     0.293     0.296     0.294     0.292     0.291     0.290     0.289     0.288
C1904d2TS210_2  0        0        0        0        0        0        0        0.387    0.400    0.401     0.402     0.396     0.395     0.399     0.407     0.409     0.415     0.413
C1904d2TS273_5  0        0        0        0        0        0        0        0.370    0.373    0.373     0.382     0.387     0.389     0.393     0.396     0.396     0.394     0.387
C1904d2TS123_5  0        0        0        0        0        0        0        0.284    0.285    0.287     0.289     0.290     0.290     0.291     0.292     0.295     0.297     0.301
C1904d2TS405_2  0        0        0        0        0        0        0        0        0.400    0.401     0.402     0.396     0.395     0.399     0.407     0.409     0.415     0.413
C1904d2TS240_3  0        0        0        0        0        0        0        0        0.348    0.349     0.370     0.374     0.380     0.376     0.375     0.374     0.369     0.363
C1904d2TS347_1  0        0        0        0        0        0        0        0        0.286    0.286     0.288     0.288     0.289     0.288     0.289     0.288     0.291     0.293
C1904d2TS123_1  0        0        0        0        0        0        0        0        0        0.298     0.300     0.304     0.304     0.305     0.307     0.309     0.310     0.313
C1904d2TS258_1  0        0        0        0        0        0        0        0        0        0         0.445     0.450     0.454     0.453     0.449     0.442     0.435     0.425
C1904d2TS258_5  0        0        0        0        0        0        0        0        0        0         0.435     0.442     0.444     0.443     0.439     0.436     0.430     0.421
C1904d2TS405_4  0        0        0        0        0        0        0        0        0        0         0.413     0.408     0.410     0.414     0.420     0.422     0.424     0.420
C1904d2TS215_2  0        0        0        0        0        0        0        0        0        0         0.301     0.306     0.309     0.310     0.310     0.309     0.310     0.308
C1904d2TS347_3  0        0        0        0        0        0        0        0        0        0         0.278     0.278     0.278     0.278     0.278     0.278     0.277     0.282
C1904d2TS003_1  0        0        0        0        0        0        0        0        0        0         0.277     0.277     0.277     0.278     0.278     0.277     0.277     0.275
C1904d2TS215_1  0        0        0        0        0        0        0        0        0        0         0.269     0.272     0.271     0.274     0.273     0.275     0.275     0.276
C1904d2TS438_2  0        0        0        0        0        0        0        0        0        0         0.235     0.237     0.241     0.239     0.239     0.240     0.238     0.236
C1904d2TS103_1  0        0        0        0        0        0        0        0        0        0         0         0         0         0.280     0.280     0.279     0.279     0.278
C1904d2TS347_2  0        0        0        0        0        0        0        0        0        0         0         0         0         0         0.291     0.291     0.293     0.296
C1904d2TS121_2  0        0        0        0        0        0        0        0        0        0         0         0         0         0         0         0.211     0.212     0.212
C1904d2TS067_1  0        0        0        0        0        0        0        0        0        0         0         0         0         0         0         0         0.298     0.304
C1904d2TS067_3  0        0        0        0        0        0        0        0        0        0         0         0         0         0         0         0         0.298     0.304
C1904d2TS067_5  0        0        0        0        0        0        0        0        0        0         0         0         0         0         0         0         0.298     0.304
C1904d2TS067_2  0        0        0        0        0        0        0        0        0        0         0         0         0         0         0         0         0         0.267
C1904d2TS049_1  0        0        0        0        0        0        0        0        0        0         0         0         0         0         0         0         0         0.170
