model           cs_top1  cs_top2  cs_top3  cs_top4  cs_top5  cs_top6  cs_top7  cs_top8  cs_top9  cs_top10  cs_top15  cs_top20  cs_top25  cs_top30  cs_top35  cs_top40  cs_top45  cs_top50
C1908x2TS389_1  [0.425]  [0.434]  0.425    0.431    0.429    0.425    0.428    0.419    0.421    0.416     0.438     0.442     0.440     0.432     0.421     0.407     0.391     0.375
C1908x2TS345_1  0.382    0.326    0.325    0.315    0.324    0.320    0.312    0.308    0.304    0.302     0.301     0.295     0.292     0.293     0.291     0.287     0.282     0.276
C1908x2TS270_1  0.355    0.336    0.334    0.340    0.339    0.352    0.354    0.349    0.353    0.363     0.366     0.367     0.361     0.357     0.351     0.344     0.334     0.323
C1908x2TS345_4  0.352    0.379    0.345    0.345    0.345    0.340    0.329    0.324    0.323    0.319     0.306     0.298     0.297     0.294     0.288     0.286     0.280     0.274
C1908x2TS228_2  0.331    0.332    0.338    0.339    0.353    0.351    0.351    0.349    0.350    0.355     0.366     0.372     0.371     0.368     0.362     0.354     0.343     0.331
C1908x2TS345_2  0.329    0.312    0.303    0.320    0.317    0.321    0.314    0.334    0.328    0.324     0.308     0.304     0.303     0.299     0.294     0.290     0.284     0.278
C1908x2TS215_3  0.321    0.316    0.331    0.341    0.343    0.344    0.342    0.345    0.353    0.350     0.340     0.339     0.335     0.333     0.326     0.321     0.312     0.303
C1908x2TS215_5  0.298    0.297    0.342    0.340    0.333    0.345    0.345    0.344    0.338    0.340     0.327     0.320     0.320     0.317     0.314     0.309     0.302     0.293
C1908x2TS049_5  0.222    0.215    0.213    0.213    0.214    0.215    0.214    0.213    0.213    0.213     0.213     0.212     0.212     0.211     0.210     0.208     0.210     0.214
C1908x2TS389_5  0        0.433    [0.426]  [0.436]  [0.432]  [0.428]  [0.431]  [0.423]  [0.424]  [0.419]   [0.444]   [0.449]   [0.446]   [0.438]   [0.427]   [0.413]   [0.397]   [0.381]
C1908x2TS389_4  0        0.408    0.404    0.419    0.415    0.411    0.416    0.407    0.407    0.403     0.426     0.433     0.429     0.421     0.410     0.396     0.381     0.366
C1908x2TS345_3  0        0.355    0.339    0.340    0.360    0.348    0.340    0.333    0.327    0.322     0.312     0.302     0.300     0.296     0.291     0.288     0.282     0.277
C1908x2TS228_3  0        0.320    0.340    0.350    0.348    0.346    0.343    0.340    0.341    0.346     0.361     0.359     0.360     0.354     0.347     0.340     0.330     0.319
C1908x2TS179_1  0        0.288    0.291    0.293    0.293    0.294    0.294    0.293    0.294    0.300     0.302     0.303     0.303     0.305     0.304     0.305     0.303     0.296
C1908x2TS131_2  0        0.286    0.301    0.297    0.291    0.286    0.301    0.312    0.322    0.318     0.323     0.328     0.324     0.325     0.324     0.318     0.309     0.298
C1908x2TS131_4  0        0.263    0.275    0.274    0.270    0.267    0.275    0.283    0.288    0.286     0.295     0.301     0.301     0.301     0.302     0.299     0.292     0.283
C1908x2TS389_2  0        0        0.412    0.421    0.418    0.415    0.422    0.413    0.416    0.411     0.434     0.440     0.437     0.429     0.419     0.405     0.389     0.373
C1908x2TS389_3  0        0        0.405    0.414    0.416    0.412    0.414    0.409    0.409    0.405     0.428     0.433     0.429     0.423     0.413     0.400     0.385     0.370
C1908x2TS228_1  0        0        0.335    0.337    0.347    0.345    0.345    0.349    0.349    0.354     0.364     0.373     0.370     0.366     0.359     0.351     0.340     0.328
C1908x2TS210_2  0        0        0.330    0.339    0.353    0.350    0.358    0.356    0.356    0.363     0.380     0.390     0.392     0.389     0.382     0.371     0.359     0.345
C1908x2TS215_1  0        0        0.299    0.313    0.310    0.320    0.317    0.314    0.314    0.314     0.318     0.314     0.319     0.317     0.313     0.308     0.302     0.294
C1908x2TS131_3  0        0        0.298    0.293    0.286    0.281    0.293    0.299    0.305    0.303     0.309     0.317     0.315     0.319     0.317     0.312     0.303     0.293
C1908x2TS432_1  0        0        0.297    0.299    0.298    0.298    0.298    0.298    0.297    0.298     0.310     0.315     0.319     0.316     0.315     0.310     0.302     0.292
C1908x2TS210_1  0        0        0        0.338    0.351    0.349    0.354    0.352    0.353    0.360     0.378     0.385     0.388     0.386     0.378     0.368     0.355     0.342
C1908x2TS215_4  0        0        0        0.298    0.310    0.329    0.325    0.322    0.326    0.332     0.325     0.324     0.321     0.319     0.313     0.308     0.301     0.292
C1908x2TS131_5  0        0        0        0.279    0.274    0.271    0.281    0.287    0.296    0.294     0.299     0.308     0.308     0.309     0.311     0.307     0.299     0.289
C1908x2TS073_3  0        0        0        0        0.296    0.297    0.296    0.295    0.295    0.296     0.297     0.298     0.298     0.303     0.311     0.316     0.312     0.304
C1908x2TS228_5  0        0        0        0        0        0.358    0.359    0.355    0.360    0.359     0.377     0.387     0.386     0.380     0.373     0.363     0.351     0.338
C1908x2TS345_5  0        0        0        0        0        0.305    0.309    0.310    0.308    0.312     0.315     0.315     0.315     0.315     0.313     0.309     0.303     0.296
C1908x2TS210_4  0        0        0        0        0        0        0.348    0.348    0.350    0.353     0.373     0.390     0.391     0.393     0.386     0.376     0.363     0.349
C1908x2TS215_2  0        0        0        0        0        0        0.314    0.317    0.323    0.328     0.327     0.334     0.334     0.331     0.327     0.321     0.313     0.304
C1908x2TS131_1  0        0        0        0        0        0        0.292    0.298    0.304    0.302     0.312     0.317     0.316     0.316     0.316     0.310     0.302     0.291
C1908x2TS123_2  0        0        0        0        0        0        0.263    0.262    0.262    0.263     0.267     0.269     0.273     0.273     0.276     0.273     0.272     0.265
C1908x2TS210_3  0        0        0        0        0        0        0        0.348    0.350    0.354     0.377     0.387     0.390     0.394     0.387     0.377     0.364     0.350
C1908x2TS228_4  0        0        0        0        0        0        0        0.328    0.330    0.331     0.340     0.347     0.348     0.347     0.347     0.343     0.332     0.321
C1908x2TS210_5  0        0        0        0        0        0        0        0        0.356    0.358     0.384     0.392     0.394     0.395     0.389     0.378     0.364     0.351
C1908x2TS073_4  0        0        0        0        0        0        0        0        0        0.292     0.294     0.295     0.298     0.301     0.309     0.314     0.309     0.301
C1908x2TS073_2  0        0        0        0        0        0        0        0        0        0         0.303     0.305     0.308     0.315     0.320     0.324     0.319     0.310
C1908x2TS073_5  0        0        0        0        0        0        0        0        0        0         0.293     0.295     0.296     0.300     0.304     0.312     0.310     0.301
C1908x2TS026_1  0        0        0        0        0        0        0        0        0        0         0.150     0.151     0.152     0.152     0.156     0.161     0.165     0.165
C1908x2TS073_1  0        0        0        0        0        0        0        0        0        0         0         0.315     0.319     0.326     0.327     0.329     0.323     0.314
C1908x2TS123_1  0        0        0        0        0        0        0        0        0        0         0         0.263     0.262     0.264     0.270     0.274     0.269     0.263
C1908x2TS049_2  0        0        0        0        0        0        0        0        0        0         0         0.199     0.199     0.199     0.198     0.198     0.198     0.203
C1908x2TS026_2  0        0        0        0        0        0        0        0        0        0         0         0         0.183     0.185     0.188     0.192     0.196     0.196
C1908x2TS103_2  0        0        0        0        0        0        0        0        0        0         0         0         0         0.247     0.246     0.249     0.252     0.256
C1908x2TS049_1  0        0        0        0        0        0        0        0        0        0         0         0         0         0.231     0.230     0.230     0.231     0.231
C1908x2TS067_2  0        0        0        0        0        0        0        0        0        0         0         0         0         0.223     0.222     0.221     0.220     0.224
C1908x2TS103_3  0        0        0        0        0        0        0        0        0        0         0         0         0         0.198     0.198     0.199     0.198     0.200
C1908x2TS123_3  0        0        0        0        0        0        0        0        0        0         0         0         0         0         0.279     0.285     0.284     0.279
C1908x2TS003_1  0        0        0        0        0        0        0        0        0        0         0         0         0         0         0.218     0.219     0.220     0.219
C1908x2TS404_1  0        0        0        0        0        0        0        0        0        0         0         0         0         0         0         0.243     0.246     0.246
C1908x2TS103_1  0        0        0        0        0        0        0        0        0        0         0         0         0         0         0         0.228     0.227     0.230
C1908x2TS049_3  0        0        0        0        0        0        0        0        0        0         0         0         0         0         0         0         0.244     0.248
C1908x2TS049_4  0        0        0        0        0        0        0        0        0        0         0         0         0         0         0         0         0.220     0.225
C1908x2TS067_1  0        0        0        0        0        0        0        0        0        0         0         0         0         0         0         0         0.217     0.229
C1908x2TS067_3  0        0        0        0        0        0        0        0        0        0         0         0         0         0         0         0         0.214     0.227
C1908x2TS067_4  0        0        0        0        0        0        0        0        0        0         0         0         0         0         0         0         0.211     0.223
C1908x2TS067_5  0        0        0        0        0        0        0        0        0        0         0         0         0         0         0         0         0         0.228
