model           cs_top1  cs_top2  cs_top3  cs_top4  cs_top5  cs_top6  cs_top7  cs_top8  cs_top9  cs_top10  cs_top15  cs_top20  cs_top25  cs_top30  cs_top35  cs_top40  cs_top45  cs_top50
C1902d3TS131_1  [0.737]  [0.725]  [0.678]  [0.656]  [0.638]  [0.642]  [0.631]  [0.632]  [0.628]  [0.627]   0.621     0.617     0.610     0.600     0.588     0.573     0.559     0.544
C1902d3TS438_1  0.664    0.655    0.647    0.637    0.626    0.631    0.623    0.626    0.624    0.625     [0.625]   [0.623]   0.616     0.605     0.594     0.578     0.563     0.548
C1902d3TS210_5  0.573    0.586    0.570    0.566    0.559    0.561    0.557    0.557    0.556    0.555     0.554     0.556     0.556     0.552     0.549     0.542     0.533     0.522
C1902d3TS215_5  0.525    0.504    0.499    0.489    0.480    0.481    0.474    0.475    0.474    0.473     0.478     0.477     0.476     0.473     0.467     0.459     0.449     0.440
C1902d3TS210_1  0.513    0.538    0.516    0.509    0.511    0.509    0.510    0.508    0.509    0.505     0.490     0.485     0.483     0.479     0.473     0.466     0.459     0.452
C1902d3TS345_3  0.458    0.477    0.498    0.483    0.481    0.475    0.470    0.476    0.471    0.468     0.466     0.459     0.457     0.455     0.451     0.446     0.441     0.436
C1902d3TS345_5  0.346    0.347    0.348    0.361    0.359    0.358    0.364    0.363    0.370    0.369     0.366     0.365     0.365     0.363     0.362     0.363     0.364     0.366
C1902d3TS215_2  0        0.609    0.588    0.575    0.570    0.574    0.569    0.569    0.569    0.568     0.571     0.569     0.565     0.557     0.547     0.535     0.523     0.510
C1902d3TS123_1  0        0.589    0.579    0.581    0.573    0.584    0.577    0.583    0.582    0.588     0.591     0.593     0.587     0.578     0.566     0.550     0.534     0.520
C1902d3TS123_3  0        0.587    0.583    0.583    0.576    0.590    0.580    0.588    0.587    0.588     0.592     0.595     0.590     0.581     0.569     0.553     0.537     0.523
C1902d3TS210_2  0        0.509    0.498    0.502    0.507    0.510    0.505    0.502    0.499    0.497     0.482     0.479     0.477     0.473     0.468     0.462     0.455     0.448
C1902d3TS010_1  0        0.404    0.404    0.404    0.404    0.410    0.410    0.410    0.409    0.416     0.413     0.417     0.416     0.415     0.416     0.417     0.422     0.419
C1902d3TS258_4  0        0        0.611    0.603    0.601    0.604    0.597    0.601    0.606    0.607     0.607     0.608     0.601     0.590     0.579     0.564     0.550     0.535
C1902d3TS215_3  0        0        0.560    0.553    0.546    0.550    0.544    0.547    0.549    0.551     0.563     0.565     0.560     0.552     0.543     0.531     0.519     0.506
C1902d3TS267_1  0        0        0.554    0.554    0.550    0.563    0.555    0.559    0.565    0.566     0.577     0.582     0.579     0.570     0.562     0.548     0.535     0.522
C1902d3TS210_4  0        0        0.542    0.544    0.539    0.541    0.537    0.537    0.536    0.535     0.534     0.537     0.537     0.536     0.535     0.529     0.521     0.511
C1902d3TS215_1  0        0        0.492    0.496    0.489    0.492    0.486    0.487    0.487    0.488     0.498     0.505     0.501     0.497     0.489     0.479     0.469     0.459
C1902d3TS010_4  0        0        0.388    0.388    0.389    0.390    0.391    0.391    0.391    0.396     0.399     0.400     0.401     0.400     0.404     0.406     0.408     0.408
C1902d3TS345_4  0        0        0.361    0.363    0.378    0.376    0.382    0.381    0.379    0.382     0.376     0.376     0.374     0.376     0.376     0.379     0.380     0.382
C1902d3TS258_1  0        0        0        0.614    0.608    0.614    0.613    0.619    0.617    0.619     0.618     0.618     0.614     0.604     0.592     0.577     0.562     0.547
C1902d3TS258_5  0        0        0        0.613    0.604    0.612    0.613    0.620    0.621    0.623     0.621     0.622     [0.617]   [0.607]   [0.595]   [0.581]   [0.566]   [0.551]
C1902d3TS258_2  0        0        0        0.603    0.595    0.601    0.597    0.605    0.604    0.609     0.611     0.613     0.609     0.599     0.587     0.573     0.559     0.544
C1902d3TS258_3  0        0        0        0.591    0.585    0.591    0.587    0.591    0.592    0.593     0.602     0.606     0.600     0.591     0.582     0.569     0.554     0.540
C1902d3TS267_2  0        0        0        0.580    0.573    0.584    0.577    0.580    0.581    0.584     0.592     0.595     0.591     0.583     0.576     0.562     0.548     0.534
C1902d3TS228_5  0        0        0        0.425    0.424    0.427    0.426    0.425    0.425    0.425     0.426     0.425     0.427     0.434     0.438     0.445     0.449     0.446
C1902d3TS345_2  0        0        0        0.384    0.381    0.381    0.385    0.389    0.388    0.387     0.387     0.386     0.385     0.386     0.386     0.385     0.386     0.385
C1902d3TS267_3  0        0        0        0        0.537    0.544    0.537    0.540    0.541    0.542     0.552     0.558     0.556     0.549     0.542     0.530     0.518     0.506
C1902d3TS210_3  0        0        0        0        0.517    0.518    0.518    0.518    0.517    0.516     0.515     0.514     0.516     0.517     0.516     0.510     0.504     0.495
C1902d3TS215_4  0        0        0        0        0.473    0.475    0.470    0.472    0.473    0.473     0.484     0.486     0.486     0.480     0.475     0.467     0.457     0.447
C1902d3TS010_5  0        0        0        0        0.382    0.382    0.387    0.386    0.386    0.387     0.388     0.387     0.387     0.389     0.391     0.393     0.396     0.400
C1902d3TS267_4  0        0        0        0        0        0.552    0.545    0.551    0.555    0.556     0.565     0.569     0.566     0.560     0.553     0.540     0.528     0.515
C1902d3TS228_1  0        0        0        0        0        0.424    0.423    0.423    0.422    0.422     0.421     0.422     0.426     0.433     0.441     0.445     0.448     0.444
C1902d3TS345_1  0        0        0        0        0        0        0.393    0.396    0.394    0.393     0.390     0.387     0.388     0.389     0.389     0.393     0.395     0.397
C1902d3TS103_1  0        0        0        0        0        0        0        0        0.560    0.563     0.573     0.575     0.571     0.566     0.557     0.544     0.531     0.518
C1902d3TS044_1  0        0        0        0        0        0        0        0        0.558    0.560     0.567     0.575     0.573     0.563     0.556     0.543     0.530     0.517
C1902d3TS240_1  0        0        0        0        0        0        0        0        0.434    0.435     0.435     0.435     0.437     0.442     0.445     0.447     0.448     0.447
C1902d3TS067_1  0        0        0        0        0        0        0        0        0        0         0.578     0.584     0.580     0.571     0.561     0.546     0.533     0.519
C1902d3TS432_1  0        0        0        0        0        0        0        0        0        0         0.540     0.546     0.546     0.538     0.531     0.519     0.506     0.494
C1902d3TS010_3  0        0        0        0        0        0        0        0        0        0         0.411     0.414     0.415     0.415     0.417     0.420     0.424     0.422
C1902d3TS438_2  0        0        0        0        0        0        0        0        0        0         0.384     0.384     0.386     0.387     0.390     0.391     0.395     0.397
C1902d3TS273_3  0        0        0        0        0        0        0        0        0        0         0         0.459     0.458     0.457     0.456     0.453     0.450     0.449
C1902d3TS010_2  0        0        0        0        0        0        0        0        0        0         0         0.420     0.420     0.422     0.424     0.426     0.427     0.424
C1902d3TS240_4  0        0        0        0        0        0        0        0        0        0         0         0         0.443     0.446     0.456     0.462     0.468     0.466
C1902d3TS240_5  0        0        0        0        0        0        0        0        0        0         0         0         0.443     0.446     0.453     0.459     0.465     0.463
C1902d3TS240_2  0        0        0        0        0        0        0        0        0        0         0         0         0.438     0.442     0.451     0.458     0.463     0.460
C1902d3TS228_2  0        0        0        0        0        0        0        0        0        0         0         0         0.424     0.429     0.437     0.442     0.447     0.443
C1902d3TS240_3  0        0        0        0        0        0        0        0        0        0         0         0         0         0.444     0.453     0.460     0.466     0.464
C1902d3TS273_2  0        0        0        0        0        0        0        0        0        0         0         0         0         0.415     0.417     0.422     0.427     0.429
C1902d3TS273_1  0        0        0        0        0        0        0        0        0        0         0         0         0         0         0.397     0.403     0.410     0.412
C1902d3TS347_1  0        0        0        0        0        0        0        0        0        0         0         0         0         0         0         0.367     0.369     0.378
C1902d3TS347_3  0        0        0        0        0        0        0        0        0        0         0         0         0         0         0         0         0.340     0.344
C1902d3TS003_1  0        0        0        0        0        0        0        0        0        0         0         0         0         0         0         0         0         0.292
