model           cs_top1  cs_top2  cs_top3  cs_top4  cs_top5  cs_top6  cs_top7  cs_top8  cs_top9  cs_top10  cs_top15  cs_top20  cs_top25  cs_top30  cs_top35  cs_top40  cs_top45  cs_top50
C1905d1TS210_2  [0.499]  0.484    0.463    0.455    0.446    0.445    0.445    0.441    0.441    0.441     0.441     0.435     0.431     0.431     0.431     0.432     0.430     0.427
C1905d1TS405_4  0.482    0.493    0.505    0.493    0.471    0.468    0.460    0.449    0.444    0.438     0.423     0.415     0.412     0.408     0.407     0.403     0.399     0.395
C1905d1TS405_3  0.470    0.455    0.441    0.437    0.431    0.435    0.433    0.430    0.433    0.435     0.436     0.431     0.427     0.426     0.425     0.427     0.425     0.423
C1905d1TS405_5  0.461    [0.516]  [0.520]  [0.504]  [0.485]  [0.474]  [0.465]  [0.454]  0.448    0.442     0.428     0.420     0.417     0.411     0.409     0.406     0.401     0.397
C1905d1TS210_1  0.458    0.468    0.488    0.480    0.461    0.455    0.455    0.445    0.442    0.436     0.423     0.417     0.413     0.408     0.408     0.405     0.400     0.396
C1905d1TS131_3  0.449    0.438    0.435    0.439    0.442    0.441    0.437    0.435    0.435    0.440     0.446     0.442     0.438     0.437     0.436     0.439     0.437     0.434
C1905d1TS131_4  0.449    0.437    0.428    0.433    0.432    0.437    0.433    0.433    0.433    0.435     0.442     0.440     0.436     0.435     0.433     0.438     0.436     0.434
C1905d1TS131_2  0.433    0.426    0.417    0.434    0.437    0.435    0.435    0.433    0.432    0.433     0.432     0.433     0.431     0.431     0.429     0.432     0.431     0.429
C1905d1TS210_4  0.430    0.439    0.423    0.425    0.423    0.428    0.426    0.427    0.432    0.436     0.438     0.442     0.436     0.434     0.432     0.432     0.430     0.427
C1905d1TS247_5  0.426    0.445    0.438    0.438    0.436    0.434    0.435    0.439    0.443    0.446     0.444     0.447     0.443     0.442     0.443     0.442     0.439     0.438
C1905d1TS240_4  0.409    0.420    0.405    0.403    0.406    0.407    0.410    0.410    0.412    0.413     0.420     0.423     0.421     0.421     0.419     0.418     0.417     0.415
C1905d1TS240_5  0.393    0.387    0.378    0.380    0.391    0.392    0.391    0.391    0.394    0.399     0.403     0.405     0.407     0.405     0.404     0.404     0.403     0.403
C1905d1TS010_1  0.391    0.407    0.409    0.414    0.408    0.405    0.402    0.402    0.401    0.401     0.397     0.398     0.395     0.396     0.396     0.395     0.397     0.397
C1905d1TS131_5  0        0.434    0.424    0.435    0.434    0.433    0.429    0.428    0.428    0.433     0.442     0.439     0.435     0.432     0.431     0.435     0.433     0.430
C1905d1TS247_4  0        0.421    0.422    0.424    0.423    0.422    0.428    0.439    0.440    0.440     0.440     0.444     0.440     0.438     0.439     0.437     0.434     0.432
C1905d1TS258_4  0        0.403    0.397    0.398    0.399    0.401    0.401    0.401    0.402    0.405     0.414     0.416     0.421     0.422     0.419     0.419     0.417     0.414
C1905d1TS273_3  0        0.379    0.385    0.392    0.393    0.390    0.387    0.384    0.384    0.384     0.397     0.399     0.401     0.398     0.396     0.396     0.393     0.391
C1905d1TS215_4  0        0.323    0.353    0.346    0.341    0.346    0.350    0.346    0.344    0.342     0.334     0.337     0.334     0.333     0.332     0.330     0.329     0.328
C1905d1TS247_1  0        0        0.413    0.422    0.420    0.419    0.420    0.427    0.428    0.428     0.424     0.430     0.426     0.424     0.427     0.427     0.424     0.423
C1905d1TS247_3  0        0        0.406    0.409    0.407    0.406    0.408    0.414    0.416    0.417     0.416     0.422     0.419     0.420     0.421     0.421     0.420     0.418
C1905d1TS240_3  0        0        0.401    0.403    0.411    0.412    0.410    0.414    0.419    0.419     0.426     0.429     0.426     0.423     0.421     0.420     0.419     0.417
C1905d1TS010_3  0        0        0.345    0.347    0.356    0.355    0.361    0.359    0.359    0.358     0.355     0.353     0.356     0.354     0.355     0.354     0.354     0.354
C1905d1TS131_1  0        0        0        0.430    0.431    0.430    0.433    0.432    0.432    0.433     0.433     0.434     0.433     0.432     0.430     0.435     0.432     0.430
C1905d1TS228_5  0        0        0        0.426    0.433    0.431    0.436    0.443    [0.449]  [0.450]   [0.449]   [0.449]   [0.445]   [0.443]   [0.446]   [0.446]   [0.444]   [0.442]
C1905d1TS240_1  0        0        0        0.407    0.410    0.412    0.410    0.411    0.420    0.421     0.425     0.430     0.430     0.428     0.425     0.426     0.425     0.423
C1905d1TS210_5  0        0        0        0.404    0.405    0.407    0.407    0.418    0.423    0.427     0.429     0.428     0.428     0.425     0.423     0.421     0.420     0.418
C1905d1TS010_5  0        0        0        0.388    0.386    0.399    0.398    0.396    0.400    0.399     0.400     0.396     0.397     0.398     0.398     0.396     0.394     0.392
C1905d1TS273_1  0        0        0        0.383    0.382    0.389    0.389    0.388    0.389    0.394     0.392     0.396     0.399     0.396     0.398     0.398     0.397     0.395
C1905d1TS273_2  0        0        0        0.363    0.363    0.364    0.369    0.369    0.369    0.370     0.371     0.375     0.376     0.375     0.374     0.374     0.377     0.376
C1905d1TS247_2  0        0        0        0        0.412    0.417    0.423    0.426    0.427    0.431     0.427     0.432     0.430     0.428     0.429     0.428     0.426     0.423
C1905d1TS210_3  0        0        0        0        0.411    0.419    0.417    0.428    0.428    0.428     0.428     0.432     0.433     0.431     0.429     0.427     0.425     0.422
C1905d1TS258_1  0        0        0        0        0.407    0.410    0.411    0.410    0.412    0.418     0.427     0.431     0.432     0.434     0.431     0.429     0.427     0.425
C1905d1TS273_5  0        0        0        0        0.404    0.402    0.399    0.397    0.397    0.397     0.409     0.410     0.413     0.411     0.410     0.411     0.409     0.407
C1905d1TS073_1  0        0        0        0        0.372    0.371    0.378    0.385    0.385    0.385     0.387     0.386     0.387     0.389     0.391     0.391     0.389     0.389
C1905d1TS273_4  0        0        0        0        0.352    0.353    0.353    0.359    0.359    0.364     0.369     0.368     0.367     0.366     0.365     0.368     0.367     0.366
C1905d1TS215_5  0        0        0        0        0.344    0.345    0.345    0.345    0.351    0.351     0.351     0.350     0.350     0.352     0.355     0.354     0.354     0.355
C1905d1TS215_3  0        0        0        0        0.343    0.344    0.344    0.345    0.345    0.346     0.346     0.352     0.353     0.351     0.351     0.351     0.351     0.352
C1905d1TS258_3  0        0        0        0        0        0.412    0.412    0.411    0.415    0.417     0.417     0.419     0.425     0.425     0.425     0.425     0.423     0.421
C1905d1TS240_2  0        0        0        0        0        0.400    0.398    0.399    0.401    0.403     0.412     0.417     0.416     0.416     0.412     0.412     0.410     0.408
C1905d1TS258_2  0        0        0        0        0        0        0.416    0.415    0.417    0.422     0.421     0.425     0.432     0.433     0.433     0.432     0.430     0.428
C1905d1TS258_5  0        0        0        0        0        0        0.405    0.404    0.406    0.412     0.412     0.413     0.420     0.423     0.421     0.420     0.419     0.417
C1905d1TS123_5  0        0        0        0        0        0        0.359    0.360    0.362    0.363     0.364     0.365     0.364     0.365     0.364     0.365     0.364     0.367
C1905d1TS228_1  0        0        0        0        0        0        0        0.418    0.428    0.429     0.427     0.428     0.425     0.424     0.427     0.427     0.425     0.424
C1905d1TS010_2  0        0        0        0        0        0        0        0.412    0.413    0.417     0.418     0.420     0.421     0.423     0.422     0.421     0.419     0.417
C1905d1TS073_3  0        0        0        0        0        0        0        0.361    0.362    0.363     0.363     0.365     0.366     0.369     0.371     0.371     0.372     0.371
C1905d1TS215_2  0        0        0        0        0        0        0        0.345    0.346    0.347     0.357     0.357     0.357     0.357     0.357     0.357     0.357     0.358
C1905d1TS432_1  0        0        0        0        0        0        0        0        0.368    0.369     0.373     0.377     0.380     0.380     0.380     0.380     0.379     0.378
C1905d1TS010_4  0        0        0        0        0        0        0        0        0        0.392     0.399     0.398     0.398     0.400     0.400     0.401     0.399     0.398
C1905d1TS347_2  0        0        0        0        0        0        0        0        0        0         0.379     0.383     0.382     0.384     0.385     0.384     0.385     0.385
C1905d1TS123_4  0        0        0        0        0        0        0        0        0        0         0.371     0.371     0.371     0.370     0.371     0.372     0.375     0.377
C1905d1TS347_1  0        0        0        0        0        0        0        0        0        0         0.371     0.371     0.372     0.371     0.371     0.372     0.374     0.374
C1905d1TS123_1  0        0        0        0        0        0        0        0        0        0         0.359     0.359     0.360     0.363     0.362     0.365     0.366     0.367
C1905d1TS215_1  0        0        0        0        0        0        0        0        0        0         0.335     0.335     0.335     0.338     0.340     0.340     0.342     0.342
C1905d1TS121_1  0        0        0        0        0        0        0        0        0        0         0.328     0.329     0.328     0.330     0.330     0.329     0.329     0.328
C1905d1TS438_2  0        0        0        0        0        0        0        0        0        0         0         0.405     0.408     0.410     0.412     0.413     0.412     0.410
C1905d1TS073_2  0        0        0        0        0        0        0        0        0        0         0         0         0.376     0.377     0.379     0.380     0.379     0.381
C1905d1TS049_3  0        0        0        0        0        0        0        0        0        0         0         0         0.210     0.211     0.211     0.211     0.211     0.211
C1905d1TS073_5  0        0        0        0        0        0        0        0        0        0         0         0         0         0.384     0.387     0.387     0.389     0.389
C1905d1TS073_4  0        0        0        0        0        0        0        0        0        0         0         0         0         0.370     0.371     0.375     0.373     0.376
C1905d1TS347_3  0        0        0        0        0        0        0        0        0        0         0         0         0         0.370     0.369     0.370     0.370     0.370
C1905d1TS026_1  0        0        0        0        0        0        0        0        0        0         0         0         0         0.352     0.351     0.352     0.352     0.351
C1905d1TS103_1  0        0        0        0        0        0        0        0        0        0         0         0         0         0         0.356     0.356     0.355     0.356
C1905d1TS123_2  0        0        0        0        0        0        0        0        0        0         0         0         0         0         0         0.377     0.376     0.378
C1905d1TS438_1  0        0        0        0        0        0        0        0        0        0         0         0         0         0         0         0.373     0.374     0.374
C1905d1TS067_3  0        0        0        0        0        0        0        0        0        0         0         0         0         0         0         0         0.358     0.357
C1905d1TS067_1  0        0        0        0        0        0        0        0        0        0         0         0         0         0         0         0         0         0.353
C1905d1TS003_1  0        0        0        0        0        0        0        0        0        0         0         0         0         0         0         0         0         0.282
