model           cs_top1  cs_top2  cs_top3  cs_top4  cs_top5  cs_top6  cs_top7  cs_top8  cs_top9  cs_top10  cs_top15  cs_top20  cs_top25  cs_top30  cs_top35  cs_top40  cs_top45  cs_top50
C1901d1TS273_1  [0.852]  [0.799]  [0.696]  0.644    0.617    0.588    0.570    0.554    0.538    0.526     0.491     0.467     0.450     0.435     0.423     0.413     0.400     0.386
C1901d1TS131_3  0.394    0.412    0.404    0.402    0.399    0.406    0.403    0.407    0.407    0.404     0.427     0.434     0.427     0.421     0.414     0.407     0.396     0.383
C1901d1TS240_4  0.342    0.353    0.349    0.347    0.346    0.347    0.346    0.346    0.345    0.344     0.347     0.347     0.350     0.357     0.363     0.366     0.361     0.353
C1901d1TS215_1  0.289    0.297    0.293    0.330    0.322    0.318    0.320    0.319    0.327    0.323     0.318     0.312     0.306     0.301     0.300     0.300     0.294     0.289
C1901d1TS123_1  0.238    0.242    0.256    0.248    0.244    0.242    0.240    0.240    0.238    0.237     0.236     0.238     0.239     0.237     0.235     0.235     0.238     0.234
C1901d1TS273_2  0        0.783    0.693    [0.647]  [0.619]  [0.591]  [0.572]  [0.559]  [0.544]  [0.532]   [0.499]   [0.476]   [0.459]   [0.445]   [0.433]   [0.423]   [0.409]   [0.396]
C1901d1TS131_2  0        0.402    0.392    0.390    0.387    0.396    0.396    0.399    0.403    0.400     0.415     0.423     0.414     0.409     0.401     0.394     0.383     0.371
C1901d1TS131_1  0        0.392    0.391    0.396    0.392    0.414    0.410    0.422    0.423    0.418     0.430     0.429     0.421     0.413     0.405     0.398     0.387     0.375
C1901d1TS215_2  0        0.370    0.360    0.368    0.380    0.372    0.371    0.371    0.370    0.364     0.353     0.345     0.338     0.335     0.331     0.327     0.319     0.312
C1901d1TS215_3  0        0        0.535    0.539    0.531    0.515    0.499    0.486    0.475    0.465     0.447     0.428     0.415     0.404     0.395     0.387     0.376     0.364
C1901d1TS258_2  0        0        0.519    0.535    0.543    0.539    0.529    0.517    0.511    0.505     0.480     0.459     0.443     0.429     0.418     0.408     0.395     0.382
C1901d1TS258_3  0        0        0.494    0.496    0.506    0.507    0.505    0.496    0.491    0.492     0.470     0.451     0.436     0.422     0.411     0.401     0.388     0.375
C1901d1TS210_2  0        0        0.375    0.370    0.368    0.377    0.375    0.375    0.374    0.372     0.382     0.396     0.396     0.391     0.384     0.378     0.368     0.357
C1901d1TS228_1  0        0        0.364    0.361    0.358    0.359    0.361    0.363    0.365    0.362     0.390     0.392     0.389     0.385     0.378     0.370     0.360     0.350
C1901d1TS210_5  0        0        0.331    0.329    0.330    0.331    0.330    0.330    0.329    0.329     0.331     0.335     0.338     0.340     0.343     0.344     0.340     0.330
C1901d1TS215_5  0        0        0.311    0.311    0.313    0.319    0.316    0.320    0.319    0.333     0.328     0.326     0.320     0.317     0.317     0.318     0.314     0.308
C1901d1TS131_4  0        0        0        0.394    0.391    0.397    0.395    0.398    0.397    0.394     0.407     0.420     0.414     0.407     0.400     0.394     0.383     0.371
C1901d1TS258_1  0        0        0        0        0.463    0.466    0.468    0.468    0.466    0.465     0.459     0.442     0.430     0.418     0.407     0.398     0.386     0.373
C1901d1TS258_4  0        0        0        0        0.446    0.443    0.461    0.461    0.459    0.460     0.440     0.432     0.418     0.408     0.397     0.388     0.377     0.365
C1901d1TS131_5  0        0        0        0        0.394    0.401    0.399    0.406    0.406    0.405     0.423     0.432     0.426     0.418     0.411     0.403     0.392     0.379
C1901d1TS405_2  0        0        0        0        0.326    0.325    0.323    0.323    0.322    0.321     0.322     0.328     0.329     0.333     0.337     0.336     0.332     0.323
C1901d1TS247_2  0        0        0        0        0.321    0.322    0.324    0.325    0.326    0.326     0.328     0.328     0.334     0.337     0.339     0.342     0.335     0.328
C1901d1TS215_4  0        0        0        0        0.307    0.322    0.319    0.319    0.319    0.327     0.321     0.321     0.317     0.312     0.311     0.313     0.309     0.304
C1901d1TS258_5  0        0        0        0        0        0.448    0.449    0.453    0.451    0.447     0.446     0.434     0.421     0.409     0.399     0.390     0.379     0.366
C1901d1TS210_3  0        0        0        0        0        0.371    0.369    0.372    0.372    0.373     0.381     0.383     0.395     0.390     0.384     0.378     0.368     0.357
C1901d1TS228_5  0        0        0        0        0        0        0.374    0.375    0.379    0.377     0.392     0.395     0.401     0.398     0.392     0.384     0.373     0.361
C1901d1TS438_2  0        0        0        0        0        0        0.343    0.344    0.343    0.341     0.346     0.349     0.356     0.358     0.358     0.357     0.349     0.339
C1901d1TS210_1  0        0        0        0        0        0        0        0.385    0.384    0.382     0.393     0.399     0.406     0.402     0.395     0.388     0.378     0.366
C1901d1TS228_3  0        0        0        0        0        0        0        0.370    0.375    0.372     0.399     0.400     0.400     0.395     0.388     0.380     0.369     0.359
C1901d1TS247_5  0        0        0        0        0        0        0        0.303    0.303    0.303     0.307     0.310     0.312     0.317     0.319     0.317     0.319     0.313
C1901d1TS210_4  0        0        0        0        0        0        0        0        0.377    0.375     0.390     0.393     0.402     0.397     0.391     0.384     0.373     0.362
C1901d1TS405_3  0        0        0        0        0        0        0        0        0.338    0.337     0.342     0.345     0.347     0.350     0.353     0.353     0.347     0.338
C1901d1TS405_5  0        0        0        0        0        0        0        0        0        0.340     0.342     0.347     0.350     0.351     0.355     0.354     0.347     0.337
C1901d1TS247_1  0        0        0        0        0        0        0        0        0        0.329     0.334     0.334     0.338     0.348     0.346     0.344     0.337     0.329
C1901d1TS438_1  0        0        0        0        0        0        0        0        0        0         0.361     0.361     0.369     0.371     0.372     0.370     0.360     0.350
C1901d1TS405_4  0        0        0        0        0        0        0        0        0        0         0.348     0.350     0.354     0.361     0.363     0.362     0.355     0.346
C1901d1TS247_3  0        0        0        0        0        0        0        0        0        0         0.337     0.339     0.342     0.345     0.347     0.350     0.344     0.336
C1901d1TS247_4  0        0        0        0        0        0        0        0        0        0         0.325     0.330     0.334     0.341     0.343     0.340     0.335     0.327
C1901d1TS240_5  0        0        0        0        0        0        0        0        0        0         0         0.350     0.350     0.353     0.360     0.364     0.361     0.353
C1901d1TS240_1  0        0        0        0        0        0        0        0        0        0         0         0         0.350     0.357     0.364     0.367     0.361     0.353
C1901d1TS240_2  0        0        0        0        0        0        0        0        0        0         0         0         0.344     0.352     0.355     0.362     0.356     0.348
C1901d1TS121_2  0        0        0        0        0        0        0        0        0        0         0         0         0.230     0.230     0.232     0.234     0.234     0.241
C1901d1TS240_3  0        0        0        0        0        0        0        0        0        0         0         0         0         0.337     0.345     0.352     0.348     0.340
C1901d1TS067_1  0        0        0        0        0        0        0        0        0        0         0         0         0         0.253     0.252     0.252     0.256     0.264
C1901d1TS347_2  0        0        0        0        0        0        0        0        0        0         0         0         0         0         0.253     0.253     0.256     0.265
C1901d1TS121_1  0        0        0        0        0        0        0        0        0        0         0         0         0         0         0.239     0.240     0.240     0.242
C1901d1TS347_3  0        0        0        0        0        0        0        0        0        0         0         0         0         0         0         0.260     0.265     0.272
C1901d1TS347_1  0        0        0        0        0        0        0        0        0        0         0         0         0         0         0         0.254     0.258     0.263
C1901d1TS404_1  0        0        0        0        0        0        0        0        0        0         0         0         0         0         0         0         0.308     0.307
C1901d1TS123_4  0        0        0        0        0        0        0        0        0        0         0         0         0         0         0         0         0.278     0.288
C1901d1TS003_1  0        0        0        0        0        0        0        0        0        0         0         0         0         0         0         0         0.278     0.279
C1901d1TS123_3  0        0        0        0        0        0        0        0        0        0         0         0         0         0         0         0         0.274     0.283
C1901d1TS123_2  0        0        0        0        0        0        0        0        0        0         0         0         0         0         0         0         0.273     0.279
C1901d1TS347_4  0        0        0        0        0        0        0        0        0        0         0         0         0         0         0         0         0.263     0.265
C1901d1TS319_3  0        0        0        0        0        0        0        0        0        0         0         0         0         0         0         0         0.251     0.252
C1901d1TS067_3  0        0        0        0        0        0        0        0        0        0         0         0         0         0         0         0         0         0.259
C1901d1TS049_1  0        0        0        0        0        0        0        0        0        0         0         0         0         0         0         0         0         0.251
C1901d1TS103_1  0        0        0        0        0        0        0        0        0        0         0         0         0         0         0         0         0         0.248
C1901d1TS102_1  0        0        0        0        0        0        0        0        0        0         0         0         0         0         0         0         0         0.243
