model           cs_top1  cs_top2  cs_top3  cs_top4  cs_top5  cs_top6  cs_top7  cs_top8  cs_top9  cs_top10  cs_top15  cs_top20  cs_top25  cs_top30  cs_top35  cs_top40  cs_top45  cs_top50
C1904d3TS273_1  [0.911]  [0.705]  [0.637]  [0.609]  [0.589]  [0.574]  0.565    0.558    0.552    0.547     0.532     0.518     0.507     0.492     0.469     0.446     0.427     0.416
C1904d3TS258_5  0.552    0.535    0.519    0.517    0.511    0.507    0.516    0.521    0.523    0.523     0.513     0.502     0.492     0.475     0.452     0.429     0.410     0.399
C1904d3TS131_1  0.528    0.542    0.539    0.532    0.546    0.544    0.547    0.556    0.558    0.558     0.545     [0.528]   [0.513]   [0.497]   [0.473]   [0.450]   [0.431]   [0.419]
C1904d3TS438_1  0        0.553    0.527    0.512    0.506    0.502    0.498    0.509    0.512    0.511     0.507     0.495     0.486     0.472     0.449     0.427     0.409     0.397
C1904d3TS131_3  0        0.552    0.574    0.565    0.572    0.570    [0.572]  [0.567]  [0.565]  [0.560]   [0.546]   0.526     0.511     0.495     0.471     0.448     0.428     0.417
C1904d3TS131_4  0        0.540    0.533    0.527    0.529    0.541    0.539    0.543    0.543    0.544     0.538     0.521     0.507     0.491     0.467     0.444     0.425     0.414
C1904d3TS131_2  0        0.519    0.542    0.538    0.547    0.554    0.557    0.552    0.548    0.546     0.534     0.516     0.502     0.486     0.463     0.441     0.422     0.411
C1904d3TS258_1  0        0.494    0.487    0.491    0.489    0.491    0.490    0.491    0.490    0.489     0.493     0.493     0.486     0.472     0.450     0.428     0.409     0.398
C1904d3TS215_3  0        0.469    0.481    0.479    0.471    0.465    0.467    0.463    0.463    0.463     0.460     0.452     0.446     0.435     0.416     0.398     0.384     0.375
C1904d3TS215_2  0        0.440    0.442    0.452    0.450    0.448    0.448    0.446    0.442    0.438     0.433     0.426     0.423     0.415     0.398     0.381     0.367     0.359
C1904d3TS258_2  0        0        0.531    0.529    0.530    0.534    0.531    0.534    0.532    0.532     0.530     0.517     0.506     0.489     0.464     0.441     0.421     0.409
C1904d3TS258_3  0        0        0.480    0.484    0.482    0.480    0.483    0.483    0.482    0.480     0.482     0.483     0.477     0.463     0.441     0.420     0.402     0.391
C1904d3TS210_1  0        0        0.458    0.469    0.465    0.468    0.465    0.463    0.468    0.469     0.469     0.462     0.459     0.447     0.426     0.407     0.390     0.380
C1904d3TS215_4  0        0        0.420    0.427    0.424    0.422    0.425    0.423    0.426    0.427     0.425     0.422     0.423     0.417     0.400     0.383     0.369     0.361
C1904d3TS131_5  0        0        0        0.543    0.558    0.559    0.566    0.562    0.563    0.558     0.545     0.527     0.512     0.496     0.471     0.447     0.428     0.417
C1904d3TS228_5  0        0        0        0.453    0.454    0.462    0.461    0.466    0.465    0.465     0.473     0.471     0.474     0.463     0.441     0.421     0.403     0.392
C1904d3TS258_4  0        0        0        0        0.498    0.497    0.496    0.505    0.506    0.510     0.509     0.502     0.494     0.478     0.455     0.432     0.413     0.402
C1904d3TS210_2  0        0        0        0        0.457    0.458    0.466    0.466    0.465    0.467     0.467     0.467     0.465     0.455     0.435     0.414     0.397     0.386
C1904d3TS240_1  0        0        0        0        0.449    0.448    0.446    0.447    0.447    0.451     0.461     0.477     0.479     0.470     0.450     0.431     0.414     0.403
C1904d3TS215_5  0        0        0        0        0.438    0.436    0.435    0.434    0.437    0.436     0.437     0.438     0.439     0.432     0.415     0.398     0.384     0.375
C1904d3TS228_1  0        0        0        0        0        0.463    0.461    0.462    0.461    0.464     0.480     0.479     0.472     0.460     0.439     0.419     0.403     0.393
C1904d3TS215_1  0        0        0        0        0        0.433    0.433    0.432    0.432    0.431     0.430     0.429     0.430     0.427     0.413     0.396     0.383     0.374
C1904d3TS240_3  0        0        0        0        0        0        0        0.454    0.457    0.458     0.465     0.479     0.485     0.477     0.456     0.437     0.420     0.409
C1904d3TS240_2  0        0        0        0        0        0        0        0        0        0.459     0.465     0.478     0.487     0.480     0.459     0.439     0.422     0.411
C1904d3TS240_5  0        0        0        0        0        0        0        0        0        0         0.467     0.474     0.484     0.478     0.458     0.439     0.422     0.412
C1904d3TS240_4  0        0        0        0        0        0        0        0        0        0         0.446     0.455     0.465     0.460     0.440     0.422     0.406     0.396
C1904d3TS210_4  0        0        0        0        0        0        0        0        0        0         0         0.413     0.414     0.423     0.410     0.393     0.379     0.370
C1904d3TS210_5  0        0        0        0        0        0        0        0        0        0         0         0.410     0.413     0.421     0.408     0.390     0.375     0.366
C1904d3TS210_3  0        0        0        0        0        0        0        0        0        0         0         0.403     0.404     0.417     0.406     0.388     0.374     0.365
C1904d3TS405_4  0        0        0        0        0        0        0        0        0        0         0         0.382     0.385     0.391     0.384     0.368     0.353     0.344
C1904d3TS405_5  0        0        0        0        0        0        0        0        0        0         0         0.380     0.385     0.397     0.385     0.368     0.355     0.347
C1904d3TS121_1  0        0        0        0        0        0        0        0        0        0         0         0         0         0.321     0.321     0.321     0.326     0.321
C1904d3TS123_1  0        0        0        0        0        0        0        0        0        0         0         0         0         0.308     0.317     0.322     0.318     0.315
C1904d3TS123_2  0        0        0        0        0        0        0        0        0        0         0         0         0         0.304     0.321     0.321     0.316     0.312
C1904d3TS123_5  0        0        0        0        0        0        0        0        0        0         0         0         0         0.296     0.313     0.314     0.309     0.305
C1904d3TS003_1  0        0        0        0        0        0        0        0        0        0         0         0         0         0.294     0.294     0.294     0.306     0.307
C1904d3TS123_3  0        0        0        0        0        0        0        0        0        0         0         0         0         0.293     0.310     0.311     0.306     0.304
C1904d3TS067_1  0        0        0        0        0        0        0        0        0        0         0         0         0         0.268     0.268     0.282     0.291     0.287
C1904d3TS103_1  0        0        0        0        0        0        0        0        0        0         0         0         0         0.251     0.262     0.263     0.261     0.258
C1904d3TS347_2  0        0        0        0        0        0        0        0        0        0         0         0         0         0         0.287     0.296     0.298     0.295
C1904d3TS347_3  0        0        0        0        0        0        0        0        0        0         0         0         0         0         0.285     0.298     0.297     0.294
C1904d3TS347_1  0        0        0        0        0        0        0        0        0        0         0         0         0         0         0.273     0.284     0.282     0.280
C1904d3TS067_3  0        0        0        0        0        0        0        0        0        0         0         0         0         0         0.271     0.286     0.293     0.288
C1904d3TS049_1  0        0        0        0        0        0        0        0        0        0         0         0         0         0         0         0.234     0.252     0.272
C1904d3TS049_3  0        0        0        0        0        0        0        0        0        0         0         0         0         0         0         0.229     0.247     0.267
C1904d3TS049_4  0        0        0        0        0        0        0        0        0        0         0         0         0         0         0         0.228     0.246     0.270
C1904d3TS049_2  0        0        0        0        0        0        0        0        0        0         0         0         0         0         0         0.225     0.244     0.263
C1904d3TS049_5  0        0        0        0        0        0        0        0        0        0         0         0         0         0         0         0.223     0.243     0.264
