model           cs_top1  cs_top2  cs_top3  cs_top4  cs_top5  cs_top6  cs_top7  cs_top8  cs_top9  cs_top10  cs_top15  cs_top20  cs_top25  cs_top30  cs_top35  cs_top40  cs_top45  cs_top50
C1906d1TS131_1  [0.623]  [0.598]  [0.590]  [0.574]  0.573    0.564    0.568    0.569    0.569    0.569     0.563     0.558     0.554     0.548     0.544     0.538     0.533     0.525
C1906d1TS228_5  0.545    0.575    0.573    0.568    [0.576]  [0.569]  [0.570]  [0.572]  [0.578]  [0.578]   0.573     [0.569]   [0.568]   [0.562]   [0.559]   [0.555]   [0.551]   [0.544]
C1906d1TS228_1  0.527    0.535    0.544    0.551    0.557    0.554    0.555    0.553    0.560    0.560     0.555     0.549     0.544     0.540     0.536     0.531     0.525     0.518
C1906d1TS345_4  0.488    0.469    0.473    0.473    0.469    0.470    0.477    0.482    0.480    0.484     0.473     0.466     0.461     0.458     0.456     0.452     0.450     0.446
C1906d1TS026_3  0.473    0.491    0.488    0.491    0.490    0.485    0.487    0.485    0.485    0.484     0.484     0.482     0.478     0.474     0.472     0.470     0.468     0.464
C1906d1TS026_1  0.459    0.461    0.463    0.462    0.465    0.463    0.464    0.468    0.469    0.470     0.469     0.469     0.467     0.465     0.463     0.462     0.460     0.457
C1906d1TS010_3  0.459    0.446    0.453    0.458    0.456    0.452    0.451    0.447    0.447    0.445     0.449     0.449     0.446     0.444     0.443     0.444     0.442     0.439
C1906d1TS010_1  0.446    0.457    0.473    0.478    0.486    0.486    0.489    0.485    0.488    0.486     0.491     0.487     0.481     0.477     0.475     0.475     0.471     0.467
C1906d1TS345_5  0.437    0.454    0.433    0.424    0.420    0.428    0.425    0.425    0.431    0.428     0.415     0.410     0.405     0.401     0.399     0.400     0.399     0.396
C1906d1TS215_3  0.416    0.419    0.430    0.425    0.425    0.420    0.419    0.419    0.420    0.420     0.418     0.421     0.422     0.418     0.415     0.415     0.416     0.412
C1906d1TS247_1  0        0.557    0.563    0.557    0.568    0.564    0.564    0.564    0.566    0.566     0.562     0.557     0.557     0.553     0.551     0.547     0.543     0.535
C1906d1TS026_4  0        0.551    0.554    0.550    0.558    0.553    0.553    0.554    0.559    0.560     0.560     0.559     0.556     0.550     0.545     0.540     0.535     0.528
C1906d1TS247_3  0        0.544    0.546    0.547    0.551    0.547    0.550    0.549    0.551    0.552     0.551     0.546     0.546     0.542     0.540     0.535     0.531     0.523
C1906d1TS258_1  0        0.537    0.542    0.544    0.555    0.550    0.556    0.558    0.568    0.575     0.570     0.562     0.556     0.549     0.545     0.540     0.535     0.528
C1906d1TS026_2  0        0.508    0.516    0.533    0.534    0.526    0.525    0.521    0.520    0.519     0.516     0.514     0.511     0.507     0.506     0.504     0.502     0.498
C1906d1TS270_1  0        0.466    0.482    0.486    0.493    0.487    0.486    0.484    0.485    0.485     0.490     0.492     0.491     0.488     0.487     0.485     0.482     0.477
C1906d1TS215_1  0        0.453    0.463    0.455    0.457    0.453    0.453    0.457    0.457    0.460     0.458     0.455     0.455     0.452     0.450     0.446     0.443     0.438
C1906d1TS010_2  0        0.450    0.460    0.462    0.471    0.470    0.472    0.471    0.473    0.472     0.481     0.479     0.476     0.473     0.470     0.470     0.467     0.464
C1906d1TS215_5  0        0.440    0.441    0.439    0.441    0.438    0.439    0.440    0.441    0.446     0.449     0.446     0.448     0.450     0.447     0.444     0.441     0.437
C1906d1TS010_4  0        0.437    0.438    0.448    0.454    0.456    0.458    0.454    0.456    0.453     0.454     0.458     0.457     0.453     0.451     0.451     0.449     0.446
C1906d1TS345_3  0        0.398    0.398    0.407    0.409    0.407    0.407    0.410    0.409    0.408     0.404     0.405     0.408     0.409     0.407     0.407     0.407     0.405
C1906d1TS438_2  0        0        0.544    0.548    0.552    0.554    0.554    0.553    0.558    0.558     0.557     0.556     0.554     0.551     0.547     0.542     0.539     0.532
C1906d1TS258_3  0        0        0.541    0.538    0.546    0.541    0.544    0.548    0.553    0.561     0.561     0.557     0.554     0.546     0.543     0.538     0.533     0.526
C1906d1TS073_4  0        0        0.523    0.518    0.525    0.519    0.518    0.521    0.524    0.525     0.522     0.528     0.529     0.525     0.522     0.519     0.515     0.508
C1906d1TS073_3  0        0        0.509    0.506    0.510    0.510    0.510    0.510    0.511    0.512     0.512     0.516     0.519     0.515     0.512     0.509     0.506     0.500
C1906d1TS010_5  0        0        0.469    0.471    0.477    0.479    0.483    0.480    0.484    0.484     0.493     0.489     0.485     0.480     0.479     0.478     0.474     0.471
C1906d1TS273_4  0        0        0.413    0.429    0.434    0.429    0.432    0.428    0.428    0.426     0.434     0.438     0.444     0.451     0.453     0.455     0.454     0.450
C1906d1TS240_2  0        0        0        0.473    0.478    0.475    0.476    0.474    0.475    0.474     0.476     0.479     0.484     0.489     0.493     0.494     0.497     0.497
C1906d1TS273_1  0        0        0        0.433    0.437    0.433    0.435    0.431    0.430    0.429     0.435     0.439     0.445     0.453     0.455     0.455     0.454     0.451
C1906d1TS258_5  0        0        0        0        0.560    0.554    0.558    0.563    0.569    0.576     [0.575]   [0.569]   0.564     0.557     0.552     0.548     0.543     0.535
C1906d1TS345_1  0        0        0        0        0.442    0.445    0.449    0.448    0.447    0.446     0.446     0.443     0.440     0.439     0.443     0.441     0.441     0.438
C1906d1TS273_5  0        0        0        0        0.434    0.430    0.432    0.429    0.428    0.426     0.434     0.437     0.443     0.450     0.452     0.452     0.453     0.450
C1906d1TS258_2  0        0        0        0        0        0.545    0.550    0.554    0.560    0.566     0.566     0.560     0.554     0.548     0.545     0.541     0.536     0.529
C1906d1TS210_1  0        0        0        0        0        0.534    0.538    0.538    0.540    0.543     0.542     0.544     0.547     0.544     0.541     0.541     0.539     0.533
C1906d1TS215_2  0        0        0        0        0        0.404    0.404    0.403    0.403    0.406     0.405     0.401     0.399     0.401     0.402     0.401     0.399     0.400
C1906d1TS215_4  0        0        0        0        0        0.387    0.388    0.392    0.392    0.396     0.393     0.390     0.390     0.390     0.391     0.391     0.390     0.388
C1906d1TS347_1  0        0        0        0        0        0        0.443    0.441    0.441    0.440     0.447     0.447     0.450     0.451     0.453     0.454     0.454     0.452
C1906d1TS273_3  0        0        0        0        0        0        0.434    0.431    0.430    0.429     0.438     0.440     0.446     0.453     0.456     0.457     0.456     0.453
C1906d1TS345_2  0        0        0        0        0        0        0        0.424    0.428    0.428     0.429     0.427     0.429     0.427     0.424     0.424     0.425     0.421
C1906d1TS073_5  0        0        0        0        0        0        0        0        0        0.497     0.496     0.507     0.508     0.506     0.505     0.501     0.498     0.492
C1906d1TS044_1  0        0        0        0        0        0        0        0        0        0         0.541     0.541     0.543     0.539     0.538     0.535     0.532     0.526
C1906d1TS073_2  0        0        0        0        0        0        0        0        0        0         0.486     0.494     0.499     0.497     0.495     0.492     0.491     0.485
C1906d1TS123_1  0        0        0        0        0        0        0        0        0        0         0.460     0.462     0.462     0.462     0.466     0.464     0.463     0.459
C1906d1TS003_1  0        0        0        0        0        0        0        0        0        0         0.268     0.270     0.270     0.270     0.270     0.269     0.270     0.271
C1906d1TS073_1  0        0        0        0        0        0        0        0        0        0         0         0.507     0.509     0.507     0.505     0.502     0.499     0.493
C1906d1TS240_5  0        0        0        0        0        0        0        0        0        0         0         0.472     0.477     0.480     0.483     0.485     0.489     0.488
C1906d1TS240_1  0        0        0        0        0        0        0        0        0        0         0         0.472     0.476     0.482     0.485     0.488     0.491     0.491
C1906d1TS123_2  0        0        0        0        0        0        0        0        0        0         0         0.446     0.447     0.448     0.449     0.451     0.450     0.449
C1906d1TS438_1  0        0        0        0        0        0        0        0        0        0         0         0.442     0.442     0.441     0.444     0.443     0.443     0.443
C1906d1TS240_4  0        0        0        0        0        0        0        0        0        0         0         0         0.481     0.485     0.490     0.494     0.495     0.495
C1906d1TS240_3  0        0        0        0        0        0        0        0        0        0         0         0         0.477     0.483     0.487     0.489     0.491     0.492
C1906d1TS347_3  0        0        0        0        0        0        0        0        0        0         0         0         0         0         0.428     0.428     0.430     0.431
C1906d1TS123_3  0        0        0        0        0        0        0        0        0        0         0         0         0         0         0.394     0.394     0.395     0.399
C1906d1TS123_5  0        0        0        0        0        0        0        0        0        0         0         0         0         0         0         0.418     0.421     0.423
C1906d1TS121_1  0        0        0        0        0        0        0        0        0        0         0         0         0         0         0         0.402     0.404     0.406
C1906d1TS123_4  0        0        0        0        0        0        0        0        0        0         0         0         0         0         0         0.388     0.391     0.393
C1906d1TS103_1  0        0        0        0        0        0        0        0        0        0         0         0         0         0         0         0         0.415     0.416
C1906d1TS067_1  0        0        0        0        0        0        0        0        0        0         0         0         0         0         0         0         0         0.356
C1906d1TS067_2  0        0        0        0        0        0        0        0        0        0         0         0         0         0         0         0         0         0.323
C1906d1TS049_1  0        0        0        0        0        0        0        0        0        0         0         0         0         0         0         0         0         0.232
