model           cs_top1  cs_top2  cs_top3  cs_top4  cs_top5  cs_top6  cs_top7  cs_top8  cs_top9  cs_top10  cs_top20  cs_top50  cs_all
C1902d1TS273_1  [0.609]  [0.556]  [0.533]  [0.515]  0.506    0.496    0.493    0.495    0.498    0.492     0.473     0.432     0.398
C1902d1TS438_4  0.474    0.494    0.514    0.506    [0.518]  [0.518]  [0.520]  [0.523]  [0.521]  0.517     [0.522]   [0.492]   [0.453]
C1902d1TS258_4  0.464    0.461    0.462    0.477    0.484    0.484    0.492    0.497    0.492    0.493     0.486     0.444     0.409
C1902d1TS131_4  0.461    0.508    0.513    0.505    0.510    0.511    0.513    0.508    0.513    0.510     0.513     0.461     0.425
C1902d1TS273_4  0.459    0.472    0.488    0.490    0.505    0.499    0.497    0.498    0.504    0.499     0.494     0.462     0.425
C1902d1TS273_3  0.441    0.455    0.453    0.464    0.470    0.464    0.462    0.472    0.470    0.466     0.462     0.431     0.398
C1902d1TS273_2  0.440    0.476    0.482    0.485    0.489    0.486    0.486    0.481    0.480    0.475     0.468     0.431     0.398
C1902d1TS215_2  0.367    0.397    0.408    0.413    0.407    0.402    0.399    0.397    0.395    0.397     0.396     0.380     0.352
C1902d1TS103_1  0.357    0.361    0.363    0.360    0.363    0.363    0.362    0.362    0.362    0.361     0.365     0.367     0.341
C1902d1TS215_1  0.355    0.359    0.362    0.368    0.368    0.369    0.368    0.372    0.371    0.374     0.369     0.361     0.338
C1902d1TS131_2  0        0.490    0.518    [0.515]  0.516    0.513    0.517    0.512    [0.521]  0.518     [0.522]   0.467     0.430
C1902d1TS438_1  0        0.490    0.503    0.497    0.509    0.512    0.516    0.517    0.514    0.510     0.513     0.486     0.448
C1902d1TS210_4  0        0.473    0.481    0.470    0.485    0.485    0.481    0.478    0.478    0.474     0.481     0.444     0.408
C1902d1TS228_5  0        0.466    0.475    0.473    0.476    0.475    0.481    0.482    0.487    0.487     0.496     0.469     0.432
C1902d1TS044_1  0        0.455    0.474    0.466    0.475    0.478    0.476    0.473    0.473    0.470     0.474     0.453     0.417
C1902d1TS258_3  0        0.446    0.447    0.466    0.469    0.468    0.474    0.478    0.474    0.480     0.474     0.436     0.401
C1902d1TS228_1  0        0.443    0.453    0.457    0.457    0.455    0.456    0.455    0.456    0.455     0.473     0.448     0.413
C1902d1TS131_3  0        0        0.505    0.500    0.507    0.507    0.519    0.513    0.518    [0.519]   0.517     0.466     0.430
C1902d1TS438_3  0        0        0.502    0.494    0.502    0.506    0.507    0.511    0.509    0.505     0.510     0.484     0.447
C1902d1TS258_1  0        0        0.469    0.470    0.477    0.475    0.487    0.497    0.493    0.492     0.490     0.449     0.413
C1902d1TS215_5  0        0        0.375    0.374    0.375    0.374    0.374    0.376    0.376    0.376     0.383     0.379     0.353
C1902d1TS131_1  0        0        0        0.496    0.502    0.505    0.512    0.507    0.510    0.510     0.517     0.464     0.428
C1902d1TS067_1  0        0        0        0.365    0.366    0.365    0.366    0.366    0.366    0.366     0.368     0.380     0.356
C1902d1TS258_5  0        0        0        0        0.463    0.460    0.474    0.476    0.474    0.479     0.477     0.437     0.402
C1902d1TS210_5  0        0        0        0        0        0.469    0.473    0.473    0.485    0.483     0.491     0.457     0.419
C1902d1TS258_2  0        0        0        0        0        0.459    0.463    0.470    0.468    0.468     0.473     0.437     0.403
C1902d1TS123_1  0        0        0        0        0        0.370    0.370    0.369    0.372    0.371     0.374     0.382     0.353
C1902d1TS347_3  0        0        0        0        0        0.362    0.361    0.361    0.361    0.361     0.363     0.371     0.346
C1902d1TS215_3  0        0        0        0        0        0        0.390    0.390    0.390    0.389     0.402     0.393     0.365
C1902d1TS003_1  0        0        0        0        0        0        0        0        0.254    0.254     0.254     0.259     0.265
C1902d1TS405_5  0        0        0        0        0        0        0        0        0        0.467     0.477     0.477     0.440
C1902d1TS240_3  0        0        0        0        0        0        0        0        0        0.465     0.484     0.469     0.432
C1902d1TS240_1  0        0        0        0        0        0        0        0        0        0.460     0.478     0.466     0.430
C1902d1TS347_2  0        0        0        0        0        0        0        0        0        0.361     0.363     0.371     0.345
C1902d1TS240_4  0        0        0        0        0        0        0        0        0        0         0.494     0.482     0.445
C1902d1TS240_5  0        0        0        0        0        0        0        0        0        0         0.493     0.478     0.441
C1902d1TS240_2  0        0        0        0        0        0        0        0        0        0         0.490     0.473     0.437
C1902d1TS210_2  0        0        0        0        0        0        0        0        0        0         0.478     0.477     0.440
C1902d1TS405_4  0        0        0        0        0        0        0        0        0        0         0.467     0.466     0.430
C1902d1TS347_1  0        0        0        0        0        0        0        0        0        0         0.372     0.380     0.352
C1902d1TS123_2  0        0        0        0        0        0        0        0        0        0         0.370     0.379     0.351
C1902d1TS215_4  0        0        0        0        0        0        0        0        0        0         0.355     0.363     0.339
C1902d1TS049_4  0        0        0        0        0        0        0        0        0        0         0.202     0.210     0.230
C1902d1TS210_1  0        0        0        0        0        0        0        0        0        0         0         0.476     0.440
C1902d1TS210_3  0        0        0        0        0        0        0        0        0        0         0         0.462     0.426
C1902d1TS273_5  0        0        0        0        0        0        0        0        0        0         0         0.421     0.394
C1902d1TS123_5  0        0        0        0        0        0        0        0        0        0         0         0.417     0.388
C1902d1TS123_4  0        0        0        0        0        0        0        0        0        0         0         0.399     0.372
C1902d1TS438_2  0        0        0        0        0        0        0        0        0        0         0         0.396     0.364
C1902d1TS123_3  0        0        0        0        0        0        0        0        0        0         0         0.387     0.361
C1902d1TS067_3  0        0        0        0        0        0        0        0        0        0         0         0.382     0.371
C1902d1TS067_2  0        0        0        0        0        0        0        0        0        0         0         0.362     0.343
C1902d1TS067_4  0        0        0        0        0        0        0        0        0        0         0         0.354     0.335
C1902d1TS049_1  0        0        0        0        0        0        0        0        0        0         0         0.225     0.245
C1902d1TS049_5  0        0        0        0        0        0        0        0        0        0         0         0.210     0.234
C1902d1TS049_3  0        0        0        0        0        0        0        0        0        0         0         0         0.237
C1902d1TS049_2  0        0        0        0        0        0        0        0        0        0         0         0         0.232
