model           cs_top1  cs_top2  cs_top3  cs_top4  cs_top5  cs_top6  cs_top7  cs_top8  cs_top9  cs_top10  cs_top15  cs_top20  cs_top25  cs_top30  cs_top35  cs_top40  cs_top45  cs_top50
C1901d3TS273_1  [0.742]  [0.730]  0.719    0.696    0.669    0.644    0.621    0.599    0.575    0.563     0.519     0.487     0.464     0.445     0.433     0.421     0.411     0.401
C1901d3TS273_3  0.715    0.711    [0.722]  [0.718]  [0.694]  [0.664]  [0.639]  [0.615]  0.589    0.574     0.529     0.496     0.471     0.451     0.438     0.426     0.414     0.404
C1901d3TS273_2  0.694    0.697    0.710    0.705    0.685    0.659    0.638    [0.615]  [0.591]  [0.576]   [0.534]   [0.502]   [0.477]   [0.457]   [0.445]   [0.433]   [0.421]   [0.411]
C1901d3TS215_2  0.562    0.565    0.577    0.588    0.582    0.579    0.564    0.548    0.528    0.516     0.487     0.459     0.436     0.418     0.406     0.394     0.384     0.375
C1901d3TS267_4  0.306    0.307    0.308    0.308    0.307    0.305    0.304    0.304    0.303    0.302     0.299     0.298     0.297     0.297     0.297     0.299     0.302     0.305
C1901d3TS438_2  0.299    0.301    0.301    0.300    0.298    0.296    0.295    0.294    0.293    0.291     0.288     0.287     0.286     0.285     0.289     0.290     0.291     0.290
C1901d3TS010_4  0.286    0.287    0.287    0.289    0.287    0.290    0.298    0.298    0.297    0.295     0.300     0.304     0.302     0.302     0.304     0.302     0.302     0.304
C1901d3TS273_5  0        0.684    0.711    0.714    0.688    0.663    [0.639]  [0.615]  0.590    [0.576]   [0.534]   0.501     0.476     [0.457]   0.444     0.432     [0.421]   0.410
C1901d3TS215_1  0        0.492    0.497    0.495    0.488    0.480    0.477    0.468    0.456    0.454     0.455     0.439     0.422     0.407     0.398     0.389     0.381     0.374
C1901d3TS210_4  0        0.375    0.374    0.374    0.374    0.373    0.371    0.376    0.378    0.378     0.382     0.382     0.383     0.377     0.375     0.370     0.364     0.358
C1901d3TS228_3  0        0.368    0.368    0.370    0.368    0.365    0.365    0.371    0.373    0.369     0.362     0.367     0.381     0.387     0.386     0.381     0.375     0.370
C1901d3TS432_1  0        0.330    0.328    0.325    0.320    0.315    0.312    0.308    0.306    0.304     0.297     0.294     0.299     0.297     0.300     0.300     0.300     0.297
C1901d3TS215_3  0        0        0.549    0.553    0.553    0.559    0.547    0.530    0.515    0.509     0.483     0.456     0.436     0.419     0.409     0.398     0.389     0.380
C1901d3TS345_1  0        0        0.324    0.323    0.323    0.337    0.341    0.344    0.341    0.342     0.333     0.328     0.326     0.324     0.322     0.319     0.317     0.314
C1901d3TS258_2  0        0        0        0.469    0.469    0.460    0.460    0.463    0.456    0.448     0.437     0.424     0.411     0.401     0.393     0.386     0.379     0.372
C1901d3TS228_5  0        0        0        0.345    0.344    0.342    0.342    0.345    0.345    0.343     0.343     0.350     0.355     0.359     0.359     0.356     0.352     0.348
C1901d3TS010_2  0        0        0        0.302    0.301    0.300    0.302    0.303    0.303    0.302     0.303     0.310     0.312     0.311     0.310     0.310     0.309     0.310
C1901d3TS010_3  0        0        0        0.282    0.282    0.282    0.285    0.286    0.287    0.289     0.289     0.292     0.298     0.300     0.301     0.300     0.300     0.303
C1901d3TS345_5  0        0        0        0        0.388    0.391    0.387    0.383    0.383    0.385     0.377     0.373     0.369     0.361     0.356     0.351     0.345     0.340
C1901d3TS345_2  0        0        0        0        0.373    0.371    0.367    0.369    0.374    0.370     0.368     0.363     0.358     0.352     0.348     0.343     0.338     0.333
C1901d3TS210_3  0        0        0        0        0.358    0.358    0.360    0.361    0.364    0.369     0.371     0.372     0.370     0.366     0.364     0.359     0.354     0.348
C1901d3TS405_5  0        0        0        0        0.350    0.348    0.347    0.348    0.348    0.347     0.356     0.365     0.361     0.359     0.355     0.353     0.348     0.343
C1901d3TS267_3  0        0        0        0        0.301    0.300    0.299    0.299    0.298    0.298     0.295     0.294     0.294     0.295     0.296     0.298     0.302     0.303
C1901d3TS210_5  0        0        0        0        0        0.348    0.346    0.348    0.349    0.348     0.358     0.369     0.368     0.363     0.359     0.358     0.353     0.347
C1901d3TS345_3  0        0        0        0        0        0.302    0.302    0.301    0.310    0.313     0.306     0.300     0.299     0.302     0.302     0.301     0.300     0.300
C1901d3TS258_1  0        0        0        0        0        0        0.512    0.513    0.497    0.487     0.469     0.448     0.432     0.418     0.409     0.400     0.391     0.383
C1901d3TS215_5  0        0        0        0        0        0        0.462    0.457    0.449    0.452     0.452     0.434     0.417     0.403     0.392     0.382     0.373     0.365
C1901d3TS228_1  0        0        0        0        0        0        0.362    0.368    0.368    0.364     0.358     0.366     0.382     0.387     0.383     0.377     0.371     0.365
C1901d3TS010_5  0        0        0        0        0        0        0.289    0.289    0.293    0.293     0.291     0.293     0.297     0.301     0.303     0.304     0.305     0.307
C1901d3TS010_1  0        0        0        0        0        0        0.286    0.289    0.290    0.289     0.293     0.298     0.298     0.302     0.301     0.301     0.302     0.303
C1901d3TS228_2  0        0        0        0        0        0        0        0.377    0.377    0.373     0.365     0.370     0.385     0.393     0.390     0.384     0.378     0.372
C1901d3TS405_4  0        0        0        0        0        0        0        0.350    0.349    0.348     0.352     0.367     0.364     0.359     0.356     0.353     0.348     0.343
C1901d3TS240_1  0        0        0        0        0        0        0        0.348    0.346    0.344     0.339     0.337     0.336     0.336     0.339     0.343     0.343     0.345
C1901d3TS131_2  0        0        0        0        0        0        0        0        0.344    0.342     0.342     0.355     0.365     0.374     0.380     0.378     0.372     0.366
C1901d3TS131_1  0        0        0        0        0        0        0        0        0.343    0.341     0.340     0.354     0.365     0.372     0.379     0.376     0.370     0.363
C1901d3TS345_4  0        0        0        0        0        0        0        0        0.341    0.339     0.343     0.340     0.338     0.336     0.333     0.329     0.324     0.320
C1901d3TS215_4  0        0        0        0        0        0        0        0        0        0.450     0.456     0.438     0.421     0.404     0.393     0.383     0.374     0.365
C1901d3TS210_2  0        0        0        0        0        0        0        0        0        0.309     0.314     0.316     0.319     0.324     0.322     0.319     0.317     0.314
C1901d3TS267_2  0        0        0        0        0        0        0        0        0        0.297     0.295     0.294     0.294     0.297     0.298     0.300     0.301     0.305
C1901d3TS438_1  0        0        0        0        0        0        0        0        0        0         0.356     0.353     0.350     0.348     0.349     0.348     0.344     0.339
C1901d3TS131_4  0        0        0        0        0        0        0        0        0        0         0.338     0.347     0.357     0.368     0.374     0.371     0.366     0.360
C1901d3TS123_3  0        0        0        0        0        0        0        0        0        0         0.295     0.294     0.293     0.293     0.293     0.294     0.298     0.302
C1901d3TS123_1  0        0        0        0        0        0        0        0        0        0         0.289     0.289     0.289     0.289     0.290     0.292     0.294     0.297
C1901d3TS131_5  0        0        0        0        0        0        0        0        0        0         0         0.354     0.361     0.368     0.374     0.374     0.369     0.363
C1901d3TS131_3  0        0        0        0        0        0        0        0        0        0         0         0.352     0.360     0.369     0.376     0.373     0.369     0.363
C1901d3TS210_1  0        0        0        0        0        0        0        0        0        0         0         0.306     0.314     0.324     0.324     0.323     0.321     0.319
C1901d3TS240_4  0        0        0        0        0        0        0        0        0        0         0         0         0.340     0.341     0.345     0.348     0.350     0.350
C1901d3TS267_5  0        0        0        0        0        0        0        0        0        0         0         0         0.296     0.297     0.298     0.300     0.301     0.303
C1901d3TS123_4  0        0        0        0        0        0        0        0        0        0         0         0         0.279     0.279     0.278     0.281     0.285     0.286
C1901d3TS240_2  0        0        0        0        0        0        0        0        0        0         0         0         0         0.331     0.336     0.340     0.340     0.340
C1901d3TS258_5  0        0        0        0        0        0        0        0        0        0         0         0         0         0.330     0.330     0.333     0.334     0.332
C1901d3TS240_5  0        0        0        0        0        0        0        0        0        0         0         0         0         0.324     0.326     0.330     0.334     0.335
C1901d3TS123_5  0        0        0        0        0        0        0        0        0        0         0         0         0         0.290     0.290     0.292     0.294     0.295
C1901d3TS123_2  0        0        0        0        0        0        0        0        0        0         0         0         0         0.289     0.289     0.289     0.290     0.294
C1901d3TS267_1  0        0        0        0        0        0        0        0        0        0         0         0         0         0.287     0.287     0.289     0.293     0.293
C1901d3TS103_1  0        0        0        0        0        0        0        0        0        0         0         0         0         0.242     0.243     0.242     0.242     0.242
C1901d3TS258_4  0        0        0        0        0        0        0        0        0        0         0         0         0         0         0.345     0.346     0.346     0.344
C1901d3TS240_3  0        0        0        0        0        0        0        0        0        0         0         0         0         0         0.344     0.346     0.349     0.351
C1901d3TS347_3  0        0        0        0        0        0        0        0        0        0         0         0         0         0         0.281     0.285     0.285     0.288
C1901d3TS067_2  0        0        0        0        0        0        0        0        0        0         0         0         0         0         0.261     0.261     0.262     0.263
C1901d3TS258_3  0        0        0        0        0        0        0        0        0        0         0         0         0         0         0         0.311     0.310     0.310
C1901d3TS103_2  0        0        0        0        0        0        0        0        0        0         0         0         0         0         0         0.279     0.280     0.284
C1901d3TS347_2  0        0        0        0        0        0        0        0        0        0         0         0         0         0         0         0         0.278     0.281
C1901d3TS319_2  0        0        0        0        0        0        0        0        0        0         0         0         0         0         0         0         0.237     0.237
C1901d3TS067_1  0        0        0        0        0        0        0        0        0        0         0         0         0         0         0         0         0         0.270
C1901d3TS347_1  0        0        0        0        0        0        0        0        0        0         0         0         0         0         0         0         0         0.266
C1901d3TS049_1  0        0        0        0        0        0        0        0        0        0         0         0         0         0         0         0         0         0.256
