model         cs_top1  cs_top2  cs_top3  cs_top4  cs_top5  cs_top6  cs_top7  cs_top8  cs_top9  cs_top10  cs_top15  cs_top20  cs_top25  cs_top30  cs_top35  cs_top40  cs_top45  cs_top50
C1909TS210_3  [0.448]  0.425    0.414    0.412    0.408    0.414    0.414    0.411    0.411    0.411     0.408     0.412     0.409     0.408     0.407     0.404     0.403     0.401
C1909TS087_2  0.431    [0.494]  [0.514]  [0.503]  [0.502]  [0.493]  [0.492]  [0.489]  [0.488]  [0.480]   [0.465]   0.462     0.456     0.452     0.449     0.445     0.442     0.440
C1909TS102_2  0.412    0.430    0.438    0.445    0.444    0.448    0.447    0.446    0.447    0.446     0.448     0.453     0.453     0.455     0.454     0.451     0.452     0.451
C1909TS278_4  0.406    0.425    0.428    0.434    0.433    0.434    0.434    0.433    0.435    0.434     0.434     0.440     0.440     0.442     0.443     0.441     0.442     0.441
C1909TS131_1  0.402    0.373    0.361    0.364    0.359    0.355    0.352    0.353    0.352    0.351     0.347     0.345     0.344     0.343     0.343     0.342     0.342     0.342
C1909TS309_1  0.401    0.409    0.409    0.412    0.413    0.431    0.429    0.426    0.426    0.423     0.421     0.427     0.426     0.428     0.428     0.425     0.425     0.424
C1909TS345_4  0.392    0.391    0.391    0.399    0.396    0.393    0.393    0.394    0.394    0.393     0.394     0.395     0.398     0.397     0.395     0.395     0.394     0.393
C1909TS414_4  0.392    0.405    0.409    0.411    0.410    0.411    0.412    0.414    0.415    0.415     0.414     0.418     0.421     0.422     0.423     0.425     0.424     0.423
C1909TS213_1  0.390    0.415    0.420    0.438    0.441    0.444    0.441    0.443    0.447    0.447     0.459     0.465     0.466     0.468     0.467     0.464     0.465     0.463
C1909TS438_1  0.388    0.412    0.416    0.430    0.431    0.431    0.430    0.432    0.437    0.438     0.448     0.458     0.460     0.463     0.462     0.461     0.463     0.461
C1909TS087_4  0.387    0.475    0.464    0.452    0.459    0.458    0.453    0.450    0.447    0.439     0.431     0.432     0.428     0.424     0.420     0.418     0.415     0.413
C1909TS210_5  0.380    0.400    0.411    0.423    0.426    0.428    0.423    0.425    0.422    0.418     0.415     0.417     0.415     0.413     0.411     0.410     0.408     0.407
C1909TS010_1  0.354    0.351    0.349    0.344    0.338    0.337    0.337    0.335    0.335    0.334     0.334     0.332     0.333     0.333     0.334     0.335     0.335     0.335
C1909TS073_2  0.328    0.329    0.332    0.333    0.334    0.335    0.336    0.336    0.336    0.336     0.336     0.338     0.338     0.338     0.338     0.338     0.339     0.339
C1909TS010_2  0.327    0.325    0.331    0.330    0.328    0.329    0.330    0.328    0.329    0.329     0.330     0.331     0.336     0.335     0.336     0.336     0.335     0.336
C1909TS087_1  0.325    0.340    0.342    0.340    0.348    0.347    0.345    0.345    0.345    0.345     0.344     0.344     0.342     0.342     0.341     0.341     0.341     0.340
C1909TS010_5  0.306    0.312    0.319    0.320    0.323    0.330    0.335    0.333    0.333    0.333     0.335     0.333     0.333     0.333     0.333     0.336     0.336     0.337
C1909TS087_3  0        0.470    0.477    0.474    0.482    0.479    0.482    0.481    0.479    0.472     0.460     0.456     0.450     0.447     0.443     0.439     0.437     0.435
C1909TS278_1  0        0.448    0.448    0.459    0.457    0.457    0.456    0.454    0.453    0.453     0.454     0.461     0.460     0.462     0.460     0.458     0.457     0.456
C1909TS210_1  0        0.412    0.434    0.428    0.432    0.428    0.429    0.431    0.427    0.422     0.424     0.422     0.418     0.416     0.413     0.409     0.407     0.406
C1909TS309_3  0        0.411    0.416    0.419    0.418    0.419    0.418    0.418    0.419    0.418     0.420     0.426     0.427     0.427     0.429     0.429     0.430     0.429
C1909TS247_1  0        0.405    0.411    0.419    0.418    0.419    0.420    0.420    0.422    0.422     0.419     0.424     0.426     0.429     0.430     0.428     0.429     0.429
C1909TS345_3  0        0.399    0.403    0.407    0.409    0.408    0.411    0.414    0.415    0.413     0.415     0.415     0.415     0.414     0.413     0.413     0.412     0.411
C1909TS258_2  0        0.398    0.414    0.422    0.420    0.420    0.420    0.421    0.424    0.424     0.439     0.445     0.449     0.451     0.449     0.447     0.447     0.445
C1909TS123_1  0        0.395    0.408    0.423    0.424    0.427    0.426    0.428    0.434    0.435     0.448     0.455     0.456     0.459     0.458     0.455     0.457     0.455
C1909TS131_2  0        0.387    0.384    0.383    0.384    0.384    0.385    0.393    0.392    0.390     0.382     0.380     0.378     0.376     0.376     0.375     0.374     0.374
C1909TS215_4  0        0.384    0.381    0.383    0.382    0.383    0.387    0.395    0.394    0.397     0.398     0.394     0.393     0.391     0.390     0.389     0.388     0.387
C1909TS369_3  0        0.382    0.387    0.395    0.396    0.399    0.399    0.400    0.403    0.403     0.408     0.412     0.414     0.417     0.419     0.419     0.420     0.419
C1909TS158_3  0        0.325    0.328    0.329    0.329    0.329    0.330    0.330    0.330    0.334     0.335     0.335     0.336     0.335     0.336     0.337     0.337     0.337
C1909TS230_1  0        0        0.457    0.454    0.458    0.461    0.459    0.459    0.458    0.453     0.451     0.455     0.456     0.454     0.452     0.450     0.448     0.447
C1909TS211_1  0        0        0.428    0.427    0.427    0.431    0.430    0.430    0.430    0.427     0.425     0.429     0.429     0.431     0.431     0.430     0.429     0.430
C1909TS414_2  0        0        0.422    0.423    0.424    0.424    0.423    0.425    0.426    0.429     0.429     0.431     0.431     0.432     0.432     0.433     0.433     0.432
C1909TS247_4  0        0        0.417    0.425    0.429    0.430    0.431    0.432    0.431    0.432     0.428     0.434     0.431     0.435     0.434     0.432     0.432     0.431
C1909TS438_3  0        0        0.412    0.427    0.427    0.426    0.426    0.428    0.432    0.433     0.441     0.448     0.449     0.453     0.452     0.451     0.454     0.452
C1909TS073_1  0        0        0.353    0.355    0.355    0.355    0.356    0.355    0.355    0.354     0.355     0.354     0.354     0.354     0.353     0.353     0.355     0.354
C1909TS240_5  0        0        0.336    0.339    0.339    0.340    0.343    0.342    0.343    0.343     0.345     0.346     0.345     0.346     0.348     0.348     0.347     0.347
C1909TS010_3  0        0        0.296    0.295    0.292    0.297    0.302    0.300    0.299    0.302     0.302     0.299     0.301     0.300     0.301     0.302     0.301     0.301
C1909TS211_4  0        0        0.295    0.296    0.297    0.297    0.298    0.298    0.298    0.298     0.298     0.298     0.297     0.295     0.295     0.295     0.295     0.294
C1909TS152_2  0        0        0        0.426    0.428    0.429    0.434    0.434    0.435    0.437     0.433     0.438     0.438     0.441     0.441     0.440     0.441     0.441
C1909TS158_2  0        0        0        0.414    0.415    0.418    0.418    0.420    0.424    0.425     0.437     0.446     0.447     0.450     0.449     0.447     0.449     0.447
C1909TS247_2  0        0        0        0.409    0.408    0.409    0.409    0.408    0.409    0.408     0.408     0.411     0.412     0.414     0.414     0.414     0.414     0.414
C1909TS345_1  0        0        0        0.408    0.410    0.410    0.419    0.419    0.422    0.419     0.417     0.417     0.416     0.417     0.415     0.413     0.413     0.412
C1909TS345_5  0        0        0        0.407    0.408    0.408    0.416    0.416    0.419    0.415     0.410     0.409     0.409     0.408     0.408     0.407     0.407     0.407
C1909TS182_4  0        0        0        0.377    0.377    0.379    0.378    0.380    0.379    0.379     0.381     0.385     0.386     0.388     0.390     0.389     0.389     0.392
C1909TS215_5  0        0        0        0.365    0.365    0.369    0.369    0.373    0.374    0.381     0.380     0.376     0.377     0.376     0.375     0.375     0.374     0.373
C1909TS073_3  0        0        0        0.347    0.348    0.346    0.347    0.346    0.346    0.345     0.346     0.346     0.345     0.345     0.344     0.344     0.345     0.344
C1909TS240_4  0        0        0        0.337    0.336    0.338    0.340    0.339    0.341    0.341     0.345     0.345     0.346     0.347     0.350     0.350     0.350     0.349
C1909TS273_1  0        0        0        0.298    0.298    0.297    0.299    0.299    0.300    0.301     0.302     0.303     0.305     0.306     0.307     0.308     0.309     0.309
C1909TS438_5  0        0        0        0        0.441    0.441    0.440    0.442    0.446    0.446     0.457     [0.466]   [0.467]   [0.471]   [0.470]   0.468     0.470     0.468
C1909TS054_1  0        0        0        0        0.438    0.436    0.437    0.440    0.439    0.436     0.434     0.433     0.430     0.431     0.429     0.427     0.427     0.426
C1909TS414_1  0        0        0        0        0.432    0.433    0.432    0.436    0.436    0.434     0.431     0.434     0.433     0.435     0.434     0.433     0.432     0.432
C1909TS152_4  0        0        0        0        0.429    0.431    0.430    0.432    0.436    0.436     0.450     0.457     0.460     0.465     0.465     0.462     0.464     0.463
C1909TS123_2  0        0        0        0        0.428    0.429    0.429    0.432    0.435    0.435     0.444     0.451     0.452     0.454     0.454     0.451     0.455     0.453
C1909TS345_2  0        0        0        0        0.418    0.416    0.419    0.423    0.427    0.424     0.422     0.423     0.421     0.422     0.420     0.419     0.418     0.418
C1909TS389_2  0        0        0        0        0.410    0.412    0.412    0.412    0.414    0.413     0.415     0.419     0.419     0.422     0.423     0.423     0.423     0.423
C1909TS123_5  0        0        0        0        0.403    0.402    0.401    0.402    0.407    0.408     0.415     0.423     0.424     0.428     0.427     0.427     0.430     0.428
C1909TS413_1  0        0        0        0        0.375    0.374    0.373    0.374    0.374    0.374     0.373     0.374     0.374     0.375     0.376     0.375     0.375     0.375
C1909TS404_3  0        0        0        0        0.368    0.369    0.370    0.371    0.372    0.373     0.374     0.376     0.377     0.380     0.380     0.381     0.382     0.382
C1909TS230_4  0        0        0        0        0.356    0.356    0.356    0.357    0.357    0.357     0.358     0.358     0.360     0.362     0.364     0.363     0.363     0.363
C1909TS240_3  0        0        0        0        0.346    0.347    0.349    0.348    0.349    0.350     0.354     0.354     0.354     0.355     0.356     0.357     0.357     0.357
C1909TS211_3  0        0        0        0        0.312    0.313    0.313    0.314    0.314    0.314     0.313     0.314     0.315     0.314     0.315     0.314     0.314     0.314
C1909TS123_3  0        0        0        0        0        0.437    0.437    0.438    0.442    0.443     0.453     0.461     0.462     0.465     0.465     0.463     0.465     0.464
C1909TS414_3  0        0        0        0        0        0.427    0.427    0.428    0.430    0.430     0.429     0.431     0.433     0.434     0.434     0.436     0.435     0.434
C1909TS158_5  0        0        0        0        0        0.406    0.406    0.407    0.410    0.410     0.416     0.422     0.424     0.427     0.429     0.428     0.430     0.430
C1909TS404_5  0        0        0        0        0        0.372    0.373    0.373    0.374    0.375     0.376     0.378     0.380     0.382     0.383     0.385     0.386     0.387
C1909TS240_1  0        0        0        0        0        0.335    0.337    0.337    0.341    0.341     0.344     0.343     0.344     0.345     0.347     0.348     0.347     0.347
C1909TS278_2  0        0        0        0        0        0        0.437    0.437    0.438    0.436     0.433     0.436     0.439     0.441     0.442     0.440     0.440     0.440
C1909TS258_3  0        0        0        0        0        0        0.423    0.424    0.427    0.427     0.445     0.450     0.452     0.453     0.452     0.449     0.449     0.447
C1909TS369_1  0        0        0        0        0        0        0.421    0.423    0.426    0.431     0.442     0.448     0.450     0.453     0.452     0.449     0.450     0.448
C1909TS369_4  0        0        0        0        0        0        0.418    0.420    0.424    0.425     0.436     0.443     0.444     0.446     0.447     0.445     0.447     0.446
C1909TS405_3  0        0        0        0        0        0        0.326    0.326    0.327    0.327     0.332     0.334     0.333     0.333     0.334     0.335     0.335     0.335
C1909TS215_2  0        0        0        0        0        0        0        0.417    0.417    0.417     0.411     0.410     0.408     0.409     0.406     0.405     0.404     0.403
C1909TS182_5  0        0        0        0        0        0        0        0.374    0.374    0.374     0.376     0.380     0.381     0.383     0.384     0.384     0.383     0.385
C1909TS414_5  0        0        0        0        0        0        0        0.373    0.375    0.376     0.379     0.383     0.384     0.386     0.386     0.389     0.392     0.392
C1909TS010_4  0        0        0        0        0        0        0        0.329    0.329    0.329     0.329     0.329     0.331     0.332     0.334     0.336     0.335     0.335
C1909TS309_5  0        0        0        0        0        0        0        0        0.423    0.422     0.423     0.428     0.432     0.434     0.435     0.434     0.433     0.433
C1909TS152_5  0        0        0        0        0        0        0        0        0.419    0.417     0.413     0.414     0.416     0.418     0.418     0.417     0.417     0.418
C1909TS230_3  0        0        0        0        0        0        0        0        0.381    0.380     0.383     0.387     0.388     0.391     0.391     0.392     0.394     0.394
C1909TS182_3  0        0        0        0        0        0        0        0        0.377    0.378     0.380     0.382     0.384     0.384     0.384     0.386     0.386     0.387
C1909TS044_1  0        0        0        0        0        0        0        0        0.345    0.345     0.344     0.344     0.345     0.344     0.346     0.346     0.346     0.346
C1909TS405_4  0        0        0        0        0        0        0        0        0.331    0.331     0.336     0.338     0.336     0.336     0.337     0.338     0.337     0.338
C1909TS228_2  0        0        0        0        0        0        0        0        0.327    0.327     0.328     0.327     0.328     0.329     0.330     0.330     0.331     0.332
C1909TS369_5  0        0        0        0        0        0        0        0        0        0.429     0.441     0.450     0.451     0.454     0.455     0.453     0.454     0.453
C1909TS258_1  0        0        0        0        0        0        0        0        0        0.412     0.426     0.433     0.439     0.441     0.439     0.437     0.437     0.436
C1909TS359_1  0        0        0        0        0        0        0        0        0        0.405     0.404     0.407     0.408     0.411     0.413     0.412     0.412     0.413
C1909TS182_1  0        0        0        0        0        0        0        0        0        0.377     0.377     0.380     0.382     0.382     0.382     0.384     0.383     0.384
C1909TS404_1  0        0        0        0        0        0        0        0        0        0.373     0.373     0.374     0.374     0.377     0.377     0.377     0.378     0.378
C1909TS158_1  0        0        0        0        0        0        0        0        0        0.314     0.315     0.314     0.314     0.315     0.316     0.318     0.318     0.319
C1909TS309_2  0        0        0        0        0        0        0        0        0        0         0.438     0.443     0.445     0.446     0.449     0.448     0.449     0.448
C1909TS066_1  0        0        0        0        0        0        0        0        0        0         0.425     0.428     0.427     0.426     0.425     0.424     0.423     0.423
C1909TS152_3  0        0        0        0        0        0        0        0        0        0         0.405     0.412     0.414     0.420     0.420     0.419     0.422     0.421
C1909TS102_1  0        0        0        0        0        0        0        0        0        0         0.389     0.391     0.392     0.393     0.393     0.393     0.393     0.393
C1909TS278_3  0        0        0        0        0        0        0        0        0        0         0.389     0.394     0.395     0.398     0.400     0.400     0.400     0.401
C1909TS413_5  0        0        0        0        0        0        0        0        0        0         0.387     0.388     0.389     0.391     0.392     0.391     0.393     0.393
C1909TS200_1  0        0        0        0        0        0        0        0        0        0         0.384     0.384     0.384     0.384     0.384     0.383     0.382     0.381
C1909TS240_2  0        0        0        0        0        0        0        0        0        0         0.379     0.380     0.379     0.379     0.381     0.380     0.379     0.378
C1909TS211_2  0        0        0        0        0        0        0        0        0        0         0.371     0.373     0.373     0.375     0.375     0.376     0.376     0.377
C1909TS413_4  0        0        0        0        0        0        0        0        0        0         0.364     0.365     0.365     0.365     0.365     0.364     0.365     0.365
C1909TS152_1  0        0        0        0        0        0        0        0        0        0         0.358     0.361     0.365     0.367     0.367     0.369     0.369     0.369
C1909TS405_1  0        0        0        0        0        0        0        0        0        0         0.342     0.344     0.344     0.344     0.345     0.345     0.345     0.345
C1909TS405_2  0        0        0        0        0        0        0        0        0        0         0.337     0.339     0.338     0.338     0.339     0.342     0.341     0.341
C1909TS215_3  0        0        0        0        0        0        0        0        0        0         0.335     0.336     0.335     0.335     0.335     0.336     0.337     0.337
C1909TS073_5  0        0        0        0        0        0        0        0        0        0         0.328     0.329     0.328     0.328     0.328     0.328     0.329     0.329
C1909TS210_4  0        0        0        0        0        0        0        0        0        0         0.327     0.330     0.331     0.331     0.333     0.335     0.335     0.334
C1909TS247_5  0        0        0        0        0        0        0        0        0        0         0.323     0.325     0.326     0.327     0.329     0.330     0.330     0.331
C1909TS247_3  0        0        0        0        0        0        0        0        0        0         0         0.425     0.426     0.429     0.430     0.430     0.431     0.430
C1909TS309_4  0        0        0        0        0        0        0        0        0        0         0         0.423     0.423     0.425     0.426     0.425     0.425     0.426
C1909TS003_3  0        0        0        0        0        0        0        0        0        0         0         0.406     0.406     0.407     0.407     0.406     0.406     0.406
C1909TS230_2  0        0        0        0        0        0        0        0        0        0         0         0.402     0.407     0.411     0.409     0.409     0.409     0.409
C1909TS389_3  0        0        0        0        0        0        0        0        0        0         0         0.398     0.400     0.401     0.401     0.402     0.402     0.402
C1909TS258_5  0        0        0        0        0        0        0        0        0        0         0         0.395     0.396     0.399     0.399     0.399     0.400     0.399
C1909TS182_2  0        0        0        0        0        0        0        0        0        0         0         0.387     0.388     0.391     0.393     0.393     0.393     0.395
C1909TS405_5  0        0        0        0        0        0        0        0        0        0         0         0.359     0.359     0.360     0.361     0.361     0.361     0.361
C1909TS389_5  0        0        0        0        0        0        0        0        0        0         0         0.348     0.352     0.354     0.354     0.354     0.354     0.354
C1909TS067_1  0        0        0        0        0        0        0        0        0        0         0         0.345     0.344     0.344     0.345     0.345     0.346     0.346
C1909TS066_2  0        0        0        0        0        0        0        0        0        0         0         0         0.428     0.430     0.431     0.431     0.430     0.431
C1909TS054_2  0        0        0        0        0        0        0        0        0        0         0         0         0.427     0.427     0.425     0.424     0.422     0.423
C1909TS258_4  0        0        0        0        0        0        0        0        0        0         0         0         0.424     0.426     0.426     0.425     0.427     0.427
C1909TS123_4  0        0        0        0        0        0        0        0        0        0         0         0         0.410     0.414     0.414     0.415     0.418     0.416
C1909TS389_1  0        0        0        0        0        0        0        0        0        0         0         0         0.403     0.404     0.405     0.406     0.406     0.405
C1909TS054_3  0        0        0        0        0        0        0        0        0        0         0         0         0.402     0.402     0.401     0.402     0.401     0.400
C1909TS413_2  0        0        0        0        0        0        0        0        0        0         0         0         0.381     0.382     0.382     0.381     0.381     0.381
C1909TS210_2  0        0        0        0        0        0        0        0        0        0         0         0         0.352     0.354     0.355     0.356     0.357     0.356
C1909TS228_1  0        0        0        0        0        0        0        0        0        0         0         0         0.350     0.352     0.352     0.353     0.353     0.354
C1909TS054_4  0        0        0        0        0        0        0        0        0        0         0         0         0         0.420     0.419     0.419     0.418     0.418
C1909TS230_5  0        0        0        0        0        0        0        0        0        0         0         0         0         0.402     0.403     0.403     0.403     0.403
C1909TS215_1  0        0        0        0        0        0        0        0        0        0         0         0         0         0.378     0.376     0.377     0.377     0.378
C1909TS073_4  0        0        0        0        0        0        0        0        0        0         0         0         0         0.332     0.332     0.331     0.333     0.332
C1909TS278_5  0        0        0        0        0        0        0        0        0        0         0         0         0         0         0.402     0.402     0.402     0.404
C1909TS349_1  0        0        0        0        0        0        0        0        0        0         0         0         0         0         0.374     0.374     0.374     0.375
C1909TS228_3  0        0        0        0        0        0        0        0        0        0         0         0         0         0         0.324     0.323     0.324     0.324
C1909TS347_1  0        0        0        0        0        0        0        0        0        0         0         0         0         0         0         [0.470]   [0.471]   [0.471]
C1909TS054_5  0        0        0        0        0        0        0        0        0        0         0         0         0         0         0         0.416     0.415     0.415
C1909TS404_2  0        0        0        0        0        0        0        0        0        0         0         0         0         0         0         0.368     0.369     0.368
C1909TS369_2  0        0        0        0        0        0        0        0        0        0         0         0         0         0         0         0.367     0.368     0.368
C1909TS413_3  0        0        0        0        0        0        0        0        0        0         0         0         0         0         0         0.340     0.339     0.340
C1909TS003_2  0        0        0        0        0        0        0        0        0        0         0         0         0         0         0         0         0.355     0.355
C1909TS273_5  0        0        0        0        0        0        0        0        0        0         0         0         0         0         0         0         0.306     0.307
C1909TS067_2  0        0        0        0        0        0        0        0        0        0         0         0         0         0         0         0         0         0.376
