model           cs_top1  cs_top2  cs_top3  cs_top4  cs_top5  cs_top6  cs_top7  cs_top8  cs_top9  cs_top10  cs_top15  cs_top20  cs_top25  cs_top30  cs_top35  cs_top40  cs_top45  cs_top50
C1904d1TS210_1  [0.444]  0.411    0.434    0.430    0.425    0.420    0.413    0.414    0.410    0.406     0.399     0.396     0.393     0.391     0.387     0.384     0.381     0.379
C1904d1TS131_5  0.438    0.444    0.470    0.477    0.478    0.480    0.487    0.482    [0.482]  0.483     0.472     0.463     0.453     0.447     0.440     0.434     0.431     0.427
C1904d1TS131_2  0.431    [0.462]  [0.473]  [0.480]  0.478    [0.486]  [0.490]  [0.483]  0.481    0.485     0.473     0.464     0.453     0.447     0.439     0.434     0.429     0.426
C1904d1TS247_5  0.414    0.433    0.443    0.451    0.446    0.449    0.454    0.455    0.452    0.453     0.467     [0.470]   [0.473]   [0.471]   [0.468]   [0.464]   [0.460]   [0.456]
C1904d1TS210_2  0.394    0.397    0.411    0.418    0.426    0.427    0.429    0.433    0.432    0.432     0.443     0.448     0.452     0.452     0.453     0.452     0.449     0.446
C1904d1TS247_2  0.392    0.406    0.420    0.436    0.431    0.433    0.438    0.442    0.439    0.442     0.453     0.459     0.460     0.459     0.456     0.454     0.450     0.446
C1904d1TS228_1  0.363    0.383    0.398    0.403    0.402    0.407    0.417    0.421    0.417    0.419     0.426     0.427     0.428     0.427     0.426     0.425     0.423     0.419
C1904d1TS010_2  0.326    0.349    0.358    0.372    0.376    0.375    0.378    0.378    0.376    0.381     0.382     0.379     0.378     0.376     0.374     0.373     0.374     0.376
C1904d1TS273_3  0.314    0.333    0.336    0.349    0.361    0.374    0.379    0.377    0.376    0.376     0.376     0.382     0.382     0.382     0.381     0.380     0.379     0.376
C1904d1TS067_5  0.295    0.265    0.235    0.221    0.211    0.206    0.202    0.199    0.200    0.198     0.192     0.190     0.189     0.188     0.187     0.186     0.186     0.185
C1904d1TS131_1  0        0.439    0.454    0.475    [0.480]  0.481    0.485    0.479    0.480    [0.487]   [0.475]   0.465     0.454     0.448     0.440     0.435     0.430     0.427
C1904d1TS228_2  0        0.386    0.404    0.411    0.408    0.412    0.421    0.424    0.421    0.422     0.430     0.431     0.433     0.431     0.430     0.429     0.427     0.423
C1904d1TS010_1  0        0.344    0.368    0.371    0.374    0.380    0.387    0.386    0.383    0.383     0.383     0.386     0.383     0.382     0.382     0.382     0.381     0.381
C1904d1TS010_5  0        0.343    0.348    0.363    0.380    0.381    0.379    0.377    0.381    0.381     0.377     0.373     0.370     0.372     0.370     0.370     0.369     0.369
C1904d1TS273_4  0        0.337    0.340    0.351    0.360    0.374    0.377    0.377    0.377    0.379     0.379     0.385     0.385     0.385     0.385     0.384     0.384     0.381
C1904d1TS273_1  0        0.331    0.336    0.346    0.353    0.366    0.373    0.376    0.374    0.373     0.376     0.382     0.381     0.380     0.379     0.379     0.378     0.375
C1904d1TS121_1  0        0.270    0.278    0.282    0.284    0.286    0.287    0.289    0.288    0.290     0.294     0.297     0.296     0.298     0.297     0.297     0.298     0.299
C1904d1TS067_4  0        0.256    0.230    0.217    0.209    0.204    0.201    0.199    0.203    0.200     0.195     0.192     0.191     0.190     0.189     0.188     0.187     0.186
C1904d1TS247_3  0        0        0.434    0.443    0.439    0.440    0.446    0.448    0.446    0.447     0.458     0.463     0.468     0.467     0.464     0.461     0.459     [0.456]
C1904d1TS210_4  0        0        0.383    0.392    0.399    0.401    0.401    0.407    0.419    0.416     0.422     0.422     0.422     0.425     0.423     0.420     0.417     0.414
C1904d1TS010_4  0        0        0.348    0.361    0.362    0.363    0.365    0.370    0.371    0.376     0.382     0.380     0.379     0.379     0.377     0.378     0.376     0.376
C1904d1TS438_2  0        0        0.328    0.335    0.337    0.341    0.343    0.344    0.344    0.346     0.349     0.351     0.352     0.355     0.357     0.357     0.358     0.359
C1904d1TS073_3  0        0        0.319    0.324    0.336    0.337    0.339    0.340    0.339    0.339     0.344     0.350     0.357     0.358     0.356     0.356     0.357     0.356
C1904d1TS347_1  0        0        0.303    0.309    0.311    0.313    0.314    0.316    0.316    0.318     0.320     0.321     0.323     0.324     0.324     0.324     0.324     0.325
C1904d1TS247_1  0        0        0        0.437    0.432    0.434    0.444    0.445    0.443    0.445     0.457     0.461     0.465     0.464     0.462     0.458     0.454     0.450
C1904d1TS405_4  0        0        0        0.405    0.405    0.407    0.414    0.415    0.417    0.416     0.428     0.429     0.429     0.432     0.428     0.428     0.424     0.421
C1904d1TS258_3  0        0        0        0.394    0.397    0.404    0.405    0.408    0.408    0.416     0.421     0.427     0.435     0.435     0.433     0.431     0.429     0.429
C1904d1TS123_3  0        0        0        0.352    0.354    0.357    0.359    0.360    0.361    0.363     0.371     0.375     0.374     0.374     0.377     0.377     0.376     0.377
C1904d1TS432_1  0        0        0        0.343    0.348    0.355    0.358    0.359    0.358    0.359     0.361     0.366     0.368     0.369     0.370     0.370     0.371     0.368
C1904d1TS228_5  0        0        0        0        0.419    0.422    0.426    0.433    0.431    0.431     0.438     0.448     0.448     0.448     0.447     0.444     0.444     0.440
C1904d1TS010_3  0        0        0        0        0.368    0.371    0.373    0.379    0.382    0.383     0.381     0.386     0.386     0.385     0.383     0.384     0.384     0.384
C1904d1TS123_4  0        0        0        0        0.337    0.342    0.343    0.344    0.348    0.353     0.356     0.363     0.360     0.361     0.360     0.359     0.359     0.359
C1904d1TS073_2  0        0        0        0        0.310    0.311    0.316    0.317    0.316    0.317     0.320     0.323     0.326     0.326     0.329     0.328     0.331     0.334
C1904d1TS438_1  0        0        0        0        0        0.408    0.409    0.418    0.421    0.422     0.431     0.440     0.445     0.449     0.445     0.443     0.441     0.441
C1904d1TS405_5  0        0        0        0        0        0.393    0.394    0.398    0.403    0.402     0.412     0.417     0.419     0.422     0.419     0.419     0.416     0.413
C1904d1TS240_4  0        0        0        0        0        0.371    0.379    0.382    0.382    0.384     0.390     0.394     0.403     0.409     0.408     0.407     0.406     0.406
C1904d1TS210_3  0        0        0        0        0        0        0        0.419    0.418    0.418     0.430     0.440     0.442     0.443     0.442     0.440     0.437     0.434
C1904d1TS438_3  0        0        0        0        0        0        0        0.415    0.416    0.417     0.426     0.434     0.439     0.445     0.441     0.438     0.437     0.436
C1904d1TS240_1  0        0        0        0        0        0        0        0.395    0.395    0.396     0.403     0.407     0.409     0.418     0.417     0.415     0.416     0.415
C1904d1TS240_5  0        0        0        0        0        0        0        0.380    0.380    0.381     0.386     0.389     0.394     0.402     0.406     0.403     0.403     0.402
C1904d1TS215_1  0        0        0        0        0        0        0        0.374    0.374    0.375     0.378     0.381     0.382     0.382     0.381     0.381     0.381     0.384
C1904d1TS103_1  0        0        0        0        0        0        0        0.330    0.330    0.332     0.335     0.336     0.337     0.340     0.340     0.340     0.339     0.342
C1904d1TS247_4  0        0        0        0        0        0        0        0        0.434    0.435     0.450     0.458     0.461     0.461     0.457     0.455     0.451     0.449
C1904d1TS210_5  0        0        0        0        0        0        0        0        0.404    0.403     0.411     0.415     0.419     0.421     0.418     0.418     0.415     0.412
C1904d1TS240_2  0        0        0        0        0        0        0        0        0        0.393     0.400     0.403     0.409     0.413     0.416     0.414     0.415     0.417
C1904d1TS347_2  0        0        0        0        0        0        0        0        0        0.342     0.345     0.347     0.348     0.349     0.349     0.349     0.350     0.351
C1904d1TS258_2  0        0        0        0        0        0        0        0        0        0         0.429     0.436     0.439     0.439     0.435     0.433     0.431     0.430
C1904d1TS258_4  0        0        0        0        0        0        0        0        0        0         0.412     0.415     0.420     0.423     0.422     0.422     0.420     0.421
C1904d1TS258_5  0        0        0        0        0        0        0        0        0        0         0.397     0.399     0.403     0.404     0.406     0.408     0.409     0.412
C1904d1TS123_1  0        0        0        0        0        0        0        0        0        0         0.350     0.350     0.353     0.355     0.355     0.358     0.357     0.358
C1904d1TS073_5  0        0        0        0        0        0        0        0        0        0         0.330     0.332     0.339     0.340     0.342     0.345     0.344     0.345
C1904d1TS073_4  0        0        0        0        0        0        0        0        0        0         0.328     0.330     0.333     0.335     0.338     0.339     0.341     0.341
C1904d1TS073_1  0        0        0        0        0        0        0        0        0        0         0.324     0.324     0.331     0.331     0.332     0.333     0.334     0.335
C1904d1TS121_2  0        0        0        0        0        0        0        0        0        0         0.288     0.290     0.290     0.291     0.292     0.292     0.292     0.293
C1904d1TS240_3  0        0        0        0        0        0        0        0        0        0         0         0.389     0.394     0.399     0.403     0.402     0.403     0.404
C1904d1TS215_3  0        0        0        0        0        0        0        0        0        0         0         0.388     0.392     0.398     0.397     0.398     0.398     0.399
C1904d1TS273_5  0        0        0        0        0        0        0        0        0        0         0         0.362     0.364     0.366     0.371     0.373     0.374     0.374
C1904d1TS215_5  0        0        0        0        0        0        0        0        0        0         0         0.357     0.358     0.359     0.358     0.358     0.358     0.358
C1904d1TS404_1  0        0        0        0        0        0        0        0        0        0         0         0         0.415     0.417     0.417     0.416     0.416     0.415
C1904d1TS258_1  0        0        0        0        0        0        0        0        0        0         0         0         0.402     0.407     0.407     0.408     0.409     0.411
C1904d1TS215_2  0        0        0        0        0        0        0        0        0        0         0         0         0.376     0.378     0.378     0.379     0.378     0.382
C1904d1TS103_2  0        0        0        0        0        0        0        0        0        0         0         0         0.312     0.313     0.313     0.313     0.313     0.313
C1904d1TS215_4  0        0        0        0        0        0        0        0        0        0         0         0         0         0.347     0.346     0.346     0.346     0.347
C1904d1TS123_5  0        0        0        0        0        0        0        0        0        0         0         0         0         0         0.358     0.361     0.362     0.364
C1904d1TS067_3  0        0        0        0        0        0        0        0        0        0         0         0         0         0         0         0         0.304     0.304
C1904d1TS347_3  0        0        0        0        0        0        0        0        0        0         0         0         0         0         0         0         0         0.312
