model           cs_top1  cs_top2  cs_top3  cs_top4  cs_top5  cs_top6  cs_top7  cs_top8  cs_top9  cs_top10  cs_top15  cs_top20  cs_top25  cs_top30  cs_top35  cs_top40  cs_top45  cs_top50
C1905d2TS210_1  [0.456]  [0.394]  [0.403]  [0.397]  [0.403]  [0.401]  [0.393]  [0.394]  0.389    0.385     0.380     0.373     0.368     0.364     0.360     0.356     0.351     0.343
C1905d2TS345_4  0.407    0.370    0.372    0.356    0.346    0.363    0.355    0.348    0.342    0.344     0.331     0.326     0.324     0.322     0.322     0.322     0.320     0.315
C1905d2TS345_5  0.352    0.353    0.351    0.363    0.349    0.353    0.344    0.338    0.335    0.332     0.325     0.318     0.316     0.313     0.314     0.312     0.309     0.306
C1905d2TS210_3  0.348    0.352    0.353    0.363    0.362    0.360    0.361    0.367    0.366    0.375     0.383     0.384     0.381     0.384     0.382     [0.379]   0.375     0.366
C1905d2TS240_5  0.331    0.338    0.341    0.341    0.341    0.341    0.343    0.345    0.348    0.349     0.350     0.356     0.359     0.366     0.370     0.369     0.365     0.359
C1905d2TS210_4  0.326    0.336    0.337    0.338    0.339    0.351    0.357    0.358    0.365    0.363     0.364     0.360     0.360     0.359     0.358     0.356     0.352     0.345
C1905d2TS131_1  0.321    0.352    0.377    0.373    0.376    0.369    0.378    0.383    0.394    0.396     0.403     0.399     0.393     0.390     0.384     0.377     0.369     0.359
C1905d2TS345_3  0.307    0.339    0.326    0.356    0.348    0.341    0.334    0.329    0.325    0.323     0.318     0.320     0.317     0.315     0.314     0.314     0.310     0.306
C1905d2TS345_2  0.294    0.319    0.312    0.305    0.312    0.318    0.320    0.315    0.311    0.309     0.303     0.305     0.306     0.306     0.305     0.303     0.302     0.299
C1905d2TS131_5  0        0.377    0.392    0.384    0.380    0.373    0.381    0.392    [0.402]  [0.401]   [0.404]   [0.400]   0.393     0.390     0.386     0.378     0.371     0.362
C1905d2TS210_2  0        0.369    0.365    0.373    0.377    0.372    0.376    0.381    0.378    0.380     0.378     0.380     0.378     0.376     0.373     0.370     0.365     0.356
C1905d2TS345_1  0        0.358    0.383    0.366    0.370    0.370    0.369    0.362    0.356    0.357     0.350     0.342     0.338     0.334     0.335     0.332     0.328     0.323
C1905d2TS210_5  0        0.341    0.354    0.362    0.359    0.356    0.361    0.367    0.365    0.364     0.367     0.370     0.367     0.363     0.361     0.358     0.354     0.347
C1905d2TS215_5  0        0.340    0.347    0.345    0.355    0.356    0.354    0.354    0.353    0.358     0.357     0.356     0.357     0.360     0.361     0.363     0.360     0.354
C1905d2TS258_5  0        0.327    0.329    0.330    0.333    0.332    0.345    0.351    0.353    0.354     0.360     0.370     0.368     0.366     0.363     0.359     0.355     0.349
C1905d2TS432_1  0        0.316    0.324    0.332    0.331    0.329    0.329    0.329    0.328    0.329     0.329     0.332     0.335     0.334     0.334     0.337     0.336     0.331
C1905d2TS131_3  0        0        0.368    0.373    0.377    0.370    0.375    0.380    0.386    0.389     0.396     0.399     [0.395]   [0.391]   [0.387]   [0.379]   0.372     0.363
C1905d2TS131_4  0        0        0.356    0.355    0.355    0.356    0.360    0.366    0.374    0.375     0.378     0.383     0.382     0.379     0.376     0.370     0.363     0.355
C1905d2TS240_4  0        0        0.341    0.341    0.342    0.342    0.343    0.345    0.345    0.347     0.350     0.354     0.359     0.362     0.364     0.366     0.365     0.357
C1905d2TS010_3  0        0        0.313    0.314    0.315    0.317    0.319    0.327    0.327    0.327     0.336     0.337     0.343     0.342     0.341     0.341     0.338     0.332
C1905d2TS131_2  0        0        0        0.356    0.355    0.350    0.364    0.372    0.377    0.378     0.384     0.383     0.378     0.378     0.373     0.365     0.359     0.350
C1905d2TS228_5  0        0        0        0.336    0.335    0.334    0.335    0.338    0.339    0.343     0.356     0.361     0.362     0.365     0.365     0.363     0.360     0.352
C1905d2TS273_1  0        0        0        0.323    0.333    0.331    0.331    0.346    0.352    0.357     0.372     0.374     0.372     0.367     0.362     0.360     0.354     0.346
C1905d2TS010_5  0        0        0        0.322    0.322    0.323    0.324    0.326    0.326    0.326     0.332     0.337     0.341     0.343     0.343     0.341     0.341     0.336
C1905d2TS258_2  0        0        0        0        0.367    0.365    0.370    0.370    0.369    0.370     0.373     0.375     0.379     0.381     0.379     0.376     0.372     0.364
C1905d2TS240_2  0        0        0        0        0.322    0.322    0.323    0.325    0.326    0.327     0.331     0.332     0.336     0.339     0.343     0.347     0.346     0.340
C1905d2TS123_4  0        0        0        0        0.277    0.277    0.278    0.279    0.279    0.280     0.280     0.281     0.282     0.283     0.285     0.286     0.293     0.294
C1905d2TS121_1  0        0        0        0        0.237    0.237    0.238    0.238    0.237    0.238     0.241     0.241     0.241     0.243     0.243     0.245     0.245     0.247
C1905d2TS240_3  0        0        0        0        0        0.354    0.355    0.357    0.359    0.360     0.362     0.365     0.371     0.375     0.376     0.378     [0.379]   [0.371]
C1905d2TS258_1  0        0        0        0        0        0.352    0.354    0.357    0.360    0.363     0.365     0.373     0.379     0.377     0.381     [0.379]   0.375     0.367
C1905d2TS010_1  0        0        0        0        0        0.326    0.331    0.333    0.334    0.334     0.340     0.344     0.347     0.347     0.352     0.350     0.349     0.344
C1905d2TS010_2  0        0        0        0        0        0.312    0.314    0.317    0.322    0.322     0.327     0.329     0.331     0.331     0.334     0.334     0.334     0.330
C1905d2TS258_4  0        0        0        0        0        0        0.344    0.346    0.347    0.359     0.362     0.373     0.377     0.374     0.371     0.367     0.362     0.354
C1905d2TS010_4  0        0        0        0        0        0        0.320    0.324    0.325    0.326     0.332     0.337     0.338     0.342     0.345     0.346     0.346     0.341
C1905d2TS258_3  0        0        0        0        0        0        0        0.353    0.355    0.357     0.365     0.372     0.376     0.375     0.377     0.376     0.371     0.363
C1905d2TS273_2  0        0        0        0        0        0        0        0.343    0.352    0.358     0.372     0.374     0.372     0.368     0.362     0.361     0.355     0.347
C1905d2TS215_2  0        0        0        0        0        0        0        0.338    0.339    0.344     0.352     0.353     0.355     0.356     0.355     0.354     0.351     0.344
C1905d2TS240_1  0        0        0        0        0        0        0        0        0.347    0.350     0.351     0.354     0.358     0.363     0.365     0.367     0.363     0.356
C1905d2TS215_4  0        0        0        0        0        0        0        0        0.323    0.323     0.329     0.332     0.335     0.338     0.339     0.337     0.333     0.328
C1905d2TS405_5  0        0        0        0        0        0        0        0        0        0         0.360     0.362     0.364     0.363     0.365     0.365     0.361     0.353
C1905d2TS438_1  0        0        0        0        0        0        0        0        0        0         0.356     0.359     0.358     0.362     0.361     0.363     0.361     0.353
C1905d2TS228_1  0        0        0        0        0        0        0        0        0        0         0.345     0.353     0.354     0.361     0.363     0.361     0.358     0.351
C1905d2TS215_1  0        0        0        0        0        0        0        0        0        0         0.342     0.348     0.351     0.353     0.353     0.352     0.353     0.349
C1905d2TS215_3  0        0        0        0        0        0        0        0        0        0         0         0.332     0.335     0.337     0.339     0.339     0.340     0.338
C1905d2TS123_5  0        0        0        0        0        0        0        0        0        0         0         0.280     0.281     0.284     0.288     0.292     0.293     0.295
C1905d2TS123_2  0        0        0        0        0        0        0        0        0        0         0         0         0.289     0.290     0.292     0.295     0.300     0.302
C1905d2TS121_2  0        0        0        0        0        0        0        0        0        0         0         0         0.278     0.279     0.280     0.280     0.281     0.281
C1905d2TS346_1  0        0        0        0        0        0        0        0        0        0         0         0         0.245     0.245     0.245     0.245     0.247     0.251
C1905d2TS123_1  0        0        0        0        0        0        0        0        0        0         0         0         0         0.280     0.281     0.285     0.289     0.294
C1905d2TS067_1  0        0        0        0        0        0        0        0        0        0         0         0         0         0.269     0.269     0.270     0.271     0.277
C1905d2TS067_4  0        0        0        0        0        0        0        0        0        0         0         0         0         0.268     0.268     0.270     0.275     0.282
C1905d2TS347_3  0        0        0        0        0        0        0        0        0        0         0         0         0         0.260     0.261     0.261     0.262     0.264
C1905d2TS103_1  0        0        0        0        0        0        0        0        0        0         0         0         0         0         0.294     0.294     0.298     0.303
C1905d2TS347_2  0        0        0        0        0        0        0        0        0        0         0         0         0         0         0.274     0.274     0.276     0.285
C1905d2TS347_1  0        0        0        0        0        0        0        0        0        0         0         0         0         0         0         0         0.270     0.279
C1905d2TS049_2  0        0        0        0        0        0        0        0        0        0         0         0         0         0         0         0         0.266     0.269
C1905d2TS049_1  0        0        0        0        0        0        0        0        0        0         0         0         0         0         0         0         0         0.286
C1905d2TS003_1  0        0        0        0        0        0        0        0        0        0         0         0         0         0         0         0         0         0.284
C1905d2TS049_3  0        0        0        0        0        0        0        0        0        0         0         0         0         0         0         0         0         0.260
