model           cs_top1  cs_top2  cs_top3  cs_top4  cs_top5  cs_top6  cs_top7  cs_top8  cs_top9  cs_top10  cs_top15  cs_top20  cs_top25  cs_top30  cs_top35  cs_top40  cs_top45  cs_top50
C1903d1TS273_1  [0.534]  [0.468]  0.445    [0.444]  0.429    0.416    0.413    0.407    0.403    0.399     0.393     0.386     0.385     0.382     0.380     0.378     0.374     0.371
C1903d1TS247_2  0.422    0.411    0.404    0.403    0.405    0.410    0.407    0.412    0.411    0.409     0.406     0.412     0.416     0.418     0.421     0.419     0.415     0.410
C1903d1TS131_1  0.419    0.420    [0.448]  0.440    0.453    [0.455]  [0.447]  [0.450]  [0.451]  [0.456]   [0.462]   [0.453]   0.449     0.443     0.436     0.431     0.424     0.418
C1903d1TS131_4  0.412    0.415    0.443    0.441    [0.458]  0.451    0.444    0.442    0.445    0.449     0.453     0.446     0.444     0.439     0.432     0.427     0.421     0.415
C1903d1TS131_3  0.410    0.417    0.433    0.433    0.447    0.442    0.436    0.435    0.439    0.444     0.456     0.446     0.446     0.441     0.433     0.427     0.421     0.414
C1903d1TS210_1  0.399    0.401    0.385    0.377    0.375    0.371    0.375    0.379    0.378    0.376     0.375     0.376     0.376     0.374     0.375     0.376     0.373     0.370
C1903d1TS044_1  0.388    0.398    0.400    0.399    0.411    0.410    0.408    0.413    0.418    0.417     0.416     0.420     0.420     0.420     0.423     0.421     0.418     0.413
C1903d1TS123_2  0.350    0.354    0.355    0.355    0.358    0.358    0.357    0.358    0.359    0.359     0.359     0.360     0.363     0.364     0.366     0.368     0.370     0.371
C1903d1TS273_2  0.329    0.331    0.348    0.344    0.344    0.351    0.348    0.348    0.347    0.351     0.358     0.360     0.358     0.358     0.356     0.356     0.353     0.351
C1903d1TS131_5  0        0.431    0.443    0.437    0.448    0.443    0.437    0.437    0.439    0.447     0.459     0.450     0.450     0.444     0.436     0.430     0.423     0.417
C1903d1TS210_4  0        0.431    0.439    0.434    0.442    0.437    0.432    0.437    0.438    0.435     0.435     0.438     0.441     0.441     0.441     0.439     0.435     0.430
C1903d1TS438_1  0        0.413    0.416    0.424    0.428    0.428    0.425    0.428    0.433    0.433     0.438     0.440     0.440     0.440     0.443     0.444     0.442     0.439
C1903d1TS228_5  0        0.407    0.416    0.423    0.424    0.419    0.415    0.415    0.425    0.423     0.422     0.423     0.423     0.428     0.427     0.426     0.422     0.418
C1903d1TS247_4  0        0.403    0.404    0.407    0.421    0.422    0.418    0.419    0.420    0.418     0.421     0.425     0.427     0.430     0.435     0.436     0.433     0.428
C1903d1TS258_4  0        0.395    0.410    0.406    0.418    0.424    0.419    0.419    0.420    0.423     0.419     0.429     0.429     0.427     0.430     0.428     0.424     0.420
C1903d1TS215_3  0        0.363    0.355    0.373    0.368    0.363    0.359    0.368    0.366    0.363     0.364     0.361     0.358     0.356     0.356     0.354     0.352     0.351
C1903d1TS215_2  0        0.362    0.353    0.348    0.356    0.353    0.370    0.367    0.364    0.360     0.354     0.353     0.352     0.351     0.352     0.351     0.351     0.349
C1903d1TS215_4  0        0.362    0.378    0.385    0.392    0.387    0.383    0.387    0.390    0.396     0.389     0.386     0.390     0.388     0.385     0.383     0.380     0.376
C1903d1TS258_1  0        0        0.401    0.402    0.405    0.405    0.403    0.404    0.414    0.417     0.418     0.423     0.423     0.422     0.424     0.422     0.420     0.417
C1903d1TS215_1  0        0        0.364    0.360    0.360    0.374    0.375    0.373    0.372    0.374     0.372     0.372     0.369     0.370     0.369     0.366     0.364     0.362
C1903d1TS215_5  0        0        0.362    0.373    0.373    0.386    0.389    0.386    0.385    0.383     0.385     0.381     0.381     0.380     0.381     0.382     0.380     0.378
C1903d1TS438_2  0        0        0.352    0.352    0.355    0.356    0.356    0.356    0.357    0.357     0.357     0.362     0.363     0.363     0.367     0.367     0.370     0.372
C1903d1TS247_1  0        0        0        0.404    0.410    0.410    0.411    0.413    0.414    0.412     0.416     0.419     0.422     0.427     0.432     0.432     0.427     0.422
C1903d1TS240_4  0        0        0        0.399    0.403    0.405    0.403    0.405    0.407    0.406     0.406     0.414     0.419     0.425     0.431     0.435     0.433     0.430
C1903d1TS247_5  0        0        0        0.397    0.402    0.403    0.401    0.406    0.407    0.405     0.408     0.410     0.417     0.420     0.424     0.425     0.421     0.416
C1903d1TS210_5  0        0        0        0.396    0.401    0.400    0.398    0.400    0.401    0.401     0.409     0.421     0.426     0.424     0.423     0.420     0.416     0.412
C1903d1TS103_1  0        0        0        0.292    0.295    0.295    0.294    0.295    0.296    0.296     0.296     0.300     0.301     0.302     0.303     0.303     0.303     0.305
C1903d1TS405_4  0        0        0        0        0.444    0.444    0.444    0.447    0.449    0.448     0.447     0.452     [0.456]   [0.456]   [0.458]   [0.460]   [0.460]   [0.459]
C1903d1TS247_3  0        0        0        0        0.417    0.422    0.418    0.419    0.420    0.418     0.422     0.426     0.429     0.429     0.437     0.436     0.433     0.427
C1903d1TS258_5  0        0        0        0        0.407    0.414    0.411    0.412    0.417    0.421     0.420     0.426     0.432     0.428     0.428     0.425     0.421     0.418
C1903d1TS228_1  0        0        0        0        0.395    0.392    0.389    0.389    0.397    0.399     0.398     0.402     0.400     0.406     0.406     0.404     0.400     0.397
C1903d1TS270_1  0        0        0        0        0.379    0.379    0.377    0.378    0.384    0.383     0.390     0.392     0.394     0.397     0.399     0.398     0.396     0.394
C1903d1TS240_5  0        0        0        0        0        0.407    0.406    0.408    0.410    0.409     0.409     0.417     0.423     0.426     0.433     0.437     0.436     0.434
C1903d1TS258_3  0        0        0        0        0        0.396    0.400    0.406    0.411    0.414     0.416     0.420     0.418     0.415     0.416     0.417     0.413     0.409
C1903d1TS073_1  0        0        0        0        0        0.356    0.356    0.356    0.357    0.357     0.358     0.360     0.365     0.367     0.370     0.371     0.373     0.375
C1903d1TS347_1  0        0        0        0        0        0.344    0.346    0.347    0.348    0.347     0.349     0.357     0.357     0.356     0.365     0.370     0.371     0.368
C1903d1TS210_2  0        0        0        0        0        0        0.437    0.440    0.442    0.441     0.439     0.445     0.448     0.447     0.450     0.452     0.452     0.451
C1903d1TS131_2  0        0        0        0        0        0        0.425    0.424    0.429    0.438     0.447     0.442     0.442     0.435     0.429     0.424     0.418     0.411
C1903d1TS438_3  0        0        0        0        0        0        0.379    0.380    0.381    0.380     0.382     0.385     0.386     0.388     0.390     0.391     0.391     0.391
C1903d1TS347_2  0        0        0        0        0        0        0.352    0.353    0.354    0.353     0.355     0.362     0.363     0.363     0.368     0.373     0.374     0.371
C1903d1TS073_5  0        0        0        0        0        0        0.344    0.344    0.345    0.346     0.350     0.353     0.357     0.361     0.361     0.361     0.362     0.363
C1903d1TS405_5  0        0        0        0        0        0        0        0.441    0.443    0.442     0.441     0.446     0.449     0.449     0.452     0.455     0.454     0.452
C1903d1TS240_1  0        0        0        0        0        0        0        0.413    0.415    0.414     0.415     0.422     0.427     0.428     0.436     0.442     0.440     0.437
C1903d1TS258_2  0        0        0        0        0        0        0        0.408    0.411    0.411     0.414     0.424     0.427     0.425     0.426     0.429     0.427     0.423
C1903d1TS123_5  0        0        0        0        0        0        0        0.354    0.361    0.360     0.359     0.361     0.361     0.363     0.364     0.366     0.367     0.370
C1903d1TS073_4  0        0        0        0        0        0        0        0        0        0.331     0.334     0.335     0.336     0.339     0.341     0.343     0.345     0.345
C1903d1TS240_3  0        0        0        0        0        0        0        0        0        0         0.417     0.424     0.429     0.434     0.443     0.446     0.443     0.440
C1903d1TS121_1  0        0        0        0        0        0        0        0        0        0         0.331     0.332     0.334     0.334     0.336     0.337     0.338     0.338
C1903d1TS073_3  0        0        0        0        0        0        0        0        0        0         0.319     0.321     0.323     0.327     0.327     0.330     0.332     0.333
C1903d1TS240_2  0        0        0        0        0        0        0        0        0        0         0         0.429     0.433     0.436     0.442     0.447     0.444     0.442
C1903d1TS438_4  0        0        0        0        0        0        0        0        0        0         0         0.380     0.381     0.383     0.385     0.387     0.392     0.392
C1903d1TS073_2  0        0        0        0        0        0        0        0        0        0         0         0.334     0.338     0.338     0.339     0.341     0.343     0.345
C1903d1TS121_2  0        0        0        0        0        0        0        0        0        0         0         0.320     0.323     0.322     0.324     0.324     0.324     0.323
C1903d1TS123_1  0        0        0        0        0        0        0        0        0        0         0         0         0.362     0.365     0.367     0.371     0.369     0.369
C1903d1TS067_1  0        0        0        0        0        0        0        0        0        0         0         0         0         0         0.320     0.320     0.322     0.325
C1903d1TS347_3  0        0        0        0        0        0        0        0        0        0         0         0         0         0         0         0.322     0.323     0.325
C1903d1TS003_1  0        0        0        0        0        0        0        0        0        0         0         0         0         0         0         0         0.251     0.251
C1903d1TS067_4  0        0        0        0        0        0        0        0        0        0         0         0         0         0         0         0         0         0.332
C1903d1TS049_4  0        0        0        0        0        0        0        0        0        0         0         0         0         0         0         0         0         0.213
C1903d1TS049_1  0        0        0        0        0        0        0        0        0        0         0         0         0         0         0         0         0         0.210
