model           cs_top1  cs_top2  cs_top3  cs_top4  cs_top5  cs_top6  cs_top7  cs_top8  cs_top9  cs_top10  cs_top15  cs_top20  cs_top25  cs_top30  cs_top35  cs_top40  cs_top45  cs_top50
C1904x2TS215_1  [0.468]  [0.472]  0.424    0.409    0.413    0.400    0.418    0.407    0.400    0.393     0.360     0.333     0.308     0.304     0.304     0.304     0.304     0.304
C1904x2TS369_1  0.375    0.410    0.423    0.416    0.414    0.430    0.429    0.437    0.452    [0.458]   [0.439]   [0.405]   [0.372]   [0.367]   [0.367]   [0.367]   [0.367]   [0.367]
C1904x2TS389_5  0.367    0.420    0.436    [0.434]  0.424    0.428    [0.441]  [0.455]  [0.457]  0.455     0.427     0.393     0.359     0.354     0.354     0.354     0.354     0.354
C1904x2TS215_4  0.363    0.346    0.391    0.386    0.384    0.393    0.383    0.383    0.379    0.374     0.361     0.334     0.308     0.304     0.304     0.304     0.304     0.304
C1904x2TS389_1  0.353    0.367    0.372    0.370    0.372    0.384    0.397    0.406    0.418    0.429     0.416     0.385     0.355     0.350     0.350     0.350     0.350     0.350
C1904x2TS389_3  0.330    0.307    0.300    0.309    0.303    0.302    0.301    0.304    0.305    0.311     0.321     0.303     0.281     0.277     0.277     0.277     0.277     0.277
C1904x2TS215_3  0.324    0.357    0.371    0.410    0.405    0.413    0.409    0.402    0.397    0.401     0.372     0.344     0.318     0.314     0.314     0.314     0.314     0.314
C1904x2TS215_2  0.321    0.428    [0.448]  0.429    [0.430]  0.415    0.404    0.403    0.402    0.395     0.366     0.339     0.313     0.309     0.309     0.309     0.309     0.309
C1904x2TS123_1  0.278    0.283    0.286    0.284    0.284    0.286    0.287    0.289    0.291    0.291     0.340     0.332     0.314     0.311     0.311     0.311     0.311     0.311
C1904x2TS228_2  0        0.358    0.364    0.361    0.371    0.382    0.394    0.407    0.418    0.420     0.406     0.376     0.345     0.340     0.340     0.340     0.340     0.340
C1904x2TS389_4  0        0.354    0.358    0.379    0.382    0.382    0.382    0.396    0.397    0.409     0.398     0.366     0.337     0.332     0.332     0.332     0.332     0.332
C1904x2TS215_5  0        0.327    0.348    0.367    0.380    0.383    0.390    0.384    0.386    0.385     0.367     0.339     0.314     0.311     0.311     0.311     0.311     0.311
C1904x2TS228_1  0        0        0.395    0.397    0.418    [0.443]  0.434    0.435    0.437    0.433     0.405     0.374     0.345     0.341     0.341     0.341     0.341     0.341
C1904x2TS389_2  0        0        0        0        0.374    0.380    0.382    0.398    0.415    0.419     0.417     0.386     0.356     0.352     0.352     0.352     0.352     0.352
C1904x2TS123_5  0        0        0        0        0        0        0        0        0        0         0.335     0.334     0.315     0.312     0.312     0.312     0.312     0.312
C1904x2TS067_5  0        0        0        0        0        0        0        0        0        0         0.289     0.383     0.362     0.357     0.357     0.357     0.357     0.357
C1904x2TS067_3  0        0        0        0        0        0        0        0        0        0         0.288     0.375     0.355     0.350     0.350     0.350     0.350     0.350
C1904x2TS067_4  0        0        0        0        0        0        0        0        0        0         0.284     0.364     0.347     0.343     0.343     0.343     0.343     0.343
C1904x2TS003_1  0        0        0        0        0        0        0        0        0        0         0.269     0.281     0.298     0.297     0.297     0.297     0.297     0.297
C1904x2TS067_1  0        0        0        0        0        0        0        0        0        0         0.255     0.344     0.327     0.323     0.323     0.323     0.323     0.323
C1904x2TS049_1  0        0        0        0        0        0        0        0        0        0         0.222     0.227     0.281     0.288     0.288     0.288     0.288     0.288
C1904x2TS067_2  0        0        0        0        0        0        0        0        0        0         0         0.374     0.355     0.350     0.350     0.350     0.350     0.350
C1904x2TS049_2  0        0        0        0        0        0        0        0        0        0         0         0         0.278     0.288     0.288     0.288     0.288     0.288
C1904x2TS049_5  0        0        0        0        0        0        0        0        0        0         0         0         0.272     0.285     0.285     0.285     0.285     0.285
C1904x2TS049_4  0        0        0        0        0        0        0        0        0        0         0         0         0.269     0.280     0.280     0.280     0.280     0.280
C1904x2TS049_3  0        0        0        0        0        0        0        0        0        0         0         0         0.265     0.277     0.277     0.277     0.277     0.277
