model           cs_top1  cs_top2  cs_top3  cs_top4  cs_top5  cs_top6  cs_top7  cs_top8  cs_top9  cs_top10  cs_top15  cs_top20  cs_top25  cs_top30  cs_top35  cs_top40  cs_top45  cs_top50
C1905x2TS215_1  [0.435]  [0.456]  0.420    0.390    0.383    0.395    0.381    0.378    0.369    0.362     0.342     0.327     0.315     0.303     0.297     0.297     0.297     0.297
C1905x2TS389_1  0.364    0.372    0.407    [0.419]  0.406    0.405    0.406    0.404    0.415    0.413     0.396     0.374     0.359     0.343     0.334     0.334     0.334     0.334
C1905x2TS215_3  0.358    0.382    0.385    0.387    0.370    0.359    0.358    0.361    0.354    0.367     0.345     0.330     0.319     0.307     0.300     0.300     0.300     0.300
C1905x2TS389_4  0.351    0.439    [0.421]  0.407    [0.416]  [0.436]  [0.446]  [0.438]  [0.437]  [0.431]   [0.399]   [0.377]   [0.361]   [0.344]   0.334     0.334     0.334     0.334
C1905x2TS389_2  0.348    0.421    0.403    0.398    0.391    0.400    0.424    0.428    0.426    0.428     0.397     0.375     0.360     0.343     0.333     0.333     0.333     0.333
C1905x2TS215_5  0.341    0.353    0.357    0.363    0.374    0.377    0.369    0.369    0.371    0.365     0.349     0.335     0.322     0.310     0.302     0.302     0.302     0.302
C1905x2TS228_1  0.334    0.364    0.396    0.405    0.392    0.400    0.410    0.408    0.401    0.404     0.378     0.362     0.350     0.336     0.328     0.328     0.328     0.328
C1905x2TS389_5  0.332    0.335    0.368    0.360    0.374    0.369    0.371    0.379    0.385    0.380     0.373     0.358     0.346     0.332     0.323     0.323     0.323     0.323
C1905x2TS215_2  0.318    0.318    0.317    0.316    0.361    0.358    0.365    0.377    0.375    0.368     0.349     0.332     0.320     0.307     0.299     0.299     0.299     0.299
C1905x2TS123_3  0.272    0.271    0.272    0.271    0.271    0.271    0.271    0.272    0.272    0.272     0.286     0.293     0.292     0.284     0.279     0.279     0.279     0.279
C1905x2TS215_4  0        0.308    0.342    0.396    0.376    0.364    0.356    0.350    0.346    0.350     0.338     0.325     0.313     0.302     0.296     0.296     0.296     0.296
C1905x2TS389_3  0        0        0        0.352    0.359    0.379    0.393    0.393    0.398    0.404     0.386     0.365     0.352     0.337     0.328     0.328     0.328     0.328
C1905x2TS123_1  0        0        0        0        0.297    0.299    0.300    0.300    0.301    0.301     0.312     0.315     0.323     0.315     0.309     0.309     0.309     0.309
C1905x2TS073_1  0        0        0        0        0        0        0        0.315    0.319    0.329     0.358     0.352     0.341     0.328     0.321     0.321     0.321     0.321
C1905x2TS073_5  0        0        0        0        0        0        0        0        0.322    0.323     0.353     0.355     0.344     0.331     0.324     0.324     0.324     0.324
C1905x2TS121_1  0        0        0        0        0        0        0        0        0.273    0.273     0.279     0.287     0.295     0.292     0.288     0.288     0.288     0.288
C1905x2TS073_3  0        0        0        0        0        0        0        0        0        0         0.349     0.350     0.341     0.327     0.320     0.320     0.320     0.320
C1905x2TS073_4  0        0        0        0        0        0        0        0        0        0         0.336     0.344     0.334     0.322     0.315     0.315     0.315     0.315
C1905x2TS073_2  0        0        0        0        0        0        0        0        0        0         0.322     0.341     0.337     0.325     0.318     0.318     0.318     0.318
C1905x2TS123_2  0        0        0        0        0        0        0        0        0        0         0.305     0.312     0.323     0.318     0.316     0.316     0.316     0.316
C1905x2TS123_4  0        0        0        0        0        0        0        0        0        0         0.294     0.318     0.318     0.311     0.307     0.307     0.307     0.307
C1905x2TS067_1  0        0        0        0        0        0        0        0        0        0         0.289     0.307     0.343     0.338     0.330     0.330     0.330     0.330
C1905x2TS103_1  0        0        0        0        0        0        0        0        0        0         0.288     0.300     0.306     0.304     0.300     0.300     0.300     0.300
C1905x2TS003_1  0        0        0        0        0        0        0        0        0        0         0.269     0.269     0.272     0.291     0.291     0.291     0.291     0.291
C1905x2TS067_3  0        0        0        0        0        0        0        0        0        0         0         0.308     0.346     0.343     [0.336]   [0.336]   [0.336]   [0.336]
C1905x2TS067_2  0        0        0        0        0        0        0        0        0        0         0         0.299     0.337     0.339     0.331     0.331     0.331     0.331
C1905x2TS067_4  0        0        0        0        0        0        0        0        0        0         0         0.292     0.317     0.316     0.310     0.310     0.310     0.310
C1905x2TS049_5  0        0        0        0        0        0        0        0        0        0         0         0.231     0.235     0.262     0.295     0.295     0.295     0.295
C1905x2TS121_2  0        0        0        0        0        0        0        0        0        0         0         0         0.258     0.274     0.270     0.270     0.270     0.270
C1905x2TS049_1  0        0        0        0        0        0        0        0        0        0         0         0         0.251     0.278     0.301     0.301     0.301     0.301
C1905x2TS049_2  0        0        0        0        0        0        0        0        0        0         0         0         0         0.268     0.295     0.295     0.295     0.295
C1905x2TS049_3  0        0        0        0        0        0        0        0        0        0         0         0         0         0.265     0.298     0.298     0.298     0.298
C1905x2TS049_4  0        0        0        0        0        0        0        0        0        0         0         0         0         0.264     0.293     0.293     0.293     0.293
