model           cs_top1  cs_top2  cs_top3  cs_top4  cs_top5  cs_top6  cs_top7  cs_top8  cs_top9  cs_top10  cs_top15  cs_top20  cs_top25  cs_top30  cs_top35  cs_top40  cs_top45  cs_top50
C1906d2TS273_1  [0.618]  [0.644]  [0.630]  [0.611]  [0.608]  [0.589]  [0.584]  [0.571]  [0.567]  0.561     0.533     0.515     0.503     0.491     0.478     0.469     0.459     0.443
C1906d2TS270_1  0.549    0.598    0.592    0.591    0.594    0.579    0.575    0.563    0.556    0.551     0.526     0.512     0.501     0.490     0.478     0.468     0.459     0.444
C1906d2TS044_1  0.547    0.507    0.500    0.494    0.504    0.500    0.499    0.500    0.502    0.501     0.501     0.496     0.490     0.484     0.476     0.468     0.459     0.445
C1906d2TS210_4  0.470    0.467    0.462    0.479    0.483    0.492    0.496    0.501    0.506    0.507     0.499     0.501     0.496     0.492     0.481     0.475     0.466     0.452
C1906d2TS131_1  0.428    0.447    0.434    0.420    0.416    0.414    0.409    0.415    0.419    0.427     0.425     0.426     0.426     0.428     0.425     0.423     0.414     0.403
C1906d2TS215_4  0.420    0.419    0.413    0.412    0.413    0.408    0.427    0.424    0.428    0.430     0.429     0.427     0.428     0.424     0.420     0.413     0.408     0.397
C1906d2TS432_2  0.408    0.404    0.398    0.396    0.398    0.396    0.398    0.398    0.398    0.399     0.401     0.400     0.400     0.400     0.403     0.398     0.397     0.390
C1906d2TS345_5  0.315    0.335    0.342    0.335    0.332    0.345    0.341    0.344    0.342    0.339     0.336     0.331     0.331     0.330     0.334     0.333     0.330     0.325
C1906d2TS273_2  0        0.620    0.620    0.606    0.602    0.587    0.581    0.570    0.566    [0.564]   [0.538]   [0.520]   0.508     0.496     0.484     0.474     0.464     0.449
C1906d2TS273_5  0        0.619    0.610    0.594    0.600    0.585    0.582    0.570    0.564    0.558     0.532     0.517     0.505     0.493     0.481     0.471     0.461     0.446
C1906d2TS432_1  0        0.492    0.483    0.478    0.478    0.469    0.469    0.470    0.468    0.468     0.457     0.452     0.450     0.448     0.442     0.436     0.429     0.417
C1906d2TS240_2  0        0.431    0.425    0.424    0.426    0.423    0.424    0.426    0.425    0.427     0.427     0.429     0.432     0.436     0.435     0.435     0.433     0.422
C1906d2TS215_2  0        0.396    0.389    0.389    0.389    0.386    0.390    0.389    0.394    0.393     0.394     0.391     0.395     0.396     0.393     0.389     0.383     0.374
C1906d2TS438_1  0        0        0.491    0.491    0.495    0.491    0.493    0.492    0.491    0.500     0.496     0.494     0.494     0.488     0.479     0.472     0.464     0.450
C1906d2TS131_4  0        0        0.419    0.410    0.412    0.411    0.407    0.414    0.417    0.425     0.425     0.426     0.427     0.431     0.428     0.426     0.418     0.407
C1906d2TS131_5  0        0        0.411    0.403    0.402    0.401    0.397    0.405    0.407    0.414     0.416     0.420     0.422     0.426     0.423     0.421     0.413     0.403
C1906d2TS215_5  0        0        0.411    0.439    0.436    0.428    0.440    0.437    0.436    0.438     0.438     0.432     0.431     0.427     0.420     0.413     0.405     0.394
C1906d2TS345_1  0        0        0.285    0.298    0.315    0.312    0.315    0.312    0.314    0.311     0.305     0.300     0.300     0.300     0.301     0.301     0.304     0.300
C1906d2TS345_4  0        0        0.274    0.288    0.287    0.288    0.287    0.287    0.287    0.287     0.300     0.299     0.297     0.297     0.298     0.300     0.303     0.300
C1906d2TS210_1  0        0        0        0.487    0.495    0.506    0.511    0.513    0.518    0.520     0.512     0.511     0.507     0.501     0.489     0.482     0.473     0.458
C1906d2TS210_2  0        0        0        0.471    0.475    0.481    0.482    0.490    0.498    0.497     0.491     0.491     0.488     0.482     0.471     0.464     0.455     0.442
C1906d2TS228_5  0        0        0        0.447    0.449    0.447    0.453    0.452    0.451    0.453     0.450     0.452     0.452     0.451     0.446     0.444     0.443     0.432
C1906d2TS258_1  0        0        0        0        0.510    0.505    0.511    0.512    0.511    0.514     0.524     0.517     [0.511]   [0.504]   [0.495]   [0.487]   [0.478]   [0.463]
C1906d2TS210_3  0        0        0        0        0.486    0.498    0.500    0.503    0.507    0.507     0.503     0.502     0.499     0.494     0.482     0.475     0.466     0.452
C1906d2TS258_2  0        0        0        0        0.454    0.449    0.452    0.451    0.450    0.451     0.451     0.455     0.459     0.457     0.452     0.446     0.440     0.428
C1906d2TS131_2  0        0        0        0        0        0.404    0.401    0.413    0.417    0.423     0.420     0.422     0.425     0.429     0.425     0.421     0.412     0.401
C1906d2TS010_5  0        0        0        0        0        0.351    0.351    0.352    0.352    0.353     0.359     0.366     0.369     0.368     0.369     0.372     0.372     0.368
C1906d2TS345_3  0        0        0        0        0        0.323    0.321    0.321    0.321    0.321     0.327     0.327     0.326     0.326     0.327     0.330     0.330     0.325
C1906d2TS210_5  0        0        0        0        0        0        0.494    0.499    0.505    0.507     0.503     0.502     0.499     0.494     0.482     0.475     0.466     0.452
C1906d2TS240_3  0        0        0        0        0        0        0        0.433    0.433    0.435     0.437     0.440     0.442     0.444     0.443     0.445     0.441     0.430
C1906d2TS240_5  0        0        0        0        0        0        0        0.421    0.421    0.422     0.422     0.422     0.426     0.428     0.429     0.431     0.430     0.420
C1906d2TS131_3  0        0        0        0        0        0        0        0.406    0.409    0.419     0.418     0.420     0.422     0.428     0.425     0.422     0.414     0.403
C1906d2TS215_1  0        0        0        0        0        0        0        0.406    0.406    0.407     0.410     0.410     0.411     0.413     0.411     0.404     0.398     0.388
C1906d2TS215_3  0        0        0        0        0        0        0        0        0.418    0.418     0.424     0.427     0.426     0.424     0.420     0.414     0.407     0.397
C1906d2TS240_1  0        0        0        0        0        0        0        0        0        0.412     0.414     0.418     0.422     0.425     0.424     0.427     0.426     0.415
C1906d2TS258_3  0        0        0        0        0        0        0        0        0        0         0.489     0.484     0.484     0.478     0.474     0.469     0.461     0.448
C1906d2TS228_1  0        0        0        0        0        0        0        0        0        0         0.458     0.458     0.456     0.457     0.454     0.451     0.448     0.436
C1906d2TS258_5  0        0        0        0        0        0        0        0        0        0         0.449     0.456     0.455     0.452     0.446     0.440     0.433     0.421
C1906d2TS258_4  0        0        0        0        0        0        0        0        0        0         0.446     0.449     0.454     0.455     0.449     0.444     0.437     0.425
C1906d2TS240_4  0        0        0        0        0        0        0        0        0        0         0.436     0.436     0.440     0.443     0.442     0.443     0.442     0.430
C1906d2TS345_2  0        0        0        0        0        0        0        0        0        0         0.321     0.321     0.323     0.323     0.326     0.328     0.328     0.323
C1906d2TS010_4  0        0        0        0        0        0        0        0        0        0         0.294     0.303     0.304     0.307     0.310     0.313     0.318     0.317
C1906d2TS010_2  0        0        0        0        0        0        0        0        0        0         0         0.359     0.360     0.360     0.362     0.366     0.367     0.364
C1906d2TS010_1  0        0        0        0        0        0        0        0        0        0         0         0.354     0.355     0.355     0.355     0.363     0.363     0.360
C1906d2TS123_1  0        0        0        0        0        0        0        0        0        0         0         0.297     0.297     0.297     0.296     0.298     0.300     0.309
C1906d2TS003_1  0        0        0        0        0        0        0        0        0        0         0         0         0.322     0.322     0.321     0.321     0.322     0.322
C1906d2TS347_3  0        0        0        0        0        0        0        0        0        0         0         0         0.277     0.277     0.277     0.277     0.278     0.281
C1906d2TS010_3  0        0        0        0        0        0        0        0        0        0         0         0         0         0.328     0.331     0.336     0.340     0.340
C1906d2TS347_1  0        0        0        0        0        0        0        0        0        0         0         0         0         0         0.282     0.282     0.282     0.284
C1906d2TS346_1  0        0        0        0        0        0        0        0        0        0         0         0         0         0         0.259     0.259     0.259     0.259
C1906d2TS067_3  0        0        0        0        0        0        0        0        0        0         0         0         0         0         0         0.312     0.312     0.315
C1906d2TS123_2  0        0        0        0        0        0        0        0        0        0         0         0         0         0         0         0         0.310     0.321
C1906d2TS123_4  0        0        0        0        0        0        0        0        0        0         0         0         0         0         0         0         0.300     0.310
C1906d2TS103_1  0        0        0        0        0        0        0        0        0        0         0         0         0         0         0         0         0.299     0.301
C1906d2TS347_2  0        0        0        0        0        0        0        0        0        0         0         0         0         0         0         0         0.281     0.286
C1906d2TS123_3  0        0        0        0        0        0        0        0        0        0         0         0         0         0         0         0         0         0.312
C1906d2TS049_2  0        0        0        0        0        0        0        0        0        0         0         0         0         0         0         0         0         0.269
