model           cs_top1  cs_top2  cs_top3  cs_top4  cs_top5  cs_top6  cs_top7  cs_top8  cs_top9  cs_top10  cs_top15  cs_top20  cs_top25  cs_top30  cs_top35  cs_top40  cs_top45  cs_top50
C1908x2TS389_1  [0.465]  [0.463]  [0.452]  [0.457]  [0.457]  [0.455]  [0.455]  [0.447]  [0.449]  [0.444]   [0.464]   [0.467]   [0.465]   [0.458]   [0.447]   [0.434]   [0.422]   [0.410]
C1908x2TS270_1  0.404    0.383    0.383    0.390    0.389    0.402    0.404    0.399    0.403    0.412     0.416     0.417     0.411     0.407     0.399     0.392     0.383     0.376
C1908x2TS345_1  0.402    0.346    0.347    0.339    0.347    0.343    0.336    0.332    0.328    0.326     0.325     0.320     0.318     0.318     0.316     0.312     0.309     0.306
C1908x2TS345_4  0.384    0.413    0.379    0.379    0.380    0.374    0.364    0.358    0.358    0.354     0.346     0.339     0.339     0.335     0.330     0.328     0.324     0.321
C1908x2TS215_3  0.365    0.358    0.370    0.381    0.382    0.383    0.382    0.384    0.392    0.389     0.383     0.383     0.379     0.377     0.369     0.363     0.356     0.348
C1908x2TS228_2  0.364    0.363    0.368    0.369    0.382    0.380    0.381    0.378    0.379    0.383     0.395     0.402     0.400     0.397     0.390     0.382     0.374     0.366
C1908x2TS345_2  0.361    0.343    0.335    0.352    0.350    0.353    0.347    0.366    0.360    0.356     0.345     0.342     0.341     0.338     0.333     0.330     0.325     0.322
C1908x2TS215_5  0.324    0.319    0.362    0.360    0.355    0.368    0.368    0.366    0.361    0.363     0.352     0.346     0.346     0.343     0.339     0.336     0.330     0.324
C1908x2TS049_5  0.303    0.300    0.301    0.302    0.303    0.304    0.303    0.303    0.303    0.304     0.307     0.307     0.308     0.308     0.308     0.308     0.313     0.321
C1908x2TS389_5  0        0.450    0.442    0.452    0.449    0.446    0.447    0.439    0.440    0.436     0.459     0.463     0.461     0.452     0.442     0.430     0.418     0.407
C1908x2TS389_4  0        0.433    0.429    0.445    0.441    0.438    0.441    0.433    0.434    0.429     0.451     0.458     0.454     0.445     0.434     0.422     0.410     0.399
C1908x2TS345_3  0        0.387    0.370    0.372    0.392    0.381    0.374    0.367    0.361    0.356     0.349     0.340     0.338     0.335     0.329     0.327     0.323     0.320
C1908x2TS228_3  0        0.362    0.379    0.389    0.386    0.383    0.381    0.378    0.380    0.383     0.399     0.398     0.398     0.392     0.385     0.378     0.370     0.362
C1908x2TS131_2  0        0.313    0.323    0.320    0.314    0.311    0.324    0.334    0.345    0.341     0.345     0.349     0.345     0.344     0.341     0.335     0.328     0.321
C1908x2TS131_4  0        0.285    0.295    0.295    0.291    0.290    0.294    0.302    0.306    0.304     0.312     0.317     0.318     0.317     0.316     0.313     0.310     0.304
C1908x2TS179_1  0        0.282    0.284    0.285    0.285    0.285    0.285    0.284    0.284    0.290     0.292     0.292     0.291     0.294     0.293     0.295     0.298     0.295
C1908x2TS389_3  0        0        0.433    0.442    0.445    0.442    0.442    0.438    0.438    0.435     0.455     0.460     0.456     0.450     0.440     0.428     0.417     0.406
C1908x2TS389_2  0        0        0.432    0.441    0.439    0.437    0.444    0.436    0.439    0.435     0.455     0.462     0.458     0.451     0.441     0.428     0.415     0.403
C1908x2TS210_2  0        0        0.379    0.386    0.398    0.396    0.403    0.401    0.401    0.407     0.422     0.431     0.433     0.429     0.422     0.412     0.402     0.392
C1908x2TS228_1  0        0        0.367    0.368    0.377    0.375    0.375    0.378    0.378    0.383     0.394     0.404     0.401     0.395     0.388     0.380     0.372     0.364
C1908x2TS432_1  0        0        0.344    0.346    0.346    0.346    0.346    0.344    0.344    0.345     0.359     0.366     0.368     0.365     0.364     0.359     0.353     0.348
C1908x2TS215_1  0        0        0.330    0.343    0.341    0.351    0.348    0.345    0.346    0.346     0.351     0.348     0.353     0.350     0.347     0.342     0.339     0.334
C1908x2TS131_3  0        0        0.318    0.315    0.309    0.305    0.313    0.317    0.322    0.320     0.327     0.336     0.334     0.337     0.334     0.329     0.323     0.316
C1908x2TS210_1  0        0        0        0.379    0.391    0.390    0.394    0.392    0.392    0.398     0.415     0.421     0.423     0.421     0.413     0.404     0.395     0.386
C1908x2TS215_4  0        0        0        0.330    0.340    0.360    0.357    0.353    0.357    0.362     0.357     0.357     0.354     0.352     0.345     0.340     0.335     0.329
C1908x2TS131_5  0        0        0        0.300    0.296    0.294    0.301    0.306    0.315    0.313     0.317     0.326     0.326     0.326     0.327     0.324     0.318     0.312
C1908x2TS073_3  0        0        0        0        0.316    0.316    0.315    0.313    0.312    0.312     0.315     0.315     0.316     0.320     0.327     0.332     0.331     0.328
C1908x2TS228_5  0        0        0        0        0        0.404    0.404    0.400    0.405    0.404     0.420     0.429     0.428     0.421     0.413     0.404     0.393     0.383
C1908x2TS345_5  0        0        0        0        0        0.320    0.325    0.326    0.324    0.328     0.331     0.331     0.332     0.331     0.330     0.326     0.323     0.320
C1908x2TS210_4  0        0        0        0        0        0        0.395    0.394    0.396    0.398     0.415     0.431     0.431     0.432     0.424     0.414     0.404     0.395
C1908x2TS215_2  0        0        0        0        0        0        0.347    0.348    0.353    0.358     0.358     0.364     0.364     0.361     0.355     0.349     0.343     0.338
C1908x2TS131_1  0        0        0        0        0        0        0.310    0.314    0.319    0.318     0.329     0.333     0.332     0.332     0.330     0.325     0.319     0.312
C1908x2TS123_2  0        0        0        0        0        0        0.285    0.283    0.283    0.284     0.288     0.289     0.293     0.294     0.297     0.296     0.297     0.294
C1908x2TS210_3  0        0        0        0        0        0        0        0.394    0.397    0.398     0.419     0.428     0.430     0.432     0.425     0.416     0.406     0.397
C1908x2TS228_4  0        0        0        0        0        0        0        0.344    0.345    0.346     0.355     0.362     0.362     0.361     0.360     0.356     0.349     0.341
C1908x2TS210_5  0        0        0        0        0        0        0        0        0.404    0.405     0.428     0.435     0.436     0.437     0.430     0.419     0.409     0.400
C1908x2TS073_4  0        0        0        0        0        0        0        0        0        0.298     0.301     0.302     0.304     0.307     0.314     0.319     0.318     0.315
C1908x2TS073_2  0        0        0        0        0        0        0        0        0        0         0.325     0.327     0.330     0.336     0.340     0.344     0.342     0.339
C1908x2TS073_5  0        0        0        0        0        0        0        0        0        0         0.308     0.309     0.310     0.313     0.317     0.325     0.327     0.324
C1908x2TS026_1  0        0        0        0        0        0        0        0        0        0         0.267     0.267     0.268     0.268     0.271     0.275     0.281     0.284
C1908x2TS073_1  0        0        0        0        0        0        0        0        0        0         0         0.328     0.333     0.339     0.340     0.343     0.341     0.337
C1908x2TS049_2  0        0        0        0        0        0        0        0        0        0         0         0.320     0.320     0.320     0.320     0.320     0.322     0.330
C1908x2TS123_1  0        0        0        0        0        0        0        0        0        0         0         0.303     0.303     0.305     0.310     0.315     0.313     0.310
C1908x2TS026_2  0        0        0        0        0        0        0        0        0        0         0         0         0.302     0.303     0.305     0.308     0.314     0.317
C1908x2TS049_1  0        0        0        0        0        0        0        0        0        0         0         0         0         0.309     0.308     0.308     0.313     0.318
C1908x2TS103_2  0        0        0        0        0        0        0        0        0        0         0         0         0         0.297     0.295     0.297     0.301     0.306
C1908x2TS067_2  0        0        0        0        0        0        0        0        0        0         0         0         0         0.268     0.267     0.268     0.269     0.276
C1908x2TS103_3  0        0        0        0        0        0        0        0        0        0         0         0         0         0.248     0.249     0.250     0.253     0.258
C1908x2TS123_3  0        0        0        0        0        0        0        0        0        0         0         0         0         0         0.324     0.331     0.332     0.332
C1908x2TS003_1  0        0        0        0        0        0        0        0        0        0         0         0         0         0         0.263     0.264     0.267     0.270
C1908x2TS404_1  0        0        0        0        0        0        0        0        0        0         0         0         0         0         0         0.319     0.323     0.325
C1908x2TS103_1  0        0        0        0        0        0        0        0        0        0         0         0         0         0         0         0.265     0.268     0.274
C1908x2TS049_3  0        0        0        0        0        0        0        0        0        0         0         0         0         0         0         0         0.328     0.336
C1908x2TS049_4  0        0        0        0        0        0        0        0        0        0         0         0         0         0         0         0         0.317     0.324
C1908x2TS067_1  0        0        0        0        0        0        0        0        0        0         0         0         0         0         0         0         0.268     0.281
C1908x2TS067_3  0        0        0        0        0        0        0        0        0        0         0         0         0         0         0         0         0.265     0.280
C1908x2TS067_4  0        0        0        0        0        0        0        0        0        0         0         0         0         0         0         0         0.259     0.272
C1908x2TS067_5  0        0        0        0        0        0        0        0        0        0         0         0         0         0         0         0         0         0.286
