model           cs_top1  cs_top2  cs_top3  cs_top4  cs_top5  cs_top6  cs_top7  cs_top8  cs_top9  cs_top10  cs_top20  cs_top50  cs_all
C1904d2TS210_5  [0.532]  [0.532]  [0.513]  [0.498]  [0.490]  0.480    0.470    0.465    0.461    0.459     0.444     0.400     0.373
C1904d2TS228_5  0.499    0.487    0.483    0.472    0.466    0.457    0.449    0.444    0.449    0.446     0.433     0.392     0.366
C1904d2TS228_1  0.451    0.441    0.469    0.492    0.474    0.465    0.452    0.447    0.450    0.444     0.424     0.387     0.363
C1904d2TS438_4  0.429    0.460    0.465    0.463    0.462    0.474    0.475    0.485    0.486    0.493     0.498     0.453     0.422
C1904d2TS210_4  0.421    0.424    0.410    0.392    0.381    0.378    0.373    0.369    0.367    0.366     0.360     0.344     0.321
C1904d2TS258_4  0.408    0.423    0.427    0.429    0.429    0.438    0.446    0.462    0.465    0.470     0.480     0.430     0.401
C1904d2TS215_4  0.316    0.322    0.341    0.339    0.347    0.355    0.353    0.352    0.351    0.352     0.354     0.341     0.319
C1904d2TS121_1  0.296    0.302    0.303    0.303    0.305    0.308    0.309    0.310    0.311    0.312     0.314     0.320     0.301
C1904d2TS438_1  0        0.472    0.480    0.475    0.472    [0.487]  [0.486]  [0.492]  [0.493]  [0.500]   [0.500]   [0.455]   [0.425]
C1904d2TS131_1  0        0.442    0.451    0.452    0.461    0.475    0.474    0.478    0.482    0.481     0.485     0.433     0.403
C1904d2TS228_2  0        0.439    0.469    0.487    0.471    0.461    0.449    0.446    0.450    0.445     0.424     0.388     0.363
C1904d2TS273_4  0        0.394    0.398    0.405    0.405    0.409    0.413    0.420    0.420    0.425     0.436     0.414     0.387
C1904d2TS438_3  0        0.353    0.354    0.355    0.356    0.360    0.360    0.362    0.363    0.365     0.373     0.359     0.335
C1904d2TS123_2  0        0.346    0.348    0.348    0.358    0.359    0.358    0.364    0.368    0.368     0.364     0.355     0.332
C1904d2TS210_1  0        0        0.430    0.432    0.436    0.451    0.453    0.451    0.456    0.457     0.454     0.429     0.400
C1904d2TS258_2  0        0        0.423    0.436    0.434    0.439    0.441    0.445    0.446    0.460     0.468     0.422     0.393
C1904d2TS258_3  0        0        0.422    0.424    0.431    0.436    0.445    0.449    0.451    0.458     0.470     0.421     0.392
C1904d2TS240_5  0        0        0.405    0.410    0.413    0.420    0.423    0.424    0.429    0.436     0.445     0.410     0.383
C1904d2TS240_1  0        0        0.402    0.408    0.409    0.417    0.424    0.428    0.429    0.432     0.446     0.412     0.385
C1904d2TS123_3  0        0        0.351    0.350    0.351    0.355    0.355    0.357    0.358    0.359     0.360     0.362     0.340
C1904d2TS131_2  0        0        0        0.447    0.460    0.472    0.473    0.478    0.481    0.480     0.484     0.432     0.403
C1904d2TS210_3  0        0        0        0.437    0.446    0.456    0.454    0.452    0.454    0.458     0.452     0.432     0.403
C1904d2TS240_4  0        0        0        0.411    0.413    0.422    0.430    0.432    0.434    0.440     0.451     0.417     0.389
C1904d2TS273_3  0        0        0        0.408    0.408    0.411    0.413    0.417    0.417    0.424     0.434     0.413     0.386
C1904d2TS240_2  0        0        0        0.407    0.408    0.431    0.431    0.432    0.432    0.438     0.442     0.405     0.378
C1904d2TS215_5  0        0        0        0.334    0.342    0.341    0.346    0.345    0.343    0.343     0.341     0.330     0.309
C1904d2TS210_2  0        0        0        0        0.445    0.462    0.461    0.459    0.461    0.462     0.459     0.439     0.410
C1904d2TS131_3  0        0        0        0        0.432    0.451    0.451    0.451    0.456    0.455     0.460     0.416     0.388
C1904d2TS273_1  0        0        0        0        0.409    0.413    0.416    0.422    0.421    0.428     0.441     0.413     0.387
C1904d2TS273_2  0        0        0        0        0.406    0.410    0.412    0.415    0.415    0.421     0.434     0.410     0.384
C1904d2TS215_3  0        0        0        0        0.324    0.325    0.331    0.333    0.333    0.332     0.338     0.325     0.304
C1904d2TS273_5  0        0        0        0        0        0.402    0.404    0.407    0.406    0.411     0.419     0.404     0.379
C1904d2TS258_1  0        0        0        0        0        0        0.457    0.467    0.469    0.479     0.491     0.441     0.411
C1904d2TS258_5  0        0        0        0        0        0        0.444    0.450    0.454    0.459     0.474     0.435     0.405
C1904d2TS240_3  0        0        0        0        0        0        0.412    0.417    0.422    0.426     0.441     0.403     0.375
C1904d2TS123_1  0        0        0        0        0        0        0.372    0.374    0.374    0.376     0.382     0.376     0.351
C1904d2TS123_5  0        0        0        0        0        0        0.338    0.339    0.340    0.340     0.342     0.346     0.324
C1904d2TS347_1  0        0        0        0        0        0        0        0.323    0.323    0.324     0.326     0.338     0.317
C1904d2TS405_4  0        0        0        0        0        0        0        0        0.466    0.467     0.468     0.445     0.415
C1904d2TS438_2  0        0        0        0        0        0        0        0        0.362    0.364     0.372     0.357     0.331
C1904d2TS215_1  0        0        0        0        0        0        0        0        0        0.311     0.314     0.320     0.302
C1904d2TS215_2  0        0        0        0        0        0        0        0        0        0         0.349     0.341     0.319
C1904d2TS347_3  0        0        0        0        0        0        0        0        0        0         0.333     0.340     0.319
C1904d2TS003_1  0        0        0        0        0        0        0        0        0        0         0.277     0.288     0.277
C1904d2TS067_1  0        0        0        0        0        0        0        0        0        0         0         0.363     0.344
C1904d2TS347_2  0        0        0        0        0        0        0        0        0        0         0         0.347     0.326
C1904d2TS103_1  0        0        0        0        0        0        0        0        0        0         0         0.345     0.325
C1904d2TS067_4  0        0        0        0        0        0        0        0        0        0         0         0.335     0.317
C1904d2TS067_2  0        0        0        0        0        0        0        0        0        0         0         0.324     0.306
C1904d2TS121_2  0        0        0        0        0        0        0        0        0        0         0         0.305     0.287
C1904d2TS049_1  0        0        0        0        0        0        0        0        0        0         0         0.233     0.245
C1904d2TS049_3  0        0        0        0        0        0        0        0        0        0         0         0.230     0.248
C1904d2TS049_2  0        0        0        0        0        0        0        0        0        0         0         0.219     0.238
C1904d2TS049_5  0        0        0        0        0        0        0        0        0        0         0         0.218     0.234
C1904d2TS049_4  0        0        0        0        0        0        0        0        0        0         0         0         0.237
