model           cs_top1  cs_top2  cs_top3  cs_top4  cs_top5  cs_top6  cs_top7  cs_top8  cs_top9  cs_top10  cs_top15  cs_top20  cs_top25  cs_top30  cs_top35  cs_top40  cs_top45  cs_top50
C1902x2TS215_3  [0.453]  0.429    0.438    0.431    0.424    0.421    0.412    0.406    0.401    0.397     0.385     0.387     0.375     0.362     0.343     0.340     0.340     0.340
C1902x2TS215_1  0.437    0.384    0.401    0.385    0.381    0.380    0.372    0.373    0.368    0.369     0.363     0.362     0.350     0.339     0.323     0.320     0.320     0.320
C1902x2TS389_2  0.425    0.418    0.431    0.437    0.426    0.423    0.423    0.424    0.431    0.435     0.443     0.444     0.427     0.412     0.388     0.384     0.384     0.384
C1902x2TS369_1  0.417    0.445    [0.443]  0.433    0.424    0.429    0.428    0.427    0.425    0.425     0.434     0.434     0.420     0.404     0.381     0.377     0.377     0.377
C1902x2TS215_5  0.378    0.377    0.377    0.366    0.366    0.358    0.353    0.356    0.352    0.350     0.345     0.349     0.346     0.335     0.320     0.317     0.317     0.317
C1902x2TS215_2  0.353    [0.447]  0.416    0.423    0.415    0.404    0.402    0.396    0.395    0.396     0.380     0.379     0.366     0.355     0.337     0.334     0.334     0.334
C1902x2TS258_1  0.353    0.372    0.378    0.382    0.415    0.429    [0.442]  [0.450]  [0.453]  [0.451]   0.454     0.441     0.418     0.400     0.375     0.371     0.371     0.371
C1902x2TS389_1  0        0.409    0.424    0.421    0.412    0.418    0.423    0.432    0.430    0.430     0.437     0.438     0.423     0.409     0.386     0.382     0.382     0.382
C1902x2TS389_3  0        0.406    0.416    0.421    0.414    0.415    0.422    0.428    0.428    0.433     0.443     0.451     0.436     0.421     0.399     0.395     0.395     0.395
C1902x2TS258_3  0        0.381    0.377    0.395    0.407    0.419    0.426    0.434    0.442    0.439     0.437     0.424     0.403     0.385     0.363     0.359     0.359     0.359
C1902x2TS228_5  0        0.351    0.355    0.358    0.357    0.366    0.369    0.369    0.374    0.375     0.379     0.383     0.386     0.376     0.359     0.356     0.356     0.356
C1902x2TS389_4  0        0        0.422    [0.441]  [0.432]  [0.431]  0.433    0.439    0.438    0.440     0.453     [0.459]   [0.443]   [0.428]   [0.403]   [0.399]   [0.399]   [0.399]
C1902x2TS389_5  0        0        0.419    0.431    0.424    0.429    0.430    0.431    0.435    0.446     [0.460]   0.455     0.439     0.423     0.399     0.395     0.395     0.395
C1902x2TS044_1  0        0        0.417    0.418    0.416    0.424    0.437    0.441    0.444    0.443     0.448     0.448     0.436     0.422     0.399     0.395     0.395     0.395
C1902x2TS228_3  0        0        0.373    0.377    0.385    0.387    0.402    0.403    0.402    0.411     0.422     0.427     0.413     0.397     0.373     0.369     0.369     0.369
C1902x2TS258_4  0        0        0.371    0.374    0.395    0.421    0.425    0.426    0.431    0.433     0.444     0.431     0.409     0.391     0.368     0.364     0.364     0.364
C1902x2TS215_4  0        0        0.339    0.375    0.375    0.368    0.363    0.359    0.361    0.359     0.353     0.353     0.353     0.342     0.325     0.323     0.323     0.323
C1902x2TS228_2  0        0        0        0.381    0.381    0.384    0.389    0.400    0.400    0.401     0.425     0.428     0.413     0.398     0.374     0.370     0.370     0.370
C1902x2TS228_4  0        0        0        0.380    0.381    0.384    0.394    0.396    0.396    0.402     0.418     0.423     0.414     0.397     0.373     0.369     0.369     0.369
C1902x2TS258_5  0        0        0        0        0.389    0.403    0.419    0.423    0.423    0.426     0.438     0.426     0.406     0.389     0.366     0.362     0.362     0.362
C1902x2TS228_1  0        0        0        0        0.374    0.377    0.382    0.384    0.389    0.391     0.409     0.423     0.407     0.390     0.367     0.363     0.363     0.363
C1902x2TS258_2  0        0        0        0        0        0.391    0.403    0.405    0.416    0.423     0.433     0.426     0.405     0.388     0.365     0.362     0.362     0.362
C1902x2TS003_1  0        0        0        0        0        0        0        0        0        0         0.269     0.270     0.271     0.273     0.292     0.292     0.292     0.292
C1902x2TS123_1  0        0        0        0        0        0        0        0        0        0         0         0.317     0.330     0.348     0.337     0.335     0.335     0.335
C1902x2TS123_5  0        0        0        0        0        0        0        0        0        0         0         0.316     0.328     0.351     0.342     0.341     0.341     0.341
C1902x2TS123_3  0        0        0        0        0        0        0        0        0        0         0         0.314     0.327     0.349     0.336     0.334     0.334     0.334
C1902x2TS123_2  0        0        0        0        0        0        0        0        0        0         0         0         0.334     0.344     0.330     0.328     0.328     0.328
C1902x2TS067_4  0        0        0        0        0        0        0        0        0        0         0         0         0.334     0.350     0.338     0.337     0.337     0.337
C1902x2TS067_3  0        0        0        0        0        0        0        0        0        0         0         0         0.324     0.346     0.334     0.333     0.333     0.333
C1902x2TS123_4  0        0        0        0        0        0        0        0        0        0         0         0         0.322     0.340     0.329     0.327     0.327     0.327
C1902x2TS067_1  0        0        0        0        0        0        0        0        0        0         0         0         0.320     0.340     0.331     0.329     0.329     0.329
C1902x2TS049_1  0        0        0        0        0        0        0        0        0        0         0         0         0.245     0.250     0.287     0.296     0.296     0.296
C1902x2TS049_2  0        0        0        0        0        0        0        0        0        0         0         0         0         0.231     0.270     0.280     0.280     0.280
C1902x2TS049_3  0        0        0        0        0        0        0        0        0        0         0         0         0         0         0.277     0.284     0.284     0.284
C1902x2TS049_4  0        0        0        0        0        0        0        0        0        0         0         0         0         0         0.274     0.281     0.281     0.281
C1902x2TS049_5  0        0        0        0        0        0        0        0        0        0         0         0         0         0         0.271     0.278     0.278     0.278
