model         cs_top1  cs_top2  cs_top3  cs_top4  cs_top5  cs_top6  cs_top7  cs_top8  cs_top9  cs_top10  cs_top15  cs_top20  cs_top25  cs_top30  cs_top35  cs_top40  cs_top45  cs_top50
C1910TS131_1  [0.690]  [0.662]  [0.654]  [0.648]  [0.656]  0.651    0.654    0.654    0.652    0.648     0.651     0.652     0.649     0.648     0.648     0.646     0.643     0.638
C1910TS414_3  0.649    0.632    0.633    0.642    0.653    0.648    0.652    0.650    0.648    0.645     0.643     0.643     0.640     0.639     0.639     0.637     0.634     0.629
C1910TS369_1  0.644    0.627    0.631    0.633    0.636    0.635    0.639    0.636    0.635    0.631     0.635     0.635     0.630     0.628     0.627     0.625     0.622     0.618
C1910TS210_1  0.643    0.627    0.640    0.647    0.655    [0.655]  [0.661]  [0.660]  [0.662]  [0.659]   [0.659]   [0.658]   [0.653]   0.649     0.646     0.643     0.639     0.635
C1910TS152_1  0.639    0.627    0.620    0.618    0.621    0.619    0.625    0.625    0.626    0.624     0.631     0.635     0.634     0.637     0.638     0.638     0.636     0.632
C1910TS044_1  0.633    0.615    0.620    0.620    0.627    0.627    0.633    0.634    0.635    0.633     0.637     0.642     0.641     0.641     0.642     0.641     0.639     0.634
C1910TS087_1  0.629    0.606    0.605    0.607    0.614    0.611    0.617    0.620    0.620    0.619     0.621     0.624     0.625     0.628     0.628     0.627     0.625     0.622
C1910TS309_1  0.612    0.603    0.600    0.598    0.604    0.603    0.605    0.605    0.611    0.608     0.613     0.616     0.615     0.616     0.617     0.616     0.614     0.610
C1910TS405_5  0.600    0.583    0.589    0.590    0.596    0.595    0.599    0.598    0.599    0.598     0.600     0.600     0.599     0.596     0.595     0.593     0.591     0.588
C1910TS123_3  0.557    0.544    0.548    0.549    0.553    0.552    0.555    0.556    0.558    0.557     0.559     0.563     0.563     0.563     0.564     0.563     0.562     0.560
C1910TS230_4  0.534    0.531    0.529    0.526    0.527    0.526    0.528    0.528    0.527    0.526     0.528     0.529     0.527     0.527     0.527     0.525     0.523     0.520
C1910TS182_2  0.523    0.514    0.509    0.507    0.510    0.510    0.513    0.515    0.516    0.518     0.520     0.524     0.526     0.529     0.531     0.533     0.534     0.534
C1910TS087_2  0.494    0.494    0.496    0.493    0.491    0.498    0.502    0.500    0.498    0.497     0.499     0.495     0.492     0.491     0.491     0.490     0.488     0.487
C1910TS345_1  0.458    0.479    0.478    0.468    0.466    0.462    0.463    0.466    0.465    0.467     0.464     0.465     0.465     0.466     0.466     0.465     0.464     0.463
C1910TS010_1  0.451    0.448    0.445    0.445    0.444    0.452    0.453    0.451    0.451    0.453     0.454     0.454     0.453     0.454     0.454     0.455     0.454     0.454
C1910TS073_4  0.425    0.436    0.431    0.433    0.430    0.443    0.441    0.442    0.439    0.441     0.438     0.433     0.431     0.432     0.431     0.430     0.430     0.430
C1910TS196_1  0        0.626    0.634    0.643    0.651    0.652    0.658    0.655    0.654    0.651     0.652     0.653     0.647     0.644     0.642     0.639     0.636     0.631
C1910TS210_5  0        0.616    0.634    0.635    0.646    0.644    0.647    0.646    0.648    0.646     0.646     0.645     0.643     0.639     0.637     0.634     0.630     0.626
C1910TS438_4  0        0.573    0.585    0.588    0.593    0.592    0.596    0.597    0.603    0.603     0.607     0.610     0.609     0.609     0.610     0.608     0.606     0.602
C1910TS258_3  0        0.538    0.536    0.535    0.537    0.537    0.541    0.541    0.542    0.540     0.544     0.548     0.549     0.552     0.554     0.554     0.553     0.551
C1910TS213_1  0        0.524    0.535    0.536    0.538    0.533    0.536    0.537    0.539    0.535     0.536     0.533     0.528     0.526     0.526     0.525     0.522     0.519
C1910TS213_2  0        0.521    0.533    0.531    0.534    0.529    0.531    0.531    0.535    0.532     0.533     0.531     0.526     0.524     0.523     0.522     0.520     0.516
C1910TS182_5  0        0.496    0.493    0.490    0.492    0.491    0.494    0.495    0.496    0.498     0.501     0.503     0.505     0.508     0.510     0.511     0.512     0.512
C1910TS345_3  0        0.437    0.439    0.446    0.453    0.448    0.451    0.452    0.452    0.451     0.453     0.454     0.455     0.455     0.456     0.455     0.454     0.453
C1910TS073_2  0        0.411    0.413    0.417    0.417    0.427    0.426    0.429    0.427    0.427     0.426     0.423     0.421     0.423     0.422     0.422     0.422     0.422
C1910TS369_5  0        0        0.623    0.623    0.626    0.625    0.630    0.632    0.634    0.631     0.640     0.644     0.640     0.642     0.642     0.641     0.639     0.634
C1910TS210_2  0        0        0.617    0.624    0.636    0.635    0.638    0.639    0.640    0.637     0.636     0.637     0.633     0.629     0.627     0.624     0.621     0.617
C1910TS413_3  0        0        0.590    0.597    0.600    0.601    0.606    0.608    0.611    0.611     0.615     0.617     0.614     0.613     0.612     0.612     0.609     0.606
C1910TS413_1  0        0        0.589    0.594    0.597    0.598    0.603    0.605    0.612    0.612     0.616     0.617     0.615     0.614     0.614     0.613     0.610     0.607
C1910TS413_2  0        0        0.572    0.574    0.579    0.579    0.584    0.586    0.591    0.594     0.600     0.602     0.598     0.598     0.597     0.597     0.594     0.592
C1910TS152_5  0        0        0.536    0.533    0.533    0.534    0.537    0.537    0.538    0.539     0.542     0.545     0.543     0.544     0.545     0.545     0.543     0.540
C1910TS215_3  0        0        0.485    0.485    0.489    0.487    0.490    0.490    0.491    0.489     0.492     0.498     0.497     0.496     0.497     0.496     0.494     0.491
C1910TS010_2  0        0        0.406    0.407    0.407    0.410    0.411    0.411    0.411    0.412     0.416     0.414     0.414     0.414     0.413     0.413     0.413     0.412
C1910TS073_3  0        0        0.403    0.413    0.411    0.416    0.416    0.416    0.415    0.415     0.414     0.412     0.413     0.415     0.415     0.414     0.414     0.415
C1910TS152_2  0        0        0        0.615    0.619    0.619    0.624    0.624    0.627    0.628     0.638     0.644     0.641     0.642     0.643     0.643     0.641     0.637
C1910TS309_5  0        0        0        0.594    0.602    0.600    0.604    0.612    0.612    0.610     0.615     0.618     0.618     0.619     0.620     0.619     0.617     0.613
C1910TS211_2  0        0        0        0.580    0.584    0.584    0.588    0.589    0.591    0.589     0.594     0.599     0.596     0.596     0.595     0.594     0.591     0.588
C1910TS123_1  0        0        0        0.574    0.578    0.577    0.581    0.585    0.586    0.584     0.590     0.593     0.591     0.592     0.593     0.593     0.592     0.590
C1910TS073_5  0        0        0        0.430    0.430    0.440    0.438    0.438    0.438    0.438     0.435     0.432     0.431     0.432     0.432     0.432     0.432     0.432
C1910TS073_1  0        0        0        0.420    0.425    0.430    0.428    0.428    0.427    0.429     0.427     0.424     0.424     0.426     0.425     0.424     0.425     0.425
C1910TS345_4  0        0        0        0.410    0.411    0.411    0.414    0.414    0.419    0.420     0.420     0.424     0.424     0.425     0.426     0.428     0.427     0.427
C1910TS349_1  0        0        0        0        0.642    0.645    0.652    0.653    0.652    0.651     0.652     0.654     0.651     [0.650]   [0.650]   [0.648]   [0.645]   [0.640]
C1910TS240_1  0        0        0        0        0.562    0.562    0.566    0.566    0.567    0.566     0.568     0.571     0.572     0.572     0.572     0.571     0.571     0.569
C1910TS123_4  0        0        0        0        0.551    0.551    0.554    0.555    0.557    0.556     0.563     0.565     0.562     0.563     0.564     0.566     0.564     0.562
C1910TS010_3  0        0        0        0        0.365    0.367    0.368    0.369    0.369    0.369     0.371     0.373     0.374     0.375     0.375     0.376     0.376     0.376
C1910TS389_1  0        0        0        0        0        0.536    0.540    0.542    0.544    0.544     0.548     0.553     0.556     0.559     0.562     0.564     0.565     0.563
C1910TS066_1  0        0        0        0        0        0        0.645    0.649    0.647    0.644     0.646     0.649     0.647     0.647     0.647     0.645     0.642     0.638
C1910TS152_3  0        0        0        0        0        0        0.561    0.563    0.564    0.564     0.570     0.577     0.578     0.583     0.585     0.586     0.586     0.585
C1910TS389_2  0        0        0        0        0        0        0.559    0.561    0.564    0.563     0.568     0.572     0.573     0.576     0.578     0.579     0.580     0.578
C1910TS345_2  0        0        0        0        0        0        0.466    0.468    0.467    0.465     0.469     0.474     0.476     0.477     0.478     0.477     0.475     0.473
C1910TS345_5  0        0        0        0        0        0        0.447    0.447    0.448    0.449     0.450     0.449     0.448     0.450     0.450     0.450     0.449     0.449
C1910TS230_2  0        0        0        0        0        0        0        0.593    0.593    0.591     0.595     0.600     0.598     0.599     0.599     0.599     0.597     0.594
C1910TS054_3  0        0        0        0        0        0        0        0.571    0.571    0.570     0.573     0.578     0.584     0.587     0.591     0.592     0.590     0.590
C1910TS211_3  0        0        0        0        0        0        0        0.480    0.480    0.479     0.481     0.486     0.487     0.486     0.486     0.485     0.485     0.483
C1910TS182_1  0        0        0        0        0        0        0        0        0.587    0.586     0.588     0.592     0.593     0.595     0.596     0.596     0.595     0.593
C1910TS347_1  0        0        0        0        0        0        0        0        0.534    0.535     0.541     0.542     0.542     0.545     0.547     0.547     0.546     0.543
C1910TS247_2  0        0        0        0        0        0        0        0        0        0.618     0.625     0.629     0.626     0.627     0.628     0.627     0.625     0.622
C1910TS010_5  0        0        0        0        0        0        0        0        0        0.417     0.420     0.422     0.423     0.424     0.424     0.425     0.424     0.425
C1910TS247_5  0        0        0        0        0        0        0        0        0        0         0.606     0.612     0.610     0.612     0.614     0.614     0.612     0.608
C1910TS309_2  0        0        0        0        0        0        0        0        0        0         0.605     0.609     0.609     0.609     0.609     0.608     0.606     0.603
C1910TS247_4  0        0        0        0        0        0        0        0        0        0         0.602     0.607     0.605     0.607     0.609     0.609     0.607     0.604
C1910TS247_3  0        0        0        0        0        0        0        0        0        0         0.600     0.604     0.603     0.604     0.604     0.604     0.602     0.598
C1910TS230_3  0        0        0        0        0        0        0        0        0        0         0.597     0.601     0.600     0.602     0.605     0.606     0.605     0.602
C1910TS087_3  0        0        0        0        0        0        0        0        0        0         0.589     0.594     0.596     0.598     0.599     0.598     0.597     0.595
C1910TS179_1  0        0        0        0        0        0        0        0        0        0         0.587     0.592     0.591     0.593     0.596     0.597     0.596     0.594
C1910TS054_2  0        0        0        0        0        0        0        0        0        0         0.555     0.561     0.565     0.568     0.574     0.576     0.576     0.574
C1910TS389_3  0        0        0        0        0        0        0        0        0        0         0.548     0.552     0.553     0.556     0.559     0.561     0.562     0.561
C1910TS158_3  0        0        0        0        0        0        0        0        0        0         0.546     0.550     0.550     0.552     0.554     0.556     0.555     0.554
C1910TS258_2  0        0        0        0        0        0        0        0        0        0         0.538     0.541     0.541     0.543     0.546     0.547     0.547     0.545
C1910TS215_2  0        0        0        0        0        0        0        0        0        0         0.491     0.495     0.497     0.499     0.501     0.501     0.499     0.497
C1910TS010_4  0        0        0        0        0        0        0        0        0        0         0.377     0.381     0.384     0.385     0.386     0.386     0.387     0.387
C1910TS247_1  0        0        0        0        0        0        0        0        0        0         0         0.610     0.608     0.611     0.612     0.613     0.610     0.606
C1910TS054_4  0        0        0        0        0        0        0        0        0        0         0         0.591     0.595     0.599     0.603     0.604     0.602     0.600
C1910TS258_5  0        0        0        0        0        0        0        0        0        0         0         0.586     0.585     0.587     0.589     0.590     0.589     0.586
C1910TS054_1  0        0        0        0        0        0        0        0        0        0         0         0.585     0.589     0.592     0.598     0.599     0.598     0.595
C1910TS309_3  0        0        0        0        0        0        0        0        0        0         0         0.582     0.584     0.588     0.591     0.591     0.590     0.588
C1910TS389_4  0        0        0        0        0        0        0        0        0        0         0         0.552     0.554     0.557     0.559     0.560     0.560     0.559
C1910TS215_4  0        0        0        0        0        0        0        0        0        0         0         0.543     0.542     0.543     0.544     0.543     0.541     0.540
C1910TS258_1  0        0        0        0        0        0        0        0        0        0         0         0.526     0.526     0.528     0.530     0.531     0.531     0.529
C1910TS158_4  0        0        0        0        0        0        0        0        0        0         0         0.523     0.524     0.527     0.529     0.529     0.529     0.530
C1910TS003_1  0        0        0        0        0        0        0        0        0        0         0         0.484     0.482     0.482     0.483     0.483     0.481     0.479
C1910TS215_1  0        0        0        0        0        0        0        0        0        0         0         0         0.590     0.595     0.598     0.600     0.600     0.598
C1910TS309_4  0        0        0        0        0        0        0        0        0        0         0         0         0.588     0.592     0.596     0.597     0.596     0.593
C1910TS158_5  0        0        0        0        0        0        0        0        0        0         0         0         0.571     0.572     0.573     0.574     0.572     0.571
C1910TS389_5  0        0        0        0        0        0        0        0        0        0         0         0         0.533     0.536     0.538     0.539     0.539     0.538
C1910TS215_5  0        0        0        0        0        0        0        0        0        0         0         0         0         0.554     0.557     0.557     0.558     0.556
C1910TS228_3  0        0        0        0        0        0        0        0        0        0         0         0         0         0.544     0.543     0.543     0.542     0.540
C1910TS158_2  0        0        0        0        0        0        0        0        0        0         0         0         0         0         0         0.558     0.557     0.555
C1910TS158_1  0        0        0        0        0        0        0        0        0        0         0         0         0         0         0         0         0.521     0.520
C1910TS003_2  0        0        0        0        0        0        0        0        0        0         0         0         0         0         0         0         0.509     0.507
C1910TS258_4  0        0        0        0        0        0        0        0        0        0         0         0         0         0         0         0         0.493     0.493
C1910TS273_5  0        0        0        0        0        0        0        0        0        0         0         0         0         0         0         0         0.444     0.445
C1910TS003_3  0        0        0        0        0        0        0        0        0        0         0         0         0         0         0         0         0         0.476
