model           cs_top1  cs_top2  cs_top3  cs_top4  cs_top5  cs_top6  cs_top7  cs_top8  cs_top9  cs_top10  cs_top15  cs_top20  cs_top25  cs_top30  cs_top35  cs_top40  cs_top45  cs_top50
C1901d1TS273_3  [0]      [0.826]  [0.818]  [0.813]  0.816    0.764    0.687    0.644    0.603    0.579     0.518     0.496     0.482     0.474     0.456     0.446     0.435     0.425
C1901d1TS273_1  [0]      [0.826]  0.811    0.802    0.801    0.751    0.675    0.633    0.593    0.569     0.510     0.488     0.475     0.466     0.449     0.439     0.428     0.418
C1901d1TS273_4  [0]      0        0.803    0.811    0.819    0.769    0.691    0.648    0.606    0.582     0.521     0.499     0.486     0.477     0.460     0.450     [0.440]   0.429
C1901d1TS273_5  [0]      0        0        0.805    0.812    0.763    0.687    0.644    0.604    0.581     0.523     0.500     0.486     [0.478]   [0.461]   [0.451]   [0.440]   [0.430]
C1901d1TS273_2  [0]      0        0        0        [0.825]  [0.773]  [0.695]  [0.651]  [0.609]  [0.585]   [0.524]   [0.501]   [0.487]   [0.478]   [0.461]   [0.451]   [0.440]   [0.430]
C1901d1TS215_3  [0]      0        0        0        0        0.561    0.517    0.497    0.474    0.461     0.432     0.421     0.415     0.410     0.399     0.393     0.386     0.380
C1901d1TS215_1  [0]      0        0        0        0        0        0.301    0.299    0.297    0.297     0.295     0.295     0.297     0.294     0.290     0.288     0.286     0.284
C1901d1TS215_2  [0]      0        0        0        0        0        0        0.371    0.361    0.355     0.342     0.337     0.334     0.331     0.325     0.321     0.317     0.313
C1901d1TS215_4  [0]      0        0        0        0        0        0        0        0.308    0.308     0.325     0.319     0.317     0.312     0.308     0.305     0.302     0.300
C1901d1TS228_1  [0]      0        0        0        0        0        0        0        0        0.355     0.458     0.436     0.428     0.415     0.401     0.394     0.385     0.377
C1901d1TS131_1  [0]      0        0        0        0        0        0        0        0        0         0         0.381     0.405     0.400     0.394     0.392     0.388     0.382
C1901d1TS131_2  [0]      0        0        0        0        0        0        0        0        0         0         0.380     0.403     0.397     0.391     0.389     0.383     0.379
C1901d1TS131_3  [0]      0        0        0        0        0        0        0        0        0         0         0         0.414     0.410     0.404     0.401     0.397     0.392
C1901d1TS131_4  [0]      0        0        0        0        0        0        0        0        0         0         0         0.404     0.399     0.392     0.389     0.384     0.379
C1901d1TS131_5  [0]      0        0        0        0        0        0        0        0        0         0         0         0.414     0.408     0.401     0.398     0.393     0.388
C1901d1TS210_1  [0]      0        0        0        0        0        0        0        0        0         0         0         0         0.390     0.385     0.386     0.381     0.376
C1901d1TS210_2  [0]      0        0        0        0        0        0        0        0        0         0         0.376     0.380     0.381     0.375     0.375     0.370     0.365
C1901d1TS210_3  [0]      0        0        0        0        0        0        0        0        0         0         0         0         0         0         0.373     0.369     0.365
C1901d1TS210_4  [0]      0        0        0        0        0        0        0        0        0         0         0.380     0.384     0.385     0.380     0.381     0.376     0.371
C1901d1TS210_5  [0]      0        0        0        0        0        0        0        0        0         0         0         0         0         0         0         0         0.343
C1901d1TS215_5  [0]      0        0        0        0        0        0        0        0        0         0.328     0.323     0.321     0.316     0.311     0.309     0.306     0.304
C1901d1TS228_2  [0]      0        0        0        0        0        0        0        0        0         0.458     0.437     0.431     0.418     0.404     0.397     0.388     0.380
C1901d1TS228_3  [0]      0        0        0        0        0        0        0        0        0         0.435     0.421     0.420     0.410     0.399     0.393     0.385     0.378
C1901d1TS228_4  [0]      0        0        0        0        0        0        0        0        0         0.454     0.433     0.426     0.413     0.400     0.392     0.383     0.376
C1901d1TS228_5  [0]      0        0        0        0        0        0        0        0        0         0         0         0.404     0.399     0.391     0.388     0.382     0.376
C1901d1TS240_1  [0]      0        0        0        0        0        0        0        0        0         0         0         0         0.350     0.355     0.354     0.357     0.354
C1901d1TS240_2  [0]      0        0        0        0        0        0        0        0        0         0         0         0         0         0.349     0.348     0.351     0.349
C1901d1TS240_3  [0]      0        0        0        0        0        0        0        0        0         0         0         0         0         0         0         0.341     0.339
C1901d1TS240_4  [0]      0        0        0        0        0        0        0        0        0         0         0         0         0         0.354     0.352     0.355     0.353
C1901d1TS240_5  [0]      0        0        0        0        0        0        0        0        0         0         0         0         0         0         0         0.356     0.353
C1901d1TS247_1  [0]      0        0        0        0        0        0        0        0        0         0         0         0         0.326     0.331     0.330     0.332     0.329
C1901d1TS247_2  [0]      0        0        0        0        0        0        0        0        0         0         0         0         0         0         0         0.331     0.328
C1901d1TS247_3  [0]      0        0        0        0        0        0        0        0        0         0         0         0         0         0.337     0.336     0.339     0.336
C1901d1TS247_4  [0]      0        0        0        0        0        0        0        0        0         0         0         0         0         0.328     0.327     0.330     0.327
C1901d1TS247_5  [0]      0        0        0        0        0        0        0        0        0         0         0         0         0         0         0         0.313     0.310
C1901d1TS258_1  [0]      0        0        0        0        0        0        0        0        0         0         0         0         0.419     0.408     0.401     0.393     0.387
C1901d1TS258_2  [0]      0        0        0        0        0        0        0        0        0         0.435     0.436     0.435     0.436     0.423     0.415     0.407     0.399
C1901d1TS258_3  [0]      0        0        0        0        0        0        0        0        0         0         0.428     0.426     0.428     0.416     0.408     0.399     0.392
C1901d1TS258_4  [0]      0        0        0        0        0        0        0        0        0         0         0         0.403     0.407     0.397     0.391     0.384     0.377
C1901d1TS258_5  [0]      0        0        0        0        0        0        0        0        0         0         0         0         0.409     0.399     0.392     0.385     0.379
C1901d1TS347_3  [0]      0        0        0        0        0        0        0        0        0         0         0         0         0         0         0         0         0.261
C1901d1TS405_1  [0]      0        0        0        0        0        0        0        0        0         0         0         0         0         0         0         0         0.343
C1901d1TS405_3  [0]      0        0        0        0        0        0        0        0        0         0         0         0         0         0         0         0.334     0.338
C1901d1TS405_4  [0]      0        0        0        0        0        0        0        0        0         0         0         0         0         0         0         0         0.348
C1901d1TS405_5  [0]      0        0        0        0        0        0        0        0        0         0         0         0         0         0         0         0         0.339
C1901d1TS438_1  [0]      0        0        0        0        0        0        0        0        0         0         0         0         0         0         0.383     0.377     0.371
C1901d1TS438_2  [0]      0        0        0        0        0        0        0        0        0         0         0         0         0         0         0.392     0.384     0.376
C1901d1TS438_3  [0]      0        0        0        0        0        0        0        0        0         0         0         0         0         0         0.390     0.382     0.375
C1901d1TS438_4  [0]      0        0        0        0        0        0        0        0        0         0         0         0         0         0.340     0.388     0.380     0.372
C1901d1TS438_5  [0]      0        0        0        0        0        0        0        0        0         0         0         0         0         0         0.390     0.382     0.374
