model           cs_top1  cs_top2  cs_top3  cs_top4  cs_top5  cs_top6  cs_top7  cs_top8  cs_top9  cs_top10  cs_top15  cs_top20  cs_top25  cs_top30  cs_top35  cs_top40  cs_top45  cs_top50
C1901d2TS131_3  [0]      [0.646]  [0.767]  [0.728]  [0.748]  [0.760]  0.772    0.723    0.684    0.657     0.602     0.582     0.564     0.554     0.554     0.549     0.550     0.550
C1901d2TS210_5  [0]      [0.646]  0.644    0.672    0.667    0.662    0.662    0.626    0.596    0.579     0.557     0.553     0.541     0.540     0.544     0.540     0.545     0.547
C1901d2TS131_2  [0]      0        0.765    0.721    0.740    0.755    0.771    0.722    0.683    0.657     0.602     0.581     0.561     0.551     0.551     0.546     0.548     0.548
C1901d2TS210_3  [0]      0        0        0.671    0.663    0.658    0.657    0.621    0.594    0.576     0.560     0.552     0.539     0.537     0.540     0.538     0.542     0.544
C1901d2TS131_1  [0]      0        0        0        0.724    0.743    0.758    0.711    0.672    0.647     0.592     0.572     0.555     0.546     0.547     0.541     0.543     0.543
C1901d2TS131_4  [0]      0        0        0        0        0.745    0.764    0.717    0.680    0.655     0.602     [0.583]   [0.565]   [0.555]   [0.556]   [0.550]   0.552     0.552
C1901d2TS131_5  [0]      0        0        0        0        0        [0.780]  [0.730]  [0.689]  [0.663]   [0.604]   [0.583]   0.564     0.554     0.554     0.548     0.550     0.550
C1901d2TS215_2  [0]      0        0        0        0        0        0        0.425    0.414    0.411     0.407     0.405     0.400     0.397     0.401     0.402     0.405     0.407
C1901d2TS215_4  [0]      0        0        0        0        0        0        0        0.397    0.391     0.412     0.405     0.398     0.393     0.395     0.393     0.393     0.393
C1901d2TS215_1  [0]      0        0        0        0        0        0        0        0        0.427     0.413     0.410     0.405     0.401     0.403     0.401     0.404     0.404
C1901d2TS010_1  [0]      0        0        0        0        0        0        0        0        0         0         0         0         0         0         0.455     0.459     0.462
C1901d2TS010_2  [0]      0        0        0        0        0        0        0        0        0         0         0         0         0         0         0         0         0.423
C1901d2TS010_3  [0]      0        0        0        0        0        0        0        0        0         0         0         0         0.451     0.453     0.453     0.455     0.458
C1901d2TS010_4  [0]      0        0        0        0        0        0        0        0        0         0.407     0.407     0.406     0.404     0.407     0.409     0.411     0.413
C1901d2TS010_5  [0]      0        0        0        0        0        0        0        0        0         0         0         0.436     0.434     0.435     0.437     0.440     0.442
C1901d2TS103_2  [0]      0        0        0        0        0        0        0        0        0         0         0         0         0         0         0         0         0.441
C1901d2TS123_1  [0]      0        0        0        0        0        0        0        0        0         0         0         0.429     0.442     0.440     0.434     0.433     0.433
C1901d2TS123_2  [0]      0        0        0        0        0        0        0        0        0         0         0.419     0.426     0.430     0.431     0.427     0.428     0.428
C1901d2TS210_2  [0]      0        0        0        0        0        0        0        0        0         0         0.517     0.507     0.507     0.509     0.509     0.514     0.516
C1901d2TS210_4  [0]      0        0        0        0        0        0        0        0        0         0.521     0.528     0.520     0.520     0.523     0.522     0.526     0.528
C1901d2TS215_5  [0]      0        0        0        0        0        0        0        0        0         0.413     0.405     0.398     0.394     0.396     0.393     0.394     0.394
C1901d2TS228_1  [0]      0        0        0        0        0        0        0        0        0         0         0         0         0         0         0         0.495     0.492
C1901d2TS228_2  [0]      0        0        0        0        0        0        0        0        0         0         0         0         0         0         0.484     0.496     0.494
C1901d2TS228_3  [0]      0        0        0        0        0        0        0        0        0         0         0         0         0         0         0.483     0.493     0.491
C1901d2TS228_4  [0]      0        0        0        0        0        0        0        0        0         0         0         0         0         0         0.481     0.493     0.490
C1901d2TS228_5  [0]      0        0        0        0        0        0        0        0        0         0         0         0         0.495     0.500     0.506     0.512     0.514
C1901d2TS240_1  [0]      0        0        0        0        0        0        0        0        0         0.527     0.524     0.511     0.506     0.512     0.511     0.515     0.517
C1901d2TS240_2  [0]      0        0        0        0        0        0        0        0        0         0.519     0.518     0.506     0.501     0.506     0.507     0.511     0.512
C1901d2TS240_3  [0]      0        0        0        0        0        0        0        0        0         0         0         0         0         0.527     0.527     0.530     0.531
C1901d2TS240_4  [0]      0        0        0        0        0        0        0        0        0         0         0.538     0.524     0.518     0.529     0.529     0.533     0.534
C1901d2TS240_5  [0]      0        0        0        0        0        0        0        0        0         0         0         0         0         0.524     0.525     0.529     0.530
C1901d2TS258_1  [0]      0        0        0        0        0        0        0        0        0         0         0         0         0         0         0         0.503     0.504
C1901d2TS258_2  [0]      0        0        0        0        0        0        0        0        0         0         0         0         0         0         0         0.510     0.511
C1901d2TS258_3  [0]      0        0        0        0        0        0        0        0        0         0         0         0         0         0         0.501     0.508     0.510
C1901d2TS267_1  [0]      0        0        0        0        0        0        0        0        0         0         0.438     0.433     0.432     0.433     0.429     0.432     0.433
C1901d2TS267_2  [0]      0        0        0        0        0        0        0        0        0         0         0         0         0.433     0.433     0.428     0.428     0.428
C1901d2TS267_3  [0]      0        0        0        0        0        0        0        0        0         0         0         0         0         0.471     0.470     0.474     0.476
C1901d2TS267_4  [0]      0        0        0        0        0        0        0        0        0         0         0         0.419     0.422     0.422     0.420     0.422     0.423
C1901d2TS267_5  [0]      0        0        0        0        0        0        0        0        0         0         0         0         0.439     0.437     0.432     0.431     0.430
C1901d2TS273_2  [0]      0        0        0        0        0        0        0        0        0         0         0         0         0         0.461     0.460     0.461     0.464
C1901d2TS273_3  [0]      0        0        0        0        0        0        0        0        0         0         0.483     0.520     0.512     0.511     0.508     0.508     0.508
C1901d2TS273_4  [0]      0        0        0        0        0        0        0        0        0         0         0         0.520     0.512     0.511     0.508     0.508     0.508
C1901d2TS273_5  [0]      0        0        0        0        0        0        0        0        0         0         0         0.520     0.512     0.511     0.508     0.508     0.508
C1901d2TS347_1  [0]      0        0        0        0        0        0        0        0        0         0         0         0         0.502     0.505     0.503     0.507     0.509
C1901d2TS347_3  [0]      0        0        0        0        0        0        0        0        0         0         0         0         0         0.495     0.493     0.497     0.498
C1901d2TS405_2  [0]      0        0        0        0        0        0        0        0        0         0         0         0         0         0         0         0.489     0.497
C1901d2TS405_4  [0]      0        0        0        0        0        0        0        0        0         0         0         0         0         0         0         0         0.497
C1901d2TS438_1  [0]      0        0        0        0        0        0        0        0        0         0         0         0         0         0         0         [0.566]   [0.573]
C1901d2TS438_3  [0]      0        0        0        0        0        0        0        0        0         0         0         0         0         0         0         0         0.569
C1901d2TS438_4  [0]      0        0        0        0        0        0        0        0        0         0         0         0         0         0         0         0         0.567
