model           cs_top1  cs_top2  cs_top3  cs_top4  cs_top5  cs_top6  cs_top7  cs_top8  cs_top9  cs_top10  cs_top15  cs_top20  cs_top25  cs_top30  cs_top35  cs_top40  cs_top45  cs_top50
C1902d1TS258_4  [0]      [0.528]  [0.586]  0.538    0.519    0.510    0.510    0.497    0.492    0.488     0.482     0.478     0.481     0.474     0.475     0.470     0.461     0.453
C1902d1TS273_1  [0]      [0.528]  0.527    0.504    0.497    0.494    0.490    0.483    0.480    0.478     0.468     0.463     0.464     0.460     0.457     0.452     0.444     0.437
C1902d1TS258_1  [0]      0        [0.586]  [0.540]  [0.524]  [0.515]  [0.517]  [0.504]  [0.501]  0.497     0.490     0.487     0.491     0.484     0.483     0.478     0.468     0.460
C1902d1TS273_3  [0]      0        0        0.450    0.448    0.450    0.456    0.455    0.457    0.457     0.455     0.455     0.455     0.453     0.451     0.449     0.442     0.437
C1902d1TS210_4  [0]      0        0        0        0.463    0.481    0.481    0.476    0.475    0.479     0.472     0.472     0.473     0.473     0.472     0.470     0.462     0.454
C1902d1TS210_5  [0]      0        0        0        0        0.489    0.491    0.484    0.484    0.487     0.488     0.489     0.492     0.490     0.490     0.488     0.479     0.471
C1902d1TS438_5  [0]      0        0        0        0        0        0.497    0.495    0.499    [0.505]   0.526     [0.541]   [0.545]   [0.540]   [0.537]   [0.532]   [0.522]   0.512
C1902d1TS273_2  [0]      0        0        0        0        0        0        0.443    0.449    0.455     0.451     0.452     0.453     0.453     0.451     0.449     0.443     0.437
C1902d1TS131_5  [0]      0        0        0        0        0        0        0        0.478    0.480     0.500     0.516     0.522     0.524     0.519     0.513     0.502     0.493
C1902d1TS273_4  [0]      0        0        0        0        0        0        0        0        0.490     0.489     0.492     0.493     0.493     0.491     0.488     0.480     0.473
C1902d1TS438_4  [0]      0        0        0        0        0        0        0        0        0         [0.529]   [0.541]   [0.545]   [0.540]   [0.537]   [0.532]   [0.522]   [0.513]
C1902d1TS228_3  [0]      0        0        0        0        0        0        0        0        0         0.494     0.514     0.512     0.519     0.512     0.506     0.495     0.486
C1902d1TS228_2  [0]      0        0        0        0        0        0        0        0        0         0.493     0.514     0.511     0.519     0.511     0.505     0.495     0.485
C1902d1TS131_3  [0]      0        0        0        0        0        0        0        0        0         0.491     0.504     0.511     0.513     0.508     0.503     0.492     0.483
C1902d1TS258_3  [0]      0        0        0        0        0        0        0        0        0         0.463     0.463     0.465     0.461     0.464     0.459     0.451     0.444
C1902d1TS438_1  [0]      0        0        0        0        0        0        0        0        0         0         0.534     0.537     0.532     0.529     0.524     0.513     0.504
C1902d1TS228_1  [0]      0        0        0        0        0        0        0        0        0         0         0.511     0.509     0.517     0.510     0.504     0.494     0.484
C1902d1TS131_2  [0]      0        0        0        0        0        0        0        0        0         0         0.508     0.514     0.517     0.511     0.506     0.495     0.486
C1902d1TS240_5  [0]      0        0        0        0        0        0        0        0        0         0         0.494     0.496     0.497     0.504     0.504     0.499     0.490
C1902d1TS210_2  [0]      0        0        0        0        0        0        0        0        0         0         0.489     0.512     0.515     0.518     0.523     0.512     0.503
C1902d1TS438_3  [0]      0        0        0        0        0        0        0        0        0         0         0         0.531     0.527     0.524     0.520     0.510     0.502
C1902d1TS228_5  [0]      0        0        0        0        0        0        0        0        0         0         0         0.513     0.516     0.513     0.512     0.501     0.493
C1902d1TS405_2  [0]      0        0        0        0        0        0        0        0        0         0         0         0.512     0.515     0.518     0.523     0.512     0.503
C1902d1TS131_1  [0]      0        0        0        0        0        0        0        0        0         0         0         0.506     0.508     0.505     0.500     0.490     0.480
C1902d1TS258_5  [0]      0        0        0        0        0        0        0        0        0         0         0         0.474     0.468     0.467     0.462     0.453     0.446
C1902d1TS228_4  [0]      0        0        0        0        0        0        0        0        0         0         0         0         0.507     0.501     0.495     0.485     0.476
C1902d1TS131_4  [0]      0        0        0        0        0        0        0        0        0         0         0         0         0.505     0.501     0.496     0.485     0.476
C1902d1TS405_5  [0]      0        0        0        0        0        0        0        0        0         0         0         0         0.502     0.507     0.514     0.505     0.496
C1902d1TS044_1  [0]      0        0        0        0        0        0        0        0        0         0         0         0         0.499     0.495     0.493     0.484     0.476
C1902d1TS301_1  [0]      0        0        0        0        0        0        0        0        0         0         0         0         0.499     0.495     0.493     0.484     0.476
C1902d1TS240_4  [0]      0        0        0        0        0        0        0        0        0         0         0         0         0         0.504     0.506     0.501     0.493
C1902d1TS210_3  [0]      0        0        0        0        0        0        0        0        0         0         0         0         0         0.500     0.505     0.495     0.487
C1902d1TS405_3  [0]      0        0        0        0        0        0        0        0        0         0         0         0         0         0.500     0.505     0.495     0.487
C1902d1TS240_1  [0]      0        0        0        0        0        0        0        0        0         0         0         0         0         0.492     0.492     0.486     0.478
C1902d1TS258_2  [0]      0        0        0        0        0        0        0        0        0         0         0         0         0         0.467     0.462     0.454     0.446
C1902d1TS210_1  [0]      0        0        0        0        0        0        0        0        0         0         0         0         0         0         0.522     0.511     0.503
C1902d1TS405_1  [0]      0        0        0        0        0        0        0        0        0         0         0         0         0         0         0.522     0.511     0.503
C1902d1TS405_4  [0]      0        0        0        0        0        0        0        0        0         0         0         0         0         0         0.501     0.492     0.484
C1902d1TS240_3  [0]      0        0        0        0        0        0        0        0        0         0         0         0         0         0         0.492     0.488     0.479
C1902d1TS123_2  [0]      0        0        0        0        0        0        0        0        0         0         0         0         0         0         0.385     0.383     0.381
C1902d1TS240_2  [0]      0        0        0        0        0        0        0        0        0         0         0         0         0         0         0         0.495     0.486
C1902d1TS215_3  [0]      0        0        0        0        0        0        0        0        0         0         0         0         0         0         0         0.402     0.397
C1902d1TS123_1  [0]      0        0        0        0        0        0        0        0        0         0         0         0         0         0         0         0.386     0.384
C1902d1TS347_1  [0]      0        0        0        0        0        0        0        0        0         0         0         0         0         0         0         0.384     0.381
C1902d1TS215_2  [0]      0        0        0        0        0        0        0        0        0         0         0         0         0         0         0         0.381     0.379
C1902d1TS273_5  [0]      0        0        0        0        0        0        0        0        0         0         0         0         0         0         0         0         0.423
C1902d1TS123_5  [0]      0        0        0        0        0        0        0        0        0         0         0         0         0         0         0         0         0.418
C1902d1TS438_2  [0]      0        0        0        0        0        0        0        0        0         0         0         0         0         0         0         0         0.403
C1902d1TS215_5  [0]      0        0        0        0        0        0        0        0        0         0         0         0         0         0         0         0         0.379
C1902d1TS347_2  [0]      0        0        0        0        0        0        0        0        0         0         0         0         0         0         0         0         0.366
