model           cs_top1  cs_top2  cs_top3  cs_top4  cs_top5  cs_top6  cs_top7  cs_top8  cs_top9  cs_top10  cs_top15  cs_top20  cs_top25  cs_top30  cs_top35  cs_top40  cs_top45  cs_top50
C1902d3TS210_1  [0]      [0.491]  [0.745]  [0.747]  [0.748]  [0.702]  [0.673]  [0.636]  [0.611]  0.600     0.550     0.522     0.507     0.502     0.496     0.491     0.484     0.484
C1902d3TS215_2  [0]      [0.491]  0.491    0.487    0.485    0.521    0.546    0.543    0.536    0.550     0.565     0.553     0.557     0.565     0.566     0.567     0.559     0.560
C1902d3TS405_1  [0]      0        [0.745]  [0.747]  [0.748]  [0.702]  [0.673]  [0.636]  [0.611]  0.600     0.550     0.522     0.507     0.502     0.496     0.491     0.484     0.484
C1902d3TS210_2  [0]      0        0        0.660    0.745    0.698    0.667    0.629    0.605    0.594     0.543     0.514     0.497     0.492     0.486     0.480     0.474     0.476
C1902d3TS405_2  [0]      0        0        0        0.745    0.698    0.667    0.629    0.605    0.594     0.543     0.514     0.497     0.492     0.486     0.480     0.474     0.476
C1902d3TS131_2  [0]      0        0        0        0        0.543    0.616    0.607    0.592    [0.636]   [0.654]   [0.647]   [0.647]   [0.652]   [0.650]   [0.647]   [0.636]   [0.634]
C1902d3TS131_4  [0]      0        0        0        0        0        0.620    0.610    0.594    [0.636]   0.653     0.646     0.645     0.651     0.648     0.645     0.634     0.632
C1902d3TS215_1  [0]      0        0        0        0        0        0        0.466    0.460    0.471     0.485     0.480     0.490     0.499     0.499     0.500     0.495     0.494
C1902d3TS345_3  [0]      0        0        0        0        0        0        0        0.453    0.457     0.453     0.446     0.442     0.443     0.442     0.442     0.440     0.441
C1902d3TS131_1  [0]      0        0        0        0        0        0        0        0        0.634     0.653     0.646     0.646     0.651     0.649     0.646     0.635     0.633
C1902d3TS010_1  [0]      0        0        0        0        0        0        0        0        0         0         0         0         0         0.399     0.400     0.400     0.402
C1902d3TS044_1  [0]      0        0        0        0        0        0        0        0        0         0         0         0         0         0         0.584     0.577     0.578
C1902d3TS067_1  [0]      0        0        0        0        0        0        0        0        0         0         0         0         0.598     0.630     0.625     0.614     0.611
C1902d3TS067_2  [0]      0        0        0        0        0        0        0        0        0         0         0         0         0.598     0.630     0.625     0.614     0.611
C1902d3TS067_3  [0]      0        0        0        0        0        0        0        0        0         0         0         0         0         0.630     0.625     0.614     0.611
C1902d3TS067_4  [0]      0        0        0        0        0        0        0        0        0         0         0         0         0         0.630     0.625     0.614     0.611
C1902d3TS067_5  [0]      0        0        0        0        0        0        0        0        0         0         0         0         0         0.630     0.625     0.614     0.611
C1902d3TS103_1  [0]      0        0        0        0        0        0        0        0        0         0         0         0         0         0         0         0         0.573
C1902d3TS123_1  [0]      0        0        0        0        0        0        0        0        0         0         0         0.601     0.612     0.611     0.608     0.599     0.598
C1902d3TS123_2  [0]      0        0        0        0        0        0        0        0        0         0         0         0.601     0.612     0.611     0.608     0.599     0.598
C1902d3TS123_3  [0]      0        0        0        0        0        0        0        0        0         0         0.551     0.607     0.619     0.617     0.614     0.605     0.604
C1902d3TS123_4  [0]      0        0        0        0        0        0        0        0        0         0         0         0.607     0.619     0.617     0.614     0.605     0.604
C1902d3TS123_5  [0]      0        0        0        0        0        0        0        0        0         0         0         0.607     0.619     0.617     0.614     0.605     0.604
C1902d3TS131_3  [0]      0        0        0        0        0        0        0        0        0         0         0.646     0.645     0.651     0.649     0.646     0.635     0.633
C1902d3TS131_5  [0]      0        0        0        0        0        0        0        0        0         0.650     0.643     0.643     0.649     0.646     0.644     0.633     0.631
C1902d3TS210_3  [0]      0        0        0        0        0        0        0        0        0         0         0         0         0         0         0         0         0.518
C1902d3TS215_3  [0]      0        0        0        0        0        0        0        0        0         0.549     0.540     0.549     0.557     0.558     0.559     0.553     0.554
C1902d3TS215_4  [0]      0        0        0        0        0        0        0        0        0         0         0         0.479     0.487     0.487     0.488     0.484     0.483
C1902d3TS215_5  [0]      0        0        0        0        0        0        0        0        0         0         0         0         0         0         0         0.474     0.474
C1902d3TS228_1  [0]      0        0        0        0        0        0        0        0        0         0         0         0         0         0         0         0.426     0.428
C1902d3TS228_4  [0]      0        0        0        0        0        0        0        0        0         0         0         0         0         0         0         0.431     0.433
C1902d3TS258_1  [0]      0        0        0        0        0        0        0        0        0         0         0         0         0         0         0         0         0.611
C1902d3TS258_2  [0]      0        0        0        0        0        0        0        0        0         0         0         0         0         0         0.616     0.606     0.609
C1902d3TS258_3  [0]      0        0        0        0        0        0        0        0        0         0         0         0         0.594     0.597     0.602     0.594     0.598
C1902d3TS258_4  [0]      0        0        0        0        0        0        0        0        0         0         0         0         0         0.606     0.607     0.598     0.600
C1902d3TS258_5  [0]      0        0        0        0        0        0        0        0        0         0         0         0         0         0         0.623     0.613     0.617
C1902d3TS267_1  [0]      0        0        0        0        0        0        0        0        0         0         0         0         0.571     0.574     0.574     0.569     0.572
C1902d3TS267_2  [0]      0        0        0        0        0        0        0        0        0         0         0         0         0         0         0         0.593     0.595
C1902d3TS267_4  [0]      0        0        0        0        0        0        0        0        0         0         0         0         0         0         0         0         0.559
C1902d3TS301_1  [0]      0        0        0        0        0        0        0        0        0         0         0         0         0         0         0.584     0.577     0.578
C1902d3TS345_1  [0]      0        0        0        0        0        0        0        0        0         0         0         0         0         0         0.379     0.378     0.380
C1902d3TS345_2  [0]      0        0        0        0        0        0        0        0        0         0         0.374     0.373     0.374     0.375     0.376     0.374     0.374
C1902d3TS345_4  [0]      0        0        0        0        0        0        0        0        0         0         0.360     0.359     0.362     0.364     0.367     0.368     0.368
C1902d3TS345_5  [0]      0        0        0        0        0        0        0        0        0         0.344     0.347     0.347     0.348     0.348     0.349     0.350     0.350
C1902d3TS405_3  [0]      0        0        0        0        0        0        0        0        0         0         0         0         0         0         0         0         0.518
C1902d3TS432_1  [0]      0        0        0        0        0        0        0        0        0         0         0         0         0         0         0         0.546     0.547
C1902d3TS438_1  [0]      0        0        0        0        0        0        0        0        0         0.599     0.602     0.617     0.635     0.635     0.635     0.626     0.627
C1902d3TS438_3  [0]      0        0        0        0        0        0        0        0        0         0         0.609     0.620     0.636     0.635     0.635     0.625     0.626
C1902d3TS438_4  [0]      0        0        0        0        0        0        0        0        0         0         0         0         0.636     0.636     0.636     0.626     0.627
C1902d3TS438_5  [0]      0        0        0        0        0        0        0        0        0         0.601     0.605     0.617     0.635     0.634     0.634     0.624     0.625
