model           cs_top1  cs_top2  cs_top3  cs_top4  cs_top5  cs_top6  cs_top7  cs_top8  cs_top9  cs_top10  cs_top15  cs_top20  cs_top25  cs_top30  cs_top35  cs_top40  cs_top45  cs_top50
C1903d2TS210_2  [0]      [0.39]   [0.695]  [0.589]  [0.543]  [0.504]  [0.480]  [0.509]  [0.510]  0.512     0.519     0.501     0.499     0.489     0.484     0.470     0.467     0.467
C1903d2TS345_4  [0]      [0.39]   0.390    0.378    0.369    0.370    0.376    0.380    0.383    0.385     0.393     0.393     0.396     0.392     0.393     0.387     0.386     0.388
C1903d2TS405_2  [0]      0.00     [0.695]  [0.589]  [0.543]  [0.504]  [0.480]  [0.509]  [0.510]  0.512     0.519     0.501     0.499     0.489     0.484     0.470     0.467     0.467
C1903d2TS123_1  [0]      0.00     0        0.369    0.379    0.378    0.375    0.376    0.383    0.387     0.389     0.395     0.396     0.397     0.397     0.400     0.399     0.400
C1903d2TS215_5  [0]      0.00     0        0        0.391    0.390    0.391    0.393    0.397    0.400     0.408     0.413     0.417     0.416     0.419     0.413     0.411     0.414
C1903d2TS345_3  [0]      0.00     0        0        0        0.365    0.377    0.373    0.378    0.381     0.384     0.392     0.395     0.396     0.403     0.397     0.398     0.401
C1903d2TS345_5  [0]      0.00     0        0        0        0        0.388    0.387    0.395    0.401     0.400     0.401     0.402     0.402     0.403     0.396     0.396     0.398
C1903d2TS210_1  [0]      0.00     0        0        0        0        0        0.470    0.479    0.487     [0.529]   0.512     0.510     0.499     0.492     0.477     0.474     0.475
C1903d2TS228_1  [0]      0.00     0        0        0        0        0        0        0.462    0.512     0.501     0.510     0.518     0.512     0.510     0.498     0.494     0.495
C1903d2TS228_4  [0]      0.00     0        0        0        0        0        0        0        [0.513]   0.503     0.508     0.515     0.510     0.508     0.495     0.492     0.492
C1903d2TS010_1  [0]      0.00     0        0        0        0        0        0        0        0         0.448     0.456     0.464     0.464     0.467     0.458     0.457     0.461
C1903d2TS010_2  [0]      0.00     0        0        0        0        0        0        0        0         0         0.436     0.441     0.442     0.449     0.440     0.439     0.446
C1903d2TS010_3  [0]      0.00     0        0        0        0        0        0        0        0         0         0.429     0.439     0.437     0.444     0.434     0.432     0.436
C1903d2TS010_4  [0]      0.00     0        0        0        0        0        0        0        0         0         0         0.448     0.447     0.453     0.443     0.442     0.448
C1903d2TS010_5  [0]      0.00     0        0        0        0        0        0        0        0         0         0         0         0.449     0.451     0.442     0.439     0.444
C1903d2TS123_2  [0]      0.00     0        0        0        0        0        0        0        0         0         0         0         0         0         0.414     0.407     0.405
C1903d2TS123_3  [0]      0.00     0        0        0        0        0        0        0        0         0         0         0         0         0         0.414     0.407     0.405
C1903d2TS123_4  [0]      0.00     0        0        0        0        0        0        0        0         0         0         0         0         0         0.414     0.407     0.405
C1903d2TS123_5  [0]      0.00     0        0        0        0        0        0        0        0         0         0         0         0         0         0.414     0.407     0.405
C1903d2TS210_3  [0]      0.00     0        0        0        0        0        0        0        0         0         0         0         0         0         0         0         0.475
C1903d2TS210_4  [0]      0.00     0        0        0        0        0        0        0        0         0         0         0.474     0.490     0.492     0.480     0.480     0.483
C1903d2TS210_5  [0]      0.00     0        0        0        0        0        0        0        0         0         0         0         0         0         0.465     0.475     0.482
C1903d2TS215_1  [0]      0.00     0        0        0        0        0        0        0        0         0         0         0.445     0.440     0.443     0.435     0.434     0.437
C1903d2TS215_2  [0]      0.00     0        0        0        0        0        0        0        0         0         0         0         0         0         0         0.382     0.385
C1903d2TS215_3  [0]      0.00     0        0        0        0        0        0        0        0         0         0.411     0.413     0.410     0.412     0.408     0.409     0.411
C1903d2TS215_4  [0]      0.00     0        0        0        0        0        0        0        0         0         0         0         0.396     0.398     0.396     0.394     0.395
C1903d2TS228_2  [0]      0.00     0        0        0        0        0        0        0        0         0         0.506     0.518     [0.513]   0.511     [0.500]   [0.496]   0.497
C1903d2TS228_3  [0]      0.00     0        0        0        0        0        0        0        0         0         0         0.514     0.510     0.510     0.499     [0.496]   0.497
C1903d2TS228_5  [0]      0.00     0        0        0        0        0        0        0        0         0         0         0         0.490     0.490     0.481     0.478     0.481
C1903d2TS240_1  [0]      0.00     0        0        0        0        0        0        0        0         0         0         0         0         0.497     0.487     0.487     0.497
C1903d2TS240_2  [0]      0.00     0        0        0        0        0        0        0        0         0         0         0         0         0.507     0.494     0.493     [0.501]
C1903d2TS240_3  [0]      0.00     0        0        0        0        0        0        0        0         0         0         0         0         0.501     0.489     0.489     0.497
C1903d2TS240_4  [0]      0.00     0        0        0        0        0        0        0        0         0         0         0         0         0         0         0         0.495
C1903d2TS240_5  [0]      0.00     0        0        0        0        0        0        0        0         0         0         0         0         0.502     0.491     0.490     0.500
C1903d2TS258_3  [0]      0.00     0        0        0        0        0        0        0        0         0         0         0         0         0         0         0         0.480
C1903d2TS258_5  [0]      0.00     0        0        0        0        0        0        0        0         0         0         0         0         0         0         0.477     0.482
C1903d2TS270_1  [0]      0.00     0        0        0        0        0        0        0        0         0         0         0         0         0         0         0         0.464
C1903d2TS273_1  [0]      0.00     0        0        0        0        0        0        0        0         0.519     0.521     [0.527]   [0.513]   [0.512]   0.495     0.492     0.492
C1903d2TS273_2  [0]      0.00     0        0        0        0        0        0        0        0         0.523     [0.524]   0.524     0.509     0.507     0.492     0.487     0.488
C1903d2TS273_3  [0]      0.00     0        0        0        0        0        0        0        0         0.523     [0.524]   0.524     0.509     0.507     0.492     0.487     0.488
C1903d2TS273_4  [0]      0.00     0        0        0        0        0        0        0        0         0         0         0.520     0.509     0.508     0.493     0.490     0.492
C1903d2TS273_5  [0]      0.00     0        0        0        0        0        0        0        0         0         0.518     0.519     0.506     0.504     0.488     0.484     0.484
C1903d2TS345_1  [0]      0.00     0        0        0        0        0        0        0        0         0         0         0         0         0         0         0.412     0.413
C1903d2TS345_2  [0]      0.00     0        0        0        0        0        0        0        0         0         0         0         0         0.378     0.378     0.379     0.379
C1903d2TS405_1  [0]      0.00     0        0        0        0        0        0        0        0         [0.529]   0.512     0.510     0.499     0.492     0.477     0.474     0.475
C1903d2TS405_4  [0]      0.00     0        0        0        0        0        0        0        0         0         0         0         0.490     0.492     0.480     0.480     0.483
C1903d2TS405_5  [0]      0.00     0        0        0        0        0        0        0        0         0         0         0         0         0         0         0.475     0.482
C1903d2TS432_1  [0]      0.00     0        0        0        0        0        0        0        0         0         0         0         0         0         0         0.423     0.427
C1903d2TS438_1  [0]      0.00     0        0        0        0        0        0        0        0         0         0         0         0.382     0.381     0.379     0.377     0.380
C1903d2TS438_2  [0]      0.00     0        0        0        0        0        0        0        0         0         0         0         0         0         0         0         0.476
