model           cs_top1  cs_top2  cs_top3  cs_top4  cs_top5  cs_top6  cs_top7  cs_top8  cs_top9  cs_top10  cs_top15  cs_top20  cs_top25  cs_top30  cs_top35  cs_top40  cs_top45  cs_top50
C1905d1TS131_2  [0]      [0.465]  [0.425]  0.449    0.451    0.451    0.498    0.489    0.485    0.481     0.465     0.457     0.455     0.450     0.445     0.440     0.438     0.432
C1905d1TS210_4  [0]      [0.465]  0.422    0.442    0.443    0.437    0.441    0.445    0.446    0.445     0.435     0.431     0.435     0.436     0.430     0.428     0.429     0.426
C1905d1TS405_4  [0]      0        0.382    0.384    0.382    0.384    0.384    0.386    0.389    0.393     0.452     0.430     0.417     0.409     0.403     0.402     0.400     0.395
C1905d1TS228_5  [0]      0        0        [0.456]  [0.479]  [0.469]  0.474    0.485    [0.497]  [0.492]   [0.479]   [0.473]   0.485     0.478     [0.471]   [0.466]   [0.462]   [0.456]
C1905d1TS247_2  [0]      0        0        0        0.456    0.448    0.451    0.468    0.482    0.477     0.454     0.440     0.440     0.437     0.432     0.431     0.430     0.427
C1905d1TS258_3  [0]      0        0        0        0        0.419    0.425    0.421    0.419    0.432     0.423     0.422     0.421     0.418     0.423     0.421     0.419     0.417
C1905d1TS131_1  [0]      0        0        0        0        0        [0.500]  [0.491]  0.487    0.483     0.466     0.457     0.455     0.452     0.447     0.442     0.439     0.434
C1905d1TS247_4  [0]      0        0        0        0        0        0        0.466    0.482    0.476     0.460     0.447     0.450     0.445     0.440     0.440     0.442     0.437
C1905d1TS247_5  [0]      0        0        0        0        0        0        0        0.494    0.488     0.469     0.456     0.456     0.450     0.446     0.446     0.447     0.442
C1905d1TS258_2  [0]      0        0        0        0        0        0        0        0        0.449     0.437     0.434     0.434     0.430     0.434     0.430     0.427     0.425
C1905d1TS010_1  [0]      0        0        0        0        0        0        0        0        0         0         0         0.401     0.401     0.400     0.399     0.398     0.395
C1905d1TS010_2  [0]      0        0        0        0        0        0        0        0        0         0         0         0         0         0.424     0.425     0.425     0.421
C1905d1TS010_4  [0]      0        0        0        0        0        0        0        0        0         0         0         0         0         0         0.398     0.398     0.396
C1905d1TS010_5  [0]      0        0        0        0        0        0        0        0        0         0         0         0         0.393     0.394     0.393     0.391     0.390
C1905d1TS073_1  [0]      0        0        0        0        0        0        0        0        0         0         0         0         0.382     0.383     0.386     0.386     0.385
C1905d1TS073_5  [0]      0        0        0        0        0        0        0        0        0         0         0         0         0         0         0.384     0.386     0.385
C1905d1TS131_3  [0]      0        0        0        0        0        0        0        0        0         0         0         0         0.451     0.444     0.440     0.439     0.434
C1905d1TS131_4  [0]      0        0        0        0        0        0        0        0        0         0.444     0.448     0.448     0.451     0.445     0.440     0.439     0.434
C1905d1TS131_5  [0]      0        0        0        0        0        0        0        0        0         0         0.444     0.442     0.448     0.441     0.436     0.435     0.431
C1905d1TS210_1  [0]      0        0        0        0        0        0        0        0        0         0.473     0.445     0.428     0.419     0.413     0.411     0.408     0.403
C1905d1TS210_2  [0]      0        0        0        0        0        0        0        0        0         0         0         0         0         0         0.421     0.434     0.432
C1905d1TS210_3  [0]      0        0        0        0        0        0        0        0        0         0         0         0.429     0.429     0.426     0.423     0.423     0.419
C1905d1TS210_5  [0]      0        0        0        0        0        0        0        0        0         0         0         0         0.428     0.424     0.421     0.421     0.419
C1905d1TS215_2  [0]      0        0        0        0        0        0        0        0        0         0         0.351     0.350     0.350     0.350     0.350     0.351     0.349
C1905d1TS215_3  [0]      0        0        0        0        0        0        0        0        0         0         0         0         0         0         0         0         0.348
C1905d1TS215_4  [0]      0        0        0        0        0        0        0        0        0         0         0         0         0         0.328     0.328     0.327     0.327
C1905d1TS228_1  [0]      0        0        0        0        0        0        0        0        0         0         0         0.490     0.477     0.468     0.460     0.455     0.448
C1905d1TS228_2  [0]      0        0        0        0        0        0        0        0        0         0         0.460     [0.492]   [0.481]   [0.471]   0.463     0.458     0.451
C1905d1TS228_3  [0]      0        0        0        0        0        0        0        0        0         0         0         0.488     0.477     0.468     0.460     0.455     0.448
C1905d1TS228_4  [0]      0        0        0        0        0        0        0        0        0         0.448     0.455     0.483     0.471     0.463     0.455     0.450     0.443
C1905d1TS240_1  [0]      0        0        0        0        0        0        0        0        0         0         0         0         0         0         0         0.413     0.413
C1905d1TS240_2  [0]      0        0        0        0        0        0        0        0        0         0         0         0         0         0         0         0.395     0.398
C1905d1TS240_3  [0]      0        0        0        0        0        0        0        0        0         0         0         0         0         0         0         0         0.408
C1905d1TS247_1  [0]      0        0        0        0        0        0        0        0        0         0         0         0         0         0         0.428     0.429     0.426
C1905d1TS247_3  [0]      0        0        0        0        0        0        0        0        0         0         0         0         0         0         0         0.427     0.422
C1905d1TS258_1  [0]      0        0        0        0        0        0        0        0        0         0         0         0         0         0.427     0.425     0.425     0.423
C1905d1TS258_4  [0]      0        0        0        0        0        0        0        0        0         0         0.417     0.414     0.411     0.415     0.413     0.414     0.411
C1905d1TS258_5  [0]      0        0        0        0        0        0        0        0        0         0         0         0         0         0.419     0.417     0.416     0.413
C1905d1TS273_1  [0]      0        0        0        0        0        0        0        0        0         0         0         0         0         0         0.388     0.389     0.389
C1905d1TS273_3  [0]      0        0        0        0        0        0        0        0        0         0         0.374     0.370     0.370     0.372     0.373     0.383     0.382
C1905d1TS273_4  [0]      0        0        0        0        0        0        0        0        0         0         0         0         0         0         0         0         0.356
C1905d1TS273_5  [0]      0        0        0        0        0        0        0        0        0         0         0         0         0         0         0         0.401     0.400
C1905d1TS347_2  [0]      0        0        0        0        0        0        0        0        0         0         0         0.389     0.391     0.390     0.388     0.387     0.385
C1905d1TS405_1  [0]      0        0        0        0        0        0        0        0        0         0.473     0.445     0.428     0.419     0.413     0.411     0.408     0.403
C1905d1TS405_2  [0]      0        0        0        0        0        0        0        0        0         0         0         0         0         0         0         0.434     0.432
C1905d1TS405_5  [0]      0        0        0        0        0        0        0        0        0         0.451     0.429     0.416     0.410     0.405     0.404     0.402     0.398
C1905d1TS438_2  [0]      0        0        0        0        0        0        0        0        0         0         0         0         0         0         0         0         0.429
C1905d1TS438_3  [0]      0        0        0        0        0        0        0        0        0         0         0         0         0         0         0         0         0.432
C1905d1TS438_4  [0]      0        0        0        0        0        0        0        0        0         0         0         0         0         0.421     0.421     0.420     0.434
C1905d1TS438_5  [0]      0        0        0        0        0        0        0        0        0         0         0         0         0.406     0.417     0.417     0.416     0.429
