model           cs_top1  cs_top2  cs_top3  cs_top4  cs_top5  cs_top6  cs_top7  cs_top8  cs_top9  cs_top10  cs_top15  cs_top20  cs_top25  cs_top30  cs_top35  cs_top40  cs_top45  cs_top50
C1904d2TS438_4  [0]      [0.533]  [0.457]  0.432    0.457    0.532    0.532    0.521    0.556    0.552     0.546     [0.530]   0.506     0.497     0.489     0.487     0.481     0.474
C1904d2TS131_1  [0]      [0.533]  0.446    0.417    [0.534]  [0.534]  0.582    0.565    0.561    0.588     [0.562]   0.529     0.500     0.488     0.478     0.476     0.468     0.461
C1904d2TS210_4  [0]      0        0.370    [0.580]  0.525    0.496    0.472    0.453    0.446    0.436     0.405     0.387     0.374     0.373     0.371     0.370     0.366     0.362
C1904d2TS405_5  [0]      0        0        [0.580]  0.525    0.496    0.472    0.453    0.446    0.436     0.405     0.387     0.374     0.373     0.371     0.370     0.366     0.362
C1904d2TS131_2  [0]      0        0        0        [0.534]  0.533    [0.583]  [0.566]  [0.562]  [0.590]   [0.562]   0.529     0.500     0.488     0.478     0.475     0.467     0.461
C1904d2TS438_5  [0]      0        0        0        0        0.531    0.531    0.521    0.556    0.552     0.545     [0.530]   [0.507]   0.498     0.490     0.488     0.483     0.476
C1904d2TS131_4  [0]      0        0        0        0        0        0.571    0.555    0.552    0.577     0.551     0.521     0.494     0.483     0.473     0.471     0.464     0.456
C1904d2TS210_5  [0]      0        0        0        0        0        0        0.425    0.430    0.432     0.434     0.430     0.425     0.421     0.418     0.420     0.419     0.412
C1904d2TS438_1  [0]      0        0        0        0        0        0        0        0.556    0.552     0.546     [0.530]   [0.507]   [0.499]   [0.491]   0.490     [0.484]   [0.477]
C1904d2TS131_5  [0]      0        0        0        0        0        0        0        0        0.570     0.546     0.516     0.490     0.479     0.469     0.466     0.459     0.452
C1904d2TS067_1  [0]      0        0        0        0        0        0        0        0        0         0         0         0         0         0         0         0         0.390
C1904d2TS067_3  [0]      0        0        0        0        0        0        0        0        0         0         0         0         0         0         0         0         0.390
C1904d2TS067_5  [0]      0        0        0        0        0        0        0        0        0         0         0         0         0         0         0         0         0.390
C1904d2TS123_1  [0]      0        0        0        0        0        0        0        0        0         0         0.386     0.379     0.386     0.384     0.385     0.382     0.381
C1904d2TS123_2  [0]      0        0        0        0        0        0        0        0        0         0         0         0.359     0.358     0.358     0.359     0.358     0.356
C1904d2TS123_3  [0]      0        0        0        0        0        0        0        0        0         0         0         0         0         0         0         0.363     0.375
C1904d2TS123_4  [0]      0        0        0        0        0        0        0        0        0         0         0         0         0         0         0         0         0.375
C1904d2TS123_5  [0]      0        0        0        0        0        0        0        0        0         0         0         0         0.352     0.349     0.349     0.347     0.345
C1904d2TS131_3  [0]      0        0        0        0        0        0        0        0        0         0.498     0.479     0.460     0.453     0.447     0.447     0.441     0.435
C1904d2TS210_1  [0]      0        0        0        0        0        0        0        0        0         0         0         0         0.468     0.474     0.482     0.474     0.464
C1904d2TS210_2  [0]      0        0        0        0        0        0        0        0        0         0         0         0         0         0.474     [0.491]   0.482     0.474
C1904d2TS210_3  [0]      0        0        0        0        0        0        0        0        0         0         0         0         0         0.465     0.483     0.475     0.465
C1904d2TS215_2  [0]      0        0        0        0        0        0        0        0        0         0         0         0.341     0.343     0.341     0.341     0.341     0.340
C1904d2TS215_3  [0]      0        0        0        0        0        0        0        0        0         0         0         0         0         0.325     0.325     0.325     0.324
C1904d2TS215_4  [0]      0        0        0        0        0        0        0        0        0         0         0         0         0.344     0.342     0.343     0.342     0.341
C1904d2TS215_5  [0]      0        0        0        0        0        0        0        0        0         0         0         0         0         0.332     0.332     0.331     0.329
C1904d2TS228_1  [0]      0        0        0        0        0        0        0        0        0         0         0         0.410     0.405     0.401     0.413     0.419     0.411
C1904d2TS228_2  [0]      0        0        0        0        0        0        0        0        0         0         0         0         0         0         0.410     0.418     0.410
C1904d2TS228_3  [0]      0        0        0        0        0        0        0        0        0         0         0         0         0         0         0         0.416     0.409
C1904d2TS228_4  [0]      0        0        0        0        0        0        0        0        0         0         0.383     0.404     0.399     0.394     0.404     0.408     0.401
C1904d2TS228_5  [0]      0        0        0        0        0        0        0        0        0         0         0         0.415     0.411     0.407     0.411     0.413     0.407
C1904d2TS240_1  [0]      0        0        0        0        0        0        0        0        0         0         0.435     0.424     0.421     0.423     0.429     0.426     0.420
C1904d2TS240_2  [0]      0        0        0        0        0        0        0        0        0         0         0         0         0         0         0.423     0.420     0.414
C1904d2TS240_3  [0]      0        0        0        0        0        0        0        0        0         0.429     0.429     0.416     0.414     0.416     0.423     0.418     0.412
C1904d2TS240_4  [0]      0        0        0        0        0        0        0        0        0         0         0         0         0         0.429     0.437     0.433     0.427
C1904d2TS240_5  [0]      0        0        0        0        0        0        0        0        0         0         0         0         0         0         0.428     0.424     0.418
C1904d2TS258_1  [0]      0        0        0        0        0        0        0        0        0         0.495     0.497     0.481     0.473     0.464     0.463     0.462     0.457
C1904d2TS258_2  [0]      0        0        0        0        0        0        0        0        0         0.478     0.470     0.454     0.447     0.441     0.440     0.438     0.434
C1904d2TS258_3  [0]      0        0        0        0        0        0        0        0        0         0         0.473     0.456     0.448     0.440     0.439     0.438     0.432
C1904d2TS258_4  [0]      0        0        0        0        0        0        0        0        0         0.498     0.490     0.470     0.462     0.454     0.452     0.449     0.443
C1904d2TS258_5  [0]      0        0        0        0        0        0        0        0        0         0         0.482     0.467     0.461     0.452     0.450     0.451     0.447
C1904d2TS273_1  [0]      0        0        0        0        0        0        0        0        0         0         0         0.418     0.415     0.411     0.412     0.420     0.421
C1904d2TS273_2  [0]      0        0        0        0        0        0        0        0        0         0         0         0         0         0         0         0.418     0.415
C1904d2TS273_3  [0]      0        0        0        0        0        0        0        0        0         0         0         0         0         0         0         0.418     0.419
C1904d2TS273_4  [0]      0        0        0        0        0        0        0        0        0         0         0         0         0         0         0         0.419     0.419
C1904d2TS273_5  [0]      0        0        0        0        0        0        0        0        0         0         0         0         0         0         0         0         0.408
C1904d2TS405_1  [0]      0        0        0        0        0        0        0        0        0         0         0         0         0.468     0.474     0.482     0.474     0.464
C1904d2TS405_2  [0]      0        0        0        0        0        0        0        0        0         0         0         0         0         0         [0.491]   0.482     0.474
C1904d2TS405_3  [0]      0        0        0        0        0        0        0        0        0         0         0         0         0         0         0.483     0.475     0.465
C1904d2TS405_4  [0]      0        0        0        0        0        0        0        0        0         0         0         0         0.475     0.481     0.490     0.483     0.474
