model           cs_top1  cs_top2  cs_top3  cs_top4  cs_top5  cs_top6  cs_top7  cs_top8  cs_top9  cs_top10  cs_top15  cs_top20  cs_top25  cs_top30  cs_top35  cs_top40  cs_top45  cs_top50
C1904d1TS067_4  [0]      [0.634]  [0.402]  0.324    0.287    0.264    0.249    0.238    0.229    0.224     0.207     0.202     0.199     0.197     0.196     0.194     0.193     0.192
C1904d1TS067_5  [0]      [0.634]  0.398    0.320    0.284    0.262    0.247    0.236    0.228    0.221     0.204     0.200     0.197     0.195     0.194     0.193     0.191     0.191
C1904d1TS210_1  [0]      0        0.166    [0.444]  [0.419]  [0.413]  [0.409]  0.407    0.405    0.402     0.377     0.379     0.392     0.388     0.387     0.384     0.381     0.382
C1904d1TS405_1  [0]      0        0        [0.444]  [0.419]  [0.413]  [0.409]  0.407    0.405    0.402     0.377     0.379     0.392     0.388     0.387     0.384     0.381     0.382
C1904d1TS010_5  [0]      0        0        0        0.260    0.284    0.300    0.310    0.320    0.326     0.340     0.349     0.351     0.354     0.356     0.355     0.354     0.354
C1904d1TS131_1  [0]      0        0        0        0        0.301    0.383    0.439    0.485    0.514     0.464     [0.451]   0.448     0.445     0.443     0.436     0.431     0.429
C1904d1TS131_2  [0]      0        0        0        0        0        0.383    [0.444]  [0.486]  [0.517]   [0.467]   [0.451]   0.448     0.445     0.443     0.436     0.431     0.429
C1904d1TS131_4  [0]      0        0        0        0        0        0        0.442    0.479    0.509     0.462     0.448     0.446     0.443     0.441     0.435     0.430     0.428
C1904d1TS131_3  [0]      0        0        0        0        0        0        0        0.478    0.509     0.462     0.449     0.446     0.444     0.442     0.435     0.430     0.429
C1904d1TS131_5  [0]      0        0        0        0        0        0        0        0        0.500     0.455     0.445     0.444     0.442     0.440     0.434     0.430     0.428
C1904d1TS010_1  [0]      0        0        0        0        0        0        0        0        0         0         0.359     0.364     0.367     0.370     0.367     0.367     0.368
C1904d1TS010_2  [0]      0        0        0        0        0        0        0        0        0         0.352     0.361     0.363     0.366     0.367     0.364     0.363     0.363
C1904d1TS010_3  [0]      0        0        0        0        0        0        0        0        0         0         0         0         0.372     0.374     0.372     0.371     0.372
C1904d1TS010_4  [0]      0        0        0        0        0        0        0        0        0         0.349     0.356     0.358     0.361     0.363     0.362     0.360     0.362
C1904d1TS073_2  [0]      0        0        0        0        0        0        0        0        0         0         0         0         0         0         0.318     0.319     0.320
C1904d1TS073_4  [0]      0        0        0        0        0        0        0        0        0         0         0         0         0         0         0         0.324     0.326
C1904d1TS123_1  [0]      0        0        0        0        0        0        0        0        0         0         0         0         0         0         0         0.360     0.359
C1904d1TS123_2  [0]      0        0        0        0        0        0        0        0        0         0         0         0         0         0         0         0.360     0.359
C1904d1TS123_3  [0]      0        0        0        0        0        0        0        0        0         0         0         0         0.362     0.366     0.365     0.364     0.364
C1904d1TS123_4  [0]      0        0        0        0        0        0        0        0        0         0.321     0.329     0.334     0.343     0.346     0.344     0.344     0.345
C1904d1TS210_2  [0]      0        0        0        0        0        0        0        0        0         0         0         0         0         0         0         0         0.439
C1904d1TS210_3  [0]      0        0        0        0        0        0        0        0        0         0         0         0         0         0         0.420     0.421     0.427
C1904d1TS210_4  [0]      0        0        0        0        0        0        0        0        0         0         0         0.409     0.408     0.410     0.409     0.406     0.411
C1904d1TS215_1  [0]      0        0        0        0        0        0        0        0        0         0         0         0         0         0         0         0         0.378
C1904d1TS215_3  [0]      0        0        0        0        0        0        0        0        0         0         0         0         0         0         0         0         0.390
C1904d1TS228_1  [0]      0        0        0        0        0        0        0        0        0         0         0         0         0         0         0         0         0.423
C1904d1TS228_2  [0]      0        0        0        0        0        0        0        0        0         0         0         0         0         0         0.408     0.417     0.428
C1904d1TS228_3  [0]      0        0        0        0        0        0        0        0        0         0         0         0         0         0         0         0.421     0.430
C1904d1TS228_4  [0]      0        0        0        0        0        0        0        0        0         0         0         0         0.379     0.386     0.398     0.405     0.415
C1904d1TS228_5  [0]      0        0        0        0        0        0        0        0        0         0         0         0         0         0         0         0.430     0.436
C1904d1TS240_4  [0]      0        0        0        0        0        0        0        0        0         0         0         0         0         0         0.383     0.381     0.383
C1904d1TS240_5  [0]      0        0        0        0        0        0        0        0        0         0         0         0         0         0         0.384     0.382     0.383
C1904d1TS247_1  [0]      0        0        0        0        0        0        0        0        0         0         0         0.400     0.428     0.444     0.443     0.441     0.443
C1904d1TS247_2  [0]      0        0        0        0        0        0        0        0        0         0         0         0         0         0.437     0.437     0.435     0.437
C1904d1TS247_3  [0]      0        0        0        0        0        0        0        0        0         0         0         0         0.433     0.447     [0.448]   [0.446]   [0.448]
C1904d1TS247_4  [0]      0        0        0        0        0        0        0        0        0         0         0         0         0         0.438     0.438     0.437     0.440
C1904d1TS247_5  [0]      0        0        0        0        0        0        0        0        0         0         0         0         0.433     0.447     [0.448]   [0.446]   [0.448]
C1904d1TS258_2  [0]      0        0        0        0        0        0        0        0        0         0         0         0.416     0.416     0.424     0.422     0.419     0.421
C1904d1TS258_3  [0]      0        0        0        0        0        0        0        0        0         0         0         0         0         0.420     0.419     0.416     0.418
C1904d1TS258_4  [0]      0        0        0        0        0        0        0        0        0         0         0         0         0         0.413     0.412     0.410     0.412
C1904d1TS273_1  [0]      0        0        0        0        0        0        0        0        0         0.370     0.379     0.376     0.373     0.378     0.376     0.370     0.369
C1904d1TS273_2  [0]      0        0        0        0        0        0        0        0        0         0.370     0.379     0.376     0.373     0.378     0.376     0.370     0.369
C1904d1TS273_3  [0]      0        0        0        0        0        0        0        0        0         0         0.352     0.354     0.355     0.368     0.366     0.362     0.360
C1904d1TS273_4  [0]      0        0        0        0        0        0        0        0        0         0         0         0         0         0.371     0.370     0.366     0.365
C1904d1TS405_2  [0]      0        0        0        0        0        0        0        0        0         0         0         0.409     0.408     0.410     0.409     0.406     0.411
C1904d1TS405_5  [0]      0        0        0        0        0        0        0        0        0         0         0         0         0         0         0         0         0.403
C1904d1TS438_1  [0]      0        0        0        0        0        0        0        0        0         0         0.427     0.450     0.445     0.448     0.444     0.440     0.441
C1904d1TS438_3  [0]      0        0        0        0        0        0        0        0        0         0         0.421     0.444     0.440     0.443     0.439     0.435     0.436
C1904d1TS438_4  [0]      0        0        0        0        0        0        0        0        0         0         0.423     0.445     0.442     0.445     0.442     0.438     0.440
C1904d1TS438_5  [0]      0        0        0        0        0        0        0        0        0         0         0         [0.451]   [0.447]   [0.451]   0.447     0.443     0.444
