model           cs_top1  cs_top2  cs_top3  cs_top4  cs_top5  cs_top6  cs_top7  cs_top8  cs_top9  cs_top10  cs_top15  cs_top20  cs_top25  cs_top30  cs_top35  cs_top40  cs_top45  cs_top50
C1906d1TS131_2  [0]      [0.877]  [0.896]  0.890    [0.892]  [0.847]  [0.819]  [0.780]  [0.736]  [0.724]   [0.682]   [0.671]   0.650     0.635     0.621     0.616     0.608     0.603
C1906d1TS131_5  [0]      [0.877]  0.871    0.861    0.864    0.825    0.796    0.759    0.717    0.707     0.671     0.661     0.639     0.626     0.613     0.608     0.600     0.596
C1906d1TS131_1  [0]      0        0.891    [0.892]  0.889    0.845    0.816    0.776    0.733    0.720     0.679     0.668     0.645     0.631     0.617     0.612     0.604     0.599
C1906d1TS131_4  [0]      0        0        0.870    0.862    0.825    0.801    0.764    0.722    0.714     0.679     0.670     0.648     0.634     0.621     0.616     0.608     0.603
C1906d1TS131_3  [0]      0        0        0        0.872    0.834    0.809    0.769    0.727    0.717     0.680     [0.671]   0.649     0.635     0.621     0.616     0.608     0.604
C1906d1TS247_4  [0]      0        0        0        0        0.674    0.687    0.662    0.637    0.642     0.656     0.660     0.641     0.630     0.624     0.620     0.614     0.608
C1906d1TS228_5  [0]      0        0        0        0        0        0.685    0.663    0.637    0.644     0.649     0.658     0.646     [0.639]   0.631     [0.630]   [0.625]   [0.620]
C1906d1TS270_1  [0]      0        0        0        0        0        0        0.534    0.519    0.524     0.520     0.523     0.516     0.516     0.511     0.510     0.507     0.506
C1906d1TS273_1  [0]      0        0        0        0        0        0        0        0.435    0.437     0.471     0.465     0.474     0.482     0.476     0.473     0.478     0.474
C1906d1TS438_4  [0]      0        0        0        0        0        0        0        0        0.619     0.632     0.643     0.629     0.626     0.615     0.613     0.608     0.603
C1906d1TS010_2  [0]      0        0        0        0        0        0        0        0        0         0         0         0         0         0         0         0.475     0.473
C1906d1TS010_3  [0]      0        0        0        0        0        0        0        0        0         0         0         0         0         0.447     0.452     0.452     0.451
C1906d1TS010_4  [0]      0        0        0        0        0        0        0        0        0         0         0         0         0         0         0.462     0.462     0.462
C1906d1TS010_5  [0]      0        0        0        0        0        0        0        0        0         0         0         0         0         0.482     0.484     0.489     0.486
C1906d1TS044_1  [0]      0        0        0        0        0        0        0        0        0         0         0         0         0         0         0.580     0.587     0.583
C1906d1TS073_3  [0]      0        0        0        0        0        0        0        0        0         0.567     0.568     0.559     0.553     0.546     0.547     0.544     0.543
C1906d1TS073_4  [0]      0        0        0        0        0        0        0        0        0         0         0         0         0         0         0         0         0.550
C1906d1TS123_1  [0]      0        0        0        0        0        0        0        0        0         0         0         0.485     0.483     0.481     0.482     0.481     0.481
C1906d1TS123_2  [0]      0        0        0        0        0        0        0        0        0         0         0         0         0         0         0         0         0.469
C1906d1TS210_1  [0]      0        0        0        0        0        0        0        0        0         0         0         0         0         0         0         0         0.603
C1906d1TS210_2  [0]      0        0        0        0        0        0        0        0        0         0         0         0.595     0.605     0.603     0.614     0.612     0.616
C1906d1TS210_3  [0]      0        0        0        0        0        0        0        0        0         0         0         0         0         0         0.599     0.602     0.607
C1906d1TS210_4  [0]      0        0        0        0        0        0        0        0        0         0         0         0         0         0         0         0         0.610
C1906d1TS210_5  [0]      0        0        0        0        0        0        0        0        0         0         0         0         0         0.594     0.608     0.607     0.612
C1906d1TS215_5  [0]      0        0        0        0        0        0        0        0        0         0         0         0         0         0         0         0         0.452
C1906d1TS228_1  [0]      0        0        0        0        0        0        0        0        0         0         0         0.605     0.595     0.584     0.589     0.590     0.584
C1906d1TS228_2  [0]      0        0        0        0        0        0        0        0        0         0         0         0         0         0         0.593     0.595     0.589
C1906d1TS228_3  [0]      0        0        0        0        0        0        0        0        0         0         0         0         0         0         0         0.595     0.589
C1906d1TS228_4  [0]      0        0        0        0        0        0        0        0        0         0         0.601     0.601     0.591     0.580     0.584     0.584     0.578
C1906d1TS247_1  [0]      0        0        0        0        0        0        0        0        0         0.654     0.658     0.639     0.629     0.623     0.619     0.613     0.608
C1906d1TS247_2  [0]      0        0        0        0        0        0        0        0        0         0         0         0         0         0.623     0.618     0.612     0.606
C1906d1TS247_3  [0]      0        0        0        0        0        0        0        0        0         0         0.634     0.617     0.607     0.601     0.598     0.593     0.587
C1906d1TS247_5  [0]      0        0        0        0        0        0        0        0        0         0.670     [0.671]   [0.651]   [0.639]   [0.632]   0.628     0.621     0.615
C1906d1TS258_1  [0]      0        0        0        0        0        0        0        0        0         0         0.613     0.607     0.603     0.592     0.590     0.586     0.582
C1906d1TS258_3  [0]      0        0        0        0        0        0        0        0        0         0         0         0.605     0.598     0.588     0.586     0.582     0.579
C1906d1TS258_4  [0]      0        0        0        0        0        0        0        0        0         0         0         0         0.615     0.603     0.602     0.599     0.596
C1906d1TS258_5  [0]      0        0        0        0        0        0        0        0        0         0         0.622     0.616     0.611     0.599     0.598     0.594     0.591
C1906d1TS273_2  [0]      0        0        0        0        0        0        0        0        0         0.476     0.470     0.477     0.485     0.480     0.477     0.482     0.478
C1906d1TS273_3  [0]      0        0        0        0        0        0        0        0        0         0         0         0.468     0.477     0.473     0.471     0.477     0.474
C1906d1TS273_4  [0]      0        0        0        0        0        0        0        0        0         0         0         0         0         0         0         0.476     0.472
C1906d1TS273_5  [0]      0        0        0        0        0        0        0        0        0         0         0         0         0.474     0.470     0.468     0.473     0.469
C1906d1TS301_1  [0]      0        0        0        0        0        0        0        0        0         0         0         0         0         0         0         0.587     0.583
C1906d1TS347_1  [0]      0        0        0        0        0        0        0        0        0         0         0         0         0.470     0.483     0.482     0.480     0.477
C1906d1TS347_2  [0]      0        0        0        0        0        0        0        0        0         0         0         0         0         0.490     0.490     0.488     0.485
C1906d1TS405_2  [0]      0        0        0        0        0        0        0        0        0         0         0         0         0.605     0.603     0.614     0.612     0.616
C1906d1TS405_3  [0]      0        0        0        0        0        0        0        0        0         0         0         0         0         0         0         0.602     0.607
C1906d1TS405_5  [0]      0        0        0        0        0        0        0        0        0         0         0         0         0         0         0.608     0.607     0.612
C1906d1TS438_2  [0]      0        0        0        0        0        0        0        0        0         0         0.639     0.626     0.623     0.611     0.609     0.604     0.599
C1906d1TS438_3  [0]      0        0        0        0        0        0        0        0        0         0.631     0.641     0.628     0.625     0.613     0.612     0.608     0.603
C1906d1TS438_5  [0]      0        0        0        0        0        0        0        0        0         0         0         0         0.632     0.621     0.619     0.614     0.609
