model           cs_top1  cs_top2  cs_top3  cs_top4  cs_top5  cs_top6  cs_top7  cs_top8  cs_top9  cs_top10  cs_top15  cs_top20  cs_top25  cs_top30  cs_top35  cs_top40  cs_top45  cs_top50
C1905d2TS345_1  [0]      [0.313]  [0.313]  0.312    0.318    0.323    0.326    0.328    0.325    0.323     0.320     0.317     0.314     0.315     0.316     0.317     0.318     0.317
C1905d2TS345_3  [0]      [0.313]  0.301    0.297    0.307    0.303    0.306    0.309    0.307    0.305     0.304     0.302     0.301     0.298     0.299     0.299     0.299     0.298
C1905d2TS210_1  [0]      0        0.301    [0.534]  [0.470]  [0.428]  [0.404]  [0.399]  [0.392]  [0.388]   [0.375]   0.374     0.369     0.372     0.367     0.365     0.362     0.359
C1905d2TS405_1  [0]      0        0        [0.534]  [0.470]  [0.428]  [0.404]  [0.399]  [0.392]  [0.388]   [0.375]   0.374     0.369     0.372     0.367     0.365     0.362     0.359
C1905d2TS345_5  [0]      0        0        0        0.307    0.306    0.308    0.307    0.305    0.303     0.300     0.299     0.295     0.295     0.297     0.297     0.297     0.298
C1905d2TS345_2  [0]      0        0        0        0        0.290    0.299    0.303    0.301    0.298     0.291     0.284     0.281     0.280     0.284     0.285     0.287     0.288
C1905d2TS345_4  [0]      0        0        0        0        0        0.316    0.319    0.315    0.313     0.310     0.305     0.303     0.301     0.305     0.307     0.307     0.308
C1905d2TS258_2  [0]      0        0        0        0        0        0        0.338    0.339    0.339     0.353     0.357     0.355     0.356     0.357     0.360     0.363     0.364
C1905d2TS131_5  [0]      0        0        0        0        0        0        0        0.313    0.351     0.368     0.362     0.378     0.369     0.368     0.366     0.365     0.362
C1905d2TS131_1  [0]      0        0        0        0        0        0        0        0        0.350     0.368     0.361     0.378     0.370     0.369     0.365     0.363     0.361
C1905d2TS010_1  [0]      0        0        0        0        0        0        0        0        0         0         0         0.333     0.345     0.343     0.343     0.344     0.342
C1905d2TS010_2  [0]      0        0        0        0        0        0        0        0        0         0         0         0         0.330     0.327     0.328     0.329     0.328
C1905d2TS010_3  [0]      0        0        0        0        0        0        0        0        0         0         0         0         0.334     0.331     0.330     0.331     0.329
C1905d2TS010_4  [0]      0        0        0        0        0        0        0        0        0         0         0         0         0         0         0         0.339     0.339
C1905d2TS010_5  [0]      0        0        0        0        0        0        0        0        0         0         0         0         0.334     0.334     0.334     0.334     0.333
C1905d2TS123_5  [0]      0        0        0        0        0        0        0        0        0         0         0         0         0         0         0         0         0.281
C1905d2TS131_2  [0]      0        0        0        0        0        0        0        0        0         0.356     0.348     0.364     0.356     0.355     0.352     0.350     0.347
C1905d2TS131_3  [0]      0        0        0        0        0        0        0        0        0         0         0         0.381     0.373     0.371     0.368     0.366     0.363
C1905d2TS131_4  [0]      0        0        0        0        0        0        0        0        0         0         0         0.367     0.361     0.360     0.358     0.356     0.354
C1905d2TS210_2  [0]      0        0        0        0        0        0        0        0        0         0         0         0         0.380     0.377     0.380     0.377     0.375
C1905d2TS210_3  [0]      0        0        0        0        0        0        0        0        0         0         0         0         0         0         0.364     0.369     0.371
C1905d2TS210_4  [0]      0        0        0        0        0        0        0        0        0         0         0         0         0         0         0.366     0.364     0.361
C1905d2TS210_5  [0]      0        0        0        0        0        0        0        0        0         0         0.370     0.364     0.371     0.366     0.370     0.367     0.364
C1905d2TS215_2  [0]      0        0        0        0        0        0        0        0        0         0         0.343     0.344     0.345     0.344     0.344     0.344     0.342
C1905d2TS215_4  [0]      0        0        0        0        0        0        0        0        0         0         0.317     0.315     0.315     0.315     0.315     0.317     0.318
C1905d2TS215_5  [0]      0        0        0        0        0        0        0        0        0         0.344     0.349     0.347     0.344     0.346     0.347     0.348     0.350
C1905d2TS228_1  [0]      0        0        0        0        0        0        0        0        0         0         0         0         0         0         0.381     0.383     0.380
C1905d2TS228_2  [0]      0        0        0        0        0        0        0        0        0         0         0         0         0         0.369     0.383     0.386     [0.382]
C1905d2TS228_3  [0]      0        0        0        0        0        0        0        0        0         0         0         0         0         0.369     0.380     0.384     0.381
C1905d2TS228_4  [0]      0        0        0        0        0        0        0        0        0         0         0         0         0         0.366     0.380     0.383     0.379
C1905d2TS228_5  [0]      0        0        0        0        0        0        0        0        0         0         0         0         0         0         0         0.366     0.365
C1905d2TS240_1  [0]      0        0        0        0        0        0        0        0        0         0         0         0         0         0.349     0.351     0.353     0.356
C1905d2TS240_2  [0]      0        0        0        0        0        0        0        0        0         0         0         0         0         0         0         0.335     0.337
C1905d2TS240_3  [0]      0        0        0        0        0        0        0        0        0         0         0         0         0         0         0         0         0.371
C1905d2TS240_4  [0]      0        0        0        0        0        0        0        0        0         0         0         0         0         0         0         0         0.357
C1905d2TS240_5  [0]      0        0        0        0        0        0        0        0        0         0         0         0         0         0.350     0.352     0.354     0.357
C1905d2TS258_1  [0]      0        0        0        0        0        0        0        0        0         0         0         0         0         0         0         0.367     0.367
C1905d2TS258_3  [0]      0        0        0        0        0        0        0        0        0         0         0         0         0         0         0         0.363     0.362
C1905d2TS258_4  [0]      0        0        0        0        0        0        0        0        0         0.344     0.348     0.348     0.349     0.349     0.352     0.355     0.354
C1905d2TS258_5  [0]      0        0        0        0        0        0        0        0        0         0         0         0         0         0         0.341     0.343     0.345
C1905d2TS273_1  [0]      0        0        0        0        0        0        0        0        0         0         0         0.421     0.407     0.397     0.390     0.385     0.379
C1905d2TS273_2  [0]      0        0        0        0        0        0        0        0        0         0.363     0.382     0.419     0.405     0.395     0.389     0.385     0.378
C1905d2TS273_3  [0]      0        0        0        0        0        0        0        0        0         0         0.387     0.420     0.407     0.397     0.390     0.385     0.379
C1905d2TS273_4  [0]      0        0        0        0        0        0        0        0        0         0         0         0.405     0.394     0.384     0.378     0.375     0.369
C1905d2TS273_5  [0]      0        0        0        0        0        0        0        0        0         0.366     [0.388]   [0.422]   [0.408]   [0.398]   [0.391]   [0.387]   0.381
C1905d2TS405_2  [0]      0        0        0        0        0        0        0        0        0         0         0         0         0.380     0.377     0.380     0.377     0.375
C1905d2TS405_3  [0]      0        0        0        0        0        0        0        0        0         0         0         0         0         0         0.366     0.364     0.361
C1905d2TS405_4  [0]      0        0        0        0        0        0        0        0        0         0         0.370     0.364     0.371     0.366     0.370     0.367     0.364
C1905d2TS432_1  [0]      0        0        0        0        0        0        0        0        0         0         0         0         0         0         0         0         0.326
C1905d2TS438_2  [0]      0        0        0        0        0        0        0        0        0         0         0         0         0         0         0         0         0.358
