model           cs_top1  cs_top2  cs_top3  cs_top4  cs_top5  cs_top6  cs_top7  cs_top8  cs_top9  cs_top10  cs_top15  cs_top20  cs_top25  cs_top30  cs_top35  cs_top40  cs_top45  cs_top50
C1902d2TS345_3  [0]      [0.327]  [0.347]  [0.350]  [0.339]  [0.341]  0.341    0.340    0.339    0.333     0.332     0.333     0.332     0.331     0.331     0.329     0.326     0.323
C1902d2TS345_2  [0]      [0.327]  0.322    0.324    0.317    0.319    0.319    0.319    0.320    0.318     0.318     0.319     0.318     0.317     0.317     0.314     0.312     0.309
C1902d2TS345_5  [0]      0        0.343    0.339    0.330    0.327    0.324    0.322    0.322    0.317     0.314     0.313     0.312     0.311     0.311     0.309     0.308     0.306
C1902d2TS345_1  [0]      0        0        0.338    0.327    0.334    0.339    0.342    0.341    0.338     0.342     0.347     0.346     0.344     0.345     0.343     0.340     0.337
C1902d2TS345_4  [0]      0        0        0        0.301    0.300    0.300    0.299    0.297    0.296     0.293     0.293     0.292     0.293     0.292     0.291     0.291     0.290
C1902d2TS270_1  [0]      0        0        0        0        0.329    [0.386]  0.428    0.418    0.412     0.465     0.462     0.466     0.465     0.464     0.460     0.454     0.447
C1902d2TS438_1  [0]      0        0        0        0        0        0.383    0.450    0.437    0.428     0.509     0.496     0.493     0.488     0.484     0.477     0.469     0.461
C1902d2TS438_4  [0]      0        0        0        0        0        0        [0.451]  [0.438]  [0.430]   0.513     0.498     0.495     0.490     0.486     0.478     0.470     0.462
C1902d2TS215_1  [0]      0        0        0        0        0        0        0        0.330    0.326     0.331     0.335     0.337     0.338     0.339     0.338     0.337     0.334
C1902d2TS210_3  [0]      0        0        0        0        0        0        0        0        0.317     0.341     0.341     0.343     0.344     0.346     0.345     0.344     0.342
C1902d2TS438_5  [0]      0        0        0        0        0        0        0        0        0         [0.514]   [0.499]   [0.496]   0.491     [0.487]   0.479     [0.471]   [0.463]
C1902d2TS438_3  [0]      0        0        0        0        0        0        0        0        0         0.513     0.498     [0.496]   [0.492]   [0.487]   [0.480]   [0.471]   [0.463]
C1902d2TS438_2  [0]      0        0        0        0        0        0        0        0        0         0.508     0.494     0.492     0.488     0.483     0.476     0.468     0.460
C1902d2TS215_3  [0]      0        0        0        0        0        0        0        0        0         0.355     0.362     0.365     0.366     0.367     0.366     0.363     0.360
C1902d2TS210_2  [0]      0        0        0        0        0        0        0        0        0         0.347     0.348     0.350     0.350     0.352     0.350     0.350     0.347
C1902d2TS228_1  [0]      0        0        0        0        0        0        0        0        0         0         0.443     0.454     0.448     0.450     0.444     0.437     0.429
C1902d2TS228_2  [0]      0        0        0        0        0        0        0        0        0         0         0.441     0.455     0.449     0.453     0.446     0.439     0.432
C1902d2TS228_4  [0]      0        0        0        0        0        0        0        0        0         0         0.437     0.446     0.441     0.443     0.437     0.430     0.423
C1902d2TS258_5  [0]      0        0        0        0        0        0        0        0        0         0         0.430     0.440     0.445     0.446     0.442     0.437     0.431
C1902d2TS215_4  [0]      0        0        0        0        0        0        0        0        0         0         0.343     0.343     0.344     0.346     0.344     0.342     0.340
C1902d2TS228_3  [0]      0        0        0        0        0        0        0        0        0         0         0         0.447     0.442     0.447     0.441     0.434     0.428
C1902d2TS258_4  [0]      0        0        0        0        0        0        0        0        0         0         0         0.438     0.443     0.443     0.438     0.432     0.426
C1902d2TS258_2  [0]      0        0        0        0        0        0        0        0        0         0         0         0.422     0.427     0.427     0.422     0.416     0.410
C1902d2TS131_4  [0]      0        0        0        0        0        0        0        0        0         0         0         0.419     0.423     0.425     0.430     0.429     0.424
C1902d2TS273_3  [0]      0        0        0        0        0        0        0        0        0         0         0         0.338     0.345     0.346     0.345     0.352     0.350
C1902d2TS258_1  [0]      0        0        0        0        0        0        0        0        0         0         0         0         0.435     0.436     0.431     0.425     0.419
C1902d2TS131_3  [0]      0        0        0        0        0        0        0        0        0         0         0         0         0.432     0.433     0.438     0.438     0.433
C1902d2TS258_3  [0]      0        0        0        0        0        0        0        0        0         0         0         0         0.430     0.430     0.425     0.419     0.413
C1902d2TS273_2  [0]      0        0        0        0        0        0        0        0        0         0         0         0         0.360     0.363     0.360     0.365     0.362
C1902d2TS273_1  [0]      0        0        0        0        0        0        0        0        0         0         0         0         0.350     0.353     0.351     0.354     0.350
C1902d2TS044_1  [0]      0        0        0        0        0        0        0        0        0         0         0         0         0         0.439     0.434     0.430     0.424
C1902d2TS301_1  [0]      0        0        0        0        0        0        0        0        0         0         0         0         0         0.439     0.434     0.430     0.424
C1902d2TS228_5  [0]      0        0        0        0        0        0        0        0        0         0         0         0         0         0.434     0.429     0.425     0.420
C1902d2TS210_1  [0]      0        0        0        0        0        0        0        0        0         0         0         0         0         0.413     0.410     0.407     0.405
C1902d2TS215_2  [0]      0        0        0        0        0        0        0        0        0         0         0         0         0         0.346     0.346     0.343     0.341
C1902d2TS131_1  [0]      0        0        0        0        0        0        0        0        0         0         0         0         0         0         0.449     0.449     0.444
C1902d2TS131_5  [0]      0        0        0        0        0        0        0        0        0         0         0         0         0         0         0.429     0.430     0.426
C1902d2TS210_4  [0]      0        0        0        0        0        0        0        0        0         0         0         0         0         0         0.356     0.357     0.361
C1902d2TS405_1  [0]      0        0        0        0        0        0        0        0        0         0         0         0         0         0         0.356     0.357     0.361
C1902d2TS215_5  [0]      0        0        0        0        0        0        0        0        0         0         0         0         0         0         0.336     0.334     0.331
C1902d2TS131_2  [0]      0        0        0        0        0        0        0        0        0         0         0         0         0         0         0         0.441     0.437
C1902d2TS240_2  [0]      0        0        0        0        0        0        0        0        0         0         0         0         0         0         0         0.373     0.380
C1902d2TS273_4  [0]      0        0        0        0        0        0        0        0        0         0         0         0         0         0         0         0.354     0.351
C1902d2TS273_5  [0]      0        0        0        0        0        0        0        0        0         0         0         0         0         0         0         0.353     0.350
C1902d2TS405_3  [0]      0        0        0        0        0        0        0        0        0         0         0         0         0         0         0         0.342     0.345
C1902d2TS240_4  [0]      0        0        0        0        0        0        0        0        0         0         0         0         0         0         0         0         0.369
C1902d2TS240_5  [0]      0        0        0        0        0        0        0        0        0         0         0         0         0         0         0         0         0.366
C1902d2TS240_1  [0]      0        0        0        0        0        0        0        0        0         0         0         0         0         0         0         0         0.366
C1902d2TS405_4  [0]      0        0        0        0        0        0        0        0        0         0         0         0         0         0         0         0         0.353
C1902d2TS405_5  [0]      0        0        0        0        0        0        0        0        0         0         0         0         0         0         0         0         0.345
