model           cs_top1  cs_top2  cs_top3  cs_top4  cs_top5  cs_top6  cs_top7  cs_top8  cs_top9  cs_top10  cs_top15  cs_top20  cs_top25  cs_top30  cs_top35  cs_top40  cs_top45  cs_top50
C1904d2TS228_5  [0.489]  [0.471]  0.452    0.452    0.453    0.450    0.451    0.445    0.443    0.439     0.434     0.431     0.433     0.429     0.427     0.425     0.421     0.415
C1904d2TS210_5  0.487    0.470    [0.472]  0.467    0.467    0.458    0.461    0.461    0.457    0.453     0.447     0.442     0.440     0.437     0.435     0.432     0.427     0.421
C1904d2TS228_1  0.436    0.463    0.466    0.462    [0.485]  [0.496]  0.482    0.470    0.465    0.460     0.445     0.437     0.438     0.433     0.433     0.431     0.427     0.419
C1904d2TS438_4  0.431    0.451    0.453    0.462    0.469    0.472    0.477    0.477    0.486    0.487     0.497     0.500     0.499     0.496     0.493     0.489     0.485     0.478
C1904d2TS228_4  0.426    0.461    0.461    0.457    0.472    0.480    0.468    0.457    0.454    0.449     0.434     0.428     0.429     0.423     0.423     0.421     0.417     0.410
C1904d2TS210_4  0.420    0.470    0.470    0.461    0.436    0.419    0.410    0.403    0.398    0.393     0.379     0.379     0.375     0.382     0.379     0.380     0.376     0.371
C1904d2TS258_4  0.404    0.416    0.417    0.422    0.428    0.428    0.433    0.434    0.442    0.449     0.470     0.471     0.473     0.470     0.467     0.461     0.456     0.449
C1904d2TS215_4  0.316    0.322    0.338    0.348    0.347    0.352    0.351    0.356    0.355    0.353     0.355     0.354     0.352     0.352     0.354     0.352     0.351     0.349
C1904d2TS121_1  0.296    0.301    0.300    0.302    0.304    0.304    0.306    0.308    0.309    0.309     0.313     0.313     0.314     0.315     0.315     0.315     0.316     0.315
C1904d2TS405_5  0        0.470    0.470    0.461    0.436    0.419    0.410    0.403    0.398    0.393     0.379     0.379     0.375     0.382     0.379     0.380     0.376     0.371
C1904d2TS131_1  0        0.459    0.452    0.456    0.468    0.471    0.483    [0.493]  [0.494]  0.491     0.498     0.498     0.498     0.494     0.490     0.482     0.475     0.466
C1904d2TS438_1  0        0.457    0.464    [0.474]  0.479    0.483    [0.486]  0.485    0.493    [0.494]   [0.502]   [0.503]   [0.501]   [0.498]   [0.496]   [0.492]   [0.488]   [0.481]
C1904d2TS131_4  0        0.449    0.448    0.449    0.463    0.466    0.478    0.490    0.492    0.488     0.494     0.492     0.491     0.487     0.485     0.477     0.470     0.462
C1904d2TS131_5  0        0.445    0.440    0.441    0.456    0.461    0.470    0.479    0.480    0.479     0.487     0.487     0.489     0.484     0.481     0.473     0.466     0.458
C1904d2TS273_4  0        0.390    0.389    0.397    0.401    0.399    0.404    0.405    0.406    0.410     0.418     0.422     0.428     0.433     0.435     0.434     0.433     0.428
C1904d2TS228_2  0        0        0.460    0.457    0.480    0.489    0.477    0.465    0.460    0.456     0.443     0.436     0.436     0.431     0.432     0.430     0.427     0.419
C1904d2TS210_1  0        0        0.427    0.438    0.439    0.439    0.443    0.451    0.461    0.463     0.467     0.463     0.464     0.469     0.471     0.473     0.472     0.469
C1904d2TS258_3  0        0        0.412    0.416    0.422    0.422    0.431    0.432    0.438    0.442     0.457     0.462     0.463     0.461     0.457     0.452     0.447     0.440
C1904d2TS438_3  0        0        0.346    0.349    0.352    0.352    0.356    0.357    0.359    0.360     0.364     0.365     0.371     0.369     0.368     0.368     0.366     0.365
C1904d2TS123_2  0        0        0.344    0.347    0.357    0.356    0.357    0.357    0.358    0.362     0.364     0.362     0.364     0.362     0.362     0.364     0.365     0.364
C1904d2TS438_5  0        0        0        0.464    0.472    0.477    0.483    0.482    0.491    0.493     0.501     0.501     0.500     0.497     0.495     0.491     0.487     0.480
C1904d2TS228_3  0        0        0        0.449    0.466    0.478    0.467    0.457    0.452    0.448     0.438     0.433     0.433     0.428     0.429     0.428     0.425     0.418
C1904d2TS405_1  0        0        0        0.438    0.439    0.439    0.443    0.451    0.461    0.463     0.467     0.463     0.464     0.469     0.471     0.473     0.472     0.469
C1904d2TS240_1  0        0        0        0.401    0.407    0.406    0.411    0.414    0.417    0.418     0.430     0.435     0.441     0.439     0.441     0.439     0.435     0.428
C1904d2TS273_3  0        0        0        0.400    0.403    0.402    0.406    0.406    0.407    0.409     0.418     0.422     0.426     0.430     0.434     0.434     0.433     0.428
C1904d2TS240_5  0        0        0        0.400    0.407    0.405    0.415    0.418    0.420    0.424     0.432     0.437     0.439     0.436     0.436     0.437     0.433     0.427
C1904d2TS123_3  0        0        0        0.349    0.351    0.358    0.359    0.360    0.361    0.361     0.363     0.362     0.362     0.363     0.364     0.366     0.374     0.377
C1904d2TS131_2  0        0        0        0        0.464    0.469    0.481    0.492    0.492    0.489     0.498     0.498     0.498     0.493     0.490     0.481     0.474     0.465
C1904d2TS258_2  0        0        0        0        0.429    0.428    0.432    0.433    0.436    0.438     0.456     0.461     0.460     0.458     0.456     0.451     0.447     0.441
C1904d2TS240_4  0        0        0        0        0.411    0.409    0.416    0.422    0.426    0.427     0.437     0.441     0.445     0.443     0.446     0.446     0.441     0.435
C1904d2TS240_2  0        0        0        0        0.402    0.401    0.412    0.418    0.420    0.424     0.431     0.432     0.438     0.437     0.436     0.434     0.429     0.422
C1904d2TS210_3  0        0        0        0        0        0.439    0.451    0.458    0.465    0.464     0.467     0.461     0.460     0.464     0.467     0.470     0.474     0.469
C1904d2TS131_3  0        0        0        0        0        0.437    0.448    0.457    0.461    0.459     0.464     0.463     0.463     0.463     0.460     0.454     0.449     0.442
C1904d2TS123_4  0        0        0        0        0        0.358    0.359    0.360    0.361    0.361     0.363     0.362     0.362     0.363     0.364     0.366     0.374     0.377
C1904d2TS215_5  0        0        0        0        0        0.330    0.331    0.337    0.337    0.341     0.342     0.341     0.339     0.339     0.341     0.339     0.339     0.337
C1904d2TS405_3  0        0        0        0        0        0        0.451    0.458    0.465    0.464     0.467     0.461     0.460     0.464     0.467     0.470     0.474     0.469
C1904d2TS273_1  0        0        0        0        0        0        0.407    0.412    0.413    0.413     0.428     0.431     0.431     0.433     0.436     0.434     0.433     0.428
C1904d2TS273_2  0        0        0        0        0        0        0.407    0.408    0.410    0.410     0.420     0.425     0.427     0.430     0.432     0.431     0.430     0.424
C1904d2TS215_3  0        0        0        0        0        0        0.325    0.324    0.330    0.334     0.335     0.339     0.338     0.336     0.335     0.333     0.332     0.332
C1904d2TS210_2  0        0        0        0        0        0        0        0.455    0.469    0.471     0.473     0.467     0.467     0.470     0.475     0.476     0.479     0.477
C1904d2TS123_5  0        0        0        0        0        0        0        0.334    0.337    0.339     0.341     0.341     0.342     0.343     0.343     0.345     0.347     0.350
C1904d2TS405_2  0        0        0        0        0        0        0        0        0.469    0.471     0.473     0.467     0.467     0.470     0.475     0.476     0.479     0.477
C1904d2TS240_3  0        0        0        0        0        0        0        0        0.407    0.409     0.428     0.431     0.434     0.432     0.431     0.431     0.426     0.420
C1904d2TS347_1  0        0        0        0        0        0        0        0        0.323    0.323     0.325     0.326     0.326     0.326     0.328     0.328     0.332     0.335
C1904d2TS123_1  0        0        0        0        0        0        0        0        0        0.373     0.377     0.380     0.381     0.381     0.383     0.384     0.385     0.386
C1904d2TS258_1  0        0        0        0        0        0        0        0        0        0         0.476     0.480     0.482     0.483     0.480     0.475     0.470     0.462
C1904d2TS405_4  0        0        0        0        0        0        0        0        0        0         0.475     0.471     0.473     0.477     0.479     0.481     0.482     0.478
C1904d2TS258_5  0        0        0        0        0        0        0        0        0        0         0.460     0.466     0.468     0.468     0.465     0.463     0.459     0.453
C1904d2TS438_2  0        0        0        0        0        0        0        0        0        0         0.363     0.366     0.368     0.367     0.367     0.367     0.366     0.363
C1904d2TS215_2  0        0        0        0        0        0        0        0        0        0         0.339     0.344     0.348     0.349     0.349     0.350     0.350     0.350
C1904d2TS347_3  0        0        0        0        0        0        0        0        0        0         0.331     0.331     0.332     0.332     0.333     0.334     0.335     0.340
C1904d2TS215_1  0        0        0        0        0        0        0        0        0        0         0.312     0.315     0.315     0.316     0.316     0.319     0.320     0.321
C1904d2TS003_1  0        0        0        0        0        0        0        0        0        0         0.278     0.277     0.277     0.279     0.279     0.280     0.280     0.280
C1904d2TS273_5  0        0        0        0        0        0        0        0        0        0         0         0.408     0.411     0.415     0.420     0.422     0.422     0.417
C1904d2TS103_1  0        0        0        0        0        0        0        0        0        0         0         0         0         0.346     0.346     0.344     0.345     0.344
C1904d2TS347_2  0        0        0        0        0        0        0        0        0        0         0         0         0         0         0.340     0.341     0.343     0.348
C1904d2TS121_2  0        0        0        0        0        0        0        0        0        0         0         0         0         0         0         0.300     0.301     0.300
C1904d2TS067_1  0        0        0        0        0        0        0        0        0        0         0         0         0         0         0         0         0.365     0.372
C1904d2TS067_3  0        0        0        0        0        0        0        0        0        0         0         0         0         0         0         0         0.365     0.372
C1904d2TS067_5  0        0        0        0        0        0        0        0        0        0         0         0         0         0         0         0         0.365     0.372
C1904d2TS067_2  0        0        0        0        0        0        0        0        0        0         0         0         0         0         0         0         0         0.317
