model           cs_top1  cs_top2  cs_top3  cs_top4  cs_top5  cs_top6  cs_top7  cs_top8  cs_top9  cs_top10  cs_top15  cs_top20  cs_top25  cs_top30  cs_top35  cs_top40  cs_top45  cs_top50
C1903d2TS345_4  [0.517]  0.476    0.450    0.435    0.427    0.428    0.423    0.418    0.416    0.415     0.412     0.408     0.406     0.404     0.402     0.401     0.400     0.401
C1903d2TS228_5  0.503    [0.514]  0.525    0.513    0.516    0.516    0.522    0.519    0.520    0.521     0.518     0.512     0.511     0.511     0.510     0.509     0.507     0.505
C1903d2TS123_1  0.483    0.439    0.428    0.441    0.434    0.427    0.430    0.425    0.423    0.421     0.418     0.416     0.415     0.415     0.413     0.413     0.411     0.410
C1903d2TS228_3  0.477    0.502    [0.532]  [0.519]  [0.542]  [0.548]  [0.553]  0.549    0.551    0.555     0.547     0.539     [0.535]   0.532     0.532     0.528     0.523     0.519
C1903d2TS240_2  0.466    0.478    0.492    0.507    0.512    0.514    0.514    0.514    0.523    0.526     0.539     0.537     0.533     [0.534]   0.534     [0.531]   0.527     [0.525]
C1903d2TS240_1  0.462    0.473    0.491    0.509    0.518    0.524    0.523    0.526    0.534    0.537     0.540     0.534     0.529     0.529     0.530     0.527     0.524     0.521
C1903d2TS273_4  0.448    0.464    0.472    0.470    0.476    0.478    0.478    0.480    0.483    0.485     0.502     0.507     0.509     0.512     0.513     0.511     0.510     0.509
C1903d2TS131_1  0.443    0.460    0.478    0.479    0.482    0.480    0.486    0.489    0.493    0.496     0.501     0.498     0.496     0.497     0.498     0.497     0.494     0.494
C1903d2TS123_2  0.380    0.392    0.398    0.403    0.397    0.391    0.388    0.385    0.384    0.382     0.381     0.391     0.396     0.393     0.393     0.401     0.402     0.401
C1903d2TS228_4  0        0.498    0.519    0.506    0.523    0.535    0.541    0.540    0.545    0.552     0.542     0.535     0.530     0.526     0.526     0.521     0.517     0.512
C1903d2TS131_2  0        0.484    0.499    0.506    0.509    0.508    0.517    0.518    0.520    0.522     0.529     0.524     0.522     0.522     0.522     0.521     0.518     0.516
C1903d2TS258_3  0        0.471    0.480    0.483    0.485    0.485    0.487    0.488    0.492    0.498     0.511     0.510     0.510     0.511     0.512     0.510     0.508     0.507
C1903d2TS210_2  0        0.465    0.499    0.482    0.482    0.495    0.496    0.504    0.505    0.506     0.505     0.499     0.493     0.489     0.488     0.490     0.491     0.487
C1903d2TS258_5  0        0.463    0.472    0.473    0.476    0.477    0.479    0.481    0.488    0.491     0.499     0.503     0.502     0.506     0.507     0.507     0.507     0.505
C1903d2TS210_1  0        0.460    0.497    0.481    0.487    0.497    0.496    0.505    0.504    0.505     0.509     0.505     0.503     0.499     0.500     0.499     0.498     0.495
C1903d2TS010_4  0        0.444    0.474    0.488    0.480    0.475    0.472    0.468    0.470    0.470     0.473     0.472     0.471     0.470     0.469     0.468     0.468     0.467
C1903d2TS010_5  0        0.440    0.449    0.452    0.450    0.449    0.449    0.447    0.450    0.452     0.460     0.461     0.461     0.463     0.463     0.461     0.461     0.460
C1903d2TS345_5  0        0.404    0.403    0.411    0.420    0.419    0.424    0.425    0.424    0.423     0.420     0.417     0.417     0.415     0.414     0.412     0.410     0.410
C1903d2TS345_3  0        0.394    0.394    0.409    0.417    0.421    0.419    0.416    0.416    0.416     0.416     0.415     0.416     0.415     0.415     0.414     0.412     0.411
C1903d2TS123_3  0        0.392    0.398    0.403    0.397    0.391    0.388    0.385    0.384    0.382     0.381     0.391     0.396     0.393     0.393     0.401     0.402     0.401
C1903d2TS228_1  0        0        0.523    0.510    0.528    0.541    0.548    0.546    0.552    0.558     0.547     0.539     0.533     0.530     0.529     0.525     0.520     0.516
C1903d2TS405_2  0        0        0.499    0.482    0.482    0.495    0.496    0.504    0.505    0.506     0.505     0.499     0.493     0.489     0.488     0.490     0.491     0.487
C1903d2TS405_1  0        0        0.497    0.481    0.487    0.497    0.496    0.505    0.504    0.505     0.509     0.505     0.503     0.499     0.500     0.499     0.498     0.495
C1903d2TS240_3  0        0        0.494    0.502    0.513    0.523    0.526    0.532    0.539    0.540     0.542     0.538     0.534     [0.534]   0.534     0.530     0.527     0.524
C1903d2TS240_4  0        0        0.487    0.499    0.507    0.509    0.507    0.508    0.520    0.522     0.530     0.526     0.522     0.524     0.524     0.521     0.519     0.517
C1903d2TS010_3  0        0        0.441    0.456    0.453    0.452    0.450    0.449    0.459    0.458     0.460     0.460     0.458     0.458     0.457     0.455     0.455     0.455
C1903d2TS123_4  0        0        0.398    0.403    0.397    0.391    0.388    0.385    0.384    0.382     0.381     0.391     0.396     0.393     0.393     0.401     0.402     0.401
C1903d2TS240_5  0        0        0        0.504    0.510    0.513    0.513    0.514    0.522    0.527     0.536     0.536     0.532     [0.534]   [0.535]   [0.531]   [0.528]   [0.525]
C1903d2TS131_5  0        0        0        0.495    0.499    0.498    0.510    0.511    0.512    0.517     0.519     0.514     0.512     0.515     0.515     0.515     0.513     0.511
C1903d2TS215_1  0        0        0        0.435    0.438    0.454    0.451    0.456    0.457    0.461     0.461     0.460     0.459     0.458     0.458     0.455     0.454     0.453
C1903d2TS123_5  0        0        0        0.403    0.397    0.391    0.388    0.385    0.384    0.382     0.381     0.391     0.396     0.393     0.393     0.401     0.402     0.401
C1903d2TS228_2  0        0        0        0        0.537    [0.548]  [0.553]  [0.550]  [0.553]  [0.559]   [0.548]   [0.540]   [0.535]   0.531     0.531     0.527     0.522     0.517
C1903d2TS131_3  0        0        0        0        0.497    0.498    0.504    0.505    0.507    0.513     0.515     0.512     0.509     0.513     0.514     0.515     0.513     0.511
C1903d2TS273_1  0        0        0        0        0.473    0.475    0.474    0.477    0.479    0.481     0.500     0.506     0.508     0.512     0.512     0.511     0.510     0.509
C1903d2TS215_5  0        0        0        0        0.411    0.413    0.414    0.415    0.416    0.417     0.419     0.421     0.420     0.425     0.424     0.424     0.424     0.427
C1903d2TS438_1  0        0        0        0        0.380    0.381    0.383    0.389    0.389    0.390     0.390     0.391     0.389     0.391     0.392     0.393     0.392     0.392
C1903d2TS301_1  0        0        0        0        0        0.437    0.443    0.442    0.446    0.451     0.455     0.451     0.448     0.451     0.451     0.450     0.449     0.450
C1903d2TS405_4  0        0        0        0        0        0        0.485    0.490    0.493    0.496     0.501     0.496     0.494     0.500     0.506     0.511     0.508     0.507
C1903d2TS010_2  0        0        0        0        0        0        0.445    0.444    0.448    0.453     0.460     0.460     0.461     0.463     0.463     0.461     0.461     0.462
C1903d2TS044_1  0        0        0        0        0        0        0.443    0.442    0.446    0.451     0.455     0.451     0.448     0.451     0.451     0.450     0.449     0.450
C1903d2TS215_3  0        0        0        0        0        0        0.418    0.422    0.423    0.424     0.428     0.428     0.428     0.428     0.427     0.425     0.423     0.425
C1903d2TS210_4  0        0        0        0        0        0        0        0.490    0.493    0.496     0.501     0.496     0.494     0.500     0.506     0.511     0.508     0.507
C1903d2TS258_2  0        0        0        0        0        0        0        0.486    0.490    0.496     0.505     0.507     0.506     0.509     0.509     0.509     0.509     0.507
C1903d2TS258_4  0        0        0        0        0        0        0        0        0.488    0.490     0.495     0.495     0.493     0.498     0.498     0.497     0.496     0.494
C1903d2TS210_5  0        0        0        0        0        0        0        0        0.487    0.493     0.494     0.493     0.492     0.496     0.504     0.505     0.503     0.504
C1903d2TS405_5  0        0        0        0        0        0        0        0        0        0.493     0.494     0.493     0.492     0.496     0.504     0.505     0.503     0.504
C1903d2TS131_4  0        0        0        0        0        0        0        0        0        0         0.511     0.510     0.507     0.511     0.513     0.514     0.512     0.511
C1903d2TS438_5  0        0        0        0        0        0        0        0        0        0         0.504     0.501     0.503     0.507     0.506     0.506     0.504     0.504
C1903d2TS438_4  0        0        0        0        0        0        0        0        0        0         0.503     0.500     0.502     0.507     0.507     0.506     0.505     0.505
C1903d2TS438_2  0        0        0        0        0        0        0        0        0        0         0.503     0.500     0.502     0.506     0.506     0.505     0.504     0.504
C1903d2TS273_2  0        0        0        0        0        0        0        0        0        0         0.491     0.500     0.503     0.505     0.506     0.505     0.505     0.504
C1903d2TS273_3  0        0        0        0        0        0        0        0        0        0         0.491     0.500     0.503     0.505     0.506     0.505     0.505     0.504
C1903d2TS273_5  0        0        0        0        0        0        0        0        0        0         0.488     0.496     0.499     0.502     0.502     0.501     0.501     0.500
C1903d2TS270_1  0        0        0        0        0        0        0        0        0        0         0.481     0.480     0.479     0.481     0.481     0.480     0.479     0.480
C1903d2TS010_1  0        0        0        0        0        0        0        0        0        0         0.479     0.477     0.478     0.480     0.480     0.478     0.478     0.478
C1903d2TS345_1  0        0        0        0        0        0        0        0        0        0         0.420     0.419     0.420     0.419     0.421     0.420     0.421     0.419
C1903d2TS103_1  0        0        0        0        0        0        0        0        0        0         0.387     0.388     0.388     0.389     0.388     0.388     0.388     0.388
C1903d2TS258_1  0        0        0        0        0        0        0        0        0        0         0         0.512     0.511     0.514     0.517     0.515     0.514     0.513
C1903d2TS210_3  0        0        0        0        0        0        0        0        0        0         0         0.488     0.485     0.489     0.497     0.501     0.500     0.501
C1903d2TS405_3  0        0        0        0        0        0        0        0        0        0         0         0.488     0.485     0.489     0.497     0.501     0.500     0.501
C1903d2TS432_1  0        0        0        0        0        0        0        0        0        0         0         0.440     0.438     0.442     0.445     0.444     0.449     0.446
C1903d2TS347_1  0        0        0        0        0        0        0        0        0        0         0         0.426     0.425     0.426     0.426     0.426     0.425     0.425
C1903d2TS345_2  0        0        0        0        0        0        0        0        0        0         0         0.383     0.382     0.382     0.382     0.382     0.383     0.383
C1903d2TS215_2  0        0        0        0        0        0        0        0        0        0         0         0         0.397     0.398     0.398     0.397     0.397     0.396
C1903d2TS121_1  0        0        0        0        0        0        0        0        0        0         0         0         0.278     0.278     0.278     0.279     0.279     0.280
C1903d2TS215_4  0        0        0        0        0        0        0        0        0        0         0         0         0         0.404     0.406     0.406     0.406     0.406
C1903d2TS347_3  0        0        0        0        0        0        0        0        0        0         0         0         0         0.374     0.374     0.374     0.373     0.373
C1903d2TS438_3  0        0        0        0        0        0        0        0        0        0         0         0         0         0         0.362     0.362     0.361     0.360
C1903d2TS347_2  0        0        0        0        0        0        0        0        0        0         0         0         0         0         0         0         0         0.397
C1903d2TS121_2  0        0        0        0        0        0        0        0        0        0         0         0         0         0         0         0         0         0.267
