model           cs_top1  cs_top2  cs_top3  cs_top4  cs_top5  cs_top6  cs_top7  cs_top8  cs_top9  cs_top10  cs_top15  cs_top20  cs_top25  cs_top30  cs_top35  cs_top40  cs_top45  cs_top50
C1901d1TS273_1  [0.880]  [0.831]  [0.799]  0.796    0.783    0.741    0.707    0.680    0.653    0.635     0.566     0.527     0.500     0.479     0.463     0.450     0.438     0.428
C1901d1TS273_5  0.711    0.776    0.783    0.795    0.788    0.747    0.714    0.689    0.661    0.644     0.575     0.538     0.511     0.490     0.474     [0.461]   0.449     [0.439]
C1901d1TS215_1  0.289    0.295    0.297    0.299    0.299    0.297    0.317    0.314    0.312    0.309     0.315     0.315     0.309     0.304     0.300     0.297     0.297     0.296
C1901d1TS123_1  0.239    0.241    0.242    0.243    0.243    0.251    0.247    0.244    0.243    0.242     0.238     0.237     0.239     0.237     0.237     0.235     0.235     0.234
C1901d1TS273_4  0        0.783    0.784    0.800    0.788    0.749    0.718    [0.693]  [0.665]  [0.648]   0.577     0.538     0.511     0.490     0.474     0.460     0.449     [0.439]
C1901d1TS273_3  0        0.778    0.782    0.789    [0.792]  0.749    0.715    0.688    0.661    0.643     0.574     0.535     0.507     0.486     0.470     0.457     0.445     0.435
C1901d1TS273_2  0        0.765    0.785    [0.801]  0.791    [0.751]  [0.719]  [0.693]  [0.665]  [0.648]   [0.578]   [0.539]   [0.512]   [0.491]   [0.475]   [0.461]   [0.450]   [0.439]
C1901d1TS215_2  0        0.376    0.376    0.378    0.377    0.372    0.375    0.381    0.375    0.375     0.362     0.353     0.347     0.340     0.337     0.331     0.329     0.325
C1901d1TS240_4  0        0        0.357    0.360    0.360    0.358    0.355    0.353    0.353    0.352     0.349     0.349     0.349     0.350     0.354     0.357     0.361     0.362
C1901d1TS215_5  0        0        0.315    0.317    0.317    0.316    0.317    0.318    0.319    0.317     0.330     0.324     0.322     0.318     0.314     0.313     0.314     0.315
C1901d1TS131_1  0        0        0        0.391    0.409    0.405    0.399    0.395    0.410    0.408     0.414     0.422     0.421     0.413     0.409     0.404     0.398     0.393
C1901d1TS210_5  0        0        0        0        0.340    0.346    0.342    0.340    0.340    0.339     0.335     0.334     0.338     0.342     0.340     0.348     0.349     0.352
C1901d1TS215_3  0        0        0        0        0        0.544    0.543    0.537    0.525    0.514     0.475     0.455     0.438     0.425     0.414     0.405     0.398     0.391
C1901d1TS258_2  0        0        0        0        0        0.538    0.544    0.548    0.540    0.538     0.507     0.485     0.466     0.450     0.437     0.427     0.418     0.409
C1901d1TS258_3  0        0        0        0        0        0.521    0.519    0.522    0.519    0.520     0.497     0.476     0.458     0.442     0.429     0.419     0.410     0.402
C1901d1TS131_4  0        0        0        0        0        0.407    0.402    0.398    0.402    0.401     0.398     0.406     0.417     0.410     0.405     0.400     0.395     0.390
C1901d1TS210_2  0        0        0        0        0        0.387    0.383    0.380    0.384    0.383     0.379     0.385     0.397     0.395     0.390     0.386     0.380     0.376
C1901d1TS405_1  0        0        0        0        0        0.346    0.342    0.340    0.340    0.339     0.335     0.334     0.338     0.342     0.340     0.348     0.349     0.352
C1901d1TS215_4  0        0        0        0        0        0        0.312    0.316    0.320    0.318     0.324     0.318     0.319     0.315     0.311     0.309     0.309     0.311
C1901d1TS258_1  0        0        0        0        0        0        0        0.479    0.476    0.479     0.473     0.460     0.444     0.433     0.422     0.413     0.404     0.397
C1901d1TS258_4  0        0        0        0        0        0        0        0.464    0.458    0.471     0.459     0.443     0.434     0.421     0.412     0.403     0.395     0.388
C1901d1TS438_5  0        0        0        0        0        0        0        0.351    0.355    0.353     0.349     0.352     0.354     0.369     0.381     0.386     0.386     0.385
C1901d1TS247_2  0        0        0        0        0        0        0        0.330    0.330    0.333     0.330     0.329     0.328     0.331     0.332     0.334     0.337     0.338
C1901d1TS131_5  0        0        0        0        0        0        0        0        0.406    0.405     0.408     0.420     0.426     0.419     0.415     0.410     0.404     0.398
C1901d1TS131_2  0        0        0        0        0        0        0        0        0.397    0.399     0.403     0.413     0.417     0.408     0.406     0.400     0.394     0.389
C1901d1TS210_3  0        0        0        0        0        0        0        0        0.379    0.378     0.380     0.384     0.387     0.390     0.389     0.386     0.381     0.376
C1901d1TS438_2  0        0        0        0        0        0        0        0        0.359    0.357     0.352     0.354     0.356     0.370     0.383     0.387     0.388     0.386
C1901d1TS405_2  0        0        0        0        0        0        0        0        0.334    0.332     0.327     0.326     0.329     0.330     0.330     0.332     0.334     0.334
C1901d1TS228_5  0        0        0        0        0        0        0        0        0        0.384     0.390     0.401     0.404     0.407     0.403     0.399     0.393     0.386
C1901d1TS228_2  0        0        0        0        0        0        0        0        0        0.374     0.388     0.419     0.422     0.421     0.412     0.407     0.399     0.390
C1901d1TS228_1  0        0        0        0        0        0        0        0        0        0.371     0.385     0.417     0.419     0.417     0.409     0.404     0.396     0.387
C1901d1TS258_5  0        0        0        0        0        0        0        0        0        0         0.460     0.448     0.436     0.423     0.413     0.404     0.396     0.389
C1901d1TS131_3  0        0        0        0        0        0        0        0        0        0         0.407     0.423     0.428     0.421     0.417     0.413     0.408     0.402
C1901d1TS210_1  0        0        0        0        0        0        0        0        0        0         0.391     0.397     0.402     0.404     0.401     0.398     0.392     0.387
C1901d1TS228_3  0        0        0        0        0        0        0        0        0        0         0.389     0.413     0.416     0.415     0.409     0.404     0.396     0.389
C1901d1TS210_4  0        0        0        0        0        0        0        0        0        0         0.385     0.393     0.396     0.400     0.395     0.392     0.387     0.382
C1901d1TS228_4  0        0        0        0        0        0        0        0        0        0         0.384     0.416     0.417     0.416     0.408     0.403     0.395     0.386
C1901d1TS405_4  0        0        0        0        0        0        0        0        0        0         0.350     0.350     0.353     0.355     0.356     0.361     0.360     0.359
C1901d1TS438_4  0        0        0        0        0        0        0        0        0        0         0.348     0.351     0.352     0.367     0.379     0.383     0.384     0.382
C1901d1TS405_5  0        0        0        0        0        0        0        0        0        0         0.344     0.343     0.347     0.350     0.347     0.352     0.352     0.350
C1901d1TS405_3  0        0        0        0        0        0        0        0        0        0         0.341     0.343     0.345     0.347     0.346     0.348     0.350     0.350
C1901d1TS247_3  0        0        0        0        0        0        0        0        0        0         0.336     0.339     0.338     0.339     0.343     0.343     0.344     0.347
C1901d1TS247_1  0        0        0        0        0        0        0        0        0        0         0.335     0.335     0.335     0.336     0.342     0.342     0.341     0.340
C1901d1TS438_1  0        0        0        0        0        0        0        0        0        0         0         0.366     0.366     0.373     0.381     0.386     0.384     0.382
C1901d1TS438_3  0        0        0        0        0        0        0        0        0        0         0         0.353     0.355     0.369     0.381     0.386     0.387     0.385
C1901d1TS247_4  0        0        0        0        0        0        0        0        0        0         0         0.328     0.329     0.331     0.334     0.338     0.338     0.336
C1901d1TS247_5  0        0        0        0        0        0        0        0        0        0         0         0.309     0.310     0.311     0.314     0.314     0.315     0.316
C1901d1TS347_5  0        0        0        0        0        0        0        0        0        0         0         0         0.263     0.262     0.262     0.262     0.262     0.263
C1901d1TS240_1  0        0        0        0        0        0        0        0        0        0         0         0         0         0.351     0.355     0.359     0.363     0.363
C1901d1TS240_2  0        0        0        0        0        0        0        0        0        0         0         0         0         0.345     0.350     0.352     0.356     0.359
C1901d1TS067_2  0        0        0        0        0        0        0        0        0        0         0         0         0         0.258     0.258     0.257     0.257     0.256
C1901d1TS067_5  0        0        0        0        0        0        0        0        0        0         0         0         0         0.258     0.258     0.257     0.257     0.256
C1901d1TS240_5  0        0        0        0        0        0        0        0        0        0         0         0         0         0         0.351     0.353     0.359     0.362
C1901d1TS240_3  0        0        0        0        0        0        0        0        0        0         0         0         0         0         0.338     0.339     0.347     0.349
C1901d1TS067_4  0        0        0        0        0        0        0        0        0        0         0         0         0         0         0.255     0.255     0.255     0.254
C1901d1TS121_2  0        0        0        0        0        0        0        0        0        0         0         0         0         0         0.230     0.232     0.231     0.233
C1901d1TS121_1  0        0        0        0        0        0        0        0        0        0         0         0         0         0         0         0.239     0.239     0.239
C1901d1TS067_1  0        0        0        0        0        0        0        0        0        0         0         0         0         0         0         0         0.255     0.254
C1901d1TS347_2  0        0        0        0        0        0        0        0        0        0         0         0         0         0         0         0         0.254     0.255
C1901d1TS123_4  0        0        0        0        0        0        0        0        0        0         0         0         0         0         0         0         0         0.270
C1901d1TS347_3  0        0        0        0        0        0        0        0        0        0         0         0         0         0         0         0         0         0.261
C1901d1TS347_1  0        0        0        0        0        0        0        0        0        0         0         0         0         0         0         0         0         0.255
