model           cs_top1  cs_top2  cs_top3  cs_top4  cs_top5  cs_top6  cs_top7  cs_top8  cs_top9  cs_top10  cs_top15  cs_top20  cs_top25  cs_top30  cs_top35  cs_top40  cs_top45  cs_top50
C1902d1TS273_1  [0.572]  [0.567]  [0.528]  0.517    0.506    0.496    0.492    0.488    0.485    0.485     0.476     0.470     0.467     0.463     0.460     0.455     0.449     0.443
C1902d1TS438_5  0.517    0.514    0.519    0.521    0.523    0.526    [0.532]  0.531    0.532    0.532     0.520     0.518     0.523     0.525     [0.526]   0.526     [0.520]   [0.512]
C1902d1TS131_4  0.490    0.523    0.526    0.517    0.510    0.511    0.509    0.514    0.512    0.516     0.517     0.518     0.515     0.507     0.500     0.495     0.487     0.479
C1902d1TS273_4  0.467    0.475    0.492    0.487    0.492    0.503    0.501    0.498    0.500    0.505     0.492     0.490     0.493     0.492     0.490     0.488     0.483     0.477
C1902d1TS258_4  0.465    0.465    0.464    0.470    0.484    0.480    0.487    0.487    0.489    0.486     0.484     0.478     0.481     0.479     0.475     0.470     0.464     0.457
C1902d1TS273_3  0.447    0.449    0.448    0.457    0.462    0.466    0.463    0.462    0.469    0.467     0.463     0.460     0.460     0.459     0.457     0.453     0.448     0.442
C1902d1TS273_2  0.447    0.490    0.491    0.489    0.479    0.482    0.482    0.483    0.479    0.476     0.467     0.465     0.463     0.460     0.456     0.453     0.448     0.442
C1902d1TS215_2  0.370    0.398    0.393    0.414    0.407    0.404    0.400    0.398    0.397    0.395     0.402     0.399     0.396     0.393     0.393     0.392     0.391     0.387
C1902d1TS103_1  0.362    0.363    0.365    0.364    0.364    0.364    0.365    0.364    0.364    0.364     0.366     0.366     0.367     0.367     0.368     0.368     0.366     0.366
C1902d1TS438_4  0        0.510    0.517    0.523    0.522    0.527    [0.532]  0.531    0.533    0.532     0.522     0.520     0.526     [0.526]   [0.526]   [0.527]   [0.520]   [0.512]
C1902d1TS131_2  0        0.500    0.524    0.523    0.522    0.523    0.518    0.525    0.523    0.529     0.525     0.528     0.527     0.518     0.511     0.505     0.497     0.488
C1902d1TS228_5  0        0.465    0.477    0.481    0.484    0.484    0.484    0.493    0.494    0.494     0.502     0.507     0.508     0.507     0.508     0.505     0.499     0.493
C1902d1TS044_1  0        0.460    0.490    0.492    0.486    0.489    0.491    0.488    0.490    0.491     0.480     0.482     0.485     0.490     0.487     0.489     0.485     0.478
C1902d1TS210_4  0        0.457    0.484    0.475    0.486    0.482    0.484    0.480    0.478    0.477     0.476     0.476     0.477     0.473     0.472     0.469     0.464     0.458
C1902d1TS258_3  0        0.450    0.448    0.458    0.466    0.463    0.469    0.473    0.476    0.473     0.470     0.471     0.471     0.467     0.466     0.461     0.456     0.449
C1902d1TS131_5  0        0        0.527    [0.528]  [0.524]  [0.531]  0.526    [0.536]  [0.536]  [0.539]   [0.534]   [0.534]   [0.534]   0.525     0.519     0.512     0.504     0.495
C1902d1TS131_3  0        0        0.517    0.513    0.513    0.514    0.509    0.518    0.519    0.520     0.522     0.521     0.521     0.514     0.507     0.502     0.494     0.486
C1902d1TS438_1  0        0        0.510    0.513    0.512    0.518    0.525    0.525    0.526    0.525     0.513     0.512     0.517     0.517     0.519     0.519     0.512     0.505
C1902d1TS301_1  0        0        0.490    0.492    0.486    0.489    0.491    0.488    0.490    0.491     0.480     0.482     0.485     0.490     0.487     0.489     0.485     0.478
C1902d1TS258_1  0        0        0.471    0.471    0.476    0.479    0.487    0.491    0.493    0.494     0.489     0.483     0.487     0.484     0.482     0.477     0.471     0.463
C1902d1TS228_3  0        0        0.451    0.466    0.476    0.472    0.474    0.474    0.480    0.481     0.498     0.514     0.515     0.510     0.507     0.503     0.496     0.488
C1902d1TS215_5  0        0        0.376    0.377    0.377    0.377    0.377    0.377    0.382    0.382     0.383     0.385     0.387     0.386     0.386     0.385     0.384     0.384
C1902d1TS438_3  0        0        0        0.508    0.506    0.509    0.516    0.515    0.518    0.517     0.509     0.509     0.513     0.515     0.516     0.516     0.510     0.502
C1902d1TS228_2  0        0        0        0.465    0.476    0.472    0.473    0.473    0.479    0.480     0.499     0.514     0.514     0.510     0.507     0.502     0.495     0.488
C1902d1TS228_4  0        0        0        0.457    0.467    0.463    0.467    0.466    0.471    0.471     0.485     0.500     0.502     0.499     0.496     0.492     0.486     0.479
C1902d1TS228_1  0        0        0        0        0.475    0.471    0.473    0.473    0.478    0.478     0.496     0.512     0.513     0.508     0.505     0.501     0.494     0.486
C1902d1TS258_5  0        0        0        0        0.463    0.461    0.469    0.478    0.477    0.475     0.475     0.471     0.475     0.473     0.469     0.464     0.457     0.450
C1902d1TS215_1  0        0        0        0        0.363    0.371    0.369    0.374    0.373    0.371     0.370     0.370     0.370     0.370     0.368     0.367     0.368     0.365
C1902d1TS131_1  0        0        0        0        0        0.506    0.503    0.514    0.513    0.514     0.519     0.521     0.519     0.511     0.504     0.499     0.491     0.483
C1902d1TS210_5  0        0        0        0        0        0.473    0.473    0.474    0.474    0.481     0.486     0.489     0.490     0.488     0.488     0.485     0.479     0.473
C1902d1TS347_3  0        0        0        0        0        0.364    0.364    0.363    0.364    0.364     0.364     0.366     0.366     0.366     0.369     0.370     0.370     0.375
C1902d1TS258_2  0        0        0        0        0        0        0.463    0.465    0.465    0.464     0.464     0.468     0.473     0.471     0.469     0.464     0.458     0.451
C1902d1TS123_1  0        0        0        0        0        0        0.372    0.372    0.372    0.372     0.371     0.373     0.376     0.379     0.382     0.386     0.387     0.387
C1902d1TS003_1  0        0        0        0        0        0        0        0        0        0.254     0.253     0.253     0.253     0.253     0.254     0.255     0.255     0.256
C1902d1TS405_5  0        0        0        0        0        0        0        0        0        0         0.475     0.479     0.482     0.486     0.492     0.496     0.496     0.495
C1902d1TS405_4  0        0        0        0        0        0        0        0        0        0         0.467     0.470     0.472     0.474     0.481     0.484     0.485     0.482
C1902d1TS240_3  0        0        0        0        0        0        0        0        0        0         0.467     0.473     0.482     0.487     0.490     0.492     0.488     0.481
C1902d1TS240_1  0        0        0        0        0        0        0        0        0        0         0.464     0.470     0.480     0.484     0.489     0.490     0.487     0.480
C1902d1TS215_3  0        0        0        0        0        0        0        0        0        0         0.400     0.402     0.404     0.405     0.405     0.406     0.407     0.404
C1902d1TS347_2  0        0        0        0        0        0        0        0        0        0         0.363     0.364     0.365     0.367     0.367     0.370     0.371     0.375
C1902d1TS240_5  0        0        0        0        0        0        0        0        0        0         0         0.484     0.494     0.502     0.504     0.504     0.500     0.493
C1902d1TS240_4  0        0        0        0        0        0        0        0        0        0         0         0.484     0.494     0.500     0.504     0.506     0.502     0.495
C1902d1TS240_2  0        0        0        0        0        0        0        0        0        0         0         0.481     0.491     0.494     0.498     0.499     0.496     0.488
C1902d1TS210_2  0        0        0        0        0        0        0        0        0        0         0         0.480     0.484     0.487     0.494     0.499     0.500     0.500
C1902d1TS405_2  0        0        0        0        0        0        0        0        0        0         0         0.480     0.484     0.487     0.494     0.499     0.500     0.500
C1902d1TS347_1  0        0        0        0        0        0        0        0        0        0         0         0.374     0.376     0.383     0.389     0.388     0.388     0.387
C1902d1TS123_2  0        0        0        0        0        0        0        0        0        0         0         0.371     0.372     0.377     0.377     0.382     0.385     0.384
C1902d1TS210_3  0        0        0        0        0        0        0        0        0        0         0         0         0         0.468     0.473     0.481     0.484     0.482
C1902d1TS405_3  0        0        0        0        0        0        0        0        0        0         0         0         0         0.468     0.473     0.481     0.484     0.482
C1902d1TS438_2  0        0        0        0        0        0        0        0        0        0         0         0         0         0.401     0.404     0.405     0.405     0.403
C1902d1TS215_4  0        0        0        0        0        0        0        0        0        0         0         0         0         0.358     0.360     0.361     0.361     0.363
C1902d1TS210_1  0        0        0        0        0        0        0        0        0        0         0         0         0         0         0.488     0.493     0.493     0.494
C1902d1TS405_1  0        0        0        0        0        0        0        0        0        0         0         0         0         0         0.488     0.493     0.493     0.494
C1902d1TS123_3  0        0        0        0        0        0        0        0        0        0         0         0         0         0         0.376     0.382     0.382     0.386
C1902d1TS123_5  0        0        0        0        0        0        0        0        0        0         0         0         0         0         0         0.417     0.417     0.418
C1902d1TS123_4  0        0        0        0        0        0        0        0        0        0         0         0         0         0         0         0.394     0.396     0.399
C1902d1TS273_5  0        0        0        0        0        0        0        0        0        0         0         0         0         0         0         0         0.421     0.424
C1902d1TS067_3  0        0        0        0        0        0        0        0        0        0         0         0         0         0         0         0         0.382     0.381
C1902d1TS067_2  0        0        0        0        0        0        0        0        0        0         0         0         0         0         0         0         0.356     0.355
C1902d1TS067_4  0        0        0        0        0        0        0        0        0        0         0         0         0         0         0         0         0.347     0.346
C1902d1TS067_1  0        0        0        0        0        0        0        0        0        0         0         0         0         0         0         0         0         0.375
C1902d1TS067_5  0        0        0        0        0        0        0        0        0        0         0         0         0         0         0         0         0         0.375
C1902d1TS049_5  0        0        0        0        0        0        0        0        0        0         0         0         0         0         0         0         0         0.205
