model           cs_top1  cs_top2  cs_top3  cs_top4  cs_top5  cs_top6  cs_top7  cs_top8  cs_top9  cs_top10  cs_top15  cs_top20  cs_top25  cs_top30  cs_top35  cs_top40  cs_top45  cs_top50
C1901d3TS273_1  [0.730]  [0.735]  0.699    0.699    0.680    0.657    0.637    0.614    0.597    0.575     0.524     0.495     0.474     0.455     0.442     0.432     0.423     0.415
C1901d3TS273_3  0.713    0.705    0.691    [0.719]  [0.707]  0.686    0.661    0.636    0.616    0.592     0.536     0.505     0.482     0.463     0.448     0.437     0.428     0.419
C1901d3TS273_2  0.692    0.689    [0.707]  0.704    0.704    [0.688]  [0.667]  [0.643]  [0.624]  [0.600]   [0.545]   [0.515]   [0.492]   [0.472]   [0.457]   [0.447]   [0.437]   [0.428]
C1901d3TS273_4  0.651    0.669    0.692    0.688    0.694    0.674    0.652    0.631    0.612    0.589     0.538     0.508     0.486     0.467     0.453     0.442     0.433     0.423
C1901d3TS215_2  0.562    0.577    0.565    0.591    0.585    0.579    0.577    0.558    0.549    0.530     0.487     0.464     0.444     0.427     0.414     0.404     0.395     0.387
C1901d3TS267_4  0.308    0.308    0.308    0.307    0.309    0.307    0.306    0.305    0.305    0.304     0.300     0.299     0.298     0.296     0.296     0.296     0.298     0.300
C1901d3TS010_4  0.287    0.287    0.287    0.288    0.289    0.288    0.287    0.294    0.295    0.295     0.296     0.303     0.302     0.300     0.299     0.301     0.301     0.300
C1901d3TS273_5  0        0.682    0.685    0.705    0.705    [0.688]  0.664    0.640    0.621    0.597     0.543     0.512     0.489     0.469     0.455     0.444     0.435     0.425
C1901d3TS215_1  0        0.495    0.491    0.496    0.494    0.487    0.480    0.476    0.469    0.458     0.441     0.440     0.427     0.413     0.403     0.395     0.389     0.383
C1901d3TS210_4  0        0.378    0.390    0.385    0.383    0.382    0.381    0.380    0.381    0.383     0.402     0.400     0.399     0.406     0.405     0.398     0.391     0.385
C1901d3TS228_3  0        0.369    0.368    0.367    0.369    0.368    0.365    0.363    0.365    0.365     0.366     0.366     0.374     0.384     0.395     0.392     0.388     0.383
C1901d3TS215_3  0        0        0.547    0.551    0.550    0.551    0.556    0.544    0.531    0.516     0.488     0.463     0.444     0.428     0.417     0.407     0.399     0.392
C1901d3TS405_2  0        0        0.390    0.385    0.383    0.382    0.381    0.380    0.381    0.383     0.402     0.400     0.399     0.406     0.405     0.398     0.391     0.385
C1901d3TS345_1  0        0        0.324    0.324    0.325    0.331    0.335    0.339    0.342    0.339     0.334     0.327     0.324     0.321     0.318     0.318     0.317     0.316
C1901d3TS438_2  0        0        0.301    0.300    0.300    0.298    0.297    0.296    0.294    0.293     0.290     0.289     0.289     0.288     0.288     0.288     0.289     0.292
C1901d3TS010_3  0        0        0        0.281    0.282    0.281    0.282    0.284    0.285    0.292     0.290     0.291     0.295     0.296     0.297     0.298     0.298     0.297
C1901d3TS258_2  0        0        0        0        0.467    0.467    0.459    0.459    0.462    0.455     0.434     0.429     0.418     0.407     0.400     0.393     0.388     0.383
C1901d3TS345_5  0        0        0        0        0.391    0.388    0.391    0.386    0.384    0.384     0.379     0.372     0.369     0.364     0.359     0.355     0.351     0.348
C1901d3TS228_5  0        0        0        0        0.345    0.345    0.343    0.343    0.344    0.343     0.345     0.350     0.355     0.361     0.367     0.365     0.363     0.360
C1901d3TS267_3  0        0        0        0        0.302    0.301    0.300    0.300    0.299    0.299     0.296     0.295     0.295     0.294     0.295     0.296     0.298     0.300
C1901d3TS345_2  0        0        0        0        0        0.372    0.368    0.363    0.366    0.370     0.364     0.362     0.357     0.353     0.350     0.347     0.344     0.340
C1901d3TS405_5  0        0        0        0        0        0.353    0.352    0.351    0.350    0.349     0.359     0.367     0.369     0.370     0.370     0.366     0.362     0.359
C1901d3TS210_5  0        0        0        0        0        0.351    0.349    0.348    0.347    0.347     0.365     0.385     0.385     0.389     0.385     0.379     0.375     0.371
C1901d3TS210_3  0        0        0        0        0        0        0.364    0.371    0.368    0.370     0.388     0.393     0.391     0.392     0.392     0.387     0.381     0.376
C1901d3TS345_3  0        0        0        0        0        0        0.302    0.302    0.302    0.310     0.304     0.301     0.298     0.296     0.297     0.300     0.298     0.298
C1901d3TS010_5  0        0        0        0        0        0        0.287    0.288    0.289    0.295     0.293     0.292     0.297     0.298     0.300     0.301     0.301     0.301
C1901d3TS258_1  0        0        0        0        0        0        0        0.512    0.514    0.499     0.465     0.453     0.440     0.425     0.416     0.408     0.401     0.394
C1901d3TS215_5  0        0        0        0        0        0        0        0.463    0.460    0.452     0.445     0.434     0.420     0.406     0.398     0.389     0.382     0.375
C1901d3TS405_1  0        0        0        0        0        0        0        0.371    0.368    0.370     0.388     0.393     0.391     0.392     0.392     0.387     0.381     0.376
C1901d3TS438_3  0        0        0        0        0        0        0        0.367    0.369    0.365     0.357     0.361     0.369     0.365     0.363     0.369     0.375     0.375
C1901d3TS240_1  0        0        0        0        0        0        0        0.351    0.350    0.347     0.341     0.338     0.338     0.337     0.338     0.338     0.341     0.343
C1901d3TS010_1  0        0        0        0        0        0        0        0.286    0.291    0.292     0.290     0.298     0.298     0.297     0.299     0.298     0.299     0.298
C1901d3TS228_2  0        0        0        0        0        0        0        0        0.369    0.368     0.369     0.369     0.379     0.391     0.402     0.398     0.392     0.387
C1901d3TS438_5  0        0        0        0        0        0        0        0        0.364    0.360     0.352     0.357     0.365     0.362     0.359     0.365     0.371     0.371
C1901d3TS131_2  0        0        0        0        0        0        0        0        0.347    0.344     0.343     0.342     0.358     0.364     0.371     0.373     0.373     0.370
C1901d3TS228_1  0        0        0        0        0        0        0        0        0        0.361     0.363     0.366     0.378     0.393     0.401     0.396     0.390     0.384
C1901d3TS405_4  0        0        0        0        0        0        0        0        0        0.348     0.358     0.364     0.372     0.374     0.371     0.367     0.362     0.359
C1901d3TS267_2  0        0        0        0        0        0        0        0        0        0.299     0.297     0.295     0.294     0.293     0.296     0.297     0.299     0.300
C1901d3TS215_4  0        0        0        0        0        0        0        0        0        0         0.454     0.438     0.421     0.409     0.399     0.389     0.382     0.375
C1901d3TS405_3  0        0        0        0        0        0        0        0        0        0         0.365     0.385     0.385     0.389     0.385     0.379     0.375     0.371
C1901d3TS228_4  0        0        0        0        0        0        0        0        0        0         0.359     0.362     0.375     0.390     0.398     0.392     0.387     0.381
C1901d3TS345_4  0        0        0        0        0        0        0        0        0        0         0.341     0.342     0.336     0.334     0.332     0.332     0.331     0.327
C1901d3TS131_4  0        0        0        0        0        0        0        0        0        0         0.340     0.338     0.351     0.357     0.364     0.368     0.367     0.364
C1901d3TS210_2  0        0        0        0        0        0        0        0        0        0         0.314     0.313     0.313     0.317     0.321     0.320     0.318     0.315
C1901d3TS010_2  0        0        0        0        0        0        0        0        0        0         0.300     0.307     0.310     0.310     0.309     0.308     0.308     0.307
C1901d3TS432_1  0        0        0        0        0        0        0        0        0        0         0.299     0.295     0.296     0.298     0.297     0.299     0.298     0.298
C1901d3TS123_3  0        0        0        0        0        0        0        0        0        0         0.295     0.294     0.293     0.292     0.292     0.293     0.293     0.295
C1901d3TS123_1  0        0        0        0        0        0        0        0        0        0         0.290     0.289     0.289     0.289     0.289     0.289     0.291     0.292
C1901d3TS438_4  0        0        0        0        0        0        0        0        0        0         0         0.363     0.370     0.367     0.364     0.370     0.377     0.377
C1901d3TS438_1  0        0        0        0        0        0        0        0        0        0         0         0.361     0.367     0.364     0.362     0.368     0.374     0.374
C1901d3TS131_1  0        0        0        0        0        0        0        0        0        0         0         0.340     0.358     0.363     0.368     0.372     0.371     0.368
C1901d3TS131_5  0        0        0        0        0        0        0        0        0        0         0         0         0.358     0.360     0.366     0.369     0.370     0.367
C1901d3TS131_3  0        0        0        0        0        0        0        0        0        0         0         0         0.355     0.360     0.366     0.370     0.369     0.367
C1901d3TS240_4  0        0        0        0        0        0        0        0        0        0         0         0         0.341     0.342     0.342     0.344     0.347     0.348
C1901d3TS210_1  0        0        0        0        0        0        0        0        0        0         0         0         0.308     0.317     0.321     0.321     0.322     0.320
C1901d3TS123_4  0        0        0        0        0        0        0        0        0        0         0         0         0         0.280     0.280     0.279     0.281     0.284
C1901d3TS103_1  0        0        0        0        0        0        0        0        0        0         0         0         0         0.242     0.241     0.243     0.242     0.242
C1901d3TS240_2  0        0        0        0        0        0        0        0        0        0         0         0         0         0         0.330     0.333     0.338     0.338
C1901d3TS240_5  0        0        0        0        0        0        0        0        0        0         0         0         0         0         0.326     0.326     0.330     0.333
C1901d3TS123_5  0        0        0        0        0        0        0        0        0        0         0         0         0         0         0.292     0.291     0.291     0.294
C1901d3TS267_1  0        0        0        0        0        0        0        0        0        0         0         0         0         0         0.286     0.286     0.288     0.290
C1901d3TS240_3  0        0        0        0        0        0        0        0        0        0         0         0         0         0         0         0.343     0.344     0.346
C1901d3TS258_5  0        0        0        0        0        0        0        0        0        0         0         0         0         0         0         0.330     0.331     0.335
C1901d3TS267_5  0        0        0        0        0        0        0        0        0        0         0         0         0         0         0         0.297     0.298     0.300
C1901d3TS347_3  0        0        0        0        0        0        0        0        0        0         0         0         0         0         0         0.282     0.284     0.284
C1901d3TS067_2  0        0        0        0        0        0        0        0        0        0         0         0         0         0         0         0.261     0.261     0.261
C1901d3TS258_4  0        0        0        0        0        0        0        0        0        0         0         0         0         0         0         0         0.345     0.343
C1901d3TS258_3  0        0        0        0        0        0        0        0        0        0         0         0         0         0         0         0         0.311     0.310
C1901d3TS347_2  0        0        0        0        0        0        0        0        0        0         0         0         0         0         0         0         0.278     0.277
C1901d3TS123_2  0        0        0        0        0        0        0        0        0        0         0         0         0         0         0         0         0         0.290
C1901d3TS103_2  0        0        0        0        0        0        0        0        0        0         0         0         0         0         0         0         0         0.279
