model           cs_top1  cs_top2  cs_top3  cs_top4  cs_top5  cs_top6  cs_top7  cs_top8  cs_top9  cs_top10  cs_top15  cs_top20  cs_top25  cs_top30  cs_top35  cs_top40  cs_top45  cs_top50
C1904d1TS131_5  [0.447]  0.455    0.481    0.465    0.472    0.482    0.491    0.488    0.493    0.499     0.503     0.486     0.474     0.466     0.459     0.453     0.447     0.442
C1904d1TS131_2  0.433    [0.469]  [0.498]  [0.478]  0.477    0.485    [0.499]  [0.497]  [0.502]  [0.506]   [0.508]   0.491     0.478     [0.469]   0.461     0.455     0.448     0.443
C1904d1TS131_3  0.431    0.449    0.480    0.465    0.465    0.476    0.493    0.492    0.497    0.499     0.505     0.490     0.477     0.467     0.460     0.454     0.448     0.442
C1904d1TS210_1  0.419    0.446    0.450    0.473    [0.485]  0.481    0.467    0.455    0.452    0.449     0.434     0.419     0.417     0.413     0.410     0.406     0.402     0.398
C1904d1TS210_2  0.388    0.398    0.410    0.415    0.423    0.425    0.427    0.427    0.430    0.432     0.440     0.442     0.445     0.451     0.453     0.454     0.453     0.452
C1904d1TS247_2  0.382    0.404    0.418    0.429    0.427    0.427    0.430    0.432    0.437    0.438     0.439     0.445     0.450     0.454     0.455     0.455     0.453     0.449
C1904d1TS228_1  0.358    0.382    0.387    0.395    0.401    0.400    0.401    0.400    0.404    0.411     0.426     0.433     0.433     0.437     0.437     0.438     0.437     0.435
C1904d1TS010_2  0.326    0.337    0.365    0.363    0.372    0.373    0.375    0.379    0.378    0.378     0.380     0.381     0.378     0.377     0.376     0.374     0.372     0.372
C1904d1TS273_3  0.312    0.331    0.342    0.347    0.352    0.358    0.372    0.374    0.375    0.377     0.372     0.374     0.379     0.380     0.379     0.380     0.379     0.377
C1904d1TS067_5  0.294    0.264    0.235    0.219    0.210    0.204    0.200    0.197    0.195    0.193     0.190     0.188     0.187     0.186     0.186     0.186     0.186     0.185
C1904d1TS131_4  0        0.461    0.483    0.468    0.471    0.480    0.492    0.493    0.498    0.502     0.507     0.490     0.478     0.468     0.461     0.455     0.449     0.443
C1904d1TS405_1  0        0.446    0.450    0.473    [0.485]  0.481    0.467    0.455    0.452    0.449     0.434     0.419     0.417     0.413     0.410     0.406     0.402     0.398
C1904d1TS247_5  0        0.426    0.438    0.442    0.440    0.439    0.445    0.446    0.449    0.450     0.451     0.457     0.461     0.467     [0.468]   [0.467]   [0.464]   [0.460]
C1904d1TS228_2  0        0.387    0.392    0.400    0.407    0.407    0.407    0.406    0.411    0.416     0.430     0.438     0.438     0.442     0.441     0.442     0.442     0.440
C1904d1TS010_1  0        0.343    0.356    0.369    0.370    0.379    0.389    0.388    0.386    0.385     0.382     0.383     0.385     0.383     0.382     0.381     0.381     0.382
C1904d1TS273_4  0        0.334    0.344    0.352    0.359    0.362    0.370    0.375    0.378    0.378     0.373     0.376     0.381     0.383     0.382     0.384     0.383     0.382
C1904d1TS121_1  0        0.270    0.279    0.280    0.282    0.285    0.286    0.287    0.288    0.289     0.291     0.298     0.297     0.297     0.298     0.298     0.298     0.297
C1904d1TS067_4  0        0.254    0.229    0.216    0.208    0.203    0.199    0.197    0.195    0.194     0.193     0.190     0.189     0.189     0.188     0.188     0.188     0.187
C1904d1TS131_1  0        0        0.477    0.466    0.466    [0.486]  0.496    0.494    0.499    0.503     0.507     [0.492]   [0.479]   [0.469]   0.462     0.455     0.449     0.444
C1904d1TS247_3  0        0        0.432    0.437    0.434    0.434    0.437    0.440    0.443    0.444     0.446     0.451     0.456     0.462     0.463     0.462     0.461     0.457
C1904d1TS210_4  0        0        0.387    0.404    0.408    0.408    0.410    0.417    0.425    0.425     0.440     0.436     0.437     0.434     0.439     0.437     0.435     0.433
C1904d1TS010_4  0        0        0.351    0.352    0.355    0.358    0.361    0.363    0.364    0.369     0.378     0.379     0.378     0.377     0.377     0.375     0.374     0.375
C1904d1TS010_5  0        0        0.342    0.345    0.356    0.365    0.366    0.376    0.374    0.373     0.375     0.374     0.371     0.370     0.371     0.370     0.369     0.369
C1904d1TS273_2  0        0        0.341    0.355    0.356    0.358    0.368    0.374    0.373    0.373     0.378     0.382     0.390     0.392     0.388     0.386     0.385     0.384
C1904d1TS347_1  0        0        0.304    0.307    0.309    0.312    0.314    0.315    0.316    0.317     0.319     0.320     0.322     0.323     0.324     0.325     0.325     0.325
C1904d1TS247_1  0        0        0        0.430    0.427    0.427    0.431    0.438    0.440    0.441     0.442     0.448     0.453     0.459     0.461     0.460     0.458     0.454
C1904d1TS405_2  0        0        0        0.404    0.408    0.408    0.410    0.417    0.425    0.425     0.440     0.436     0.437     0.434     0.439     0.437     0.435     0.433
C1904d1TS228_3  0        0        0        0.404    0.409    0.409    0.410    0.410    0.415    0.420     0.433     0.439     0.441     0.444     0.443     0.445     0.445     0.443
C1904d1TS273_1  0        0        0        0.355    0.356    0.358    0.368    0.374    0.373    0.373     0.378     0.382     0.390     0.392     0.388     0.386     0.385     0.384
C1904d1TS123_3  0        0        0        0.349    0.352    0.356    0.359    0.360    0.361    0.362     0.366     0.371     0.373     0.374     0.374     0.375     0.375     0.376
C1904d1TS432_1  0        0        0        0.344    0.347    0.349    0.355    0.357    0.358    0.359     0.359     0.362     0.365     0.368     0.369     0.369     0.370     0.369
C1904d1TS438_2  0        0        0        0.334    0.336    0.340    0.342    0.343    0.344    0.346     0.349     0.351     0.352     0.352     0.354     0.357     0.357     0.357
C1904d1TS073_3  0        0        0        0.322    0.325    0.328    0.330    0.337    0.339    0.339     0.342     0.342     0.348     0.353     0.356     0.356     0.354     0.354
C1904d1TS405_4  0        0        0        0        0.399    0.401    0.414    0.415    0.417    0.418     0.423     0.430     0.431     0.431     0.433     0.434     0.432     0.430
C1904d1TS010_3  0        0        0        0        0.364    0.369    0.372    0.374    0.375    0.376     0.385     0.383     0.385     0.385     0.386     0.385     0.383     0.384
C1904d1TS073_2  0        0        0        0        0.308    0.310    0.310    0.312    0.318    0.318     0.320     0.320     0.322     0.324     0.325     0.328     0.328     0.327
C1904d1TS228_5  0        0        0        0        0        0.420    0.423    0.423    0.430    0.432     0.438     0.442     0.445     0.449     0.450     0.449     0.449     0.447
C1904d1TS258_3  0        0        0        0        0        0.407    0.409    0.409    0.411    0.412     0.423     0.423     0.428     0.430     0.435     0.435     0.433     0.432
C1904d1TS240_4  0        0        0        0        0        0.367    0.371    0.373    0.379    0.381     0.387     0.389     0.393     0.393     0.401     0.405     0.405     0.404
C1904d1TS123_4  0        0        0        0        0        0.338    0.340    0.341    0.342    0.343     0.351     0.356     0.358     0.359     0.357     0.358     0.358     0.357
C1904d1TS405_5  0        0        0        0        0        0        0.400    0.402    0.406    0.408     0.416     0.418     0.423     0.424     0.428     0.427     0.426     0.425
C1904d1TS438_1  0        0        0        0        0        0        0        0.412    0.414    0.417     0.433     0.436     0.448     0.452     0.456     0.459     0.455     0.453
C1904d1TS103_1  0        0        0        0        0        0        0        0.330    0.330    0.331     0.334     0.336     0.338     0.339     0.340     0.343     0.343     0.343
C1904d1TS215_1  0        0        0        0        0        0        0        0        0.373    0.374     0.378     0.379     0.381     0.382     0.382     0.383     0.382     0.382
C1904d1TS247_4  0        0        0        0        0        0        0        0        0        0.433     0.438     0.446     0.451     0.454     0.456     0.456     0.454     0.451
C1904d1TS438_3  0        0        0        0        0        0        0        0        0        0.412     0.427     0.431     0.441     0.445     0.449     0.454     0.450     0.448
C1904d1TS210_5  0        0        0        0        0        0        0        0        0        0.409     0.418     0.421     0.424     0.425     0.431     0.431     0.430     0.429
C1904d1TS240_5  0        0        0        0        0        0        0        0        0        0.381     0.385     0.387     0.390     0.392     0.396     0.403     0.404     0.402
C1904d1TS347_2  0        0        0        0        0        0        0        0        0        0.340     0.343     0.345     0.347     0.349     0.349     0.350     0.350     0.350
C1904d1TS438_5  0        0        0        0        0        0        0        0        0        0         0.435     0.439     0.450     0.454     0.457     0.462     0.458     0.456
C1904d1TS438_4  0        0        0        0        0        0        0        0        0        0         0.432     0.435     0.446     0.450     0.454     0.458     0.454     0.452
C1904d1TS258_2  0        0        0        0        0        0        0        0        0        0         0.428     0.433     0.437     0.439     0.440     0.440     0.437     0.436
C1904d1TS210_3  0        0        0        0        0        0        0        0        0        0         0.426     0.432     0.438     0.441     0.442     0.442     0.442     0.440
C1904d1TS405_3  0        0        0        0        0        0        0        0        0        0         0.418     0.421     0.424     0.425     0.431     0.431     0.430     0.429
C1904d1TS228_4  0        0        0        0        0        0        0        0        0        0         0.418     0.426     0.425     0.430     0.429     0.430     0.429     0.428
C1904d1TS258_5  0        0        0        0        0        0        0        0        0        0         0.395     0.397     0.399     0.400     0.403     0.404     0.405     0.407
C1904d1TS073_5  0        0        0        0        0        0        0        0        0        0         0.329     0.330     0.334     0.338     0.339     0.340     0.341     0.343
C1904d1TS073_1  0        0        0        0        0        0        0        0        0        0         0.320     0.323     0.324     0.327     0.330     0.330     0.331     0.332
C1904d1TS258_4  0        0        0        0        0        0        0        0        0        0         0         0.416     0.417     0.418     0.424     0.425     0.424     0.423
C1904d1TS240_1  0        0        0        0        0        0        0        0        0        0         0         0.403     0.405     0.405     0.410     0.414     0.414     0.413
C1904d1TS240_2  0        0        0        0        0        0        0        0        0        0         0         0.402     0.404     0.406     0.410     0.413     0.415     0.414
C1904d1TS215_5  0        0        0        0        0        0        0        0        0        0         0         0.356     0.357     0.359     0.360     0.360     0.360     0.360
C1904d1TS123_1  0        0        0        0        0        0        0        0        0        0         0         0.353     0.354     0.358     0.358     0.360     0.364     0.367
C1904d1TS123_2  0        0        0        0        0        0        0        0        0        0         0         0.353     0.354     0.358     0.358     0.360     0.364     0.367
C1904d1TS073_4  0        0        0        0        0        0        0        0        0        0         0         0.326     0.330     0.331     0.333     0.334     0.337     0.339
C1904d1TS121_2  0        0        0        0        0        0        0        0        0        0         0         0.290     0.290     0.291     0.291     0.293     0.292     0.292
C1904d1TS215_3  0        0        0        0        0        0        0        0        0        0         0         0         0.392     0.395     0.397     0.401     0.400     0.401
C1904d1TS215_2  0        0        0        0        0        0        0        0        0        0         0         0         0.374     0.376     0.377     0.379     0.378     0.378
C1904d1TS273_5  0        0        0        0        0        0        0        0        0        0         0         0         0.362     0.363     0.365     0.367     0.370     0.370
C1904d1TS103_2  0        0        0        0        0        0        0        0        0        0         0         0         0         0.313     0.314     0.315     0.315     0.315
C1904d1TS404_1  0        0        0        0        0        0        0        0        0        0         0         0         0         0         0.417     0.421     0.420     0.420
C1904d1TS258_1  0        0        0        0        0        0        0        0        0        0         0         0         0         0         0.405     0.406     0.406     0.406
C1904d1TS240_3  0        0        0        0        0        0        0        0        0        0         0         0         0         0         0.396     0.398     0.401     0.400
C1904d1TS215_4  0        0        0        0        0        0        0        0        0        0         0         0         0         0         0.347     0.348     0.347     0.347
C1904d1TS404_5  0        0        0        0        0        0        0        0        0        0         0         0         0         0         0         0.421     0.420     0.420
C1904d1TS404_4  0        0        0        0        0        0        0        0        0        0         0         0         0         0         0         0.420     0.419     0.419
C1904d1TS404_3  0        0        0        0        0        0        0        0        0        0         0         0         0         0         0         0.419     0.418     0.418
C1904d1TS404_2  0        0        0        0        0        0        0        0        0        0         0         0         0         0         0         0.418     0.417     0.416
C1904d1TS123_5  0        0        0        0        0        0        0        0        0        0         0         0         0         0         0         0         0.359     0.361
