model           cs_top1  cs_top2  cs_top3  cs_top4  cs_top5  cs_top6  cs_top7  cs_top8  cs_top9  cs_top10  cs_top15  cs_top20  cs_top25  cs_top30  cs_top35  cs_top40  cs_top45  cs_top50
C1904d3TS273_1  [0.846]  [0.814]  [0.797]  [0.793]  0.789    0.743    0.708    0.681    0.665    0.648     0.603     0.579     0.562     0.549     0.539     0.526     0.513     0.493
C1904d3TS273_2  0.768    0.786    0.790    0.785    0.787    0.742    0.706    0.680    0.664    0.648     0.603     0.578     0.560     0.548     0.537     0.525     0.512     0.492
C1904d3TS273_5  0.754    0.756    0.755    0.787    0.787    0.745    0.709    0.683    0.666    0.649     [0.605]   [0.580]   [0.563]   0.551     0.540     [0.528]   0.515     [0.495]
C1904d3TS273_4  0.753    0.767    0.770    0.789    [0.791]  [0.747]  [0.711]  [0.684]  [0.667]  [0.650]   [0.605]   [0.580]   [0.563]   [0.552]   [0.541]   [0.528]   [0.516]   [0.495]
C1904d3TS273_3  0.745    0.773    0.785    0.780    0.782    0.737    0.702    0.675    0.658    0.642     0.597     0.574     0.557     0.544     0.534     0.522     0.510     0.490
C1904d3TS258_5  0.556    0.539    0.533    0.530    0.528    0.526    0.520    0.516    0.513    0.511     0.518     0.511     0.507     0.500     0.494     0.484     0.473     0.455
C1904d3TS131_1  0.528    0.530    0.529    0.529    0.532    0.534    0.531    0.527    0.531    0.530     0.537     0.531     0.528     0.519     0.511     0.501     0.492     0.473
C1904d3TS131_4  0        0.530    0.527    0.527    0.530    0.526    0.522    0.518    0.519    0.524     0.531     0.523     0.519     0.513     0.504     0.495     0.485     0.467
C1904d3TS258_1  0        0.506    0.504    0.505    0.504    0.499    0.496    0.496    0.495    0.493     0.493     0.491     0.493     0.491     0.486     0.478     0.468     0.451
C1904d3TS438_1  0        0.502    0.511    0.515    0.512    0.529    0.537    0.553    0.564    0.573     0.566     0.566     0.555     0.544     0.532     0.518     0.504     0.483
C1904d3TS258_2  0        0        0.525    0.526    0.526    0.523    0.525    0.523    0.523    0.525     0.532     0.530     0.526     0.518     0.511     0.500     0.489     0.469
C1904d3TS438_4  0        0        0.509    0.514    0.511    0.528    0.537    0.552    0.564    0.572     0.565     0.565     0.555     0.544     0.532     0.517     0.503     0.482
C1904d3TS210_1  0        0        0.451    0.451    0.451    0.450    0.454    0.452    0.452    0.451     0.459     0.461     0.461     0.460     0.455     0.451     0.443     0.427
C1904d3TS438_3  0        0        0        0.510    0.507    0.523    0.532    0.548    0.560    0.568     0.561     0.562     0.551     0.541     0.528     0.514     0.500     0.479
C1904d3TS258_3  0        0        0        0.494    0.493    0.488    0.489    0.485    0.484    0.482     0.482     0.479     0.479     0.479     0.474     0.466     0.457     0.440
C1904d3TS131_3  0        0        0        0        0.530    0.536    0.536    0.531    0.540    0.538     0.544     0.532     0.526     0.517     0.508     0.499     0.489     0.470
C1904d3TS131_2  0        0        0        0        0.520    0.522    0.526    0.525    0.524    0.525     0.526     0.523     0.517     0.508     0.499     0.490     0.481     0.463
C1904d3TS258_4  0        0        0        0        0.508    0.504    0.501    0.498    0.502    0.501     0.502     0.505     0.507     0.500     0.495     0.486     0.475     0.457
C1904d3TS438_5  0        0        0        0        0        0.524    0.532    0.549    0.560    0.568     0.561     0.561     0.551     0.540     0.528     0.514     0.500     0.479
C1904d3TS215_3  0        0        0        0        0        0.490    0.487    0.484    0.479    0.474     0.463     0.462     0.455     0.452     0.446     0.440     0.433     0.418
C1904d3TS228_5  0        0        0        0        0        0.460    0.460    0.459    0.460    0.461     0.471     0.480     0.485     0.485     0.483     0.478     0.469     0.452
C1904d3TS215_2  0        0        0        0        0        0.440    0.440    0.444    0.440    0.439     0.430     0.426     0.422     0.419     0.417     0.413     0.408     0.395
C1904d3TS131_5  0        0        0        0        0        0        0.533    0.535    0.539    0.539     0.544     0.533     0.528     0.519     0.510     0.501     0.491     0.472
C1904d3TS438_2  0        0        0        0        0        0        0.532    0.546    0.558    0.568     0.563     0.563     0.553     0.542     0.530     0.516     0.502     0.481
C1904d3TS210_2  0        0        0        0        0        0        0.462    0.460    0.460    0.459     0.465     0.467     0.469     0.466     0.462     0.460     0.452     0.436
C1904d3TS215_4  0        0        0        0        0        0        0.426    0.428    0.426    0.424     0.424     0.423     0.419     0.419     0.418     0.415     0.411     0.398
C1904d3TS240_1  0        0        0        0        0        0        0        0        0.452    0.452     0.451     0.454     0.460     0.466     0.468     0.467     0.461     0.446
C1904d3TS215_5  0        0        0        0        0        0        0        0        0.447    0.444     0.441     0.438     0.436     0.434     0.436     0.432     0.428     0.414
C1904d3TS228_4  0        0        0        0        0        0        0        0        0        0.462     0.478     0.492     0.506     0.507     0.501     0.493     0.482     0.463
C1904d3TS240_3  0        0        0        0        0        0        0        0        0        0.460     0.462     0.460     0.464     0.472     0.473     0.474     0.467     0.452
C1904d3TS215_1  0        0        0        0        0        0        0        0        0        0.436     0.433     0.430     0.429     0.427     0.426     0.427     0.423     0.411
C1904d3TS228_3  0        0        0        0        0        0        0        0        0        0         0.481     0.496     0.514     0.513     0.506     0.497     0.486     0.467
C1904d3TS228_2  0        0        0        0        0        0        0        0        0        0         0.480     0.497     0.514     0.514     0.507     0.497     0.486     0.467
C1904d3TS228_1  0        0        0        0        0        0        0        0        0        0         0.479     0.496     0.513     0.513     0.506     0.496     0.485     0.466
C1904d3TS240_2  0        0        0        0        0        0        0        0        0        0         0.463     0.462     0.464     0.471     0.476     0.476     0.470     0.455
C1904d3TS240_4  0        0        0        0        0        0        0        0        0        0         0.448     0.447     0.448     0.453     0.456     0.457     0.452     0.438
C1904d3TS240_5  0        0        0        0        0        0        0        0        0        0         0         0         0.465     0.470     0.474     0.474     0.470     0.454
C1904d3TS210_4  0        0        0        0        0        0        0        0        0        0         0         0         0.410     0.418     0.421     0.427     0.433     0.420
C1904d3TS405_2  0        0        0        0        0        0        0        0        0        0         0         0         0.410     0.418     0.421     0.427     0.433     0.420
C1904d3TS210_3  0        0        0        0        0        0        0        0        0        0         0         0         0.405     0.406     0.406     0.419     0.429     0.416
C1904d3TS210_5  0        0        0        0        0        0        0        0        0        0         0         0         0         0.409     0.417     0.423     0.433     0.419
C1904d3TS405_3  0        0        0        0        0        0        0        0        0        0         0         0         0         0.409     0.417     0.423     0.433     0.419
C1904d3TS405_1  0        0        0        0        0        0        0        0        0        0         0         0         0         0.406     0.406     0.419     0.429     0.416
C1904d3TS405_5  0        0        0        0        0        0        0        0        0        0         0         0         0         0         0.385     0.393     0.397     0.384
C1904d3TS405_4  0        0        0        0        0        0        0        0        0        0         0         0         0         0         0.385     0.387     0.394     0.383
C1904d3TS121_2  0        0        0        0        0        0        0        0        0        0         0         0         0         0         0.314     0.314     0.315     0.315
C1904d3TS003_1  0        0        0        0        0        0        0        0        0        0         0         0         0         0         0         0.297     0.295     0.293
C1904d3TS121_1  0        0        0        0        0        0        0        0        0        0         0         0         0         0         0         0         0.322     0.322
C1904d3TS123_3  0        0        0        0        0        0        0        0        0        0         0         0         0         0         0         0         0.294     0.314
C1904d3TS123_4  0        0        0        0        0        0        0        0        0        0         0         0         0         0         0         0         0.294     0.314
C1904d3TS067_1  0        0        0        0        0        0        0        0        0        0         0         0         0         0         0         0         0.270     0.271
C1904d3TS067_2  0        0        0        0        0        0        0        0        0        0         0         0         0         0         0         0         0.270     0.271
C1904d3TS067_5  0        0        0        0        0        0        0        0        0        0         0         0         0         0         0         0         0.270     0.271
C1904d3TS103_1  0        0        0        0        0        0        0        0        0        0         0         0         0         0         0         0         0.250     0.257
C1904d3TS123_2  0        0        0        0        0        0        0        0        0        0         0         0         0         0         0         0         0         0.318
C1904d3TS123_1  0        0        0        0        0        0        0        0        0        0         0         0         0         0         0         0         0         0.314
C1904d3TS123_5  0        0        0        0        0        0        0        0        0        0         0         0         0         0         0         0         0         0.312
C1904d3TS347_2  0        0        0        0        0        0        0        0        0        0         0         0         0         0         0         0         0         0.287
C1904d3TS347_3  0        0        0        0        0        0        0        0        0        0         0         0         0         0         0         0         0         0.286
C1904d3TS067_3  0        0        0        0        0        0        0        0        0        0         0         0         0         0         0         0         0         0.274
C1904d3TS067_4  0        0        0        0        0        0        0        0        0        0         0         0         0         0         0         0         0         0.274
C1904d3TS347_1  0        0        0        0        0        0        0        0        0        0         0         0         0         0         0         0         0         0.272
