model           cs_top1   cs_top2   cs_top3  cs_top4  cs_top5  cs_top6  cs_top7  cs_top8   cs_top9   cs_top10  cs_top15  cs_top20  cs_top25  cs_top30  cs_top35  cs_top40  cs_top45  cs_top50
C1902d2TS270_1  [0.4603]  0.4279    0.417    0.400    0.404    0.429    0.440    0.4558    0.4683    0.4708    0.4804    0.4812    0.4780    0.4673    0.4595    0.4532    0.4462    0.4390
C1902d2TS438_5  0.4602    [0.4347]  [0.427]  [0.413]  [0.419]  [0.436]  [0.451]  0.4755    0.4897    0.4915    0.5097    [0.5097]  0.5057    0.4911    0.4811    0.4725    0.4639    0.4550
C1902d2TS345_2  0.3717    0.3130    0.340    0.331    0.315    0.317    0.317    0.3182    0.3190    0.3180    0.3162    0.3176    0.3141    0.3114    0.3078    0.3077    0.3066    0.3069
C1902d2TS210_1  0.3332    0.3253    0.322    0.318    0.319    0.325    0.341    0.3557    0.3652    0.3777    0.3973    0.4035    0.4050    0.4032    0.4035    0.4038    0.4012    0.3988
C1902d2TS345_1  0.2968    0.2897    0.315    0.339    0.335    0.330    0.333    0.3355    0.3379    0.3384    0.3429    0.3454    0.3421    0.3407    0.3380    0.3364    0.3347    0.3334
C1902d2TS345_3  0.2884    0.3725    0.339    0.344    0.338    0.331    0.331    0.3318    0.3328    0.3318    0.3326    0.3330    0.3294    0.3260    0.3221    0.3217    0.3206    0.3199
C1902d2TS345_4  0.2535    0.2467    0.243    0.254    0.269    0.275    0.278    0.2805    0.2823    0.2874    0.2905    0.2899    0.2892    0.2860    0.2850    0.2859    0.2849    0.2871
C1902d2TS267_1  0.0486    0.1059    0.125    0.134    0.135    0.128    0.110    0.0957    0.0850    0.0765    0.0509    0.0405    0.0395    0.0398    0.0382    0.0334    0.0307    0.0290
C1902d2TS267_3  0.0486    0.1040    0.114    0.119    0.126    0.124    0.106    0.0925    0.0822    0.0739    0.0491    0.0390    0.0375    0.0379    0.0363    0.0317    0.0297    0.0276
C1902d2TS438_3  00        0.4262    [0.427]  [0.413]  0.418    0.432    0.448    0.4727    0.4891    0.4909    [0.5104]  0.5092    [0.5060]  [0.4915]  [0.4815]  [0.4728]  [0.4641]  [0.4553]
C1902d2TS438_1  00        0.4215    0.419    0.410    0.418    0.434    0.450    0.4744    0.4893    0.4919    0.5078    0.5069    0.5032    0.4888    0.4790    0.4705    0.4619    0.4531
C1902d2TS438_2  00        0.4192    0.414    0.405    0.412    0.426    0.444    0.4693    0.4835    0.4878    0.5068    0.5061    0.5030    0.4887    0.4788    0.4702    0.4615    0.4527
C1902d2TS228_5  00        0.3396    0.339    0.335    0.338    0.344    0.364    0.3787    0.3885    0.3936    0.4149    0.4255    0.4276    0.4257    0.4220    0.4226    0.4183    0.4139
C1902d2TS228_1  00        0.3296    0.346    0.344    0.350    0.352    0.369    0.3824    0.3924    0.4008    0.4202    0.4418    0.4469    0.4444    0.4389    0.4358    0.4292    0.4225
C1902d2TS345_5  00        0.2925    0.295    0.286    0.289    0.293    0.302    0.3033    0.3044    0.3042    0.3106    0.3113    0.3134    0.3085    0.3051    0.3043    0.3037    0.3043
C1902d2TS267_2  00        0.0942    0.109    0.127    0.133    0.125    0.107    0.0937    0.0832    0.0748    0.0498    0.0395    0.0372    0.0384    0.0374    0.0327    0.0301    0.0280
C1902d2TS228_4  00        00        0.345    0.342    0.346    0.348    0.364    0.3774    0.3879    0.3955    0.4148    0.4352    0.4403    0.4378    0.4325    0.4295    0.4231    0.4166
C1902d2TS267_4  00        00        0.117    0.122    0.129    0.126    0.108    0.0940    0.0834    0.0750    0.0499    0.0407    0.0381    0.0378    0.0375    0.0328    0.0301    0.0281
C1902d2TS258_4  00        00        0        0.345    0.346    0.356    0.373    0.3901    0.4063    0.4088    0.4394    0.4467    0.4475    0.4413    0.4352    0.4315    0.4260    0.4196
C1902d2TS228_2  00        00        0        0.343    0.352    0.354    0.370    0.3843    0.3940    0.4025    0.4226    0.4435    0.4490    0.4468    0.4414    0.4382    0.4316    0.4249
C1902d2TS131_3  00        00        0        0.335    0.336    0.348    0.372    0.4093    0.4221    0.4231    0.4394    0.4505    0.4485    0.4452    0.4386    0.4348    0.4295    0.4243
C1902d2TS438_4  00        00        0        0        0.418    0.433    0.450    [0.4757]  [0.4904]  [0.4923]  0.5096    0.5077    0.5039    0.4898    0.4808    0.4720    0.4633    0.4545
C1902d2TS228_3  00        00        0        0        0.345    0.349    0.365    0.3815    0.3912    0.3983    0.4204    0.4389    0.4440    0.4416    0.4359    0.4336    0.4272    0.4209
C1902d2TS131_1  00        00        0        0        0        0.358    0.378    0.4045    0.4167    0.4191    0.4405    0.4559    0.4568    0.4535    0.4478    0.4445    0.4393    0.4341
C1902d2TS131_5  00        00        0        0        0        0.344    0.363    0.3848    0.3990    0.4017    0.4188    0.4330    0.4337    0.4330    0.4284    0.4261    0.4211    0.4162
C1902d2TS215_1  00        00        0        0        0        0.276    0.286    0.2945    0.3108    0.3125    0.3265    0.3320    0.3340    0.3306    0.3279    0.3286    0.3280    0.3284
C1902d2TS258_5  00        00        0        0        0        0        0.383    0.4034    0.4287    0.4295    0.4459    0.4525    0.4527    0.4463    0.4400    0.4357    0.4298    0.4238
C1902d2TS131_4  00        00        0        0        0        0        0.367    0.3883    0.4001    0.4024    0.4229    0.4410    0.4420    0.4375    0.4308    0.4266    0.4219    0.4166
C1902d2TS215_3  00        00        0        0        0        0        0.309    0.3195    0.3278    0.3356    0.3554    0.3635    0.3650    0.3649    0.3623    0.3612    0.3580    0.3551
C1902d2TS210_2  00        00        0        0        0        0        0.291    0.3023    0.3093    0.3151    0.3335    0.3367    0.3382    0.3407    0.3431    0.3442    0.3451    0.3432
C1902d2TS210_3  00        00        0        0        0        0        0.286    0.3031    0.3092    0.3215    0.3367    0.3384    0.3373    0.3386    0.3407    0.3407    0.3389    0.3381
C1902d2TS273_2  00        00        0        0        0        0        0        00        00        0.3194    0.3323    0.3411    0.3448    0.3474    0.3497    0.3551    0.3583    0.3563
C1902d2TS215_4  00        00        0        0        0        0        0        00        00        0.3091    0.3233    0.3352    0.3360    0.3349    0.3339    0.3356    0.3349    0.3352
C1902d2TS210_4  00        00        0        0        0        0        0        00        00        0.3057    0.3247    0.3348    0.3430    0.3429    0.3519    0.3552    0.3561    0.3563
C1902d2TS131_2  00        00        0        0        0        0        0        00        00        00        0.4315    0.4465    0.4484    0.4456    0.4393    0.4364    0.4324    0.4279
C1902d2TS258_1  00        00        0        0        0        0        0        00        00        00        0.4200    0.4298    0.4326    0.4284    0.4271    0.4252    0.4192    0.4130
C1902d2TS258_3  00        00        0        0        0        0        0        00        00        00        0.4115    0.4244    0.4273    0.4244    0.4210    0.4189    0.4132    0.4073
C1902d2TS258_2  00        00        0        0        0        0        0        00        00        00        0.4073    0.4163    0.4237    0.4198    0.4164    0.4141    0.4099    0.4039
C1902d2TS405_4  00        00        0        0        0        0        0        00        00        00        0.3261    0.3343    0.3385    0.3397    0.3445    0.3485    0.3494    0.3499
C1902d2TS405_1  00        00        0        0        0        0        0        00        00        00        0.3247    0.3348    0.3430    0.3429    0.3519    0.3552    0.3561    0.3563
C1902d2TS405_5  00        00        0        0        0        0        0        00        00        00        0.3205    0.3356    0.3370    0.3367    0.3397    0.3401    0.3428    0.3429
C1902d2TS273_3  00        00        0        0        0        0        0        00        00        00        0.3174    0.3251    0.3307    0.3296    0.3344    0.3398    0.3437    0.3429
C1902d2TS210_5  00        00        0        0        0        0        0        00        00        00        0.3159    0.3227    0.3265    0.3328    0.3352    0.3417    0.3402    0.3421
C1902d2TS405_2  00        00        0        0        0        0        0        00        00        00        0.3159    0.3227    0.3265    0.3328    0.3352    0.3417    0.3402    0.3421
C1902d2TS123_3  00        00        0        0        0        0        0        00        00        00        0.2418    0.2461    0.2468    0.2462    0.2470    0.2487    0.2498    0.2514
C1902d2TS123_1  00        00        0        0        0        0        0        00        00        00        0.2339    0.2377    0.2385    0.2395    0.2391    0.2401    0.2427    0.2438
C1902d2TS123_5  00        00        0        0        0        0        0        00        00        00        0.2165    0.2201    0.2207    0.2218    0.2216    0.2237    0.2249    0.2249
C1902d2TS215_2  00        00        0        0        0        0        0        00        00        00        00        0.3302    0.3324    0.3321    0.3331    0.3338    0.3350    0.3368
C1902d2TS405_3  00        00        0        0        0        0        0        00        00        00        00        0.3278    0.3337    0.3370    0.3400    0.3415    0.3443    0.3437
C1902d2TS215_5  00        00        0        0        0        0        0        00        00        00        00        0.3169    0.3182    0.3183    0.3184    0.3222    0.3213    0.3230
C1902d2TS044_1  00        00        0        0        0        0        0        00        00        00        00        00        0.4087    0.4118    0.4168    0.4169    0.4176    0.4169
C1902d2TS301_1  00        00        0        0        0        0        0        00        00        00        00        00        0.4087    0.4118    0.4168    0.4169    0.4176    0.4169
C1902d2TS273_1  00        00        0        0        0        0        0        00        00        00        00        00        0.3304    0.3341    0.3382    0.3405    0.3439    0.3439
C1902d2TS273_5  00        00        0        0        0        0        0        00        00        00        00        00        0.3258    0.3260    0.3307    0.3373    0.3434    0.3426
C1902d2TS273_4  00        00        0        0        0        0        0        00        00        00        00        00        00        00        0.3317    0.3360    0.3426    0.3432
C1902d2TS240_2  00        00        0        0        0        0        0        00        00        00        00        00        00        00        00        0.3609    0.3645    0.3694
C1902d2TS240_3  00        00        0        0        0        0        0        00        00        00        00        00        00        00        00        0.3484    0.3502    0.3545
C1902d2TS240_4  00        00        0        0        0        0        0        00        00        00        00        00        00        00        00        0.3473    0.3509    0.3566
C1902d2TS240_5  00        00        0        0        0        0        0        00        00        00        00        00        00        00        00        0.3446    0.3459    0.3525
C1902d2TS003_1  00        00        0        0        0        0        0        00        00        00        00        00        00        00        00        0.2836    0.2842    0.2846
C1902d2TS240_1  00        00        0        0        0        0        0        00        00        00        00        00        00        00        00        00        0.3453    0.3487
C1902d2TS123_2  00        00        0        0        0        0        0        00        00        00        00        00        00        00        00        00        0.2517    0.2536
