model           cs_top1  cs_top2  cs_top3  cs_top4  cs_top5  cs_top6  cs_top7  cs_top8  cs_top9  cs_top10  cs_top15  cs_top20  cs_top25  cs_top30  cs_top35  cs_top40  cs_top45  cs_top50
C1902d3TS131_1  [0.788]  0.800    0.824    0.835    0.839    0.821    0.811    0.803    0.785    0.776     0.731     0.707     0.694     0.685     0.676     0.668     0.657     0.646
C1902d3TS131_2  0.787    [0.802]  [0.826]  [0.837]  [0.841]  [0.823]  [0.812]  [0.804]  [0.787]  [0.777]   [0.732]   [0.708]   [0.695]   [0.686]   [0.677]   [0.669]   [0.658]   [0.647]
C1902d3TS131_4  0.784    0.795    0.820    0.831    0.835    0.817    0.807    0.800    0.782    0.773     0.729     0.705     0.692     0.684     0.674     0.667     0.656     0.645
C1902d3TS131_5  0.778    0.790    0.816    0.828    0.833    0.815    0.805    0.797    0.780    0.771     0.726     0.703     0.690     0.682     0.673     0.665     0.654     0.644
C1902d3TS438_4  0.714    0.708    0.717    0.711    0.707    0.716    0.710    0.709    0.702    0.702     0.683     0.674     0.670     0.669     0.663     0.658     0.649     0.639
C1902d3TS438_1  0.709    0.698    0.710    0.704    0.701    0.709    0.703    0.701    0.697    0.697     0.681     0.672     0.669     0.668     0.663     0.658     0.648     0.639
C1902d3TS210_5  0.605    0.616    0.618    0.617    0.616    0.612    0.606    0.607    0.603    0.603     0.591     0.584     0.580     0.582     0.578     0.582     0.581     0.579
C1902d3TS210_1  0.539    0.534    0.543    0.542    0.537    0.534    0.531    0.527    0.522    0.520     0.529     0.519     0.509     0.505     0.501     0.500     0.498     0.496
C1902d3TS345_3  0.471    0.469    0.470    0.470    0.478    0.474    0.477    0.474    0.479    0.477     0.469     0.464     0.460     0.461     0.458     0.458     0.457     0.455
C1902d3TS131_3  0        0.798    0.822    0.833    0.837    0.819    0.809    0.801    0.784    0.775     0.730     0.706     0.694     0.685     0.676     0.668     0.657     0.646
C1902d3TS438_3  0        0.706    0.722    0.717    0.714    0.722    0.720    0.719    0.711    0.710     0.688     0.677     0.672     0.669     0.663     0.658     0.648     0.638
C1902d3TS215_2  0        0.618    0.625    0.625    0.631    0.631    0.625    0.625    0.618    0.615     0.597     0.593     0.591     0.590     0.589     0.586     0.580     0.574
C1902d3TS405_5  0        0.616    0.618    0.617    0.616    0.612    0.606    0.607    0.603    0.603     0.591     0.584     0.580     0.582     0.578     0.582     0.581     0.579
C1902d3TS405_1  0        0.534    0.543    0.542    0.537    0.534    0.531    0.527    0.522    0.520     0.529     0.519     0.509     0.505     0.501     0.500     0.498     0.496
C1902d3TS215_5  0        0.506    0.510    0.520    0.519    0.516    0.512    0.510    0.505    0.504     0.493     0.490     0.491     0.491     0.490     0.488     0.487     0.482
C1902d3TS010_1  0        0.410    0.410    0.409    0.409    0.409    0.410    0.409    0.409    0.409     0.407     0.412     0.410     0.409     0.411     0.411     0.410     0.410
C1902d3TS438_5  0        0        0.714    0.709    0.706    0.716    0.710    0.708    0.701    0.701     0.683     0.673     0.670     0.667     0.661     0.656     0.647     0.637
C1902d3TS210_2  0        0        0.518    0.529    0.528    0.522    0.517    0.516    0.513    0.513     0.518     0.510     0.502     0.497     0.494     0.492     0.491     0.489
C1902d3TS123_3  0        0        0        0.628    0.633    0.638    0.635    0.636    0.636    0.636     0.634     0.630     0.637     0.639     0.636     0.634     0.624     0.615
C1902d3TS405_2  0        0        0        0.529    0.528    0.522    0.517    0.516    0.513    0.513     0.518     0.510     0.502     0.497     0.494     0.492     0.491     0.489
C1902d3TS267_2  0        0        0        0        0.641    0.642    0.637    0.635    0.630    0.630     0.617     0.615     0.619     0.622     0.622     0.620     0.614     0.607
C1902d3TS123_4  0        0        0        0        0.633    0.638    0.635    0.636    0.636    0.636     0.634     0.630     0.637     0.639     0.636     0.634     0.624     0.615
C1902d3TS123_5  0        0        0        0        0        0.638    0.635    0.636    0.636    0.636     0.634     0.630     0.637     0.639     0.636     0.634     0.624     0.615
C1902d3TS267_3  0        0        0        0        0        0.576    0.572    0.572    0.570    0.570     0.565     0.563     0.567     0.572     0.572     0.573     0.567     0.562
C1902d3TS345_2  0        0        0        0        0        0.374    0.374    0.374    0.375    0.375     0.381     0.382     0.382     0.383     0.382     0.381     0.381     0.381
C1902d3TS215_3  0        0        0        0        0        0        0.598    0.597    0.591    0.590     0.578     0.576     0.579     0.581     0.580     0.577     0.572     0.566
C1902d3TS010_4  0        0        0        0        0        0        0.393    0.393    0.392    0.394     0.393     0.398     0.397     0.396     0.396     0.396     0.397     0.398
C1902d3TS345_4  0        0        0        0        0        0        0.362    0.362    0.368    0.368     0.370     0.372     0.372     0.371     0.371     0.371     0.371     0.372
C1902d3TS123_1  0        0        0        0        0        0        0        0.633    0.631    0.632     0.624     0.627     0.633     0.635     0.631     0.627     0.618     0.609
C1902d3TS215_1  0        0        0        0        0        0        0        0.522    0.518    0.517     0.508     0.506     0.511     0.514     0.514     0.512     0.508     0.504
C1902d3TS345_5  0        0        0        0        0        0        0        0.347    0.348    0.348     0.358     0.360     0.358     0.357     0.357     0.357     0.357     0.356
C1902d3TS123_2  0        0        0        0        0        0        0        0        0.631    0.632     0.624     0.627     0.633     0.635     0.631     0.627     0.618     0.609
C1902d3TS267_1  0        0        0        0        0        0        0        0        0.591    0.591     0.587     0.588     0.593     0.599     0.598     0.598     0.592     0.585
C1902d3TS345_1  0        0        0        0        0        0        0        0        0.390    0.390     0.391     0.391     0.387     0.385     0.384     0.385     0.386     0.386
C1902d3TS258_5  0        0        0        0        0        0        0        0        0        0.663     0.651     0.650     0.651     0.650     0.647     0.645     0.637     0.629
C1902d3TS258_4  0        0        0        0        0        0        0        0        0        0.656     0.642     0.638     0.636     0.636     0.633     0.630     0.622     0.614
C1902d3TS210_4  0        0        0        0        0        0        0        0        0        0.565     0.563     0.559     0.555     0.556     0.553     0.558     0.558     0.556
C1902d3TS228_5  0        0        0        0        0        0        0        0        0        0.433     0.432     0.430     0.430     0.428     0.428     0.430     0.431     0.436
C1902d3TS010_5  0        0        0        0        0        0        0        0        0        0.382     0.381     0.385     0.384     0.382     0.382     0.382     0.384     0.385
C1902d3TS258_1  0        0        0        0        0        0        0        0        0        0         0.650     0.645     0.646     0.646     0.642     0.639     0.632     0.624
C1902d3TS258_2  0        0        0        0        0        0        0        0        0        0         0.641     0.638     0.641     0.642     0.640     0.637     0.630     0.622
C1902d3TS267_4  0        0        0        0        0        0        0        0        0        0         0.574     0.575     0.579     0.584     0.583     0.583     0.578     0.573
C1902d3TS405_4  0        0        0        0        0        0        0        0        0        0         0.563     0.559     0.555     0.556     0.553     0.558     0.558     0.556
C1902d3TS210_3  0        0        0        0        0        0        0        0        0        0         0.540     0.539     0.535     0.533     0.530     0.534     0.537     0.538
C1902d3TS405_3  0        0        0        0        0        0        0        0        0        0         0.540     0.539     0.535     0.533     0.530     0.534     0.537     0.538
C1902d3TS215_4  0        0        0        0        0        0        0        0        0        0         0.495     0.492     0.499     0.500     0.499     0.498     0.495     0.490
C1902d3TS228_4  0        0        0        0        0        0        0        0        0        0         0.441     0.438     0.437     0.435     0.435     0.437     0.439     0.444
C1902d3TS228_1  0        0        0        0        0        0        0        0        0        0         0.434     0.431     0.430     0.429     0.429     0.432     0.434     0.439
C1902d3TS103_1  0        0        0        0        0        0        0        0        0        0         0         0.593     0.598     0.601     0.599     0.597     0.592     0.585
C1902d3TS044_1  0        0        0        0        0        0        0        0        0        0         0         0.587     0.592     0.595     0.598     0.601     0.593     0.585
C1902d3TS301_1  0        0        0        0        0        0        0        0        0        0         0         0.587     0.592     0.595     0.598     0.601     0.593     0.585
C1902d3TS432_1  0        0        0        0        0        0        0        0        0        0         0         0.560     0.564     0.568     0.569     0.568     0.564     0.558
C1902d3TS240_1  0        0        0        0        0        0        0        0        0        0         0         0.442     0.441     0.441     0.440     0.441     0.442     0.444
C1902d3TS010_3  0        0        0        0        0        0        0        0        0        0         0         0.415     0.414     0.415     0.417     0.417     0.416     0.416
C1902d3TS258_3  0        0        0        0        0        0        0        0        0        0         0         0         0.624     0.627     0.625     0.623     0.617     0.609
C1902d3TS067_1  0        0        0        0        0        0        0        0        0        0         0         0         0.615     0.630     0.638     0.632     0.625     0.619
C1902d3TS067_2  0        0        0        0        0        0        0        0        0        0         0         0         0.615     0.630     0.638     0.632     0.625     0.619
C1902d3TS067_3  0        0        0        0        0        0        0        0        0        0         0         0         0.615     0.630     0.638     0.632     0.625     0.619
C1902d3TS067_4  0        0        0        0        0        0        0        0        0        0         0         0         0.615     0.630     0.638     0.632     0.625     0.619
C1902d3TS067_5  0        0        0        0        0        0        0        0        0        0         0         0         0.615     0.630     0.638     0.632     0.625     0.619
C1902d3TS273_4  0        0        0        0        0        0        0        0        0        0         0         0         0.475     0.475     0.475     0.474     0.472     0.471
C1902d3TS273_5  0        0        0        0        0        0        0        0        0        0         0         0         0.470     0.471     0.471     0.470     0.469     0.468
C1902d3TS010_2  0        0        0        0        0        0        0        0        0        0         0         0         0         0.422     0.421     0.421     0.421     0.423
C1902d3TS273_3  0        0        0        0        0        0        0        0        0        0         0         0         0         0         0.470     0.470     0.468     0.467
C1902d3TS228_3  0        0        0        0        0        0        0        0        0        0         0         0         0         0         0.432     0.434     0.436     0.439
C1902d3TS240_5  0        0        0        0        0        0        0        0        0        0         0         0         0         0         0         0.445     0.446     0.449
C1902d3TS240_4  0        0        0        0        0        0        0        0        0        0         0         0         0         0         0         0.444     0.446     0.448
C1902d3TS228_2  0        0        0        0        0        0        0        0        0        0         0         0         0         0         0         0.430     0.432     0.436
C1902d3TS438_2  0        0        0        0        0        0        0        0        0        0         0         0         0         0         0         0.391     0.391     0.391
C1902d3TS240_3  0        0        0        0        0        0        0        0        0        0         0         0         0         0         0         0         0.443     0.445
C1902d3TS240_2  0        0        0        0        0        0        0        0        0        0         0         0         0         0         0         0         0.441     0.444
C1902d3TS273_2  0        0        0        0        0        0        0        0        0        0         0         0         0         0         0         0         0         0.418
