model         cs_top1  cs_top2  cs_top3  cs_top4  cs_top5  cs_top6  cs_top7  cs_top8  cs_top9  cs_top10  cs_top15  cs_top20  cs_top25  cs_top30  cs_top35  cs_top40  cs_top45  cs_top50
C1902TS156_1  [0.599]  [0.587]  0.596    0.598    0.596    0.589    0.582    0.575    0.575    0.576     0.565     0.549     0.541     0.537     0.528     0.521     0.516     0.510
C1902TS156_5  0.565    0.572    0.592    0.600    0.601    0.591    0.584    0.578    0.575    0.577     0.566     0.551     0.543     0.538     0.530     0.522     0.517     0.511
C1902TS438_2  0.514    0.517    0.524    0.529    0.532    0.532    0.533    0.533    0.533    0.544     0.549     0.552     [0.553]   [0.554]   [0.553]   [0.551]   [0.549]   [0.544]
C1902TS413_4  0.504    0.507    0.511    0.515    0.518    0.516    0.520    0.518    0.519    0.528     0.534     0.540     0.542     0.547     0.545     0.543     0.542     0.535
C1902TS213_1  0.499    0.502    0.507    0.510    0.513    0.511    0.513    0.511    0.511    0.519     0.529     0.538     0.538     0.543     0.539     0.536     0.534     0.528
C1902TS413_3  0.490    0.496    0.509    0.513    0.517    0.525    0.528    0.528    0.525    0.532     0.533     0.538     0.538     0.539     0.536     0.534     0.532     0.526
C1902TS369_1  0.458    0.466    0.471    0.466    0.465    0.461    0.460    0.459    0.459    0.460     0.458     0.456     0.458     0.457     0.458     0.458     0.458     0.458
C1902TS369_5  0.444    0.441    0.445    0.444    0.444    0.442    0.442    0.445    0.448    0.449     0.445     0.445     0.445     0.445     0.446     0.445     0.445     0.445
C1902TS369_4  0.432    0.443    0.442    0.438    0.438    0.439    0.442    0.441    0.440    0.440     0.438     0.435     0.436     0.436     0.436     0.437     0.436     0.434
C1902TS414_1  0.424    0.421    0.424    0.432    0.432    0.434    0.433    0.438    0.436    0.440     0.440     0.439     0.442     0.439     0.436     0.435     0.435     0.434
C1902TS044_1  0.410    0.423    0.419    0.415    0.415    0.412    0.411    0.411    0.411    0.412     0.415     0.415     0.417     0.416     0.421     0.423     0.424     0.424
C1902TS210_1  0.394    0.373    0.380    0.392    0.392    0.397    0.390    0.386    0.382    0.380     0.373     0.367     0.365     0.363     0.363     0.361     0.360     0.360
C1902TS210_3  0.373    0.404    0.393    0.388    0.385    0.381    0.389    0.391    0.392    0.390     0.384     0.379     0.376     0.374     0.374     0.372     0.371     0.370
C1902TS215_1  0.357    0.355    0.356    0.355    0.355    0.354    0.354    0.354    0.354    0.354     0.361     0.360     0.361     0.359     0.359     0.359     0.358     0.360
C1902TS156_3  0        0.584    [0.597]  [0.605]  [0.603]  [0.593]  [0.587]  [0.581]  [0.579]  [0.581]   [0.570]   0.554     0.546     0.542     0.533     0.526     0.521     0.514
C1902TS156_4  0        0.576    0.590    0.598    0.599    0.589    0.582    0.577    0.574    0.577     0.566     0.551     0.543     0.539     0.530     0.523     0.518     0.511
C1902TS156_2  0        0.575    0.590    0.595    0.598    0.590    0.584    0.578    0.577    0.578     0.569     [0.555]   0.546     0.542     0.534     0.527     0.522     0.515
C1902TS438_5  0        0.509    0.516    0.520    0.523    0.524    0.524    0.524    0.526    0.533     0.539     0.542     0.543     0.545     0.543     0.542     0.540     0.535
C1902TS213_2  0        0.499    0.504    0.507    0.510    0.508    0.510    0.508    0.508    0.515     0.523     0.533     0.535     0.539     0.536     0.532     0.531     0.525
C1902TS152_4  0        0.499    0.504    0.507    0.509    0.508    0.511    0.509    0.509    0.516     0.524     0.528     0.530     0.535     0.532     0.532     0.531     0.525
C1902TS273_2  0        0.490    0.501    0.504    0.508    0.518    0.522    0.521    0.518    0.524     0.525     0.530     0.530     0.531     0.529     0.527     0.525     0.519
C1902TS301_1  0        0.423    0.419    0.415    0.415    0.412    0.411    0.411    0.411    0.412     0.415     0.415     0.417     0.416     0.421     0.423     0.424     0.424
C1902TS215_5  0        0.366    0.367    0.366    0.366    0.365    0.365    0.365    0.369    0.369     0.370     0.370     0.371     0.372     0.372     0.371     0.370     0.371
C1902TS359_1  0        0.366    0.368    0.368    0.369    0.368    0.368    0.369    0.369    0.370     0.369     0.369     0.369     0.369     0.368     0.369     0.370     0.369
C1902TS309_2  0        0.356    0.358    0.359    0.359    0.358    0.358    0.359    0.359    0.360     0.359     0.358     0.358     0.358     0.358     0.358     0.357     0.357
C1902TS405_3  0        0.345    0.348    0.349    0.350    0.349    0.349    0.348    0.352    0.352     0.352     0.354     0.356     0.355     0.354     0.353     0.351     0.349
C1902TS438_4  0        0        0.514    0.519    0.523    0.523    0.524    0.525    0.525    0.533     0.539     0.542     0.543     0.546     0.544     0.542     0.540     0.535
C1902TS213_3  0        0        0.505    0.508    0.511    0.508    0.512    0.510    0.509    0.518     0.525     0.534     0.536     0.540     0.536     0.533     0.531     0.525
C1902TS152_3  0        0        0.499    0.506    0.509    0.514    0.520    0.519    0.517    0.522     0.524     0.527     0.528     0.529     0.527     0.525     0.523     0.518
C1902TS369_3  0        0        0.468    0.464    0.462    0.459    0.457    0.457    0.457    0.458     0.456     0.453     0.454     0.453     0.454     0.454     0.454     0.453
C1902TS131_2  0        0        0.457    0.459    0.470    0.472    0.479    0.484    0.489    0.494     0.495     0.496     0.496     0.494     0.491     0.489     0.485     0.480
C1902TS087_1  0        0        0.424    0.424    0.426    0.425    0.425    0.426    0.426    0.428     0.427     0.427     0.427     0.428     0.429     0.428     0.428     0.428
C1902TS210_2  0        0        0.396    0.395    0.396    0.394    0.394    0.394    0.394    0.395     0.394     0.396     0.396     0.397     0.396     0.398     0.398     0.398
C1902TS215_4  0        0        0.367    0.365    0.366    0.364    0.363    0.368    0.367    0.367     0.369     0.368     0.371     0.370     0.370     0.369     0.370     0.370
C1902TS210_4  0        0        0.346    0.365    0.370    0.372    0.369    0.366    0.364    0.364     0.368     0.372     0.367     0.367     0.363     0.362     0.361     0.360
C1902TS438_1  0        0        0        0.519    0.522    0.523    0.524    0.526    0.527    0.534     0.540     0.544     0.546     0.547     0.546     0.544     0.542     0.536
C1902TS413_1  0        0        0        0.513    0.521    0.523    0.524    0.523    0.522    0.529     0.531     0.535     0.537     0.541     0.539     0.537     0.536     0.531
C1902TS213_4  0        0        0        0.507    0.510    0.508    0.510    0.508    0.508    0.515     0.524     0.533     0.534     0.540     0.536     0.532     0.531     0.524
C1902TS413_2  0        0        0        0.506    0.511    0.512    0.512    0.514    0.515    0.524     0.530     0.534     0.534     0.534     0.532     0.530     0.528     0.522
C1902TS414_4  0        0        0        0.455    0.462    0.460    0.459    0.461    0.460    0.462     0.463     0.462     0.461     0.460     0.461     0.460     0.461     0.460
C1902TS299_1  0        0        0        0.398    0.400    0.398    0.398    0.398    0.398    0.399     0.398     0.398     0.398     0.399     0.401     0.402     0.403     0.402
C1902TS405_1  0        0        0        0.365    0.370    0.372    0.369    0.366    0.364    0.364     0.368     0.372     0.367     0.367     0.363     0.362     0.361     0.360
C1902TS401_1  0        0        0        0        0.545    0.541    0.542    0.539    0.537    0.539     0.533     0.523     0.517     0.514     0.508     0.502     0.498     0.492
C1902TS152_2  0        0        0        0        0.519    0.519    0.522    0.521    0.521    0.526     0.529     0.531     0.533     0.538     0.536     0.534     0.533     0.528
C1902TS152_1  0        0        0        0        0.513    0.516    0.516    0.516    0.518    0.525     0.531     0.534     0.535     0.535     0.532     0.530     0.528     0.523
C1902TS213_5  0        0        0        0        0.509    0.507    0.509    0.508    0.507    0.515     0.523     0.533     0.534     0.540     0.536     0.533     0.530     0.524
C1902TS131_4  0        0        0        0        0.468    0.472    0.479    0.487    0.491    0.496     0.495     0.496     0.496     0.493     0.489     0.488     0.484     0.480
C1902TS414_2  0        0        0        0        0.442    0.441    0.441    0.443    0.443    0.444     0.444     0.443     0.447     0.446     0.446     0.447     0.447     0.446
C1902TS299_2  0        0        0        0        0.410    0.408    0.408    0.408    0.408    0.409     0.408     0.408     0.408     0.409     0.411     0.411     0.412     0.411
C1902TS215_2  0        0        0        0        0.367    0.365    0.365    0.365    0.365    0.366     0.366     0.365     0.371     0.371     0.372     0.370     0.371     0.371
C1902TS131_5  0        0        0        0        0        0.466    0.471    0.476    0.481    0.486     0.494     0.492     0.492     0.490     0.486     0.485     0.482     0.477
C1902TS215_3  0        0        0        0        0        0.358    0.362    0.362    0.361    0.361     0.361     0.363     0.364     0.364     0.366     0.365     0.364     0.364
C1902TS405_5  0        0        0        0        0        0.330    0.330    0.330    0.330    0.330     0.330     0.329     0.330     0.332     0.332     0.332     0.331     0.330
C1902TS131_1  0        0        0        0        0        0        0.471    0.479    0.483    0.487     0.491     0.491     0.492     0.490     0.487     0.485     0.482     0.478
C1902TS369_2  0        0        0        0        0        0        0.448    0.449    0.452    0.453     0.455     0.453     0.454     0.456     0.454     0.455     0.454     0.454
C1902TS230_2  0        0        0        0        0        0        0.299    0.300    0.300    0.300     0.302     0.303     0.303     0.302     0.301     0.302     0.303     0.303
C1902TS414_3  0        0        0        0        0        0        0        0.444    0.443    0.448     0.447     0.447     0.447     0.446     0.445     0.446     0.446     0.445
C1902TS247_1  0        0        0        0        0        0        0        0.362    0.362    0.363     0.363     0.363     0.364     0.365     0.364     0.364     0.364     0.363
C1902TS131_3  0        0        0        0        0        0        0        0        0.487    0.491     0.498     0.496     0.498     0.496     0.492     0.491     0.489     0.484
C1902TS240_3  0        0        0        0        0        0        0        0        0.403    0.404     0.402     0.400     0.400     0.400     0.399     0.398     0.398     0.397
C1902TS299_3  0        0        0        0        0        0        0        0        0.364    0.365     0.365     0.365     0.365     0.367     0.367     0.367     0.367     0.366
C1902TS247_3  0        0        0        0        0        0        0        0        0        0.365     0.365     0.365     0.365     0.365     0.365     0.365     0.365     0.364
C1902TS438_3  0        0        0        0        0        0        0        0        0        0         0.545     0.549     0.550     0.552     0.549     0.548     0.546     0.541
C1902TS152_5  0        0        0        0        0        0        0        0        0        0         0.524     0.528     0.529     0.531     0.529     0.528     0.527     0.524
C1902TS413_5  0        0        0        0        0        0        0        0        0        0         0.520     0.523     0.525     0.527     0.525     0.525     0.524     0.520
C1902TS087_4  0        0        0        0        0        0        0        0        0        0         0.412     0.415     0.415     0.417     0.416     0.416     0.415     0.414
C1902TS228_1  0        0        0        0        0        0        0        0        0        0         0.409     0.408     0.409     0.409     0.412     0.413     0.414     0.414
C1902TS196_1  0        0        0        0        0        0        0        0        0        0         0.394     0.394     0.394     0.395     0.394     0.396     0.397     0.396
C1902TS247_5  0        0        0        0        0        0        0        0        0        0         0.365     0.364     0.364     0.364     0.365     0.365     0.364     0.364
C1902TS309_1  0        0        0        0        0        0        0        0        0        0         0.344     0.344     0.344     0.344     0.344     0.343     0.343     0.343
C1902TS230_1  0        0        0        0        0        0        0        0        0        0         0.297     0.296     0.296     0.296     0.295     0.297     0.298     0.297
C1902TS273_1  0        0        0        0        0        0        0        0        0        0         0         0.413     0.415     0.414     0.419     0.420     0.421     0.422
C1902TS240_1  0        0        0        0        0        0        0        0        0        0         0         0.384     0.383     0.384     0.384     0.383     0.383     0.381
C1902TS309_5  0        0        0        0        0        0        0        0        0        0         0         0.373     0.373     0.377     0.377     0.376     0.377     0.376
C1902TS087_2  0        0        0        0        0        0        0        0        0        0         0         0.365     0.365     0.366     0.366     0.366     0.366     0.367
C1902TS247_2  0        0        0        0        0        0        0        0        0        0         0         0.362     0.362     0.362     0.362     0.362     0.361     0.361
C1902TS158_1  0        0        0        0        0        0        0        0        0        0         0         0.316     0.318     0.318     0.318     0.318     0.318     0.318
C1902TS230_3  0        0        0        0        0        0        0        0        0        0         0         0.293     0.293     0.293     0.293     0.294     0.295     0.295
C1902TS414_5  0        0        0        0        0        0        0        0        0        0         0         0         0.455     0.455     0.455     0.455     0.456     0.455
C1902TS211_1  0        0        0        0        0        0        0        0        0        0         0         0         0.448     0.449     0.449     0.449     0.449     0.448
C1902TS247_4  0        0        0        0        0        0        0        0        0        0         0         0         0.355     0.355     0.355     0.355     0.355     0.354
C1902TS258_2  0        0        0        0        0        0        0        0        0        0         0         0         0.320     0.320     0.320     0.321     0.322     0.322
C1902TS278_1  0        0        0        0        0        0        0        0        0        0         0         0         0.318     0.318     0.318     0.318     0.318     0.318
C1902TS230_5  0        0        0        0        0        0        0        0        0        0         0         0         0.296     0.296     0.299     0.299     0.298     0.299
C1902TS309_4  0        0        0        0        0        0        0        0        0        0         0         0         0         0.358     0.358     0.358     0.358     0.358
C1902TS258_3  0        0        0        0        0        0        0        0        0        0         0         0         0         0.325     0.324     0.324     0.325     0.326
C1902TS258_5  0        0        0        0        0        0        0        0        0        0         0         0         0         0.322     0.322     0.322     0.323     0.323
C1902TS087_5  0        0        0        0        0        0        0        0        0        0         0         0         0         0         0.447     0.447     0.448     0.448
C1902TS405_2  0        0        0        0        0        0        0        0        0        0         0         0         0         0         0.404     0.403     0.403     0.402
C1902TS182_1  0        0        0        0        0        0        0        0        0        0         0         0         0         0         0.325     0.324     0.324     0.324
C1902TS211_4  0        0        0        0        0        0        0        0        0        0         0         0         0         0         0.298     0.298     0.299     0.299
C1902TS230_4  0        0        0        0        0        0        0        0        0        0         0         0         0         0         0.283     0.283     0.283     0.283
C1902TS200_1  0        0        0        0        0        0        0        0        0        0         0         0         0         0         0         0.360     0.359     0.358
C1902TS066_1  0        0        0        0        0        0        0        0        0        0         0         0         0         0         0         0.269     0.269     0.268
C1902TS258_1  0        0        0        0        0        0        0        0        0        0         0         0         0         0         0         0         0.328     0.328
C1902TS258_4  0        0        0        0        0        0        0        0        0        0         0         0         0         0         0         0         0.326     0.326
C1902TS211_3  0        0        0        0        0        0        0        0        0        0         0         0         0         0         0         0         0.305     0.304
C1902TS273_3  0        0        0        0        0        0        0        0        0        0         0         0         0         0         0         0         0.303     0.303
C1902TS240_2  0        0        0        0        0        0        0        0        0        0         0         0         0         0         0         0         0         0.395
C1902TS309_3  0        0        0        0        0        0        0        0        0        0         0         0         0         0         0         0         0         0.343
C1902TS278_4  0        0        0        0        0        0        0        0        0        0         0         0         0         0         0         0         0         0.336
C1902TS103_1  0        0        0        0        0        0        0        0        0        0         0         0         0         0         0         0         0         0.311
