model           cs_top1  cs_top2  cs_top3  cs_top4  cs_top5  cs_top6  cs_top7  cs_top8  cs_top9  cs_top10  cs_top15  cs_top20  cs_top25  cs_top30  cs_top35  cs_top40  cs_top45  cs_top50
C1906d1TS131_5  [0.662]  0.647    0.676    0.680    0.687    0.681    0.676    0.666    0.657    0.653     0.642     0.635     0.630     0.624     0.619     0.612     0.605     0.599
C1906d1TS131_2  0.653    [0.656]  [0.677]  [0.690]  [0.697]  [0.692]  [0.684]  [0.675]  [0.666]  [0.663]   [0.651]   [0.644]   [0.639]   [0.632]   [0.627]   0.620     0.613     0.606
C1906d1TS131_3  0.647    0.646    0.671    0.680    0.690    0.686    0.678    0.669    0.660    0.657     0.647     0.642     0.638     [0.632]   0.626     0.620     0.613     0.606
C1906d1TS131_1  0.645    0.650    0.675    0.685    0.691    0.685    0.677    0.669    0.661    0.657     0.646     0.639     0.634     0.628     0.622     0.615     0.608     0.601
C1906d1TS247_5  0.578    0.580    0.595    0.608    0.622    0.628    0.628    0.626    0.621    0.621     0.624     0.625     0.626     0.624     0.623     0.620     0.616     0.611
C1906d1TS258_4  0.570    0.567    0.583    0.592    0.599    0.602    0.600    0.596    0.594    0.597     0.601     0.607     0.612     0.612     0.611     0.608     0.603     0.598
C1906d1TS026_3  0.490    0.498    0.501    0.500    0.503    0.502    0.502    0.500    0.499    0.498     0.498     0.498     0.500     0.498     0.497     0.496     0.494     0.491
C1906d1TS010_3  0.476    0.454    0.448    0.448    0.447    0.446    0.452    0.451    0.449    0.448     0.447     0.451     0.450     0.449     0.451     0.451     0.451     0.450
C1906d1TS026_1  0.475    0.471    0.477    0.480    0.484    0.486    0.485    0.483    0.482    0.483     0.484     0.487     0.490     0.490     0.489     0.489     0.487     0.485
C1906d1TS345_4  0.470    0.485    0.485    0.494    0.495    0.492    0.489    0.495    0.491    0.489     0.489     0.484     0.481     0.481     0.478     0.475     0.473     0.470
C1906d1TS010_1  0.464    0.466    0.478    0.490    0.488    0.491    0.491    0.488    0.486    0.488     0.486     0.489     0.489     0.487     0.487     0.486     0.484     0.482
C1906d1TS345_5  0.402    0.422    0.415    0.413    0.414    0.414    0.413    0.412    0.421    0.423     0.417     0.418     0.415     0.414     0.412     0.411     0.408     0.407
C1906d1TS247_4  0        0.573    0.586    0.598    0.612    0.621    0.621    0.618    0.613    0.613     0.617     0.617     0.617     0.616     0.615     0.613     0.608     0.604
C1906d1TS228_1  0        0.546    0.560    0.573    0.593    0.606    0.612    0.609    0.610    0.613     0.610     0.611     0.608     0.603     0.600     0.596     0.593     0.587
C1906d1TS270_1  0        0.479    0.491    0.497    0.502    0.501    0.500    0.502    0.503    0.507     0.505     0.508     0.509     0.511     0.512     0.511     0.509     0.508
C1906d1TS010_2  0        0.460    0.464    0.474    0.472    0.474    0.478    0.475    0.476    0.478     0.476     0.479     0.480     0.477     0.477     0.476     0.476     0.475
C1906d1TS215_5  0        0.454    0.459    0.463    0.466    0.465    0.463    0.462    0.460    0.459     0.461     0.462     0.463     0.461     0.460     0.461     0.458     0.459
C1906d1TS010_4  0        0.446    0.445    0.449    0.450    0.450    0.456    0.463    0.461    0.460     0.462     0.461     0.459     0.459     0.460     0.463     0.462     0.461
C1906d1TS345_3  0        0.399    0.402    0.403    0.407    0.408    0.414    0.412    0.412    0.411     0.409     0.408     0.408     0.412     0.412     0.413     0.412     0.412
C1906d1TS131_4  0        0        0.659    0.671    0.683    0.680    0.673    0.666    0.658    0.656     0.647     0.641     0.636     0.631     0.625     0.619     0.612     0.606
C1906d1TS438_5  0        0        0.573    0.583    0.595    0.601    0.602    0.600    0.599    0.603     0.607     0.610     0.613     0.614     0.614     0.614     0.611     0.607
C1906d1TS258_1  0        0        0.567    0.576    0.584    0.588    0.586    0.583    0.581    0.583     0.591     0.599     0.602     0.601     0.599     0.596     0.590     0.585
C1906d1TS073_4  0        0        0.542    0.549    0.555    0.556    0.554    0.555    0.551    0.557     0.554     0.553     0.557     0.559     0.560     0.558     0.556     0.554
C1906d1TS073_3  0        0        0.538    0.544    0.551    0.551    0.550    0.547    0.544    0.546     0.546     0.546     0.548     0.551     0.552     0.551     0.549     0.546
C1906d1TS026_2  0        0        0.522    0.524    0.534    0.534    0.536    0.537    0.537    0.536     0.534     0.533     0.534     0.532     0.532     0.531     0.529     0.527
C1906d1TS215_1  0        0        0.475    0.479    0.485    0.487    0.485    0.482    0.480    0.479     0.484     0.483     0.481     0.480     0.479     0.476     0.472     0.471
C1906d1TS215_3  0        0        0.428    0.429    0.432    0.433    0.433    0.431    0.430    0.430     0.430     0.432     0.433     0.434     0.433     0.432     0.430     0.428
C1906d1TS228_5  0        0        0        0.598    0.611    0.620    0.622    0.619    0.615    0.616     0.621     0.624     0.626     0.624     0.624     [0.623]   [0.618]   [0.614]
C1906d1TS247_3  0        0        0        0.580    0.592    0.598    0.601    0.598    0.593    0.593     0.596     0.596     0.597     0.595     0.594     0.592     0.588     0.585
C1906d1TS258_3  0        0        0        0.578    0.585    0.588    0.586    0.582    0.580    0.581     0.584     0.590     0.595     0.595     0.593     0.592     0.587     0.582
C1906d1TS210_4  0        0        0        0.563    0.574    0.575    0.574    0.572    0.570    0.571     0.575     0.580     0.591     0.600     0.601     0.604     0.603     0.603
C1906d1TS010_5  0        0        0        0.486    0.486    0.487    0.489    0.486    0.485    0.491     0.491     0.493     0.492     0.489     0.491     0.490     0.489     0.487
C1906d1TS240_2  0        0        0        0.486    0.490    0.490    0.491    0.491    0.490    0.491     0.491     0.495     0.497     0.498     0.498     0.500     0.500     0.502
C1906d1TS247_2  0        0        0        0        0.611    0.617    0.618    0.617    0.612    0.612     0.616     0.616     0.616     0.614     0.613     0.610     0.606     0.602
C1906d1TS247_1  0        0        0        0        0.610    0.616    0.618    0.616    0.610    0.612     0.616     0.616     0.616     0.615     0.614     0.611     0.608     0.604
C1906d1TS228_2  0        0        0        0        0.594    0.607    0.613    0.611    0.611    0.614     0.613     0.615     0.611     0.606     0.604     0.601     0.597     0.591
C1906d1TS228_4  0        0        0        0        0.587    0.601    0.605    0.601    0.602    0.607     0.605     0.606     0.603     0.597     0.594     0.591     0.587     0.582
C1906d1TS438_4  0        0        0        0        0.587    0.592    0.593    0.593    0.592    0.596     0.599     0.603     0.607     0.608     0.608     0.609     0.605     0.601
C1906d1TS405_4  0        0        0        0        0.574    0.575    0.574    0.572    0.570    0.571     0.575     0.580     0.591     0.600     0.601     0.604     0.603     0.603
C1906d1TS345_1  0        0        0        0        0.446    0.452    0.451    0.449    0.452    0.451     0.450     0.448     0.447     0.448     0.448     0.447     0.446     0.446
C1906d1TS026_4  0        0        0        0        0        0.610    0.608    0.604    0.601    0.601     0.601     0.603     0.605     0.603     0.601     0.599     0.594     0.589
C1906d1TS228_3  0        0        0        0        0        0.604    0.609    0.608    0.609    0.611     0.610     0.612     0.610     0.605     0.603     0.600     0.596     0.591
C1906d1TS438_3  0        0        0        0        0        0.592    0.593    0.592    0.593    0.595     0.601     0.604     0.607     0.608     0.608     0.608     0.605     0.601
C1906d1TS215_2  0        0        0        0        0        0.410    0.410    0.414    0.413    0.412     0.411     0.410     0.412     0.411     0.410     0.412     0.411     0.410
C1906d1TS438_2  0        0        0        0        0        0        0.595    0.594    0.594    0.596     0.600     0.603     0.606     0.607     0.607     0.607     0.603     0.599
C1906d1TS258_5  0        0        0        0        0        0        0        0        0.590    0.592     0.598     0.605     0.610     0.609     0.607     0.604     0.599     0.594
C1906d1TS273_1  0        0        0        0        0        0        0        0        0.429    0.429     0.434     0.437     0.440     0.441     0.444     0.448     0.457     0.461
C1906d1TS258_2  0        0        0        0        0        0        0        0        0        0         0.585     0.591     0.595     0.598     0.595     0.592     0.588     0.584
C1906d1TS210_1  0        0        0        0        0        0        0        0        0        0         0.572     0.578     0.586     0.592     0.594     0.599     0.597     0.597
C1906d1TS405_1  0        0        0        0        0        0        0        0        0        0         0.572     0.578     0.586     0.592     0.594     0.599     0.597     0.597
C1906d1TS073_5  0        0        0        0        0        0        0        0        0        0         0.523     0.524     0.529     0.535     0.537     0.536     0.535     0.534
C1906d1TS347_2  0        0        0        0        0        0        0        0        0        0         0.467     0.470     0.471     0.471     0.472     0.475     0.474     0.475
C1906d1TS347_1  0        0        0        0        0        0        0        0        0        0         0.458     0.462     0.463     0.463     0.464     0.467     0.467     0.468
C1906d1TS273_2  0        0        0        0        0        0        0        0        0        0         0.439     0.442     0.445     0.446     0.449     0.452     0.460     0.464
C1906d1TS345_2  0        0        0        0        0        0        0        0        0        0         0.438     0.439     0.440     0.442     0.441     0.440     0.438     0.436
C1906d1TS215_4  0        0        0        0        0        0        0        0        0        0         0.398     0.398     0.398     0.398     0.399     0.398     0.397     0.396
C1906d1TS210_2  0        0        0        0        0        0        0        0        0        0         0         0.586     0.598     0.604     0.605     0.608     0.606     0.605
C1906d1TS405_2  0        0        0        0        0        0        0        0        0        0         0         0.586     0.598     0.604     0.605     0.608     0.606     0.605
C1906d1TS210_5  0        0        0        0        0        0        0        0        0        0         0         0.581     0.592     0.598     0.600     0.604     0.602     0.602
C1906d1TS405_5  0        0        0        0        0        0        0        0        0        0         0         0.581     0.592     0.598     0.600     0.604     0.602     0.602
C1906d1TS123_2  0        0        0        0        0        0        0        0        0        0         0         0.460     0.462     0.462     0.462     0.463     0.463     0.464
C1906d1TS273_3  0        0        0        0        0        0        0        0        0        0         0         0.436     0.440     0.441     0.444     0.448     0.455     0.459
C1906d1TS273_5  0        0        0        0        0        0        0        0        0        0         0         0.435     0.437     0.438     0.442     0.445     0.452     0.456
C1906d1TS210_3  0        0        0        0        0        0        0        0        0        0         0         0         0.587     0.595     0.596     0.600     0.599     0.599
C1906d1TS405_3  0        0        0        0        0        0        0        0        0        0         0         0         0.587     0.595     0.596     0.600     0.599     0.599
C1906d1TS073_2  0        0        0        0        0        0        0        0        0        0         0         0         0.514     0.520     0.522     0.522     0.522     0.520
C1906d1TS240_5  0        0        0        0        0        0        0        0        0        0         0         0         0.493     0.494     0.494     0.495     0.495     0.496
C1906d1TS123_1  0        0        0        0        0        0        0        0        0        0         0         0         0.481     0.481     0.480     0.480     0.479     0.480
C1906d1TS273_4  0        0        0        0        0        0        0        0        0        0         0         0         0.438     0.439     0.443     0.446     0.454     0.457
C1906d1TS003_1  0        0        0        0        0        0        0        0        0        0         0         0         0.270     0.271     0.271     0.271     0.271     0.271
C1906d1TS044_1  0        0        0        0        0        0        0        0        0        0         0         0         0         0.576     0.577     0.580     0.580     0.578
C1906d1TS301_1  0        0        0        0        0        0        0        0        0        0         0         0         0         0.576     0.577     0.580     0.580     0.578
C1906d1TS073_1  0        0        0        0        0        0        0        0        0        0         0         0         0         0.539     0.541     0.539     0.538     0.536
C1906d1TS240_1  0        0        0        0        0        0        0        0        0        0         0         0         0         0         0         0.495     0.495     0.496
C1906d1TS240_4  0        0        0        0        0        0        0        0        0        0         0         0         0         0         0         0         0.498     0.499
C1906d1TS240_3  0        0        0        0        0        0        0        0        0        0         0         0         0         0         0         0         0.493     0.495
C1906d1TS438_1  0        0        0        0        0        0        0        0        0        0         0         0         0         0         0         0         0.459     0.458
C1906d1TS123_3  0        0        0        0        0        0        0        0        0        0         0         0         0         0         0         0         0         0.402
