model           cs_top1  cs_top2  cs_top3  cs_top4  cs_top5  cs_top6  cs_top7  cs_top8  cs_top9  cs_top10  cs_top15  cs_top20  cs_top25  cs_top30  cs_top35  cs_top40  cs_top45  cs_top50
C1905d1TS210_2  [0.499]  [0.525]  0.504    0.487    0.473    0.463    0.460    0.458    0.457    0.457     0.445     0.447     0.443     0.438     0.440     0.440     0.441     0.440
C1905d1TS405_2  [0.499]  [0.525]  0.504    0.487    0.473    0.463    0.460    0.458    0.457    0.457     0.445     0.447     0.443     0.438     0.440     0.440     0.441     0.440
C1905d1TS405_4  0.482    0.498    0.513    0.508    0.492    0.481    0.475    0.468    0.457    0.450     0.432     0.427     0.423     0.417     0.413     0.410     0.408     0.404
C1905d1TS405_3  0.470    0.475    0.461    0.453    0.445    0.439    0.441    0.439    0.438    0.443     0.436     0.436     0.433     0.429     0.429     0.428     0.430     0.429
C1905d1TS405_5  0.461    0.511    [0.520]  [0.524]  0.501    [0.489]  0.479    0.471    0.461    0.454     0.437     0.431     0.426     0.419     0.415     0.412     0.410     0.406
C1905d1TS210_1  0.458    0.486    0.503    0.523    [0.504]  0.488    [0.481]  [0.479]  [0.467]  [0.459]   0.444     0.439     0.431     0.424     0.420     0.416     0.416     0.411
C1905d1TS131_3  0.449    0.440    0.439    0.437    0.443    0.440    0.439    0.435    0.434    0.434     0.440     0.442     0.440     0.437     0.435     0.435     0.437     0.437
C1905d1TS131_4  0.449    0.438    0.431    0.431    0.434    0.436    0.436    0.433    0.432    0.432     0.436     0.438     0.437     0.434     0.434     0.433     0.435     0.435
C1905d1TS131_2  0.433    0.428    0.422    0.426    0.440    0.435    0.437    0.434    0.433    0.433     0.430     0.432     0.433     0.431     0.431     0.431     0.431     0.432
C1905d1TS210_4  0.430    0.442    0.428    0.425    0.424    0.428    0.428    0.426    0.426    0.431     0.434     0.438     0.438     0.434     0.433     0.432     0.431     0.431
C1905d1TS247_5  0.426    0.447    0.442    0.440    0.438    0.435    0.438    0.439    0.445    0.444     0.446     0.447     0.450     0.446     0.445     0.445     0.444     0.443
C1905d1TS240_4  0.409    0.421    0.406    0.402    0.401    0.403    0.404    0.408    0.409    0.410     0.418     0.418     0.419     0.418     0.417     0.417     0.416     0.415
C1905d1TS240_5  0.393    0.388    0.379    0.377    0.379    0.388    0.390    0.390    0.391    0.393     0.402     0.403     0.404     0.405     0.402     0.403     0.403     0.402
C1905d1TS010_1  0.391    0.386    0.411    0.403    0.407    0.404    0.403    0.401    0.401    0.401     0.398     0.397     0.398     0.396     0.398     0.397     0.396     0.398
C1905d1TS405_1  0        0.486    0.503    0.523    [0.504]  0.488    [0.481]  [0.479]  [0.467]  [0.459]   0.444     0.439     0.431     0.424     0.420     0.416     0.416     0.411
C1905d1TS131_5  0        0.437    0.428    0.434    0.436    0.433    0.432    0.428    0.428    0.428     0.435     0.439     0.437     0.433     0.432     0.431     0.433     0.433
C1905d1TS247_4  0        0.421    0.425    0.425    0.425    0.424    0.431    0.439    0.441    0.440     0.436     0.444     0.447     0.442     0.441     0.441     0.439     0.438
C1905d1TS273_3  0        0.381    0.375    0.382    0.388    0.389    0.387    0.385    0.383    0.383     0.396     0.394     0.396     0.397     0.395     0.393     0.393     0.391
C1905d1TS215_4  0        0.323    0.339    0.347    0.342    0.346    0.343    0.341    0.344    0.342     0.335     0.336     0.334     0.332     0.333     0.331     0.330     0.329
C1905d1TS247_1  0        0        0.417    0.422    0.421    0.419    0.421    0.423    0.428    0.428     0.424     0.430     0.430     0.427     0.427     0.428     0.428     0.428
C1905d1TS247_3  0        0        0.409    0.408    0.408    0.406    0.410    0.413    0.416    0.416     0.415     0.422     0.423     0.421     0.422     0.422     0.422     0.423
C1905d1TS258_4  0        0        0.400    0.400    0.399    0.400    0.402    0.403    0.403    0.404     0.412     0.414     0.421     0.419     0.419     0.417     0.418     0.415
C1905d1TS010_3  0        0        0.346    0.347    0.357    0.354    0.354    0.360    0.359    0.358     0.355     0.353     0.352     0.355     0.354     0.354     0.354     0.354
C1905d1TS131_1  0        0        0        0.427    0.434    0.431    0.435    0.432    0.432    0.432     0.430     0.432     0.433     0.433     0.432     0.432     0.433     0.434
C1905d1TS228_5  0        0        0        0.424    0.433    0.433    0.442    0.443    0.448    0.451     [0.456]   [0.458]   [0.459]   [0.455]   [0.452]   [0.454]   [0.454]   [0.454]
C1905d1TS210_5  0        0        0        0.404    0.406    0.405    0.409    0.408    0.414    0.423     0.427     0.427     0.427     0.428     0.426     0.425     0.424     0.422
C1905d1TS240_3  0        0        0        0.402    0.403    0.409    0.411    0.410    0.418    0.418     0.423     0.424     0.426     0.423     0.421     0.420     0.419     0.418
C1905d1TS010_5  0        0        0        0.392    0.390    0.388    0.394    0.398    0.397    0.401     0.398     0.398     0.396     0.397     0.399     0.398     0.398     0.396
C1905d1TS247_2  0        0        0        0        0.412    0.416    0.420    0.425    0.427    0.427     0.426     0.431     0.434     0.432     0.430     0.432     0.430     0.430
C1905d1TS210_3  0        0        0        0        0.411    0.411    0.418    0.417    0.421    0.426     0.427     0.429     0.430     0.431     0.429     0.428     0.426     0.425
C1905d1TS240_1  0        0        0        0        0.406    0.408    0.410    0.409    0.411    0.415     0.424     0.425     0.428     0.427     0.424     0.424     0.423     0.422
C1905d1TS273_1  0        0        0        0        0.384    0.383    0.390    0.390    0.389    0.390     0.392     0.394     0.397     0.398     0.396     0.397     0.398     0.398
C1905d1TS273_2  0        0        0        0        0.364    0.363    0.365    0.370    0.369    0.370     0.369     0.373     0.376     0.375     0.376     0.375     0.376     0.376
C1905d1TS215_5  0        0        0        0        0.344    0.344    0.345    0.345    0.346    0.347     0.351     0.350     0.351     0.350     0.353     0.355     0.355     0.356
C1905d1TS258_1  0        0        0        0        0        0.408    0.410    0.411    0.411    0.413     0.425     0.426     0.431     0.433     0.432     0.430     0.429     0.427
C1905d1TS258_3  0        0        0        0        0        0.406    0.412    0.412    0.411    0.416     0.417     0.416     0.422     0.424     0.424     0.423     0.424     0.423
C1905d1TS228_4  0        0        0        0        0        0.405    0.417    0.420    0.430    0.433     0.444     0.446     0.448     0.444     0.441     0.444     0.443     0.442
C1905d1TS273_5  0        0        0        0        0        0.402    0.400    0.398    0.397    0.397     0.408     0.407     0.408     0.410     0.409     0.408     0.409     0.408
C1905d1TS073_1  0        0        0        0        0        0.372    0.379    0.380    0.381    0.386     0.389     0.387     0.386     0.390     0.391     0.392     0.393     0.392
C1905d1TS273_4  0        0        0        0        0        0.352    0.354    0.354    0.354    0.359     0.365     0.368     0.368     0.367     0.364     0.364     0.365     0.366
C1905d1TS215_3  0        0        0        0        0        0.343    0.343    0.343    0.345    0.345     0.346     0.347     0.351     0.351     0.351     0.351     0.351     0.352
C1905d1TS228_3  0        0        0        0        0        0        0.421    0.424    0.433    0.440     0.447     0.450     0.453     0.449     0.445     0.449     0.449     0.447
C1905d1TS240_2  0        0        0        0        0        0        0.398    0.396    0.398    0.400     0.411     0.414     0.413     0.414     0.412     0.411     0.410     0.408
C1905d1TS228_2  0        0        0        0        0        0        0        0.424    0.435    0.440     0.449     0.452     0.456     0.451     0.447     0.451     0.451     0.449
C1905d1TS258_2  0        0        0        0        0        0        0        0.417    0.417    0.421     0.422     0.423     0.430     0.432     0.434     0.433     0.433     0.430
C1905d1TS258_5  0        0        0        0        0        0        0        0.406    0.406    0.408     0.413     0.412     0.417     0.419     0.422     0.420     0.419     0.418
C1905d1TS073_3  0        0        0        0        0        0        0        0.362    0.362    0.364     0.365     0.364     0.366     0.368     0.370     0.373     0.373     0.374
C1905d1TS123_5  0        0        0        0        0        0        0        0.360    0.361    0.362     0.364     0.365     0.366     0.366     0.366     0.366     0.366     0.366
C1905d1TS228_1  0        0        0        0        0        0        0        0        0.433    0.437     0.447     0.450     0.453     0.448     0.445     0.448     0.448     0.446
C1905d1TS010_2  0        0        0        0        0        0        0        0        0.414    0.419     0.421     0.421     0.422     0.422     0.425     0.424     0.423     0.422
C1905d1TS438_4  0        0        0        0        0        0        0        0        0.403    0.405     0.408     0.411     0.414     0.420     0.427     0.434     0.434     0.434
C1905d1TS432_1  0        0        0        0        0        0        0        0        0.368    0.370     0.373     0.375     0.377     0.379     0.380     0.380     0.381     0.379
C1905d1TS215_2  0        0        0        0        0        0        0        0        0.345    0.346     0.353     0.356     0.357     0.355     0.355     0.355     0.356     0.356
C1905d1TS438_5  0        0        0        0        0        0        0        0        0        0         0.404     0.406     0.410     0.416     0.423     0.430     0.429     0.429
C1905d1TS010_4  0        0        0        0        0        0        0        0        0        0         0.398     0.397     0.398     0.397     0.399     0.399     0.401     0.399
C1905d1TS347_1  0        0        0        0        0        0        0        0        0        0         0.373     0.374     0.376     0.375     0.375     0.375     0.375     0.376
C1905d1TS215_1  0        0        0        0        0        0        0        0        0        0         0.334     0.335     0.335     0.334     0.338     0.339     0.338     0.341
C1905d1TS121_1  0        0        0        0        0        0        0        0        0        0         0.327     0.327     0.328     0.328     0.330     0.329     0.329     0.329
C1905d1TS438_3  0        0        0        0        0        0        0        0        0        0         0         0.408     0.412     0.418     0.425     0.432     0.432     0.432
C1905d1TS438_2  0        0        0        0        0        0        0        0        0        0         0         0.406     0.410     0.416     0.422     0.430     0.430     0.429
C1905d1TS347_2  0        0        0        0        0        0        0        0        0        0         0         0.380     0.384     0.385     0.386     0.386     0.385     0.386
C1905d1TS123_4  0        0        0        0        0        0        0        0        0        0         0         0.371     0.371     0.371     0.370     0.371     0.372     0.372
C1905d1TS123_1  0        0        0        0        0        0        0        0        0        0         0         0.359     0.360     0.362     0.363     0.363     0.364     0.365
C1905d1TS073_5  0        0        0        0        0        0        0        0        0        0         0         0         0         0.382     0.384     0.388     0.389     0.389
C1905d1TS073_2  0        0        0        0        0        0        0        0        0        0         0         0         0         0.377     0.379     0.380     0.380     0.380
C1905d1TS347_3  0        0        0        0        0        0        0        0        0        0         0         0         0         0.371     0.370     0.370     0.370     0.371
C1905d1TS026_1  0        0        0        0        0        0        0        0        0        0         0         0         0         0.351     0.351     0.351     0.352     0.352
C1905d1TS049_3  0        0        0        0        0        0        0        0        0        0         0         0         0         0.210     0.210     0.211     0.211     0.211
C1905d1TS073_4  0        0        0        0        0        0        0        0        0        0         0         0         0         0         0.373     0.374     0.378     0.377
C1905d1TS438_1  0        0        0        0        0        0        0        0        0        0         0         0         0         0         0         0.374     0.374     0.375
C1905d1TS103_1  0        0        0        0        0        0        0        0        0        0         0         0         0         0         0         0.356     0.356     0.355
C1905d1TS123_2  0        0        0        0        0        0        0        0        0        0         0         0         0         0         0         0         0.379     0.380
C1905d1TS123_3  0        0        0        0        0        0        0        0        0        0         0         0         0         0         0         0         0.379     0.380
