model         cs_top1  cs_top2  cs_top3  cs_top4  cs_top5  cs_top6  cs_top7  cs_top8  cs_top9  cs_top10  cs_top15  cs_top20  cs_top25  cs_top30  cs_top35  cs_top40  cs_top45  cs_top50
C1906TS156_1  [0.576]  [0.606]  [0.600]  [0.605]  [0.603]  [0.604]  [0.596]  [0.593]  [0.591]  0.589     0.578     0.564     0.553     0.545     0.540     0.537     0.534     0.531
C1906TS156_5  0.568    0.577    0.580    0.592    0.588    0.592    0.583    0.579    0.577    0.575     0.567     0.553     0.542     0.534     0.529     0.526     0.523     0.520
C1906TS156_4  0.561    0.583    0.581    0.591    0.592    0.598    0.589    0.585    0.582    0.580     0.570     0.556     0.545     0.537     0.532     0.528     0.525     0.523
C1906TS401_1  0.536    0.544    0.553    0.551    0.546    0.544    0.538    0.540    0.537    0.535     0.527     0.516     0.509     0.503     0.500     0.498     0.495     0.493
C1906TS438_1  0.517    0.538    0.540    0.549    0.554    0.553    0.555    0.555    0.556    0.558     0.557     0.560     [0.564]   [0.562]   [0.564]   [0.563]   [0.563]   [0.563]
C1906TS438_3  0.515    0.531    0.535    0.545    0.551    0.550    0.554    0.553    0.555    0.557     0.557     0.558     0.561     0.560     0.561     0.560     0.560     0.560
C1906TS131_4  0.496    0.538    0.540    0.564    0.578    0.578    0.586    0.586    0.586    0.588     0.587     0.574     0.562     0.559     0.553     0.548     0.542     0.538
C1906TS131_2  0.494    0.544    0.549    0.564    0.572    0.572    0.581    0.583    0.582    0.585     0.583     0.570     0.558     0.556     0.549     0.545     0.540     0.535
C1906TS210_3  0.488    0.457    0.477    0.465    0.458    0.454    0.450    0.448    0.450    0.449     0.446     0.444     0.442     0.440     0.439     0.438     0.438     0.437
C1906TS044_1  0.479    0.490    0.500    0.503    0.504    0.510    0.515    0.518    0.520    0.523     0.531     0.539     0.543     0.548     0.554     0.555     0.556     0.555
C1906TS210_4  0.426    0.438    0.424    0.416    0.418    0.419    0.415    0.412    0.410    0.409     0.410     0.409     0.408     0.407     0.406     0.405     0.405     0.404
C1906TS152_5  0.366    0.353    0.365    0.372    0.379    0.377    0.375    0.374    0.370    0.370     0.363     0.362     0.364     0.362     0.362     0.363     0.364     0.365
C1906TS211_3  0.361    0.347    0.359    0.366    0.370    0.369    0.367    0.366    0.363    0.362     0.357     0.355     0.358     0.357     0.357     0.358     0.358     0.360
C1906TS156_3  0        0.570    0.584    0.592    0.593    0.593    0.584    0.580    0.579    0.578     0.569     0.557     0.546     0.539     0.534     0.531     0.528     0.526
C1906TS131_1  0        0.541    0.544    0.567    0.580    0.580    0.589    0.590    0.589    [0.592]   [0.589]   [0.576]   [0.564]   [0.562]   0.555     0.550     0.544     0.540
C1906TS131_3  0        0.537    0.539    0.562    0.572    0.573    0.583    0.585    0.585    0.587     0.586     0.574     0.561     0.559     0.552     0.547     0.542     0.537
C1906TS131_5  0        0.536    0.541    0.559    0.570    0.569    0.580    0.584    0.582    0.584     0.582     0.570     0.559     0.558     0.551     0.546     0.541     0.537
C1906TS413_1  0        0.521    0.524    0.533    0.538    0.537    0.539    0.541    0.542    0.545     0.543     0.544     0.546     0.546     0.546     0.546     0.546     0.546
C1906TS087_1  0        0.481    0.483    0.488    0.490    0.490    0.495    0.496    0.497    0.499     0.503     0.506     0.508     0.508     0.510     0.511     0.512     0.515
C1906TS349_3  0        0.335    0.334    0.336    0.336    0.337    0.336    0.337    0.337    0.337     0.337     0.338     0.338     0.338     0.338     0.338     0.339     0.339
C1906TS230_1  0        0.300    0.299    0.301    0.301    0.301    0.301    0.301    0.301    0.301     0.302     0.303     0.303     0.303     0.303     0.303     0.303     0.305
C1906TS156_2  0        0        0.579    0.595    0.592    0.597    0.590    0.585    0.583    0.582     0.571     0.557     0.547     0.539     0.533     0.530     0.527     0.524
C1906TS438_5  0        0        0.532    0.543    0.550    0.549    0.551    0.551    0.552    0.555     0.553     0.557     0.560     0.559     0.561     0.560     0.560     0.560
C1906TS152_2  0        0        0.527    0.542    0.550    0.548    0.551    0.551    0.551    0.553     0.552     0.555     0.558     0.557     0.559     0.558     0.557     0.557
C1906TS301_1  0        0        0.500    0.503    0.504    0.510    0.515    0.518    0.520    0.523     0.531     0.539     0.543     0.548     0.554     0.555     0.556     0.555
C1906TS414_1  0        0        0.478    0.481    0.483    0.484    0.488    0.489    0.489    0.493     0.494     0.495     0.496     0.496     0.494     0.494     0.493     0.492
C1906TS273_3  0        0        0.365    0.373    0.377    0.378    0.376    0.375    0.371    0.370     0.363     0.362     0.364     0.362     0.362     0.364     0.364     0.366
C1906TS211_5  0        0        0.353    0.363    0.366    0.365    0.365    0.365    0.361    0.360     0.352     0.352     0.353     0.352     0.351     0.352     0.353     0.354
C1906TS152_1  0        0        0        0.544    0.552    0.551    0.555    0.554    0.555    0.557     0.555     0.559     0.560     0.559     0.560     0.559     0.558     0.558
C1906TS413_3  0        0        0        0.533    0.539    0.541    0.546    0.545    0.546    0.548     0.549     0.550     0.551     0.551     0.551     0.551     0.550     0.550
C1906TS087_2  0        0        0        0.479    0.480    0.481    0.484    0.485    0.486    0.488     0.492     0.497     0.500     0.501     0.502     0.503     0.504     0.505
C1906TS273_2  0        0        0        0.375    0.381    0.380    0.378    0.377    0.373    0.373     0.365     0.364     0.366     0.365     0.365     0.366     0.367     0.368
C1906TS273_1  0        0        0        0.368    0.372    0.370    0.369    0.370    0.366    0.365     0.358     0.358     0.359     0.358     0.357     0.358     0.359     0.360
C1906TS414_5  0        0        0        0        0.510    0.510    0.511    0.515    0.516    0.517     0.521     0.525     0.524     0.527     0.524     0.524     0.523     0.522
C1906TS369_2  0        0        0        0        0.482    0.482    0.484    0.487    0.487    0.490     0.492     0.494     0.496     0.496     0.499     0.500     0.501     0.502
C1906TS438_2  0        0        0        0        0        0.546    0.549    0.550    0.551    0.555     0.556     0.558     0.561     0.561     0.562     0.561     0.562     0.561
C1906TS213_1  0        0        0        0        0        0.499    0.505    0.508    0.509    0.512     0.520     0.528     0.533     0.538     0.542     0.543     0.544     0.543
C1906TS210_5  0        0        0        0        0        0.430    0.431    0.431    0.435    0.439     0.442     0.443     0.443     0.442     0.441     0.440     0.439     0.437
C1906TS349_1  0        0        0        0        0        0.338    0.338    0.338    0.339    0.339     0.339     0.340     0.340     0.340     0.340     0.340     0.340     0.341
C1906TS152_3  0        0        0        0        0        0        0.515    0.520    0.521    0.523     0.531     0.537     0.541     0.544     0.548     0.548     0.549     0.548
C1906TS213_2  0        0        0        0        0        0        0.507    0.510    0.512    0.514     0.523     0.530     0.535     0.540     0.544     0.545     0.547     0.546
C1906TS414_4  0        0        0        0        0        0        0.476    0.477    0.478    0.478     0.483     0.487     0.486     0.488     0.486     0.487     0.487     0.486
C1906TS230_3  0        0        0        0        0        0        0.283    0.284    0.284    0.284     0.285     0.286     0.287     0.288     0.288     0.289     0.290     0.290
C1906TS413_2  0        0        0        0        0        0        0        0.533    0.535    0.537     0.538     0.541     0.543     0.543     0.545     0.545     0.544     0.545
C1906TS213_3  0        0        0        0        0        0        0        0.511    0.513    0.515     0.524     0.531     0.536     0.541     0.546     0.546     0.548     0.547
C1906TS152_4  0        0        0        0        0        0        0        0.511    0.511    0.513     0.515     0.518     0.518     0.518     0.519     0.521     0.522     0.523
C1906TS369_4  0        0        0        0        0        0        0        0.477    0.477    0.479     0.481     0.482     0.483     0.484     0.485     0.486     0.486     0.488
C1906TS258_1  0        0        0        0        0        0        0        0.353    0.352    0.353     0.353     0.355     0.356     0.356     0.357     0.358     0.358     0.359
C1906TS438_4  0        0        0        0        0        0        0        0        0.551    0.553     0.551     0.554     0.558     0.556     0.557     0.557     0.556     0.556
C1906TS414_3  0        0        0        0        0        0        0        0        0.502    0.504     0.508     0.512     0.510     0.515     0.513     0.513     0.512     0.511
C1906TS215_1  0        0        0        0        0        0        0        0        0.484    0.488     0.491     0.496     0.501     0.502     0.502     0.504     0.504     0.503
C1906TS087_4  0        0        0        0        0        0        0        0        0.475    0.476     0.482     0.483     0.483     0.482     0.484     0.484     0.484     0.485
C1906TS210_2  0        0        0        0        0        0        0        0        0.407    0.408     0.416     0.418     0.417     0.418     0.417     0.417     0.418     0.417
C1906TS123_1  0        0        0        0        0        0        0        0        0.331    0.331     0.332     0.334     0.334     0.335     0.335     0.336     0.336     0.337
C1906TS413_4  0        0        0        0        0        0        0        0        0        0.536     0.537     0.538     0.540     0.540     0.542     0.542     0.541     0.541
C1906TS213_4  0        0        0        0        0        0        0        0        0        0.513     0.521     0.529     0.535     0.539     0.543     0.544     0.546     0.545
C1906TS278_1  0        0        0        0        0        0        0        0        0        0.502     0.512     0.518     0.519     0.519     0.522     0.523     0.525     0.527
C1906TS369_3  0        0        0        0        0        0        0        0        0        0.495     0.497     0.498     0.499     0.499     0.500     0.502     0.502     0.503
C1906TS211_4  0        0        0        0        0        0        0        0        0        0.352     0.347     0.346     0.349     0.348     0.348     0.350     0.349     0.350
C1906TS413_5  0        0        0        0        0        0        0        0        0        0         0.523     0.525     0.528     0.529     0.530     0.530     0.529     0.529
C1906TS228_1  0        0        0        0        0        0        0        0        0        0         0.522     0.529     0.533     0.538     0.543     0.544     0.545     0.544
C1906TS213_5  0        0        0        0        0        0        0        0        0        0         0.520     0.528     0.533     0.538     0.543     0.543     0.545     0.544
C1906TS211_1  0        0        0        0        0        0        0        0        0        0         0.514     0.516     0.517     0.516     0.518     0.519     0.520     0.521
C1906TS278_4  0        0        0        0        0        0        0        0        0        0         0.514     0.520     0.521     0.521     0.524     0.525     0.526     0.529
C1906TS299_4  0        0        0        0        0        0        0        0        0        0         0.514     0.520     0.521     0.521     0.524     0.525     0.526     0.529
C1906TS299_1  0        0        0        0        0        0        0        0        0        0         0.512     0.518     0.519     0.519     0.522     0.523     0.525     0.527
C1906TS278_5  0        0        0        0        0        0        0        0        0        0         0.510     0.517     0.519     0.518     0.522     0.522     0.523     0.526
C1906TS405_3  0        0        0        0        0        0        0        0        0        0         0.501     0.503     0.503     0.504     0.505     0.506     0.509     0.510
C1906TS369_1  0        0        0        0        0        0        0        0        0        0         0.497     0.497     0.500     0.500     0.501     0.502     0.502     0.502
C1906TS196_1  0        0        0        0        0        0        0        0        0        0         0.466     0.468     0.469     0.469     0.471     0.472     0.473     0.475
C1906TS215_4  0        0        0        0        0        0        0        0        0        0         0.460     0.468     0.468     0.471     0.470     0.470     0.470     0.470
C1906TS309_2  0        0        0        0        0        0        0        0        0        0         0.441     0.444     0.445     0.447     0.450     0.450     0.451     0.452
C1906TS087_3  0        0        0        0        0        0        0        0        0        0         0.412     0.414     0.412     0.410     0.411     0.411     0.411     0.411
C1906TS102_1  0        0        0        0        0        0        0        0        0        0         0.331     0.334     0.335     0.335     0.336     0.336     0.337     0.337
C1906TS003_3  0        0        0        0        0        0        0        0        0        0         0.316     0.317     0.318     0.319     0.319     0.320     0.320     0.321
C1906TS158_3  0        0        0        0        0        0        0        0        0        0         0.299     0.300     0.301     0.301     0.302     0.302     0.303     0.303
C1906TS230_2  0        0        0        0        0        0        0        0        0        0         0.298     0.299     0.300     0.300     0.302     0.303     0.305     0.305
C1906TS299_5  0        0        0        0        0        0        0        0        0        0         0         0.517     0.519     0.518     0.522     0.522     0.523     0.526
C1906TS299_3  0        0        0        0        0        0        0        0        0        0         0         0.505     0.506     0.509     0.514     0.514     0.516     0.517
C1906TS215_5  0        0        0        0        0        0        0        0        0        0         0         0.468     0.473     0.475     0.475     0.476     0.476     0.476
C1906TS215_2  0        0        0        0        0        0        0        0        0        0         0         0.449     0.453     0.454     0.455     0.457     0.458     0.459
C1906TS309_4  0        0        0        0        0        0        0        0        0        0         0         0.445     0.447     0.448     0.450     0.450     0.452     0.453
C1906TS258_5  0        0        0        0        0        0        0        0        0        0         0         0.349     0.351     0.351     0.352     0.352     0.353     0.353
C1906TS258_3  0        0        0        0        0        0        0        0        0        0         0         0.336     0.338     0.339     0.340     0.340     0.340     0.340
C1906TS103_2  0        0        0        0        0        0        0        0        0        0         0         0.334     0.335     0.335     0.336     0.336     0.337     0.337
C1906TS278_2  0        0        0        0        0        0        0        0        0        0         0         0         0.513     0.513     0.518     0.519     0.521     0.523
C1906TS299_2  0        0        0        0        0        0        0        0        0        0         0         0         0.513     0.513     0.518     0.519     0.521     0.523
C1906TS278_3  0        0        0        0        0        0        0        0        0        0         0         0         0.506     0.509     0.514     0.514     0.516     0.517
C1906TS414_2  0        0        0        0        0        0        0        0        0        0         0         0         0.489     0.494     0.493     0.496     0.495     0.496
C1906TS369_5  0        0        0        0        0        0        0        0        0        0         0         0         0.486     0.485     0.487     0.489     0.489     0.489
C1906TS359_1  0        0        0        0        0        0        0        0        0        0         0         0         0.484     0.485     0.487     0.488     0.489     0.490
C1906TS309_1  0        0        0        0        0        0        0        0        0        0         0         0         0.480     0.481     0.484     0.484     0.485     0.487
C1906TS215_3  0        0        0        0        0        0        0        0        0        0         0         0         0.458     0.460     0.460     0.462     0.463     0.463
C1906TS240_5  0        0        0        0        0        0        0        0        0        0         0         0         0.414     0.416     0.418     0.419     0.419     0.420
C1906TS258_2  0        0        0        0        0        0        0        0        0        0         0         0         0.374     0.375     0.375     0.376     0.376     0.376
C1906TS073_5  0        0        0        0        0        0        0        0        0        0         0         0         0.374     0.374     0.374     0.375     0.376     0.376
C1906TS230_4  0        0        0        0        0        0        0        0        0        0         0         0         0.303     0.305     0.305     0.305     0.305     0.306
C1906TS405_4  0        0        0        0        0        0        0        0        0        0         0         0         0         0.501     0.503     0.503     0.506     0.506
C1906TS240_3  0        0        0        0        0        0        0        0        0        0         0         0         0         0.442     0.443     0.444     0.444     0.445
C1906TS240_4  0        0        0        0        0        0        0        0        0        0         0         0         0         0.442     0.442     0.443     0.442     0.443
C1906TS240_1  0        0        0        0        0        0        0        0        0        0         0         0         0         0.410     0.411     0.412     0.412     0.413
C1906TS200_1  0        0        0        0        0        0        0        0        0        0         0         0         0         0.321     0.321     0.321     0.322     0.322
C1906TS230_5  0        0        0        0        0        0        0        0        0        0         0         0         0         0.299     0.299     0.300     0.300     0.300
C1906TS405_2  0        0        0        0        0        0        0        0        0        0         0         0         0         0         0.504     0.505     0.507     0.508
C1906TS073_4  0        0        0        0        0        0        0        0        0        0         0         0         0         0         0.373     0.373     0.374     0.374
C1906TS073_1  0        0        0        0        0        0        0        0        0        0         0         0         0         0         0.369     0.370     0.371     0.371
C1906TS211_2  0        0        0        0        0        0        0        0        0        0         0         0         0         0         0.336     0.336     0.337     0.337
C1906TS273_5  0        0        0        0        0        0        0        0        0        0         0         0         0         0         0.292     0.293     0.293     0.294
C1906TS210_1  0        0        0        0        0        0        0        0        0        0         0         0         0         0         0         0.497     0.503     0.504
C1906TS405_1  0        0        0        0        0        0        0        0        0        0         0         0         0         0         0         0.497     0.503     0.504
C1906TS102_2  0        0        0        0        0        0        0        0        0        0         0         0         0         0         0         0.484     0.486     0.487
C1906TS240_2  0        0        0        0        0        0        0        0        0        0         0         0         0         0         0         0.424     0.424     0.426
C1906TS073_3  0        0        0        0        0        0        0        0        0        0         0         0         0         0         0         0.385     0.386     0.386
C1906TS405_5  0        0        0        0        0        0        0        0        0        0         0         0         0         0         0         0         0.498     0.498
C1906TS309_3  0        0        0        0        0        0        0        0        0        0         0         0         0         0         0         0         0.438     0.439
C1906TS182_4  0        0        0        0        0        0        0        0        0        0         0         0         0         0         0         0         0.367     0.368
C1906TS258_4  0        0        0        0        0        0        0        0        0        0         0         0         0         0         0         0         0.363     0.364
