C1903x2TS003_1 C1903x2TS044_1 C1903x2TS049_1 C1903x2TS049_2 C1903x2TS049_3 C1903x2TS049_4 C1903x2TS049_5 C1903x2TS067_1 C1903x2TS067_2 C1903x2TS067_3 C1903x2TS067_4 C1903x2TS067_5 C1903x2TS073_1 C1903x2TS073_2 C1903x2TS073_3 C1903x2TS073_4 C1903x2TS073_5 C1903x2TS103_1 C1903x2TS121_1 C1903x2TS121_2 C1903x2TS123_1 C1903x2TS123_2 C1903x2TS123_3 C1903x2TS123_4 C1903x2TS123_5 C1903x2TS131_1 C1903x2TS131_2 C1903x2TS131_3 C1903x2TS131_4 C1903x2TS131_5 C1903x2TS215_1 C1903x2TS215_2 C1903x2TS215_3 C1903x2TS215_4 C1903x2TS215_5 C1903x2TS228_1 C1903x2TS228_2 C1903x2TS228_3 C1903x2TS228_4 C1903x2TS228_5 C1903x2TS301_1 C1903x2TS389_1 C1903x2TS389_2 C1903x2TS389_3 C1903x2TS389_4 C1903x2TS389_5
1 0.272414 0.199633 0.172698 0.167374 0.188576 0.157761 0.275773 0.275773 0.275773 0.298555 0.298555 0.286914 0.289722 0.297855 0.293265 0.288525 0.290376 0.280838 0.277512 0.291355 0.280713 0.287981 0.284804 0.284804 0.291107 0.28004 0.284748 0.292969 0.287165 0.28964 0.274073 0.272918 0.284549 0.285385 0.271809 0.287033 0.280963 0.277075 0.280973 0.272414 0.282689 0.286414 0.291737 0.284339 0.289552
0.217605 1 0.123652 0.104083 0.0989098 0.100454 0.0875716 0.319592 0.319592 0.319592 0.276304 0.276304 0.340829 0.334827 0.337852 0.316499 0.325121 0.334068 0.308972 0.311731 0.366939 0.358877 0.378233 0.322733 0.322733 0.444046 0.44054 0.453277 0.43578 0.431999 0.401281 0.366619 0.373806 0.394833 0.387465 0.421416 0.416772 0.446221 0.399466 0.41041 1 0.435858 0.449414 0.437037 0.435909 0.44801
0.400323 0.319892 1 0.420054 0.421647 0.412062 0.461897 0.349529 0.349529 0.349529 0.37677 0.37677 0.350858 0.340384 0.350442 0.357957 0.348893 0.331663 0.334002 0.326131 0.352204 0.336333 0.335078 0.368447 0.368447 0.32545 0.322405 0.324089 0.321339 0.322441 0.331248 0.33906 0.314901 0.328242 0.329036 0.330495 0.335954 0.324071 0.341162 0.32408 0.319892 0.331977 0.33545 0.33096 0.330894 0.32425
0.359276 0.282084 0.402184 1 0.424828 0.425125 0.45462 0.306992 0.306992 0.306992 0.348217 0.348217 0.304905 0.312049 0.306947 0.30859 0.300179 0.301695 0.298119 0.287948 0.308511 0.303713 0.302181 0.33123 0.33123 0.282278 0.281343 0.279064 0.277833 0.282788 0.28703 0.290694 0.281273 0.290522 0.290883 0.289222 0.294964 0.286212 0.30993 0.284556 0.282084 0.285409 0.299715 0.291745 0.285575 0.285749
0.347386 0.270012 0.408928 0.429241 1 0.432621 0.429566 0.293885 0.293885 0.293885 0.332977 0.332977 0.300923 0.299383 0.296035 0.310503 0.298658 0.305663 0.290872 0.279875 0.297025 0.295106 0.291346 0.322392 0.322392 0.278532 0.277764 0.275786 0.273475 0.278537 0.282487 0.289073 0.274261 0.292727 0.284225 0.276795 0.287138 0.275313 0.296674 0.2732 0.270012 0.277135 0.291252 0.281671 0.27885 0.281984
0.363763 0.273572 0.415705 0.429611 0.440966 1 0.466396 0.306789 0.306789 0.306789 0.338465 0.338465 0.297753 0.309575 0.303912 0.31041 0.298207 0.296331 0.293405 0.281441 0.295006 0.294749 0.293429 0.328927 0.328927 0.283929 0.288118 0.282026 0.282645 0.279416 0.287309 0.286259 0.280859 0.288777 0.286666 0.284349 0.296284 0.281098 0.30568 0.268455 0.273572 0.28997 0.29037 0.292912 0.289866 0.285374
0.401966 0.309298 0.509497 0.516817 0.490734 0.522293 1 0.33445 0.33445 0.33445 0.390365 0.390365 0.339556 0.345577 0.336637 0.348843 0.340553 0.326571 0.320557 0.304422 0.328786 0.326491 0.321972 0.38538 0.38538 0.310009 0.309193 0.302163 0.303203 0.308348 0.310641 0.310506 0.299081 0.312145 0.315411 0.311183 0.312412 0.303236 0.328399 0.304585 0.309298 0.313604 0.321003 0.310793 0.311035 0.312981
0.231926 0.3169 0.155341 0.132899 0.113701 0.128704 0.103986 1 1 1 0.333648 0.333648 0.304026 0.283 0.286083 0.293377 0.29194 0.312033 0.300559 0.306072 0.32953 0.31929 0.33569 0.30414 0.30414 0.339935 0.340206 0.342263 0.350075 0.334719 0.310157 0.307322 0.322927 0.322242 0.313679 0.328463 0.337361 0.336247 0.324159 0.325818 0.3169 0.337746 0.33725 0.336243 0.337314 0.348711
0.231926 0.3169 0.155341 0.132899 0.113701 0.128704 0.103986 1 1 1 0.333648 0.333648 0.304026 0.283 0.286083 0.293377 0.29194 0.312033 0.300559 0.306072 0.32953 0.31929 0.33569 0.30414 0.30414 0.339935 0.340206 0.342263 0.350075 0.334719 0.310157 0.307322 0.322927 0.322242 0.313679 0.328463 0.337361 0.336247 0.324159 0.325818 0.3169 0.337746 0.33725 0.336243 0.337314 0.348711
0.231926 0.3169 0.155341 0.132899 0.113701 0.128704 0.103986 1 1 1 0.333648 0.333648 0.304026 0.283 0.286083 0.293377 0.29194 0.312033 0.300559 0.306072 0.32953 0.31929 0.33569 0.30414 0.30414 0.339935 0.340206 0.342263 0.350075 0.334719 0.310157 0.307322 0.322927 0.322242 0.313679 0.328463 0.337361 0.336247 0.324159 0.325818 0.3169 0.337746 0.33725 0.336243 0.337314 0.348711
0.325111 0.372088 0.204954 0.19696 0.176285 0.173647 0.168446 0.42454 0.42454 0.42454 1 1 0.345187 0.346438 0.332504 0.367186 0.341116 0.377898 0.376285 0.363948 0.381542 0.386454 0.391707 0.379162 0.379162 0.38288 0.384794 0.383943 0.390807 0.380303 0.36756 0.347414 0.363268 0.371097 0.379929 0.371074 0.381483 0.381933 0.381431 0.378144 0.372088 0.383346 0.393393 0.380359 0.385384 0.386308
0.325111 0.372088 0.204954 0.19696 0.176285 0.173647 0.168446 0.42454 0.42454 0.42454 1 1 0.345187 0.346438 0.332504 0.367186 0.341116 0.377898 0.376285 0.363948 0.381542 0.386454 0.391707 0.379162 0.379162 0.38288 0.384794 0.383943 0.390807 0.380303 0.36756 0.347414 0.363268 0.371097 0.379929 0.371074 0.381483 0.381933 0.381431 0.378144 0.372088 0.383346 0.393393 0.380359 0.385384 0.386308
0.216151 0.327053 0.137011 0.109943 0.108481 0.107014 0.101616 0.278228 0.278228 0.278228 0.244151 0.244151 1 0.338155 0.375232 0.366841 0.343329 0.285698 0.274161 0.278687 0.328442 0.308476 0.299324 0.288096 0.288096 0.339236 0.331088 0.337353 0.339553 0.345622 0.311362 0.332426 0.325268 0.332363 0.324808 0.319751 0.335156 0.336363 0.329043 0.332227 0.327053 0.345424 0.346078 0.350743 0.345421 0.347447
0.208704 0.326214 0.125293 0.116786 0.115408 0.116564 0.10183 0.263867 0.263867 0.263867 0.253514 0.253514 0.347467 1 0.345174 0.368448 0.345746 0.280138 0.257317 0.259665 0.317046 0.285797 0.295126 0.269664 0.269664 0.331284 0.32313 0.337613 0.328795 0.328 0.305534 0.295979 0.300349 0.317659 0.307134 0.334076 0.313828 0.327003 0.332307 0.324902 0.326214 0.339124 0.328248 0.340942 0.339212 0.339966
0.230999 0.334125 0.136128 0.112172 0.117031 0.110837 0.104897 0.272726 0.272726 0.272726 0.244085 0.244085 0.385307 0.339973 1 0.377784 0.348561 0.304036 0.268892 0.272729 0.307614 0.308065 0.307421 0.281023 0.281023 0.340145 0.333356 0.333562 0.338629 0.338726 0.31241 0.305748 0.307923 0.323117 0.325292 0.3185 0.320984 0.325754 0.324745 0.320085 0.334125 0.344351 0.342157 0.344235 0.339117 0.350674
0.236525 0.329772 0.143763 0.123939 0.124884 0.119118 0.111359 0.291795 0.291795 0.291795 0.288863 0.288863 0.3966 0.39182 0.398949 1 0.384311 0.316995 0.304423 0.302208 0.340662 0.319608 0.321043 0.30728 0.30728 0.344836 0.337797 0.343175 0.342575 0.343516 0.329613 0.338382 0.320935 0.342048 0.340467 0.3352 0.341487 0.343941 0.34411 0.342918 0.329772 0.36563 0.364482 0.366697 0.368379 0.364819
0.217104 0.334469 0.125136 0.119376 0.111932 0.104183 0.102859 0.273198 0.273198 0.273198 0.256999 0.256999 0.357969 0.346834 0.34987 0.372244 1 0.292537 0.263345 0.266769 0.317919 0.311982 0.31776 0.295091 0.295091 0.33882 0.336497 0.34042 0.329629 0.327685 0.310147 0.309042 0.320377 0.335769 0.326151 0.333503 0.325253 0.340069 0.337795 0.336219 0.334469 0.344564 0.357661 0.3446 0.354679 0.343778
0.234926 0.33685 0.137499 0.122216 0.12419 0.113602 0.108928 0.305419 0.305419 0.305419 0.291156 0.291156 0.306741 0.296452 0.309976 0.30774 0.292852 1 0.305997 0.305901 0.342288 0.334267 0.354177 0.32601 0.32601 0.37079 0.36728 0.377727 0.36903 0.370765 0.335054 0.330861 0.341824 0.337034 0.343534 0.350564 0.343764 0.359485 0.350595 0.357283 0.33685 0.363717 0.365981 0.35818 0.360704 0.362627
0.213609 0.282722 0.120674 0.105691 0.101857 0.111064 0.0942719 0.265378 0.265378 0.265378 0.265056 0.265056 0.267823 0.242436 0.252569 0.276599 0.24911 0.276581 1 0.422676 0.296481 0.275516 0.292056 0.293244 0.293244 0.285056 0.284775 0.294123 0.287525 0.282933 0.271825 0.279498 0.284128 0.281554 0.29074 0.278413 0.285699 0.285676 0.284423 0.277536 0.282722 0.293489 0.294297 0.295639 0.292602 0.29979
0.22203 0.311723 0.119899 0.115257 0.108483 0.103442 0.08891 0.298643 0.298643 0.298643 0.271905 0.271905 0.29635 0.265947 0.285107 0.282654 0.271349 0.309417 0.482968 1 0.33074 0.302532 0.317896 0.322838 0.322838 0.316318 0.310661 0.321416 0.313113 0.308382 0.29739 0.297968 0.307994 0.300192 0.317844 0.300885 0.313568 0.315449 0.317453 0.311522 0.311723 0.316358 0.322896 0.327249 0.314314 0.325871
0.226842 0.375255 0.142538 0.11115 0.110606 0.106154 0.0865278 0.317461 0.317461 0.317461 0.290837 0.290837 0.356295 0.3264 0.319678 0.325942 0.31978 0.351409 0.323992 0.33264 1 0.381358 0.373073 0.425335 0.425335 0.395893 0.385639 0.398015 0.389167 0.380038 0.36984 0.364217 0.368683 0.375485 0.376862 0.37083 0.373167 0.386175 0.374794 0.376561 0.375255 0.389634 0.408952 0.384987 0.39309 0.397204
0.199276 0.32485 0.124541 0.113953 0.104711 0.0988334 0.091387 0.279657 0.279657 0.279657 0.267965 0.267965 0.299478 0.268331 0.281036 0.28341 0.275328 0.306196 0.275343 0.27193 0.346158 1 0.345549 0.315497 0.315497 0.331215 0.328027 0.337605 0.346291 0.3285 0.330902 0.313972 0.319286 0.318347 0.321667 0.3282 0.337245 0.342613 0.321323 0.323891 0.32485 0.347516 0.345611 0.343828 0.348054 0.348467
0.218687 0.374721 0.135112 0.112174 0.102772 0.099739 0.0963328 0.326919 0.326919 0.326919 0.291423 0.291423 0.317808 0.302847 0.320844 0.312246 0.322053 0.35039 0.318522 0.314597 0.373273 0.384904 1 0.354484 0.354484 0.388115 0.388682 0.388787 0.395371 0.375227 0.37044 0.351072 0.360555 0.380878 0.378692 0.37668 0.391766 0.39169 0.373195 0.385205 0.374721 0.400691 0.397375 0.393665 0.403617 0.397213
0.262081 0.357579 0.178595 0.162496 0.155798 0.151697 0.144771 0.33259 0.33259 0.33259 0.33116 0.33116 0.339466 0.313631 0.317906 0.332883 0.324247 0.361805 0.357756 0.357159 0.470415 0.390351 0.392521 1 1 0.379304 0.376583 0.385866 0.387749 0.366073 0.375632 0.362438 0.358953 0.38081 0.37344 0.358886 0.372413 0.367798 0.366716 0.354786 0.357579 0.387883 0.390235 0.390448 0.390674 0.390927
0.262081 0.357579 0.178595 0.162496 0.155798 0.151697 0.144771 0.33259 0.33259 0.33259 0.33116 0.33116 0.339466 0.313631 0.317906 0.332883 0.324247 0.361805 0.357756 0.357159 0.470415 0.390351 0.392521 1 1 0.379304 0.376583 0.385866 0.387749 0.366073 0.375632 0.362438 0.358953 0.38081 0.37344 0.358886 0.372413 0.367798 0.366716 0.354786 0.357579 0.387883 0.390235 0.390448 0.390674 0.390927
0.198326 0.401559 0.113087 0.0881457 0.0972621 0.0857506 0.0753614 0.301125 0.301125 0.301125 0.263115 0.263115 0.317258 0.312455 0.310147 0.297456 0.30499 0.32985 0.274162 0.279932 0.348232 0.336479 0.347528 0.305005 0.305005 1 0.660821 0.662383 0.666311 0.634715 0.368449 0.342946 0.363597 0.376451 0.366393 0.425563 0.409647 0.438807 0.404528 0.417663 0.401559 0.427101 0.42256 0.416707 0.423712 0.422045
0.19032 0.396414 0.1171 0.0908794 0.103872 0.0895792 0.0776155 0.293747 0.293747 0.293747 0.260009 0.260009 0.308216 0.301234 0.294562 0.28915 0.294801 0.321858 0.269764 0.272786 0.335366 0.323438 0.344032 0.304209 0.304209 0.653779 1 0.624549 0.618185 0.685515 0.359429 0.335936 0.353645 0.371607 0.36624 0.397945 0.390904 0.43121 0.389856 0.392426 0.396414 0.425613 0.423016 0.404528 0.423629 0.40601
0.18882 0.398693 0.116099 0.0842883 0.0976291 0.0838902 0.0722147 0.294397 0.294397 0.294397 0.257253 0.257253 0.31031 0.310329 0.298656 0.289609 0.293203 0.337543 0.286875 0.285796 0.343869 0.325799 0.337992 0.305475 0.305475 0.648419 0.61852 1 0.700096 0.61003 0.366419 0.340778 0.355412 0.375411 0.365654 0.41598 0.404956 0.435431 0.396275 0.405014 0.398693 0.416623 0.417167 0.40296 0.419632 0.411138
0.187989 0.391665 0.113226 0.080856 0.0945598 0.0833994 0.0687244 0.302174 0.302174 0.302174 0.269494 0.269494 0.313006 0.306907 0.304643 0.293964 0.292182 0.333916 0.279585 0.281072 0.338422 0.33608 0.34935 0.306258 0.306258 0.65574 0.619505 0.704357 1 0.623043 0.370567 0.338595 0.355935 0.375316 0.365743 0.407434 0.398583 0.431479 0.389472 0.404712 0.391665 0.418135 0.412151 0.41133 0.422163 0.419348
0.197468 0.395381 0.114135 0.087648 0.103094 0.0908175 0.0795994 0.293631 0.293631 0.293631 0.259988 0.259988 0.330467 0.317446 0.313044 0.307461 0.298745 0.334806 0.278765 0.277244 0.339896 0.329 0.339266 0.299774 0.299774 0.643151 0.695985 0.625715 0.635637 1 0.355806 0.345138 0.362645 0.366734 0.361494 0.416137 0.403308 0.427495 0.395142 0.411739 0.395381 0.431347 0.434833 0.403157 0.431682 0.40585
0.195687 0.333221 0.114914 0.0925214 0.0954257 0.0920515 0.0769962 0.259945 0.259945 0.259945 0.239796 0.239796 0.280669 0.265949 0.267783 0.271709 0.267293 0.275781 0.254005 0.2481 0.306008 0.301164 0.309526 0.279349 0.279349 0.345058 0.336826 0.346729 0.34397 0.333216 1 0.320817 0.324688 0.344163 0.346412 0.311732 0.319107 0.337185 0.312441 0.320346 0.333221 0.340081 0.339837 0.34575 0.344271 0.342334
0.183491 0.311912 0.114715 0.0988865 0.0912208 0.0903832 0.0796688 0.254507 0.254507 0.254507 0.226492 0.226492 0.297142 0.263348 0.270037 0.280609 0.256452 0.280399 0.25746 0.252628 0.300424 0.294089 0.298525 0.273085 0.273085 0.318502 0.317345 0.32206 0.323062 0.319342 0.317178 1 0.340619 0.320822 0.337549 0.316479 0.313713 0.324792 0.315841 0.304934 0.311912 0.347421 0.343853 0.328027 0.35646 0.329368
0.175971 0.302606 0.100814 0.0906864 0.0901363 0.0859287 0.0728004 0.260841 0.260841 0.260841 0.229368 0.229368 0.290348 0.260654 0.25794 0.252237 0.26623 0.275272 0.256583 0.256233 0.302894 0.290943 0.293231 0.269306 0.269306 0.336129 0.334273 0.332065 0.33183 0.327931 0.321978 0.332491 1 0.33409 0.335572 0.322508 0.31665 0.323511 0.316423 0.31236 0.302606 0.333022 0.332332 0.324472 0.329323 0.323265
0.191503 0.339098 0.122774 0.0972211 0.0999156 0.0968192 0.0834107 0.27928 0.27928 0.27928 0.24126 0.24126 0.298742 0.278334 0.279269 0.284261 0.290223 0.289703 0.254659 0.256878 0.31 0.29941 0.316775 0.292932 0.292932 0.357466 0.354814 0.362713 0.361352 0.343353 0.342544 0.323536 0.338646 1 0.36155 0.328785 0.33095 0.340706 0.333281 0.330408 0.339098 0.35472 0.356854 0.363515 0.361503 0.369725
0.192432 0.340024 0.111529 0.095837 0.0992212 0.0944295 0.0855551 0.269249 0.269249 0.269249 0.257439 0.257439 0.296465 0.275982 0.286915 0.279239 0.279884 0.288672 0.271841 0.267204 0.320243 0.296622 0.321398 0.291577 0.291577 0.348682 0.34976 0.353769 0.347706 0.341575 0.355313 0.335716 0.345123 0.367286 1 0.338024 0.331421 0.351291 0.330481 0.33156 0.340024 0.353101 0.360946 0.358748 0.351836 0.3637
0.197977 0.404998 0.126618 0.105481 0.106442 0.0942758 0.0835989 0.298456 0.298456 0.298456 0.265083 0.265083 0.312589 0.333693 0.311414 0.29888 0.318404 0.330385 0.287074 0.283196 0.351969 0.344642 0.352616 0.307659 0.307659 0.451305 0.425398 0.445297 0.433362 0.432662 0.35645 0.359049 0.364402 0.365894 0.379705 1 0.625966 0.546156 0.662284 0.510772 0.404998 0.456415 0.448495 0.452973 0.459676 0.465613
0.211484 0.400568 0.126986 0.114418 0.114479 0.105983 0.0949307 0.308 0.308 0.308 0.26905 0.26905 0.340398 0.316371 0.319377 0.315161 0.313908 0.322278 0.299623 0.299124 0.353122 0.357108 0.375881 0.313322 0.313322 0.440596 0.425454 0.444034 0.433238 0.425711 0.361654 0.360588 0.365465 0.373122 0.373276 0.62731 1 0.540355 0.600905 0.508262 0.400568 0.461684 0.460432 0.459295 0.463698 0.462111
0.201177 0.420432 0.131895 0.0996537 0.103233 0.0939162 0.0796178 0.309614 0.309614 0.309614 0.270125 0.270125 0.330632 0.320836 0.318039 0.302165 0.316769 0.332972 0.293362 0.298346 0.363509 0.356898 0.371222 0.314353 0.314353 0.456466 0.454681 0.459787 0.449326 0.434794 0.385608 0.369352 0.366183 0.381413 0.392463 0.536015 0.528667 1 0.525787 0.513868 0.420432 0.464026 0.458661 0.464026 0.462026 0.463971
0.213912 0.397288 0.130162 0.120596 0.116318 0.108478 0.0931668 0.309427 0.309427 0.309427 0.284422 0.284422 0.342044 0.342687 0.332641 0.319543 0.340828 0.339767 0.304683 0.311707 0.376252 0.350925 0.360953 0.322677 0.322677 0.449803 0.431485 0.445424 0.433195 0.428047 0.365325 0.366069 0.374293 0.384207 0.383134 0.677017 0.60692 0.548181 1 0.523021 0.397288 0.470206 0.467268 0.46368 0.471513 0.473595
0.198021 0.393589 0.121886 0.10199 0.109337 0.0910489 0.085284 0.300227 0.300227 0.300227 0.262739 0.262739 0.338732 0.322898 0.314524 0.309355 0.318655 0.342844 0.28881 0.290356 0.361224 0.34425 0.365958 0.306613 0.306613 0.440355 0.421432 0.436493 0.42822 0.430486 0.370088 0.346453 0.357566 0.370519 0.370768 0.51004 0.504026 0.524081 0.509761 1 0.393589 0.451348 0.430387 0.438779 0.452468 0.433436
0.217605 1 0.123652 0.104083 0.0989098 0.100454 0.0875716 0.319592 0.319592 0.319592 0.276304 0.276304 0.340829 0.334827 0.337852 0.316499 0.325121 0.334068 0.308972 0.311731 0.366939 0.358877 0.378233 0.322733 0.322733 0.444046 0.44054 0.453277 0.43578 0.431999 0.401281 0.366619 0.373806 0.394833 0.387465 0.421416 0.416772 0.446221 0.399466 0.41041 1 0.435858 0.449414 0.437037 0.435909 0.44801
0.200168 0.411428 0.127208 0.0977651 0.103063 0.0982297 0.0859113 0.300452 0.300452 0.300452 0.26713 0.26713 0.350975 0.339254 0.337037 0.329575 0.326355 0.329347 0.291924 0.291628 0.356494 0.361009 0.377013 0.328103 0.328103 0.445293 0.44818 0.446952 0.436804 0.444611 0.381797 0.381222 0.369849 0.397695 0.391238 0.455159 0.452708 0.469639 0.455925 0.445787 0.411428 1 0.562342 0.550428 0.858437 0.559015
0.210646 0.428073 0.120107 0.097873 0.105465 0.0994616 0.0875372 0.305351 0.305351 0.305351 0.272811 0.272811 0.352688 0.328666 0.332663 0.328208 0.33156 0.333938 0.295651 0.301578 0.386178 0.356968 0.369837 0.332813 0.332813 0.437441 0.438157 0.442974 0.430771 0.443434 0.381766 0.381361 0.37779 0.400011 0.397332 0.448174 0.442664 0.458833 0.445957 0.42403 0.428073 0.558198 1 0.53622 0.561379 0.55594
0.217216 0.42961 0.127354 0.0986208 0.107421 0.100074 0.0891712 0.307577 0.307577 0.307577 0.275293 0.275293 0.351167 0.343928 0.338433 0.333818 0.327532 0.329829 0.307273 0.310309 0.361482 0.361877 0.37108 0.33695 0.33695 0.4463 0.441527 0.44916 0.44737 0.431462 0.390821 0.370463 0.366837 0.409971 0.40469 0.45489 0.461138 0.473716 0.452086 0.439066 0.42961 0.553302 0.547967 1 0.547503 0.826244
0.20424 0.406259 0.123158 0.100332 0.102175 0.0976222 0.0843071 0.297655 0.297655 0.297655 0.268824 0.268824 0.343801 0.335945 0.331063 0.33072 0.33414 0.328466 0.289605 0.288006 0.358876 0.362421 0.379957 0.32666 0.32666 0.442307 0.44523 0.447099 0.442363 0.444349 0.382136 0.389385 0.366306 0.398229 0.391714 0.456745 0.453304 0.468281 0.457404 0.444972 0.406259 0.857456 0.567334 0.543992 1 0.557094
0.208624 0.422586 0.118487 0.090673 0.10433 0.0894327 0.0835614 0.309852 0.309852 0.309852 0.274634 0.274634 0.343719 0.33359 0.338204 0.328614 0.319862 0.330562 0.299841 0.301603 0.366606 0.35427 0.365918 0.327391 0.327391 0.437609 0.427607 0.439548 0.441439 0.418004 0.374347 0.368044 0.364693 0.40745 0.401849 0.45698 0.447736 0.467407 0.452751 0.423333 0.422586 0.556378 0.555547 0.8129 0.555128 1
