C1902x2TS003_1 C1902x2TS044_1 C1902x2TS049_1 C1902x2TS049_2 C1902x2TS049_3 C1902x2TS049_4 C1902x2TS049_5 C1902x2TS067_1 C1902x2TS067_2 C1902x2TS067_3 C1902x2TS067_4 C1902x2TS067_5 C1902x2TS123_1 C1902x2TS123_2 C1902x2TS123_3 C1902x2TS123_4 C1902x2TS123_5 C1902x2TS215_1 C1902x2TS215_2 C1902x2TS215_3 C1902x2TS215_4 C1902x2TS215_5 C1902x2TS228_1 C1902x2TS228_2 C1902x2TS228_3 C1902x2TS228_4 C1902x2TS228_5 C1902x2TS258_1 C1902x2TS258_2 C1902x2TS258_3 C1902x2TS258_4 C1902x2TS258_5 C1902x2TS301_1 C1902x2TS369_1 C1902x2TS389_1 C1902x2TS389_2 C1902x2TS389_3 C1902x2TS389_4 C1902x2TS389_5
1 0.317379 0.19373 0.179951 0.188869 0.194514 0.185491 0.280935 0.280935 0.284437 0.285568 0.284437 0.29114 0.276105 0.278278 0.28519 0.286589 0.305159 0.304864 0.304792 0.298803 0.301009 0.307496 0.305742 0.298797 0.306565 0.31274 0.309762 0.313007 0.303837 0.303005 0.304796 0.317379 0.325024 0.315211 0.311778 0.316812 0.313153 0.312074
0.263617 1 0.153656 0.13627 0.130593 0.143624 0.129577 0.33827 0.33827 0.334278 0.354073 0.334278 0.340804 0.348374 0.338083 0.341704 0.325286 0.392303 0.421594 0.443361 0.400057 0.390239 0.441349 0.448974 0.452796 0.433484 0.413473 0.455336 0.450712 0.442288 0.448642 0.444764 1 0.469083 0.4837 0.474562 0.473381 0.482334 0.471611
0.445617 0.388673 1 0.494401 0.482419 0.483716 0.488248 0.38055 0.38055 0.386464 0.388482 0.386464 0.3886 0.376031 0.381889 0.380039 0.399238 0.358266 0.360892 0.36061 0.359542 0.360962 0.34375 0.348039 0.352475 0.345256 0.379567 0.355216 0.356773 0.358004 0.353 0.353587 0.388673 0.362234 0.372275 0.364734 0.373271 0.369772 0.37682
0.393485 0.357413 0.469288 1 0.479716 0.481296 0.478583 0.350793 0.350793 0.355287 0.361999 0.355287 0.354846 0.336561 0.348776 0.343008 0.379462 0.333204 0.329336 0.326335 0.329392 0.32349 0.318981 0.314568 0.316948 0.3171 0.351211 0.328429 0.33553 0.328837 0.329755 0.327117 0.357413 0.335891 0.340209 0.329408 0.351392 0.343434 0.350788
0.417819 0.363692 0.485201 0.504251 1 0.532234 0.526116 0.369517 0.369517 0.36658 0.378754 0.36658 0.355855 0.351291 0.367165 0.362331 0.39021 0.32724 0.332862 0.337947 0.340631 0.331965 0.32455 0.326521 0.331061 0.321861 0.355378 0.332899 0.336022 0.337627 0.332694 0.334637 0.363692 0.339796 0.34936 0.347485 0.36416 0.355471 0.358573
0.389477 0.3502 0.450332 0.46748 0.488725 1 0.468542 0.350328 0.350328 0.346752 0.355264 0.346752 0.348117 0.334832 0.347189 0.34008 0.367783 0.329365 0.319699 0.323508 0.324578 0.324795 0.317245 0.313321 0.318583 0.322579 0.34669 0.323827 0.325585 0.327556 0.322363 0.327285 0.3502 0.334574 0.332005 0.330005 0.351567 0.34129 0.343063
0.392333 0.358017 0.461273 0.481562 0.499403 0.489684 1 0.355976 0.355976 0.361486 0.367751 0.361486 0.35513 0.342094 0.354572 0.350221 0.373316 0.329712 0.326744 0.322897 0.32741 0.32301 0.321057 0.320148 0.320448 0.31848 0.349933 0.320588 0.332779 0.324772 0.320522 0.323777 0.358017 0.332249 0.340589 0.337395 0.353139 0.344033 0.344862
0.267701 0.370618 0.172106 0.157804 0.148327 0.165362 0.156564 1 1 0.487618 0.403425 0.487618 0.315584 0.343543 0.315854 0.315698 0.307816 0.326736 0.353463 0.347115 0.342246 0.335339 0.326814 0.328971 0.329562 0.321548 0.326218 0.335868 0.325278 0.326792 0.32456 0.337854 0.370618 0.327955 0.371479 0.369523 0.378827 0.374295 0.369889
0.267701 0.370618 0.172106 0.157804 0.148327 0.165362 0.156564 1 1 0.487618 0.403425 0.487618 0.315584 0.343543 0.315854 0.315698 0.307816 0.326736 0.353463 0.347115 0.342246 0.335339 0.326814 0.328971 0.329562 0.321548 0.326218 0.335868 0.325278 0.326792 0.32456 0.337854 0.370618 0.327955 0.371479 0.369523 0.378827 0.374295 0.369889
0.260922 0.368559 0.165528 0.149162 0.145756 0.154128 0.155958 0.483979 0.483979 1 0.584758 1 0.306631 0.329369 0.318877 0.306263 0.308508 0.318623 0.34533 0.34527 0.337897 0.330451 0.317831 0.331551 0.325203 0.318363 0.324351 0.339841 0.324877 0.324063 0.33883 0.337009 0.368559 0.328673 0.367885 0.363971 0.372078 0.371341 0.368224
0.253899 0.377994 0.162833 0.147055 0.152086 0.157981 0.159216 0.397777 0.397777 0.574588 1 0.574588 0.317181 0.330786 0.3151 0.320059 0.313471 0.328151 0.350539 0.348394 0.328812 0.325569 0.317308 0.326574 0.32331 0.313195 0.321524 0.344416 0.325331 0.323833 0.337896 0.338477 0.377994 0.323889 0.379408 0.369646 0.380497 0.3878 0.380126
0.260922 0.368559 0.165528 0.149162 0.145756 0.154128 0.155958 0.483979 0.483979 1 0.584758 1 0.306631 0.329369 0.318877 0.306263 0.308508 0.318623 0.34533 0.34527 0.337897 0.330451 0.317831 0.331551 0.325203 0.318363 0.324351 0.339841 0.324877 0.324063 0.33883 0.337009 0.368559 0.328673 0.367885 0.363971 0.372078 0.371341 0.368224
0.248207 0.350407 0.156201 0.145948 0.131231 0.145422 0.141293 0.284337 0.284337 0.285421 0.302658 0.285421 1 0.41994 0.464527 0.399277 0.448377 0.302952 0.32043 0.320218 0.307443 0.314957 0.338047 0.342783 0.349718 0.334661 0.318468 0.340936 0.334505 0.334293 0.33452 0.338332 0.350407 0.357259 0.33663 0.33732 0.331641 0.33964 0.344142
0.233319 0.344267 0.140713 0.132161 0.124635 0.135766 0.129145 0.303385 0.303385 0.301793 0.310514 0.301793 0.409651 1 0.379923 0.40451 0.413355 0.303481 0.318457 0.321951 0.308539 0.316466 0.315308 0.325745 0.323011 0.310784 0.297569 0.321288 0.320086 0.312031 0.313154 0.309485 0.344267 0.321089 0.329975 0.340622 0.34353 0.340412 0.343203
0.232067 0.350357 0.150645 0.143298 0.132914 0.150852 0.139161 0.28802 0.28802 0.294608 0.303793 0.294608 0.461547 0.383412 1 0.440098 0.463815 0.30867 0.324536 0.316453 0.304072 0.311386 0.334193 0.340645 0.34776 0.330923 0.328147 0.337065 0.329917 0.327418 0.332196 0.332184 0.350357 0.339738 0.338151 0.338532 0.339062 0.349551 0.335414
0.236011 0.346486 0.142758 0.130976 0.131974 0.140505 0.134142 0.282828 0.282828 0.284477 0.304629 0.284477 0.393152 0.406167 0.42736 1 0.402903 0.29035 0.31613 0.306104 0.29381 0.301787 0.325271 0.333407 0.335996 0.319018 0.318836 0.324668 0.322655 0.31904 0.319624 0.324996 0.346486 0.333689 0.322581 0.324316 0.332467 0.333932 0.32881
0.270025 0.366813 0.176512 0.176038 0.161472 0.179829 0.162919 0.306162 0.306162 0.311279 0.329959 0.311279 0.4753 0.452895 0.490209 0.445701 1 0.319141 0.330927 0.333564 0.324112 0.322317 0.345542 0.353512 0.359493 0.345528 0.329874 0.34336 0.346685 0.33536 0.343892 0.345708 0.366813 0.3646 0.353395 0.353402 0.353347 0.3605 0.358439
0.211689 0.33563 0.112472 0.104513 0.0917475 0.103246 0.100507 0.255389 0.255389 0.251216 0.263454 0.251216 0.249105 0.263614 0.247021 0.248133 0.242335 1 0.34756 0.336114 0.324875 0.325885 0.308554 0.304138 0.309567 0.309484 0.292431 0.309304 0.307744 0.304347 0.312087 0.304188 0.33563 0.309997 0.332083 0.334911 0.330633 0.33227 0.326727
0.21669 0.356563 0.111959 0.102348 0.0971497 0.109161 0.0967861 0.269925 0.269925 0.263438 0.27833 0.263438 0.263044 0.274371 0.263779 0.26713 0.2467 0.34583 1 0.370413 0.332793 0.338147 0.324095 0.31848 0.322069 0.317193 0.304244 0.330992 0.335771 0.322708 0.327269 0.333878 0.356563 0.326591 0.340642 0.345099 0.345637 0.349371 0.350466
0.212577 0.376461 0.105917 0.102654 0.100079 0.103586 0.0941041 0.266067 0.266067 0.266922 0.275442 0.266922 0.260781 0.272419 0.258457 0.255593 0.246388 0.334575 0.366737 1 0.364186 0.324734 0.328105 0.343543 0.331857 0.328607 0.318867 0.35045 0.338642 0.335714 0.34449 0.346104 0.376461 0.357153 0.347677 0.350466 0.346726 0.355461 0.360452
0.204565 0.340747 0.113321 0.0932992 0.0953895 0.100738 0.0992401 0.258554 0.258554 0.259411 0.259243 0.259411 0.253064 0.267549 0.252533 0.24901 0.242378 0.320366 0.329403 0.364189 1 0.331754 0.315086 0.305895 0.307355 0.299232 0.296325 0.326554 0.317698 0.303861 0.313164 0.313885 0.340747 0.316756 0.324814 0.331693 0.330747 0.3347 0.336265
0.2072 0.326226 0.105693 0.0951118 0.0872866 0.103801 0.0952415 0.252843 0.252843 0.252988 0.25735 0.252988 0.25262 0.265452 0.24876 0.248652 0.237905 0.317523 0.335877 0.324389 0.324887 1 0.292247 0.296506 0.297288 0.301895 0.289863 0.305557 0.304493 0.29819 0.300475 0.311605 0.326226 0.294099 0.312942 0.319584 0.314742 0.318369 0.319818
0.223232 0.396273 0.112426 0.0977588 0.100812 0.105063 0.0995108 0.259979 0.259979 0.25326 0.26651 0.25326 0.298358 0.27953 0.295292 0.291668 0.279654 0.332499 0.344088 0.348714 0.330403 0.32129 1 0.466682 0.489863 0.483092 0.41127 0.405296 0.390878 0.381805 0.396659 0.395762 0.396273 0.423023 0.3897 0.389982 0.383442 0.399405 0.396774
0.22199 0.414623 0.109846 0.101849 0.104443 0.109053 0.0989388 0.27205 0.27205 0.271607 0.281759 0.271607 0.3158 0.29597 0.311088 0.307792 0.291886 0.336142 0.347734 0.374157 0.337232 0.333689 0.479973 1 0.506277 0.532811 0.425967 0.405278 0.400829 0.398782 0.399888 0.400461 0.414623 0.462966 0.405443 0.398258 0.394688 0.41655 0.409817
0.215513 0.418128 0.118335 0.104608 0.104108 0.112591 0.0989671 0.265188 0.265188 0.261671 0.271185 0.261671 0.308612 0.287837 0.307931 0.300078 0.290009 0.338997 0.345861 0.355596 0.32767 0.324174 0.49263 0.498392 1 0.517764 0.424293 0.409187 0.395994 0.38825 0.390723 0.403111 0.418128 0.436751 0.396497 0.394518 0.392822 0.415928 0.404974
0.225611 0.408109 0.114862 0.106106 0.101198 0.115898 0.0984514 0.271685 0.271685 0.267487 0.27696 0.267487 0.310501 0.291205 0.30644 0.300889 0.293687 0.346892 0.354857 0.362342 0.329913 0.338044 0.506048 0.538463 0.536087 1 0.442534 0.414968 0.40736 0.401753 0.403166 0.405243 0.408109 0.46265 0.398351 0.400965 0.395615 0.412564 0.413752
0.247973 0.39881 0.136858 0.135066 0.12345 0.141544 0.125586 0.285626 0.285626 0.287491 0.291633 0.287491 0.305373 0.286303 0.314347 0.309216 0.295535 0.331229 0.342205 0.355126 0.334278 0.334207 0.435 0.430799 0.444135 0.438772 1 0.387446 0.373537 0.364555 0.376475 0.382286 0.39881 0.40775 0.38378 0.386537 0.375559 0.396846 0.386323
0.215683 0.393657 0.106551 0.0989714 0.100575 0.108825 0.0909046 0.265997 0.265997 0.267824 0.277924 0.267824 0.28387 0.281014 0.279259 0.278698 0.264203 0.313098 0.34174 0.362162 0.339096 0.320141 0.390144 0.378274 0.390431 0.382224 0.346501 1 0.506719 0.527443 0.588031 0.528145 0.393657 0.389558 0.378531 0.377614 0.374988 0.380564 0.379474
0.221441 0.388029 0.105967 0.102511 0.100179 0.107817 0.0995243 0.256333 0.256333 0.253553 0.262198 0.253553 0.280769 0.276476 0.271915 0.275511 0.266998 0.309357 0.33978 0.343251 0.317634 0.316537 0.380184 0.370973 0.379426 0.374405 0.33503 0.507358 1 0.523407 0.484099 0.477687 0.388029 0.382168 0.367047 0.364317 0.367274 0.372412 0.367899
0.211478 0.386231 0.107044 0.104377 0.0996775 0.105784 0.0968982 0.24896 0.24896 0.255896 0.266886 0.255896 0.277114 0.274111 0.271072 0.266347 0.261607 0.309678 0.329528 0.348407 0.309713 0.314119 0.369022 0.368656 0.368267 0.368032 0.332692 0.526163 0.520897 1 0.507778 0.472333 0.386231 0.388328 0.365185 0.361949 0.359348 0.366611 0.370694
0.210543 0.388099 0.105158 0.102133 0.0956228 0.100639 0.0875274 0.2505 0.2505 0.266308 0.271191 0.266308 0.282591 0.274149 0.27378 0.274021 0.264833 0.317887 0.338397 0.352317 0.322171 0.314625 0.386913 0.369085 0.3708 0.367836 0.334153 0.588877 0.48763 0.511357 1 0.509713 0.388099 0.388679 0.366841 0.366236 0.364804 0.370074 0.372837
0.214168 0.386576 0.108613 0.103218 0.095842 0.102459 0.0968023 0.266212 0.266212 0.2652 0.271614 0.2652 0.28627 0.269326 0.277196 0.273513 0.26702 0.305186 0.341547 0.357263 0.317191 0.326737 0.377903 0.366274 0.384305 0.36798 0.343114 0.526483 0.476171 0.475733 0.509952 1 0.386576 0.382112 0.362083 0.371086 0.362364 0.367001 0.36822
0.263617 1 0.153656 0.13627 0.130593 0.143624 0.129577 0.33827 0.33827 0.334278 0.354073 0.334278 0.340804 0.348374 0.338083 0.341704 0.325286 0.392303 0.421594 0.443361 0.400057 0.390239 0.441349 0.448974 0.452796 0.433484 0.413473 0.455336 0.450712 0.442288 0.448642 0.444764 1 0.469083 0.4837 0.474562 0.473381 0.482334 0.471611
0.247544 0.455939 0.12313 0.116678 0.11544 0.128898 0.112821 0.282995 0.282995 0.284764 0.294763 0.284764 0.339364 0.311857 0.323137 0.324688 0.31852 0.352126 0.370294 0.403765 0.359223 0.345574 0.453695 0.47988 0.460216 0.471763 0.412187 0.438444 0.432774 0.436661 0.433584 0.426908 0.455939 1 0.419757 0.436759 0.422194 0.433244 0.437486
0.256998 0.463036 0.143311 0.128233 0.11944 0.130244 0.121474 0.321202 0.321202 0.322939 0.344633 0.322939 0.319093 0.323829 0.315027 0.309317 0.31068 0.372371 0.379593 0.391209 0.365266 0.356553 0.413375 0.419643 0.412719 0.405628 0.379644 0.416669 0.407785 0.395318 0.401341 0.399207 0.463036 0.41678 1 0.483383 0.503743 0.526109 0.50698
0.251052 0.463937 0.130572 0.122635 0.124435 0.130379 0.11571 0.320528 0.320528 0.320337 0.33524 0.320337 0.320812 0.338051 0.321823 0.313568 0.3133 0.375752 0.395394 0.399313 0.378237 0.370062 0.420376 0.413229 0.421782 0.412001 0.392692 0.420307 0.408474 0.403097 0.404906 0.41295 0.463937 0.442337 0.492143 1 0.527969 0.519416 0.518744
0.272271 0.479702 0.146082 0.138138 0.136677 0.155012 0.13167 0.350985 0.350985 0.344335 0.367386 0.344335 0.329362 0.351353 0.330477 0.335149 0.327793 0.392065 0.410734 0.418776 0.388635 0.382395 0.430382 0.428509 0.432937 0.420191 0.397825 0.439661 0.425865 0.416986 0.426681 0.423877 0.479702 0.442888 0.531862 0.550029 1 0.589424 0.54308
0.263438 0.484708 0.140746 0.13353 0.129637 0.138286 0.123338 0.339488 0.339488 0.336587 0.35767 0.336587 0.335874 0.353513 0.34342 0.334647 0.330575 0.393251 0.411464 0.421624 0.395409 0.386875 0.44387 0.447295 0.454369 0.438808 0.416292 0.440244 0.433972 0.425465 0.431128 0.427773 0.484708 0.448271 0.547898 0.536422 0.58441 1 0.553656
0.263988 0.472668 0.145445 0.136567 0.139926 0.144084 0.123609 0.337211 0.337211 0.338468 0.36208 0.338468 0.332569 0.349413 0.323943 0.329843 0.322782 0.384901 0.410872 0.426187 0.392385 0.383158 0.441439 0.444298 0.445649 0.438776 0.401089 0.442934 0.429028 0.425499 0.431271 0.42866 0.472668 0.4616 0.527616 0.527383 0.538838 0.55536 1
