model           cs_top1  cs_top2  cs_top3  cs_top4  cs_top5  cs_top6  cs_top7  cs_top8  cs_top9  cs_top10  cs_top15  cs_top20  cs_top25  cs_top30  cs_top35  cs_top40  cs_top45  cs_top50
C1904d2TS210_4  [0.381]  [0.580]  [0.612]  [0.626]  [0.567]  [0.528]  0.500    0.475    0.463    0.450     0.421     0.401     0.388     0.382     0.378     0.378     0.374     0.368
C1904d2TS438_4  [0.381]  0.432    0.413    0.408    0.435    0.469    0.473    0.465    0.493    0.491     0.514     0.514     0.511     0.504     0.495     0.494     0.487     0.479
C1904d2TS405_5  0        [0.580]  [0.612]  [0.626]  [0.567]  [0.528]  0.500    0.475    0.463    0.450     0.421     0.401     0.388     0.382     0.378     0.378     0.374     0.368
C1904d2TS131_1  0        0.417    0.394    0.387    0.488    0.482    0.507    0.493    [0.496]  0.506     0.531     [0.524]   0.503     0.496     0.486     0.483     0.475     0.466
C1904d2TS123_2  0        0        0.344    0.343    0.347    0.352    0.354    0.352    0.355    0.356     0.360     0.360     0.372     0.369     0.367     0.368     0.366     0.362
C1904d2TS123_3  0        0        0        0.349    0.355    0.418    0.410    0.400    0.399    0.396     0.390     0.385     0.378     0.376     0.372     0.372     0.378     0.381
C1904d2TS131_2  0        0        0        0        0.490    0.483    [0.508]  [0.495]  [0.496]  [0.508]   [0.535]   [0.524]   0.503     0.495     0.485     0.482     0.474     0.466
C1904d2TS131_5  0        0        0        0        0.479    0.473    0.495    0.481    0.484    0.507     0.524     0.512     0.493     0.486     0.476     0.473     0.466     0.458
C1904d2TS438_5  0        0        0        0        0        0.468    0.472    0.465    0.492    0.491     0.519     0.518     [0.512]   [0.505]   [0.497]   0.496     0.489     0.481
C1904d2TS123_4  0        0        0        0        0        0.418    0.410    0.400    0.399    0.396     0.390     0.385     0.378     0.376     0.372     0.372     0.378     0.381
C1904d2TS131_4  0        0        0        0        0        0        0.500    0.487    0.490    0.500     0.528     0.517     0.498     0.490     0.481     0.478     0.471     0.461
C1904d2TS210_5  0        0        0        0        0        0        0.396    0.431    0.434    0.431     0.436     0.436     0.432     0.430     0.427     0.428     0.425     0.418
C1904d2TS215_5  0        0        0        0        0        0        0        0.328    0.332    0.332     0.337     0.336     0.334     0.333     0.342     0.341     0.339     0.336
C1904d2TS438_1  0        0        0        0        0        0        0        0        0.494    0.493     0.514     0.520     [0.512]   [0.505]   [0.497]   [0.497]   [0.491]   [0.482]
C1904d2TS258_4  0        0        0        0        0        0        0        0        0.441    0.441     0.481     0.480     0.472     0.468     0.460     0.460     0.455     0.448
C1904d2TS123_1  0        0        0        0        0        0        0        0        0        0.374     0.382     0.398     0.392     0.393     0.391     0.391     0.388     0.385
C1904d2TS067_1  0        0        0        0        0        0        0        0        0        0         0         0         0         0         0         0         0.365     0.396
C1904d2TS067_3  0        0        0        0        0        0        0        0        0        0         0         0         0         0         0         0         0         0.396
C1904d2TS067_5  0        0        0        0        0        0        0        0        0        0         0         0         0         0         0         0         0         0.396
C1904d2TS123_5  0        0        0        0        0        0        0        0        0        0         0         0         0         0.350     0.349     0.349     0.347     0.345
C1904d2TS131_3  0        0        0        0        0        0        0        0        0        0         0.473     0.469     0.458     0.461     0.455     0.455     0.448     0.440
C1904d2TS210_1  0        0        0        0        0        0        0        0        0        0         0.464     0.459     0.452     0.471     0.479     0.486     0.480     0.469
C1904d2TS210_2  0        0        0        0        0        0        0        0        0        0         0         0         0         0         0.482     0.495     0.489     0.478
C1904d2TS210_3  0        0        0        0        0        0        0        0        0        0         0         0         0         0         0.466     0.487     0.481     0.470
C1904d2TS215_1  0        0        0        0        0        0        0        0        0        0         0         0         0         0         0         0         0         0.316
C1904d2TS215_2  0        0        0        0        0        0        0        0        0        0         0         0         0.339     0.340     0.340     0.341     0.349     0.347
C1904d2TS215_3  0        0        0        0        0        0        0        0        0        0         0         0         0         0         0.325     0.325     0.325     0.331
C1904d2TS215_4  0        0        0        0        0        0        0        0        0        0         0         0         0         0.342     0.351     0.351     0.350     0.348
C1904d2TS228_1  0        0        0        0        0        0        0        0        0        0         0         0         0.417     0.423     0.423     0.426     0.425     0.417
C1904d2TS228_2  0        0        0        0        0        0        0        0        0        0         0         0.396     0.414     0.418     0.419     0.424     0.425     0.416
C1904d2TS228_3  0        0        0        0        0        0        0        0        0        0         0         0         0         0         0.417     0.421     0.423     0.414
C1904d2TS228_4  0        0        0        0        0        0        0        0        0        0         0         0.390     0.412     0.415     0.414     0.416     0.414     0.407
C1904d2TS228_5  0        0        0        0        0        0        0        0        0        0         0         0.411     0.424     0.422     0.420     0.422     0.419     0.412
C1904d2TS240_1  0        0        0        0        0        0        0        0        0        0         0         0.422     0.432     0.431     0.430     0.437     0.433     0.426
C1904d2TS240_2  0        0        0        0        0        0        0        0        0        0         0         0         0.420     0.420     0.418     0.431     0.427     0.420
C1904d2TS240_3  0        0        0        0        0        0        0        0        0        0         0.413     0.416     0.416     0.424     0.423     0.431     0.425     0.418
C1904d2TS240_4  0        0        0        0        0        0        0        0        0        0         0         0         0         0         0.430     0.445     0.440     0.433
C1904d2TS240_5  0        0        0        0        0        0        0        0        0        0         0         0         0         0         0         0.436     0.431     0.424
C1904d2TS258_1  0        0        0        0        0        0        0        0        0        0         0.469     0.477     0.474     0.478     0.471     0.472     0.469     0.462
C1904d2TS258_2  0        0        0        0        0        0        0        0        0        0         0.453     0.468     0.459     0.456     0.450     0.449     0.445     0.439
C1904d2TS258_3  0        0        0        0        0        0        0        0        0        0         0         0.454     0.459     0.455     0.449     0.448     0.445     0.438
C1904d2TS258_5  0        0        0        0        0        0        0        0        0        0         0         0.465     0.461     0.460     0.454     0.459     0.458     0.452
C1904d2TS273_1  0        0        0        0        0        0        0        0        0        0         0         0         0.413     0.415     0.414     0.416     0.428     0.426
C1904d2TS273_2  0        0        0        0        0        0        0        0        0        0         0         0         0         0.415     0.414     0.415     0.425     0.421
C1904d2TS273_3  0        0        0        0        0        0        0        0        0        0         0         0         0         0         0         0         0.422     0.425
C1904d2TS273_4  0        0        0        0        0        0        0        0        0        0         0         0         0         0         0.409     0.411     0.425     0.425
C1904d2TS273_5  0        0        0        0        0        0        0        0        0        0         0         0         0         0         0         0         0.411     0.414
C1904d2TS405_1  0        0        0        0        0        0        0        0        0        0         0.464     0.459     0.452     0.471     0.479     0.486     0.480     0.469
C1904d2TS405_2  0        0        0        0        0        0        0        0        0        0         0         0         0         0         0.482     0.495     0.489     0.478
C1904d2TS405_3  0        0        0        0        0        0        0        0        0        0         0         0         0         0         0         0.487     0.481     0.470
C1904d2TS405_4  0        0        0        0        0        0        0        0        0        0         0         0         0         0.474     0.482     0.491     0.489     0.479
