model           cs_top1  cs_top2  cs_top3  cs_top4  cs_top5  cs_top6  cs_top7  cs_top8  cs_top9  cs_top10  cs_top15  cs_top20  cs_top25  cs_top30  cs_top35  cs_top40  cs_top45  cs_top50
C1906d2TS044_1  [0.41]   [0.637]  [0.564]  0.547    0.538    0.530    0.526    0.509    0.493    0.493     0.503     0.513     0.513     0.512     0.513     0.508     0.497     0.493
C1906d2TS131_1  [0.41]   0.406    0.466    0.441    0.426    0.418    0.414    0.402    0.413    0.409     0.421     0.412     0.412     0.409     0.408     0.414     0.411     0.419
C1906d2TS301_1  0.00     [0.637]  [0.564]  0.547    0.538    0.530    0.526    0.509    0.493    0.493     0.503     0.513     0.513     0.512     0.513     0.508     0.497     0.493
C1906d2TS273_2  0.00     0.466    0.519    [0.555]  0.568    0.607    0.647    0.632    0.599    0.601     0.578     0.549     0.539     0.530     0.525     0.518     0.505     0.500
C1906d2TS273_1  0.00     0        0.513    0.540    [0.578]  [0.611]  0.639    0.625    0.593    0.595     0.563     0.538     0.528     0.521     0.517     0.510     0.497     0.493
C1906d2TS131_4  0.00     0        0.467    0.441    0.426    0.420    0.415    0.403    0.417    0.413     0.424     0.415     0.415     0.412     0.411     0.418     0.418     0.423
C1906d2TS273_4  0.00     0        0        0.554    0.566    0.604    0.646    0.631    0.598    0.599     0.576     0.548     0.539     0.531     0.527     0.519     0.506     0.501
C1906d2TS215_5  0.00     0        0        0.430    0.492    0.480    0.472    0.457    0.441    0.442     0.435     0.435     0.435     0.435     0.437     0.434     0.426     0.423
C1906d2TS270_1  0.00     0        0        0        0        0.608    0.636    0.621    0.589    0.590     0.559     0.534     0.525     0.518     0.514     0.507     0.495     0.491
C1906d2TS273_3  0.00     0        0        0        0        0        [0.658]  [0.641]  [0.606]  [0.607]   [0.579]   [0.551]   [0.541]   0.532     0.527     0.519     0.506     0.501
C1906d2TS273_5  0.00     0        0        0        0        0        0        0.615    0.584    0.598     0.565     0.540     0.530     0.523     0.519     0.512     0.499     0.494
C1906d2TS345_1  0.00     0        0        0        0        0        0        0.279    0.283    0.282     0.285     0.288     0.288     0.289     0.290     0.290     0.297     0.298
C1906d2TS131_2  0.00     0        0        0        0        0        0        0        0.414    0.411     0.422     0.412     0.411     0.407     0.406     0.417     0.413     0.417
C1906d2TS345_5  0.00     0        0        0        0        0        0        0        0.310    0.310     0.312     0.332     0.332     0.333     0.332     0.331     0.330     0.330
C1906d2TS215_4  0.00     0        0        0        0        0        0        0        0        0.416     0.436     0.433     0.428     0.428     0.429     0.426     0.419     0.417
C1906d2TS010_2  0.00     0        0        0        0        0        0        0        0        0         0         0         0         0         0         0         0.358     0.358
C1906d2TS010_4  0.00     0        0        0        0        0        0        0        0        0         0         0         0         0         0         0         0.301     0.301
C1906d2TS010_5  0.00     0        0        0        0        0        0        0        0        0         0         0.349     0.368     0.367     0.368     0.369     0.369     0.368
C1906d2TS131_3  0.00     0        0        0        0        0        0        0        0        0         0.421     0.410     0.409     0.405     0.403     0.414     0.410     0.416
C1906d2TS131_5  0.00     0        0        0        0        0        0        0        0        0         0.418     0.410     0.409     0.406     0.406     0.412     0.409     0.417
C1906d2TS210_1  0.00     0        0        0        0        0        0        0        0        0         0         0         0.515     0.529     0.542     [0.545]   [0.530]   [0.522]
C1906d2TS210_2  0.00     0        0        0        0        0        0        0        0        0         0.450     0.476     0.494     0.508     0.523     0.522     0.508     0.502
C1906d2TS210_3  0.00     0        0        0        0        0        0        0        0        0         0         0.490     0.510     0.520     0.534     0.540     0.525     0.518
C1906d2TS210_4  0.00     0        0        0        0        0        0        0        0        0         0         0         0.506     0.526     0.536     0.535     0.521     0.514
C1906d2TS210_5  0.00     0        0        0        0        0        0        0        0        0         0         0         0         0         0.539     0.539     0.524     0.517
C1906d2TS215_1  0.00     0        0        0        0        0        0        0        0        0         0         0.409     0.411     0.413     0.417     0.423     0.415     0.412
C1906d2TS215_2  0.00     0        0        0        0        0        0        0        0        0         0         0         0         0.393     0.402     0.399     0.392     0.389
C1906d2TS215_3  0.00     0        0        0        0        0        0        0        0        0         0.424     0.436     0.432     0.431     0.432     0.429     0.421     0.419
C1906d2TS228_1  0.00     0        0        0        0        0        0        0        0        0         0         0         0         0         0         0         0         0.482
C1906d2TS228_2  0.00     0        0        0        0        0        0        0        0        0         0         0         0         0         0         0         0         0.482
C1906d2TS228_3  0.00     0        0        0        0        0        0        0        0        0         0         0         0         0         0         0         0.464     0.482
C1906d2TS228_4  0.00     0        0        0        0        0        0        0        0        0         0         0         0         0         0         0         0         0.480
C1906d2TS228_5  0.00     0        0        0        0        0        0        0        0        0         0         0         0         0         0         0.459     0.454     0.457
C1906d2TS240_1  0.00     0        0        0        0        0        0        0        0        0         0         0         0         0         0         0.420     0.418     0.422
C1906d2TS240_2  0.00     0        0        0        0        0        0        0        0        0         0         0         0         0         0         0         0.428     0.432
C1906d2TS240_3  0.00     0        0        0        0        0        0        0        0        0         0         0         0         0         0         0.442     0.439     0.442
C1906d2TS240_4  0.00     0        0        0        0        0        0        0        0        0         0         0         0         0         0         0         0         0.442
C1906d2TS240_5  0.00     0        0        0        0        0        0        0        0        0         0         0         0         0         0         0         0         0.427
C1906d2TS258_1  0.00     0        0        0        0        0        0        0        0        0         0.499     0.513     0.522     0.525     0.528     0.525     0.514     0.510
C1906d2TS258_2  0.00     0        0        0        0        0        0        0        0        0         0         0         0         0.457     0.462     0.466     0.459     0.457
C1906d2TS258_3  0.00     0        0        0        0        0        0        0        0        0         0         0         0         0         0         0         0.489     0.485
C1906d2TS258_4  0.00     0        0        0        0        0        0        0        0        0         0         0         0         0         0.468     0.467     0.459     0.457
C1906d2TS258_5  0.00     0        0        0        0        0        0        0        0        0         0         0         0.461     0.463     0.466     0.464     0.457     0.455
C1906d2TS345_2  0.00     0        0        0        0        0        0        0        0        0         0         0         0         0.314     0.314     0.314     0.315     0.323
C1906d2TS345_3  0.00     0        0        0        0        0        0        0        0        0         0         0         0         0         0         0         0.330     0.329
C1906d2TS345_4  0.00     0        0        0        0        0        0        0        0        0         0.276     0.279     0.281     0.283     0.284     0.285     0.286     0.288
C1906d2TS405_1  0.00     0        0        0        0        0        0        0        0        0         0         0         0.515     0.529     0.542     [0.545]   [0.530]   [0.522]
C1906d2TS405_2  0.00     0        0        0        0        0        0        0        0        0         0         0.476     0.494     0.508     0.523     0.522     0.508     0.502
C1906d2TS405_3  0.00     0        0        0        0        0        0        0        0        0         0         0.490     0.510     0.520     0.534     0.540     0.525     0.518
C1906d2TS405_4  0.00     0        0        0        0        0        0        0        0        0         0         0         0.506     0.526     0.536     0.535     0.521     0.514
C1906d2TS405_5  0.00     0        0        0        0        0        0        0        0        0         0         0         0         0         0.539     0.539     0.524     0.517
C1906d2TS438_1  0.00     0        0        0        0        0        0        0        0        0         0         0         0         0.529     0.539     0.533     0.523     0.517
C1906d2TS438_2  0.00     0        0        0        0        0        0        0        0        0         0         0         0.518     [0.535]   [0.543]   0.536     0.526     0.519
C1906d2TS438_3  0.00     0        0        0        0        0        0        0        0        0         0         0         0.514     0.529     0.539     0.532     0.522     0.516
C1906d2TS438_4  0.00     0        0        0        0        0        0        0        0        0         0         0         0.513     0.531     0.538     0.532     0.522     0.515
C1906d2TS438_5  0.00     0        0        0        0        0        0        0        0        0         0         0.488     0.517     0.531     0.540     0.534     0.526     0.520
