model           cs_top1  cs_top2  cs_top3  cs_top4  cs_top5  cs_top6  cs_top7  cs_top8  cs_top9  cs_top10  cs_top15  cs_top20  cs_top25  cs_top30  cs_top35  cs_top40  cs_top45  cs_top50
C1901d2TS210_5  [0.413]  [0.525]  0.541    0.570    0.570    0.571    0.583    0.576    0.561    0.556     0.554     0.556     0.559     0.559     0.559     0.554     0.555     0.557
C1901d2TS215_2  [0.413]  0.400    0.400    0.406    0.404    0.407    0.411    0.452    0.440    0.436     0.427     0.422     0.416     0.414     0.415     0.413     0.413     0.414
C1901d2TS131_3  0        0.517    [0.580]  [0.585]  [0.596]  [0.606]  0.645    [0.654]  [0.631]  [0.617]   [0.592]   0.590     0.578     0.571     0.567     0.560     0.557     0.556
C1901d2TS267_1  0        0.450    0.490    0.485    0.500    0.490    0.488    0.478    0.466    0.460     0.450     0.464     0.457     0.454     0.451     0.446     0.445     0.445
C1901d2TS131_2  0        0        0.579    0.583    0.593    0.604    [0.653]  [0.654]  0.630    [0.617]   [0.592]   0.589     0.575     0.568     0.565     0.558     0.555     0.554
C1901d2TS123_4  0        0        0.478    0.465    0.524    0.504    0.497    0.486    0.470    0.462     0.442     0.441     0.436     0.433     0.430     0.427     0.426     0.426
C1901d2TS210_3  0        0        0        0.566    0.563    0.564    0.576    0.570    0.558    0.553     0.554     0.556     0.550     0.556     0.554     0.550     0.549     0.551
C1901d2TS240_2  0        0        0        0.504    0.497    0.501    0.508    0.506    0.498    0.505     0.529     0.526     0.519     0.518     0.520     0.518     0.518     0.518
C1901d2TS131_1  0        0        0        0        0.584    0.597    0.631    0.629    0.607    0.596     0.576     0.582     0.570     0.564     0.560     0.553     0.550     0.550
C1901d2TS123_5  0        0        0        0        0.524    0.504    0.497    0.486    0.470    0.462     0.442     0.441     0.436     0.433     0.430     0.427     0.426     0.426
C1901d2TS131_4  0        0        0        0        0        0.603    0.640    0.637    0.616    0.605     [0.592]   [0.592]   [0.579]   [0.573]   [0.569]   0.562     0.559     0.559
C1901d2TS010_1  0        0        0        0        0        0.457    0.463    0.462    0.457    0.455     0.460     0.459     0.458     0.459     0.460     0.466     0.466     0.467
C1901d2TS131_5  0        0        0        0        0        0        0.646    0.644    0.621    0.609     0.588     0.591     0.578     0.572     0.568     0.560     0.558     0.557
C1901d2TS010_5  0        0        0        0        0        0        0        0        0.452    0.449     0.450     0.447     0.453     0.451     0.450     0.448     0.448     0.449
C1901d2TS215_4  0        0        0        0        0        0        0        0        0.382    0.382     0.395     0.393     0.390     0.390     0.392     0.398     0.400     0.400
C1901d2TS240_1  0        0        0        0        0        0        0        0        0        0.512     0.533     0.530     0.525     0.524     0.525     0.523     0.523     0.524
C1901d2TS215_1  0        0        0        0        0        0        0        0        0        0.412     0.409     0.408     0.407     0.407     0.407     0.405     0.405     0.406
C1901d2TS210_4  0        0        0        0        0        0        0        0        0        0         0.519     0.534     0.531     0.533     0.535     0.532     0.535     0.537
C1901d2TS347_1  0        0        0        0        0        0        0        0        0        0         0.513     0.515     0.512     0.520     0.519     0.515     0.515     0.517
C1901d2TS210_2  0        0        0        0        0        0        0        0        0        0         0.513     0.528     0.521     0.523     0.523     0.520     0.522     0.524
C1901d2TS010_3  0        0        0        0        0        0        0        0        0        0         0.462     0.462     0.460     0.469     0.467     0.464     0.463     0.464
C1901d2TS273_2  0        0        0        0        0        0        0        0        0        0         0.453     0.458     0.463     0.463     0.473     0.471     0.470     0.472
C1901d2TS010_4  0        0        0        0        0        0        0        0        0        0         0.406     0.408     0.410     0.410     0.412     0.411     0.419     0.419
C1901d2TS215_5  0        0        0        0        0        0        0        0        0        0         0.396     0.394     0.391     0.391     0.392     0.395     0.401     0.401
C1901d2TS240_4  0        0        0        0        0        0        0        0        0        0         0         0.534     0.535     0.535     0.541     0.539     0.539     0.540
C1901d2TS273_3  0        0        0        0        0        0        0        0        0        0         0         0.483     0.523     0.518     0.523     0.518     0.516     0.515
C1901d2TS267_3  0        0        0        0        0        0        0        0        0        0         0         0.475     0.474     0.475     0.483     0.481     0.480     0.481
C1901d2TS103_2  0        0        0        0        0        0        0        0        0        0         0         0.446     0.443     0.444     0.443     0.440     0.441     0.448
C1901d2TS123_2  0        0        0        0        0        0        0        0        0        0         0         0.418     0.424     0.430     0.429     0.433     0.432     0.431
C1901d2TS273_4  0        0        0        0        0        0        0        0        0        0         0         0         0.523     0.518     0.523     0.518     0.516     0.515
C1901d2TS273_5  0        0        0        0        0        0        0        0        0        0         0         0         0.523     0.518     0.523     0.518     0.516     0.515
C1901d2TS103_3  0        0        0        0        0        0        0        0        0        0         0         0         0.445     0.445     0.446     0.444     0.445     0.447
C1901d2TS123_1  0        0        0        0        0        0        0        0        0        0         0         0         0.426     0.444     0.440     0.436     0.434     0.433
C1901d2TS267_4  0        0        0        0        0        0        0        0        0        0         0         0         0.418     0.422     0.423     0.422     0.422     0.423
C1901d2TS438_4  0        0        0        0        0        0        0        0        0        0         0         0         0         0.564     0.566     0.564     0.567     0.574
C1901d2TS240_5  0        0        0        0        0        0        0        0        0        0         0         0         0         0.527     0.537     0.535     0.536     0.537
C1901d2TS228_5  0        0        0        0        0        0        0        0        0        0         0         0         0         0.505     0.511     0.514     0.522     0.525
C1901d2TS405_1  0        0        0        0        0        0        0        0        0        0         0         0         0         0.487     0.497     0.499     0.506     0.516
C1901d2TS267_5  0        0        0        0        0        0        0        0        0        0         0         0         0         0.435     0.433     0.430     0.428     0.428
C1901d2TS267_2  0        0        0        0        0        0        0        0        0        0         0         0         0         0.431     0.428     0.426     0.424     0.424
C1901d2TS240_3  0        0        0        0        0        0        0        0        0        0         0         0         0         0         0.540     0.537     0.537     0.538
C1901d2TS347_3  0        0        0        0        0        0        0        0        0        0         0         0         0         0         0.501     0.499     0.500     0.506
C1901d2TS210_1  0        0        0        0        0        0        0        0        0        0         0         0         0         0         0.497     0.499     0.506     0.516
C1901d2TS228_2  0        0        0        0        0        0        0        0        0        0         0         0         0         0         0.474     0.495     0.500     0.502
C1901d2TS228_1  0        0        0        0        0        0        0        0        0        0         0         0         0         0         0.472     0.492     0.498     0.501
C1901d2TS438_5  0        0        0        0        0        0        0        0        0        0         0         0         0         0         0         [0.571]   0.573     0.578
C1901d2TS258_3  0        0        0        0        0        0        0        0        0        0         0         0         0         0         0         0.508     0.510     0.512
C1901d2TS405_4  0        0        0        0        0        0        0        0        0        0         0         0         0         0         0         0.499     0.507     0.518
C1901d2TS228_3  0        0        0        0        0        0        0        0        0        0         0         0         0         0         0         0.493     0.497     0.499
C1901d2TS228_4  0        0        0        0        0        0        0        0        0        0         0         0         0         0         0         0.490     0.495     0.499
C1901d2TS438_1  0        0        0        0        0        0        0        0        0        0         0         0         0         0         0         0         [0.574]   [0.579]
C1901d2TS438_2  0        0        0        0        0        0        0        0        0        0         0         0         0         0         0         0         0.571     0.576
C1901d2TS258_2  0        0        0        0        0        0        0        0        0        0         0         0         0         0         0         0         0.508     0.510
C1901d2TS405_2  0        0        0        0        0        0        0        0        0        0         0         0         0         0         0         0         0.506     0.518
C1901d2TS258_1  0        0        0        0        0        0        0        0        0        0         0         0         0         0         0         0         0.502     0.504
C1901d2TS405_3  0        0        0        0        0        0        0        0        0        0         0         0         0         0         0         0         0.499     0.509
C1901d2TS438_3  0        0        0        0        0        0        0        0        0        0         0         0         0         0         0         0         0         0.577
C1901d2TS405_5  0        0        0        0        0        0        0        0        0        0         0         0         0         0         0         0         0         0.513
C1901d2TS010_2  0        0        0        0        0        0        0        0        0        0         0         0         0         0         0         0         0         0.423
