model         cs_top1  cs_top2  cs_top3  cs_top4  cs_top5  cs_top6  cs_top7  cs_top8  cs_top9  cs_top10  cs_top15  cs_top20  cs_top25  cs_top30  cs_top35  cs_top40  cs_top45  cs_top50
C1904TS156_4  [0.571]  [0.455]  [0.512]  0.537    0.522    0.550    0.566    0.543    0.547    0.555     0.542     0.515     0.500     0.499     0.496     0.495     0.492     0.491
C1904TS401_1  [0.571]  0.406    0.415    0.420    0.412    0.426    0.436    0.420    0.417    0.422     0.407     0.392     0.382     0.384     0.382     0.384     0.383     0.382
C1904TS215_1  0        0.371    0.367    0.368    0.385    0.392    0.396    0.394    0.389    0.394     0.391     0.404     0.398     0.403     0.402     0.408     0.406     0.406
C1904TS210_5  0        0.317    0.337    0.436    0.415    0.407    0.400    0.403    0.393    0.387     0.369     0.371     0.391     0.385     0.379     0.375     0.373     0.373
C1904TS156_1  0        0        [0.512]  0.540    0.523    0.552    0.566    0.543    0.548    [0.564]   0.542     0.514     0.499     0.497     0.494     0.493     0.490     0.489
C1904TS405_3  0        0        0.334    0.343    0.340    0.344    0.346    0.345    0.341    0.340     0.358     0.352     0.349     0.347     0.346     0.345     0.344     0.345
C1904TS156_3  0        0        0        [0.543]  [0.527]  [0.555]  [0.570]  [0.547]  0.551    0.560     [0.545]   [0.518]   [0.503]   [0.501]   [0.498]   [0.497]   [0.494]   [0.493]
C1904TS405_1  0        0        0        0.436    0.415    0.407    0.400    0.403    0.393    0.387     0.369     0.371     0.391     0.385     0.379     0.375     0.373     0.373
C1904TS131_3  0        0        0        0        0.430    0.464    0.489    0.476    0.468    0.466     0.469     0.485     0.483     0.478     0.477     0.476     0.474     0.473
C1904TS215_2  0        0        0        0        0.383    0.389    0.393    0.394    0.388    0.395     0.410     0.404     0.399     0.405     0.405     0.410     0.409     0.409
C1904TS156_2  0        0        0        0        0        0.552    0.566    0.543    [0.556]  [0.564]   0.542     0.515     0.499     0.497     0.494     0.492     0.490     0.488
C1904TS131_1  0        0        0        0        0        0.465    0.489    0.475    0.467    0.466     0.468     0.476     0.482     0.477     0.476     0.475     0.473     0.473
C1904TS156_5  0        0        0        0        0        0        0.554    0.532    0.535    0.541     0.524     0.502     0.489     0.493     0.490     0.489     0.488     0.486
C1904TS131_5  0        0        0        0        0        0        0.486    0.472    0.465    0.463     0.466     0.482     0.480     0.476     0.475     0.475     0.473     0.473
C1904TS215_4  0        0        0        0        0        0        0        0.390    0.385    0.390     0.389     0.386     0.385     0.400     0.400     0.405     0.404     0.404
C1904TS405_2  0        0        0        0        0        0        0        0.371    0.364    0.361     0.351     0.358     0.361     0.361     0.358     0.356     0.362     0.362
C1904TS230_2  0        0        0        0        0        0        0        0        0.287    0.288     0.290     0.289     0.289     0.289     0.290     0.291     0.291     0.292
C1904TS215_3  0        0        0        0        0        0        0        0        0        0.382     0.381     0.380     0.390     0.395     0.395     0.400     0.399     0.398
C1904TS131_4  0        0        0        0        0        0        0        0        0        0         0.466     0.474     0.480     0.475     0.474     0.473     0.472     0.471
C1904TS131_2  0        0        0        0        0        0        0        0        0        0         0.466     0.481     0.479     0.475     0.474     0.474     0.473     0.472
C1904TS273_2  0        0        0        0        0        0        0        0        0        0         0.410     0.434     0.440     0.440     0.444     0.446     0.449     0.450
C1904TS215_5  0        0        0        0        0        0        0        0        0        0         0.397     0.408     0.404     0.410     0.409     0.416     0.415     0.414
C1904TS230_5  0        0        0        0        0        0        0        0        0        0         0.288     0.288     0.288     0.288     0.289     0.290     0.291     0.291
C1904TS230_3  0        0        0        0        0        0        0        0        0        0         0.288     0.288     0.289     0.289     0.290     0.291     0.291     0.292
C1904TS413_3  0        0        0        0        0        0        0        0        0        0         0         0.431     0.440     0.439     0.443     0.445     0.448     0.449
C1904TS405_4  0        0        0        0        0        0        0        0        0        0         0         0.363     0.366     0.373     0.369     0.367     0.367     0.367
C1904TS405_5  0        0        0        0        0        0        0        0        0        0         0         0.358     0.361     0.361     0.358     0.356     0.358     0.363
C1904TS230_1  0        0        0        0        0        0        0        0        0        0         0         0.287     0.287     0.287     0.288     0.289     0.289     0.290
C1904TS273_1  0        0        0        0        0        0        0        0        0        0         0         0         0.424     0.450     0.458     0.486     0.487     0.490
C1904TS152_3  0        0        0        0        0        0        0        0        0        0         0         0         0.422     0.428     0.439     0.443     0.457     0.461
C1904TS413_5  0        0        0        0        0        0        0        0        0        0         0         0         0.422     0.428     0.440     0.445     0.459     0.464
C1904TS230_4  0        0        0        0        0        0        0        0        0        0         0         0         0.290     0.290     0.291     0.292     0.293     0.293
C1904TS152_2  0        0        0        0        0        0        0        0        0        0         0         0         0         0.448     0.455     0.479     0.480     0.482
C1904TS213_5  0        0        0        0        0        0        0        0        0        0         0         0         0         0.447     0.455     0.481     0.485     0.487
C1904TS213_3  0        0        0        0        0        0        0        0        0        0         0         0         0         0.446     0.454     0.480     0.484     0.486
C1904TS213_2  0        0        0        0        0        0        0        0        0        0         0         0         0         0.445     0.453     0.482     0.484     0.486
C1904TS438_4  0        0        0        0        0        0        0        0        0        0         0         0         0         0.435     0.450     0.457     0.468     0.476
C1904TS152_1  0        0        0        0        0        0        0        0        0        0         0         0         0         0.425     0.441     0.444     0.453     0.454
C1904TS210_1  0        0        0        0        0        0        0        0        0        0         0         0         0         0.395     0.403     0.405     0.408     0.409
C1904TS213_4  0        0        0        0        0        0        0        0        0        0         0         0         0         0         0.454     0.481     0.483     0.487
C1904TS438_1  0        0        0        0        0        0        0        0        0        0         0         0         0         0         0.450     0.458     0.469     0.475
C1904TS228_1  0        0        0        0        0        0        0        0        0        0         0         0         0         0         0.448     0.475     0.476     0.478
C1904TS438_5  0        0        0        0        0        0        0        0        0        0         0         0         0         0         0.448     0.455     0.466     0.474
C1904TS413_1  0        0        0        0        0        0        0        0        0        0         0         0         0         0         0.443     0.446     0.453     0.455
C1904TS087_2  0        0        0        0        0        0        0        0        0        0         0         0         0         0         0.437     0.440     0.449     0.452
C1904TS210_2  0        0        0        0        0        0        0        0        0        0         0         0         0         0         0.410     0.414     0.416     0.417
C1904TS210_3  0        0        0        0        0        0        0        0        0        0         0         0         0         0         0.404     0.407     0.409     0.411
C1904TS210_4  0        0        0        0        0        0        0        0        0        0         0         0         0         0         0.403     0.406     0.408     0.410
C1904TS044_1  0        0        0        0        0        0        0        0        0        0         0         0         0         0         0         0.485     0.487     0.490
C1904TS213_1  0        0        0        0        0        0        0        0        0        0         0         0         0         0         0         0.483     0.484     0.486
C1904TS438_3  0        0        0        0        0        0        0        0        0        0         0         0         0         0         0         0.457     0.467     0.474
C1904TS414_2  0        0        0        0        0        0        0        0        0        0         0         0         0         0         0         0.455     0.457     0.459
C1904TS414_5  0        0        0        0        0        0        0        0        0        0         0         0         0         0         0         0.447     0.449     0.451
C1904TS413_4  0        0        0        0        0        0        0        0        0        0         0         0         0         0         0         0.446     0.456     0.460
C1904TS438_2  0        0        0        0        0        0        0        0        0        0         0         0         0         0         0         0         0.464     0.470
C1904TS087_1  0        0        0        0        0        0        0        0        0        0         0         0         0         0         0         0         0.423     0.430
C1904TS211_1  0        0        0        0        0        0        0        0        0        0         0         0         0         0         0         0         0         0.454
C1904TS413_2  0        0        0        0        0        0        0        0        0        0         0         0         0         0         0         0         0         0.453
C1904TS369_2  0        0        0        0        0        0        0        0        0        0         0         0         0         0         0         0         0         0.433
C1904TS414_1  0        0        0        0        0        0        0        0        0        0         0         0         0         0         0         0         0         0.432
