model           cs_top1  cs_top2  cs_top3  cs_top4  cs_top5  cs_top6  cs_top7  cs_top8  cs_top9  cs_top10  cs_top15  cs_top20  cs_top25  cs_top30  cs_top35  cs_top40  cs_top45  cs_top50
C1904d1TS210_1  [0.163]  [0.444]  [0.532]  [0.570]  [0.525]  [0.502]  [0.485]  [0.468]  0.459    0.451     0.427     0.417     0.416     0.409     0.404     0.399     0.393     0.393
C1904d1TS067_5  [0.163]  0.320    0.261    0.236    0.224    0.215    0.208    0.203    0.200    0.197     0.190     0.189     0.187     0.187     0.188     0.187     0.186     0.186
C1904d1TS405_1  0        [0.444]  [0.532]  [0.570]  [0.525]  [0.502]  [0.485]  [0.468]  0.459    0.451     0.427     0.417     0.416     0.409     0.404     0.399     0.393     0.393
C1904d1TS067_4  0        0.324    0.266    0.241    0.228    0.219    0.212    0.206    0.202    0.200     0.193     0.191     0.190     0.189     0.189     0.189     0.188     0.187
C1904d1TS273_2  0        0        0.273    0.385    0.380    0.374    0.371    0.367    0.366    0.365     0.405     0.400     0.391     0.386     0.389     0.388     0.385     0.382
C1904d1TS273_1  0        0        0        0.385    0.380    0.374    0.371    0.367    0.366    0.365     0.405     0.400     0.391     0.386     0.389     0.388     0.385     0.382
C1904d1TS228_2  0        0        0        0        0.332    0.347    0.357    0.360    0.367    0.396     0.409     0.409     0.413     0.422     0.423     0.433     0.433     0.436
C1904d1TS010_5  0        0        0        0        0.315    0.326    0.333    0.336    0.341    0.345     0.351     0.357     0.356     0.358     0.359     0.358     0.364     0.364
C1904d1TS258_3  0        0        0        0        0        0.358    0.370    0.376    0.382    0.387     0.395     0.414     0.422     0.425     0.434     0.431     0.426     0.427
C1904d1TS131_1  0        0        0        0        0        0.350    0.417    0.437    0.479    0.489     0.469     [0.483]   [0.471]   [0.463]   0.456     0.448     0.440     0.438
C1904d1TS131_2  0        0        0        0        0        0        0.420    0.441    [0.494]  [0.503]   [0.479]   [0.483]   0.470     0.462     0.455     0.446     0.439     0.437
C1904d1TS131_4  0        0        0        0        0        0        0.419    0.453    0.491    0.500     0.477     0.481     0.469     0.461     0.454     0.446     0.439     0.437
C1904d1TS073_3  0        0        0        0        0        0        0        0.316    0.320    0.323     0.328     0.337     0.342     0.345     0.347     0.347     0.347     0.347
C1904d1TS131_3  0        0        0        0        0        0        0        0        0.472    0.484     0.466     0.480     0.468     0.461     0.454     0.446     0.440     0.437
C1904d1TS131_5  0        0        0        0        0        0        0        0        0        0.480     0.472     0.478     0.466     0.459     0.453     0.446     0.439     0.436
C1904d1TS228_1  0        0        0        0        0        0        0        0        0        0.393     0.403     0.403     0.408     0.418     0.419     0.428     0.428     0.432
C1904d1TS010_1  0        0        0        0        0        0        0        0        0        0         0         0.367     0.368     0.371     0.371     0.369     0.368     0.375
C1904d1TS010_2  0        0        0        0        0        0        0        0        0        0         0.356     0.364     0.363     0.367     0.366     0.363     0.362     0.364
C1904d1TS010_3  0        0        0        0        0        0        0        0        0        0         0         0         0         0.377     0.376     0.374     0.372     0.379
C1904d1TS010_4  0        0        0        0        0        0        0        0        0        0         0.354     0.361     0.362     0.374     0.373     0.371     0.369     0.369
C1904d1TS073_1  0        0        0        0        0        0        0        0        0        0         0         0         0         0         0.325     0.325     0.325     0.325
C1904d1TS073_2  0        0        0        0        0        0        0        0        0        0         0         0         0         0         0         0.324     0.323     0.324
C1904d1TS073_4  0        0        0        0        0        0        0        0        0        0         0         0         0.327     0.330     0.332     0.333     0.339     0.338
C1904d1TS073_5  0        0        0        0        0        0        0        0        0        0         0         0         0         0.332     0.334     0.336     0.335     0.335
C1904d1TS123_1  0        0        0        0        0        0        0        0        0        0         0         0         0         0         0         0         0.352     0.352
C1904d1TS123_2  0        0        0        0        0        0        0        0        0        0         0         0         0         0         0         0         0.352     0.352
C1904d1TS123_3  0        0        0        0        0        0        0        0        0        0         0         0         0         0.365     0.366     0.366     0.365     0.364
C1904d1TS123_4  0        0        0        0        0        0        0        0        0        0         0.334     0.339     0.341     0.345     0.346     0.346     0.345     0.345
C1904d1TS210_2  0        0        0        0        0        0        0        0        0        0         0         0         0         0         0.445     0.445     0.442     0.448
C1904d1TS210_3  0        0        0        0        0        0        0        0        0        0         0         0         0         0         0.430     0.437     0.434     0.435
C1904d1TS210_4  0        0        0        0        0        0        0        0        0        0         0.408     0.410     0.443     0.436     0.433     0.428     0.423     0.428
C1904d1TS210_5  0        0        0        0        0        0        0        0        0        0         0         0         0         0         0         0         0         0.419
C1904d1TS215_1  0        0        0        0        0        0        0        0        0        0         0         0         0         0         0         0         0         0.380
C1904d1TS215_3  0        0        0        0        0        0        0        0        0        0         0         0         0.391     0.394     0.396     0.395     0.393     0.399
C1904d1TS228_3  0        0        0        0        0        0        0        0        0        0         0.411     0.412     0.417     0.425     0.427     0.435     0.437     0.439
C1904d1TS228_4  0        0        0        0        0        0        0        0        0        0         0         0         0         0.409     0.411     0.422     0.421     0.424
C1904d1TS228_5  0        0        0        0        0        0        0        0        0        0         0         0         0         0         0         0         0.439     0.440
C1904d1TS240_1  0        0        0        0        0        0        0        0        0        0         0         0.393     0.397     0.398     0.401     0.405     0.405     0.404
C1904d1TS240_3  0        0        0        0        0        0        0        0        0        0         0         0         0         0         0         0         0.393     0.393
C1904d1TS240_4  0        0        0        0        0        0        0        0        0        0         0         0         0         0         0         0.400     0.399     0.399
C1904d1TS240_5  0        0        0        0        0        0        0        0        0        0         0         0         0         0         0         0.393     0.399     0.398
C1904d1TS247_1  0        0        0        0        0        0        0        0        0        0         0         0         0.428     0.444     0.451     0.455     0.450     0.448
C1904d1TS247_2  0        0        0        0        0        0        0        0        0        0         0         0.411     0.425     0.438     0.449     0.450     0.445     0.444
C1904d1TS247_3  0        0        0        0        0        0        0        0        0        0         0         0         0         0.449     0.455     0.457     0.452     0.452
C1904d1TS247_4  0        0        0        0        0        0        0        0        0        0         0         0         0.429     0.440     0.451     0.452     0.447     0.447
C1904d1TS247_5  0        0        0        0        0        0        0        0        0        0         0         0         0         0.454     0.459     [0.460]   [0.455]   [0.455]
C1904d1TS258_2  0        0        0        0        0        0        0        0        0        0         0         0.422     0.438     0.437     0.439     0.435     0.430     0.431
C1904d1TS258_4  0        0        0        0        0        0        0        0        0        0         0         0         0         0         0.420     0.418     0.415     0.416
C1904d1TS258_5  0        0        0        0        0        0        0        0        0        0         0         0         0         0         0         0         0         0.400
C1904d1TS273_3  0        0        0        0        0        0        0        0        0        0         0         0.365     0.362     0.362     0.376     0.379     0.377     0.374
C1904d1TS273_4  0        0        0        0        0        0        0        0        0        0         0         0         0         0         0.376     0.382     0.381     0.379
C1904d1TS273_5  0        0        0        0        0        0        0        0        0        0         0         0         0         0         0         0         0.363     0.364
C1904d1TS405_2  0        0        0        0        0        0        0        0        0        0         0.408     0.410     0.443     0.436     0.433     0.428     0.423     0.428
C1904d1TS405_3  0        0        0        0        0        0        0        0        0        0         0         0         0         0         0         0         0         0.419
C1904d1TS405_4  0        0        0        0        0        0        0        0        0        0         0         0         0.419     0.420     0.421     0.421     0.417     0.420
C1904d1TS405_5  0        0        0        0        0        0        0        0        0        0         0         0         0.418     0.415     0.414     0.413     0.409     0.420
C1904d1TS432_1  0        0        0        0        0        0        0        0        0        0         0         0         0         0         0         0         0.364     0.363
C1904d1TS438_1  0        0        0        0        0        0        0        0        0        0         0         0.441     0.451     0.461     0.464     0.458     0.452     0.451
C1904d1TS438_2  0        0        0        0        0        0        0        0        0        0         0         0         0         0         0         0.352     0.351     0.351
C1904d1TS438_3  0        0        0        0        0        0        0        0        0        0         0         0.434     0.444     0.452     0.459     0.452     0.447     0.445
C1904d1TS438_4  0        0        0        0        0        0        0        0        0        0         0.400     0.443     0.451     0.458     0.461     0.456     0.450     0.450
C1904d1TS438_5  0        0        0        0        0        0        0        0        0        0         0         0         0.453     [0.463]   [0.467]   [0.460]   [0.455]   0.454
