model           cs_top1  cs_top2  cs_top3  cs_top4  cs_top5  cs_top6  cs_top7  cs_top8  cs_top9  cs_top10  cs_top15  cs_top20  cs_top25  cs_top30  cs_top35  cs_top40  cs_top45  cs_top50
C1905d2TS345_4  [0.326]  0.319    0.308    0.302    0.302    0.304    0.356    0.354    0.347    0.340     0.325     0.320     0.317     0.314     0.316     0.316     0.315     0.314
C1905d2TS345_3  [0.326]  0.310    0.302    0.298    0.300    0.298    0.299    0.302    0.301    0.300     0.298     0.318     0.314     0.310     0.309     0.307     0.306     0.304
C1905d2TS345_1  0        [0.321]  0.316    0.317    0.319    0.321    0.322    0.368    0.361    0.355     0.340     0.333     0.328     0.327     0.327     0.325     0.324     0.322
C1905d2TS131_5  0        0.297    0.357    0.353    0.343    0.338    0.335    0.334    0.390    0.402     0.411     0.392     0.392     0.382     0.379     0.375     0.371     0.367
C1905d2TS131_4  0        0        [0.358]  0.354    0.345    0.339    0.336    0.334    0.359    0.368     0.381     0.369     0.382     0.374     0.370     0.366     0.362     0.359
C1905d2TS210_1  0        0        0.316    [0.432]  0.416    [0.455]  [0.484]  [0.465]  [0.450]  [0.443]   [0.415]   0.398     0.389     0.383     0.377     0.372     0.367     0.364
C1905d2TS405_1  0        0        0        [0.432]  0.416    [0.455]  [0.484]  [0.465]  [0.450]  [0.443]   [0.415]   0.398     0.389     0.383     0.377     0.372     0.367     0.364
C1905d2TS405_2  0        0        0        0.352    [0.419]  0.407    0.401    0.394    0.387    0.391     0.390     0.387     0.382     0.397     0.392     0.389     0.384     0.381
C1905d2TS210_2  0        0        0        0        [0.419]  0.407    0.401    0.394    0.387    0.391     0.390     0.387     0.382     0.397     0.392     0.389     0.384     0.381
C1905d2TS345_5  0        0        0        0        0.304    0.301    0.301    0.303    0.301    0.300     0.297     0.316     0.310     0.308     0.308     0.306     0.305     0.304
C1905d2TS345_2  0        0        0        0        0        0.285    0.288    0.294    0.293    0.290     0.285     0.282     0.281     0.292     0.294     0.294     0.294     0.294
C1905d2TS258_2  0        0        0        0        0        0        0        0.347    0.346    0.347     0.353     0.355     0.357     0.358     0.360     0.361     0.368     0.369
C1905d2TS131_2  0        0        0        0        0        0        0        0        0.361    0.373     0.400     0.379     0.379     0.369     0.365     0.360     0.356     0.353
C1905d2TS131_1  0        0        0        0        0        0        0        0        0        0.386     0.413     0.393     0.393     0.383     0.379     0.374     0.369     0.366
C1905d2TS405_4  0        0        0        0        0        0        0        0        0        0.352     0.382     [0.404]   0.394     0.389     0.383     0.380     0.375     0.371
C1905d2TS131_3  0        0        0        0        0        0        0        0        0        0         0.400     0.385     0.396     0.386     0.381     0.377     0.372     0.369
C1905d2TS210_5  0        0        0        0        0        0        0        0        0        0         0.382     [0.404]   0.394     0.389     0.383     0.380     0.375     0.371
C1905d2TS210_4  0        0        0        0        0        0        0        0        0        0         0.376     0.371     0.367     0.366     0.363     0.375     0.371     0.367
C1905d2TS405_3  0        0        0        0        0        0        0        0        0        0         0.376     0.371     0.367     0.366     0.363     0.375     0.371     0.367
C1905d2TS273_5  0        0        0        0        0        0        0        0        0        0         0.354     0.392     0.414     [0.420]   [0.408]   [0.399]   0.392     0.386
C1905d2TS273_2  0        0        0        0        0        0        0        0        0        0         0.351     0.385     0.413     0.417     0.405     0.396     0.389     0.383
C1905d2TS258_4  0        0        0        0        0        0        0        0        0        0         0.347     0.348     0.364     0.363     0.361     0.360     0.360     0.360
C1905d2TS215_5  0        0        0        0        0        0        0        0        0        0         0.344     0.346     0.347     0.345     0.357     0.356     0.355     0.356
C1905d2TS273_3  0        0        0        0        0        0        0        0        0        0         0         0.392     [0.415]   0.418     0.407     0.397     0.390     0.384
C1905d2TS273_1  0        0        0        0        0        0        0        0        0        0         0         0.390     [0.415]   0.419     0.407     0.397     0.390     0.384
C1905d2TS210_3  0        0        0        0        0        0        0        0        0        0         0         0.354     0.358     0.360     0.366     0.376     0.376     0.376
C1905d2TS215_2  0        0        0        0        0        0        0        0        0        0         0         0.344     0.345     0.344     0.344     0.343     0.343     0.342
C1905d2TS215_4  0        0        0        0        0        0        0        0        0        0         0         0.315     0.315     0.314     0.314     0.323     0.323     0.324
C1905d2TS273_4  0        0        0        0        0        0        0        0        0        0         0         0         0.399     0.406     0.395     0.386     0.379     0.373
C1905d2TS405_5  0        0        0        0        0        0        0        0        0        0         0         0         0.363     0.363     0.362     0.363     0.361     0.359
C1905d2TS228_5  0        0        0        0        0        0        0        0        0        0         0         0         0.342     0.342     0.362     0.369     0.374     0.372
C1905d2TS258_5  0        0        0        0        0        0        0        0        0        0         0         0         0.340     0.340     0.341     0.350     0.350     0.351
C1905d2TS010_1  0        0        0        0        0        0        0        0        0        0         0         0         0.334     0.340     0.339     0.337     0.345     0.344
C1905d2TS258_3  0        0        0        0        0        0        0        0        0        0         0         0         0         0.357     0.359     0.359     0.367     0.367
C1905d2TS240_4  0        0        0        0        0        0        0        0        0        0         0         0         0         0.344     0.353     0.355     0.356     0.363
C1905d2TS010_5  0        0        0        0        0        0        0        0        0        0         0         0         0         0.332     0.331     0.331     0.332     0.331
C1905d2TS010_3  0        0        0        0        0        0        0        0        0        0         0         0         0         0.330     0.328     0.326     0.327     0.333
C1905d2TS010_2  0        0        0        0        0        0        0        0        0        0         0         0         0         0.325     0.323     0.322     0.325     0.325
C1905d2TS228_3  0        0        0        0        0        0        0        0        0        0         0         0         0         0         0.379     0.393     0.391     0.387
C1905d2TS228_2  0        0        0        0        0        0        0        0        0        0         0         0         0         0         0.376     0.395     [0.393]   [0.388]
C1905d2TS228_4  0        0        0        0        0        0        0        0        0        0         0         0         0         0         0.374     0.392     0.390     0.385
C1905d2TS240_3  0        0        0        0        0        0        0        0        0        0         0         0         0         0         0.368     0.369     0.371     0.377
C1905d2TS240_5  0        0        0        0        0        0        0        0        0        0         0         0         0         0         0.354     0.356     0.363     0.363
C1905d2TS240_1  0        0        0        0        0        0        0        0        0        0         0         0         0         0         0.354     0.362     0.363     0.363
C1905d2TS240_2  0        0        0        0        0        0        0        0        0        0         0         0         0         0         0.333     0.336     0.344     0.344
C1905d2TS228_1  0        0        0        0        0        0        0        0        0        0         0         0         0         0         0         0.393     0.391     0.386
C1905d2TS123_5  0        0        0        0        0        0        0        0        0        0         0         0         0         0         0         0.281     0.282     0.289
C1905d2TS258_1  0        0        0        0        0        0        0        0        0        0         0         0         0         0         0         0         0.366     0.372
C1905d2TS010_4  0        0        0        0        0        0        0        0        0        0         0         0         0         0         0         0         0.336     0.337
C1905d2TS123_2  0        0        0        0        0        0        0        0        0        0         0         0         0         0         0         0         0.300     0.300
C1905d2TS123_3  0        0        0        0        0        0        0        0        0        0         0         0         0         0         0         0         0.300     0.300
C1905d2TS438_2  0        0        0        0        0        0        0        0        0        0         0         0         0         0         0         0         0         0.365
C1905d2TS438_1  0        0        0        0        0        0        0        0        0        0         0         0         0         0         0         0         0         0.362
C1905d2TS438_5  0        0        0        0        0        0        0        0        0        0         0         0         0         0         0         0         0         0.361
C1905d2TS432_1  0        0        0        0        0        0        0        0        0        0         0         0         0         0         0         0         0         0.326
C1905d2TS123_4  0        0        0        0        0        0        0        0        0        0         0         0         0         0         0         0         0         0.284
