model           cs_top1  cs_top2  cs_top3  cs_top4  cs_top5  cs_top6  cs_top7  cs_top8  cs_top9  cs_top10  cs_top15  cs_top20  cs_top25  cs_top30  cs_top35  cs_top40  cs_top45  cs_top50
C1906d1TS131_2  [0.877]  [0.924]  [0.913]  [0.908]  [0.904]  [0.857]  [0.820]  [0.788]  [0.757]  [0.739]   [0.689]   [0.681]   [0.659]   [0.648]   0.638     0.625     0.618     0.614
C1906d1TS131_5  [0.877]  0.875    0.898    0.885    0.879    0.836    0.800    0.769    0.740    0.724     0.678     0.671     0.649     0.639     0.629     0.618     0.611     0.607
C1906d1TS131_3  0        0.888    0.883    0.876    0.886    0.844    0.809    0.779    0.750    0.733     0.686     0.680     0.658     [0.648]   0.638     0.625     0.618     0.615
C1906d1TS131_1  0        0        0.889    0.905    0.901    0.854    0.817    0.784    0.754    0.735     0.686     0.677     0.654     0.643     0.633     0.621     0.614     0.610
C1906d1TS131_4  0        0        0        0.866    0.878    0.837    0.803    0.772    0.744    0.728     0.684     0.677     0.656     0.646     0.637     0.625     0.618     0.614
C1906d1TS247_4  0        0        0        0        0        0.670    0.666    0.650    0.638    0.634     0.636     0.652     0.646     0.636     0.632     0.623     0.619     0.615
C1906d1TS228_4  0        0        0        0        0        0.626    0.622    0.611    0.614    0.609     0.614     0.630     0.621     0.612     0.603     0.596     0.593     0.589
C1906d1TS228_5  0        0        0        0        0        0        0.667    0.654    0.644    0.641     0.647     0.658     0.649     0.643     [0.640]   [0.632]   [0.629]   [0.627]
C1906d1TS026_2  0        0        0        0        0        0        0.549    0.543    0.539    0.537     0.530     0.535     0.532     0.531     0.530     0.528     0.529     0.529
C1906d1TS073_4  0        0        0        0        0        0        0        0.595    0.585    0.581     0.569     0.572     0.564     0.565     0.564     0.558     0.557     0.564
C1906d1TS270_1  0        0        0        0        0        0        0        0.530    0.521    0.548     0.529     0.530     0.524     0.524     0.523     0.517     0.515     0.514
C1906d1TS228_3  0        0        0        0        0        0        0        0        0.616    0.610     0.621     0.632     0.624     0.616     0.608     0.603     0.603     0.599
C1906d1TS273_1  0        0        0        0        0        0        0        0        0.437    0.437     0.452     0.451     0.456     0.460     0.458     0.465     0.468     0.466
C1906d1TS438_4  0        0        0        0        0        0        0        0        0        0.614     0.615     0.628     0.629     0.627     0.627     0.618     0.614     0.612
C1906d1TS247_5  0        0        0        0        0        0        0        0        0        0         0.649     0.665     0.654     0.645     [0.640]   0.631     0.626     0.623
C1906d1TS247_1  0        0        0        0        0        0        0        0        0        0         0.635     0.649     0.640     0.632     0.628     0.620     0.617     0.614
C1906d1TS228_2  0        0        0        0        0        0        0        0        0        0         0.625     0.636     0.628     0.619     0.610     0.605     0.603     0.599
C1906d1TS228_1  0        0        0        0        0        0        0        0        0        0         0.621     0.633     0.626     0.617     0.608     0.602     0.598     0.594
C1906d1TS438_3  0        0        0        0        0        0        0        0        0        0         0.617     0.629     0.626     0.623     0.626     0.617     0.614     0.612
C1906d1TS073_3  0        0        0        0        0        0        0        0        0        0         0.565     0.567     0.560     0.566     0.564     0.557     0.555     0.556
C1906d1TS345_4  0        0        0        0        0        0        0        0        0        0         0.481     0.483     0.477     0.475     0.471     0.468     0.466     0.466
C1906d1TS273_2  0        0        0        0        0        0        0        0        0        0         0.456     0.455     0.459     0.463     0.462     0.471     0.474     0.472
C1906d1TS010_4  0        0        0        0        0        0        0        0        0        0         0.449     0.450     0.452     0.452     0.457     0.464     0.465     0.466
C1906d1TS247_2  0        0        0        0        0        0        0        0        0        0         0         0.651     0.642     0.633     0.630     0.622     0.617     0.612
C1906d1TS258_5  0        0        0        0        0        0        0        0        0        0         0         0.633     0.623     0.625     0.618     0.609     0.605     0.603
C1906d1TS026_4  0        0        0        0        0        0        0        0        0        0         0         0.629     0.618     0.613     0.606     0.597     0.594     0.593
C1906d1TS438_2  0        0        0        0        0        0        0        0        0        0         0         0.628     0.629     0.625     0.623     0.614     0.611     0.608
C1906d1TS247_3  0        0        0        0        0        0        0        0        0        0         0         0.626     0.618     0.610     0.606     0.602     0.598     0.594
C1906d1TS258_1  0        0        0        0        0        0        0        0        0        0         0         0.623     0.614     0.618     0.610     0.600     0.596     0.594
C1906d1TS258_3  0        0        0        0        0        0        0        0        0        0         0         0         0.608     0.613     0.606     0.596     0.593     0.591
C1906d1TS210_2  0        0        0        0        0        0        0        0        0        0         0         0         0.593     0.600     0.609     0.607     0.614     0.622
C1906d1TS123_1  0        0        0        0        0        0        0        0        0        0         0         0         0.487     0.485     0.484     0.482     0.482     0.483
C1906d1TS010_1  0        0        0        0        0        0        0        0        0        0         0         0         0.483     0.482     0.485     0.487     0.489     0.488
C1906d1TS010_2  0        0        0        0        0        0        0        0        0        0         0         0         0.474     0.474     0.477     0.479     0.484     0.482
C1906d1TS273_3  0        0        0        0        0        0        0        0        0        0         0         0         0.452     0.456     0.456     0.465     0.469     0.468
C1906d1TS438_5  0        0        0        0        0        0        0        0        0        0         0         0         0         0.631     0.632     0.623     0.620     0.618
C1906d1TS258_4  0        0        0        0        0        0        0        0        0        0         0         0         0         0.629     0.621     0.612     0.609     0.607
C1906d1TS258_2  0        0        0        0        0        0        0        0        0        0         0         0         0         0.607     0.601     0.593     0.591     0.590
C1906d1TS405_2  0        0        0        0        0        0        0        0        0        0         0         0         0         0.600     0.609     0.607     0.614     0.622
C1906d1TS073_5  0        0        0        0        0        0        0        0        0        0         0         0         0         0.541     0.543     0.537     0.537     0.541
C1906d1TS347_1  0        0        0        0        0        0        0        0        0        0         0         0         0         0.464     0.472     0.471     0.475     0.475
C1906d1TS273_5  0        0        0        0        0        0        0        0        0        0         0         0         0         0.454     0.453     0.459     0.462     0.461
C1906d1TS210_5  0        0        0        0        0        0        0        0        0        0         0         0         0         0         0.605     0.605     0.611     0.620
C1906d1TS405_5  0        0        0        0        0        0        0        0        0        0         0         0         0         0         0.605     0.605     0.611     0.620
C1906d1TS073_2  0        0        0        0        0        0        0        0        0        0         0         0         0         0         0.525     0.521     0.522     0.527
C1906d1TS010_5  0        0        0        0        0        0        0        0        0        0         0         0         0         0         0.490     0.495     0.497     0.495
C1906d1TS347_2  0        0        0        0        0        0        0        0        0        0         0         0         0         0         0.480     0.479     0.485     0.484
C1906d1TS010_3  0        0        0        0        0        0        0        0        0        0         0         0         0         0         0.449     0.450     0.451     0.452
C1906d1TS210_3  0        0        0        0        0        0        0        0        0        0         0         0         0         0         0         0.595     0.608     0.618
C1906d1TS044_1  0        0        0        0        0        0        0        0        0        0         0         0         0         0         0         0.580     0.588     0.591
C1906d1TS215_5  0        0        0        0        0        0        0        0        0        0         0         0         0         0         0         0.457     0.456     0.461
C1906d1TS210_4  0        0        0        0        0        0        0        0        0        0         0         0         0         0         0         0         0.609     0.620
C1906d1TS405_3  0        0        0        0        0        0        0        0        0        0         0         0         0         0         0         0         0.608     0.618
C1906d1TS301_1  0        0        0        0        0        0        0        0        0        0         0         0         0         0         0         0         0.588     0.591
C1906d1TS273_4  0        0        0        0        0        0        0        0        0        0         0         0         0         0         0         0         0.466     0.464
C1906d1TS405_4  0        0        0        0        0        0        0        0        0        0         0         0         0         0         0         0         0         0.620
C1906d1TS210_1  0        0        0        0        0        0        0        0        0        0         0         0         0         0         0         0         0         0.614
C1906d1TS405_1  0        0        0        0        0        0        0        0        0        0         0         0         0         0         0         0         0         0.614
C1906d1TS073_1  0        0        0        0        0        0        0        0        0        0         0         0         0         0         0         0         0         0.544
C1906d1TS123_2  0        0        0        0        0        0        0        0        0        0         0         0         0         0         0         0         0         0.469
