model           cs_top1  cs_top2  cs_top3  cs_top4  cs_top5  cs_top6  cs_top7  cs_top8  cs_top9  cs_top10  cs_top15  cs_top20  cs_top25  cs_top30  cs_top35  cs_top40  cs_top45  cs_top50
C1901d1TS273_1  [1]      [0.884]  0.849    0.832    0.823    0.773    0.720    0.686    0.647    0.625     0.548     0.516     0.490     0.475     0.458     0.445     0.433     0.424
C1901d1TS273_3  0        [0.884]  [0.857]  [0.843]  0.836    0.785    0.731    0.697    0.657    0.634     0.556     0.524     0.497     0.482     0.464     0.452     0.440     0.431
C1901d1TS273_2  0        0        0.817    0.824    [0.845]  [0.793]  [0.738]  [0.703]  [0.662]  [0.639]   [0.561]   [0.528]   [0.501]   [0.486]   [0.469]   [0.457]   [0.444]   [0.435]
C1901d1TS273_4  0        0        0.811    0.840    0.839    0.789    0.734    0.700    0.660    0.637     0.559     0.526     0.500     0.485     0.468     0.456     [0.444]   [0.435]
C1901d1TS273_5  0        0        0        0.809    0.833    0.785    0.731    0.697    0.658    0.636     0.560     0.527     0.500     0.485     [0.469]   0.456     [0.444]   [0.435]
C1901d1TS215_3  0        0        0        0        0        0.552    0.567    0.548    0.524    0.510     0.464     0.445     0.429     0.420     0.409     0.400     0.392     0.386
C1901d1TS258_3  0        0        0        0        0        0.548    0.521    0.518    0.497    0.492     0.462     0.462     0.444     0.437     0.425     0.415     0.405     0.397
C1901d1TS215_1  0        0        0        0        0        0        0.300    0.299    0.299    0.298     0.295     0.296     0.293     0.291     0.289     0.287     0.293     0.291
C1901d1TS258_2  0        0        0        0        0        0        0        0.526    0.506    0.501     0.483     0.470     0.453     0.445     0.432     0.422     0.412     0.405
C1901d1TS215_2  0        0        0        0        0        0        0        0.375    0.367    0.361     0.345     0.357     0.346     0.340     0.334     0.329     0.324     0.320
C1901d1TS131_1  0        0        0        0        0        0        0        0        0.380    0.380     0.382     0.412     0.417     0.410     0.403     0.399     0.392     0.388
C1901d1TS215_4  0        0        0        0        0        0        0        0        0.310    0.310     0.316     0.313     0.309     0.306     0.303     0.300     0.309     0.307
C1901d1TS258_4  0        0        0        0        0        0        0        0        0        0.451     0.429     0.422     0.422     0.417     0.406     0.398     0.389     0.383
C1901d1TS228_1  0        0        0        0        0        0        0        0        0        0.366     0.453     0.444     0.428     0.417     0.410     0.400     0.390     0.383
C1901d1TS228_4  0        0        0        0        0        0        0        0        0        0         0.451     0.442     0.426     0.416     0.409     0.399     0.389     0.381
C1901d1TS228_2  0        0        0        0        0        0        0        0        0        0         0.449     0.445     0.429     0.420     0.413     0.403     0.393     0.386
C1901d1TS258_5  0        0        0        0        0        0        0        0        0        0         0.432     0.426     0.414     0.419     0.408     0.400     0.391     0.385
C1901d1TS228_3  0        0        0        0        0        0        0        0        0        0         0.427     0.423     0.413     0.408     0.408     0.400     0.391     0.384
C1901d1TS131_2  0        0        0        0        0        0        0        0        0        0         0.382     0.411     0.415     0.407     0.400     0.395     0.389     0.384
C1901d1TS405_5  0        0        0        0        0        0        0        0        0        0         0.340     0.342     0.344     0.346     0.345     0.342     0.340     0.346
C1901d1TS215_5  0        0        0        0        0        0        0        0        0        0         0.319     0.316     0.312     0.309     0.307     0.304     0.313     0.310
C1901d1TS258_1  0        0        0        0        0        0        0        0        0        0         0         0.436     0.425     0.429     0.417     0.408     0.399     0.392
C1901d1TS131_5  0        0        0        0        0        0        0        0        0        0         0         0.410     0.426     0.418     0.411     0.405     0.398     0.393
C1901d1TS131_4  0        0        0        0        0        0        0        0        0        0         0         0.402     0.416     0.409     0.402     0.396     0.390     0.385
C1901d1TS210_4  0        0        0        0        0        0        0        0        0        0         0         0.384     0.383     0.396     0.391     0.388     0.381     0.377
C1901d1TS210_2  0        0        0        0        0        0        0        0        0        0         0         0.379     0.378     0.381     0.386     0.382     0.375     0.371
C1901d1TS131_3  0        0        0        0        0        0        0        0        0        0         0         0         0.426     0.420     0.413     0.408     0.402     0.398
C1901d1TS228_5  0        0        0        0        0        0        0        0        0        0         0         0         0.398     0.405     0.400     0.395     0.387     0.382
C1901d1TS210_3  0        0        0        0        0        0        0        0        0        0         0         0         0.376     0.380     0.377     0.381     0.375     0.371
C1901d1TS405_4  0        0        0        0        0        0        0        0        0        0         0         0         0.352     0.353     0.353     0.351     0.349     0.355
C1901d1TS405_2  0        0        0        0        0        0        0        0        0        0         0         0         0.326     0.328     0.327     0.325     0.324     0.325
C1901d1TS123_1  0        0        0        0        0        0        0        0        0        0         0         0         0.235     0.235     0.233     0.232     0.230     0.229
C1901d1TS210_1  0        0        0        0        0        0        0        0        0        0         0         0         0         0.400     0.396     0.393     0.386     0.382
C1901d1TS240_1  0        0        0        0        0        0        0        0        0        0         0         0         0         0.350     0.354     0.362     0.362     0.358
C1901d1TS210_5  0        0        0        0        0        0        0        0        0        0         0         0         0         0.346     0.344     0.341     0.338     0.350
C1901d1TS405_1  0        0        0        0        0        0        0        0        0        0         0         0         0         0.346     0.344     0.341     0.338     0.350
C1901d1TS247_1  0        0        0        0        0        0        0        0        0        0         0         0         0         0.326     0.338     0.339     0.337     0.335
C1901d1TS240_4  0        0        0        0        0        0        0        0        0        0         0         0         0         0         0.360     0.361     0.360     0.357
C1901d1TS240_2  0        0        0        0        0        0        0        0        0        0         0         0         0         0         0.349     0.357     0.356     0.354
C1901d1TS405_3  0        0        0        0        0        0        0        0        0        0         0         0         0         0         0.343     0.341     0.345     0.345
C1901d1TS438_4  0        0        0        0        0        0        0        0        0        0         0         0         0         0         0.339     0.362     0.359     0.378
C1901d1TS247_3  0        0        0        0        0        0        0        0        0        0         0         0         0         0         0.335     0.346     0.344     0.343
C1901d1TS247_4  0        0        0        0        0        0        0        0        0        0         0         0         0         0         0.326     0.336     0.334     0.333
C1901d1TS438_1  0        0        0        0        0        0        0        0        0        0         0         0         0         0         0         0.368     0.370     0.377
C1901d1TS438_2  0        0        0        0        0        0        0        0        0        0         0         0         0         0         0         0.366     0.363     0.381
C1901d1TS438_3  0        0        0        0        0        0        0        0        0        0         0         0         0         0         0         0.365     0.362     0.380
C1901d1TS438_5  0        0        0        0        0        0        0        0        0        0         0         0         0         0         0         0.364     0.361     0.380
C1901d1TS247_2  0        0        0        0        0        0        0        0        0        0         0         0         0         0         0         0.330     0.336     0.334
C1901d1TS240_5  0        0        0        0        0        0        0        0        0        0         0         0         0         0         0         0         0.355     0.352
C1901d1TS240_3  0        0        0        0        0        0        0        0        0        0         0         0         0         0         0         0         0.347     0.344
C1901d1TS247_5  0        0        0        0        0        0        0        0        0        0         0         0         0         0         0         0         0.311     0.316
C1901d1TS347_3  0        0        0        0        0        0        0        0        0        0         0         0         0         0         0         0         0         0.260
