model           cs_top1  cs_top2  cs_top3  cs_top4  cs_top5  cs_top6  cs_top7  cs_top8  cs_top9  cs_top10  cs_top15  cs_top20  cs_top25  cs_top30  cs_top35  cs_top40  cs_top45  cs_top50
C1902d1TS258_4  [0.442]  0.471    0.501    0.494    0.486    0.481    0.480    0.475    0.504    0.509     0.492     0.480     0.484     0.482     0.477     0.473     0.465     0.458
C1902d1TS273_3  [0.442]  0.451    0.453    [0.530]  0.512    0.501    0.495    0.490    0.486    0.483     0.469     0.463     0.462     0.460     0.455     0.453     0.447     0.442
C1902d1TS273_1  0        [0.477]  0.481    0.476    0.473    0.471    0.469    0.467    0.470    0.472     0.480     0.468     0.470     0.467     0.461     0.456     0.449     0.442
C1902d1TS131_4  0        0.446    0.505    0.490    0.509    0.500    0.497    0.511    0.521    0.515     0.512     0.506     0.506     0.509     0.501     0.497     0.489     0.481
C1902d1TS131_2  0        0        [0.509]  0.496    [0.519]  [0.511]  [0.510]  0.528    0.540    0.533     0.527     0.525     0.523     0.521     0.512     0.507     0.499     0.490
C1902d1TS258_1  0        0        0.507    0.499    0.491    0.487    0.487    0.482    0.491    0.517     0.499     0.488     0.493     0.491     0.485     0.480     0.472     0.464
C1902d1TS258_3  0        0        0        0.471    0.465    0.461    0.461    0.459    0.463    0.465     0.478     0.470     0.473     0.470     0.467     0.462     0.456     0.449
C1902d1TS131_3  0        0        0        0        0.511    0.505    0.504    0.518    0.528    0.522     0.528     0.520     0.519     0.517     0.509     0.504     0.496     0.488
C1902d1TS210_4  0        0        0        0        0.456    0.466    0.467    0.466    0.466    0.469     0.464     0.463     0.476     0.477     0.473     0.471     0.466     0.459
C1902d1TS210_5  0        0        0        0        0        0.477    0.480    0.478    0.478    0.479     0.480     0.492     0.494     0.495     0.491     0.489     0.483     0.475
C1902d1TS301_1  0        0        0        0        0        0.458    0.506    0.502    0.498    0.496     0.486     0.484     0.486     0.503     0.497     0.494     0.487     0.480
C1902d1TS044_1  0        0        0        0        0        0        0.506    0.502    0.498    0.496     0.486     0.484     0.486     0.503     0.497     0.494     0.487     0.480
C1902d1TS438_5  0        0        0        0        0        0        0.506    0.506    0.508    0.511     0.516     0.519     [0.544]   0.543     0.537     [0.533]   [0.525]   [0.516]
C1902d1TS131_5  0        0        0        0        0        0        0        [0.536]  [0.558]  [0.551]   [0.541]   [0.533]   0.531     0.529     0.520     0.515     0.506     0.497
C1902d1TS273_2  0        0        0        0        0        0        0        0.455    0.455    0.456     0.448     0.460     0.460     0.460     0.455     0.453     0.448     0.442
C1902d1TS273_4  0        0        0        0        0        0        0        0        0        0.484     0.480     0.481     0.487     0.497     0.493     0.490     0.484     0.478
C1902d1TS123_1  0        0        0        0        0        0        0        0        0        0         0         0         0         0         0.382     0.385     0.392     0.389
C1902d1TS123_2  0        0        0        0        0        0        0        0        0        0         0         0         0         0         0         0.383     0.389     0.386
C1902d1TS123_3  0        0        0        0        0        0        0        0        0        0         0         0         0         0         0         0         0         0.381
C1902d1TS123_4  0        0        0        0        0        0        0        0        0        0         0         0         0         0         0         0         0.393     0.394
C1902d1TS123_5  0        0        0        0        0        0        0        0        0        0         0         0         0         0         0         0.422     0.420     0.423
C1902d1TS131_1  0        0        0        0        0        0        0        0        0        0         0.517     0.509     0.515     0.513     0.505     0.502     0.494     0.485
C1902d1TS210_1  0        0        0        0        0        0        0        0        0        0         0         0         0         0         0         0.507     0.504     0.506
C1902d1TS210_2  0        0        0        0        0        0        0        0        0        0         0         0.481     0.496     0.499     0.501     0.509     0.513     0.507
C1902d1TS210_3  0        0        0        0        0        0        0        0        0        0         0         0         0         0         0.484     0.501     0.497     0.491
C1902d1TS215_1  0        0        0        0        0        0        0        0        0        0         0         0         0         0         0         0         0         0.357
C1902d1TS215_2  0        0        0        0        0        0        0        0        0        0         0         0.383     0.385     0.385     0.383     0.383     0.387     0.385
C1902d1TS215_3  0        0        0        0        0        0        0        0        0        0         0.401     0.402     0.404     0.406     0.404     0.404     0.408     0.403
C1902d1TS215_5  0        0        0        0        0        0        0        0        0        0         0         0         0         0         0         0         0         0.378
C1902d1TS228_1  0        0        0        0        0        0        0        0        0        0         0         0.528     0.520     0.522     0.512     0.506     0.497     0.489
C1902d1TS228_2  0        0        0        0        0        0        0        0        0        0         0.507     0.530     0.522     0.523     0.513     0.507     0.498     0.490
C1902d1TS228_3  0        0        0        0        0        0        0        0        0        0         0.508     0.529     0.522     0.523     0.513     0.507     0.499     0.490
C1902d1TS228_4  0        0        0        0        0        0        0        0        0        0         0         0.512     0.506     0.511     0.503     0.497     0.489     0.481
C1902d1TS228_5  0        0        0        0        0        0        0        0        0        0         0         0         0.509     0.518     0.513     0.512     0.504     0.497
C1902d1TS240_1  0        0        0        0        0        0        0        0        0        0         0         0         0         0         0.492     0.493     0.490     0.482
C1902d1TS240_2  0        0        0        0        0        0        0        0        0        0         0         0         0         0         0         0.497     0.499     0.490
C1902d1TS240_3  0        0        0        0        0        0        0        0        0        0         0         0         0         0         0.488     0.494     0.492     0.484
C1902d1TS240_4  0        0        0        0        0        0        0        0        0        0         0         0         0         0         0.501     0.504     0.505     0.497
C1902d1TS240_5  0        0        0        0        0        0        0        0        0        0         0         0.486     0.490     0.501     0.505     0.506     0.503     0.495
C1902d1TS258_2  0        0        0        0        0        0        0        0        0        0         0         0         0.470     0.468     0.470     0.465     0.459     0.451
C1902d1TS258_5  0        0        0        0        0        0        0        0        0        0         0         0         0.470     0.476     0.471     0.465     0.458     0.450
C1902d1TS273_5  0        0        0        0        0        0        0        0        0        0         0         0         0         0         0         0         0         0.422
C1902d1TS347_1  0        0        0        0        0        0        0        0        0        0         0         0         0         0         0.383     0.385     0.390     0.387
C1902d1TS347_2  0        0        0        0        0        0        0        0        0        0         0         0         0         0         0         0         0         0.367
C1902d1TS347_3  0        0        0        0        0        0        0        0        0        0         0         0         0         0         0         0         0         0.368
C1902d1TS405_1  0        0        0        0        0        0        0        0        0        0         0         0         0         0         0         0.507     0.504     0.506
C1902d1TS405_2  0        0        0        0        0        0        0        0        0        0         0         0         0.496     0.499     0.501     0.509     0.513     0.507
C1902d1TS405_3  0        0        0        0        0        0        0        0        0        0         0         0         0         0         0.484     0.501     0.497     0.491
C1902d1TS405_4  0        0        0        0        0        0        0        0        0        0         0         0         0         0         0.484     0.496     0.493     0.488
C1902d1TS405_5  0        0        0        0        0        0        0        0        0        0         0         0         0         0.492     0.496     0.508     0.506     0.501
C1902d1TS438_1  0        0        0        0        0        0        0        0        0        0         0         0.512     0.537     0.536     0.529     0.525     0.517     0.508
C1902d1TS438_2  0        0        0        0        0        0        0        0        0        0         0         0         0         0         0         0         0         0.401
C1902d1TS438_3  0        0        0        0        0        0        0        0        0        0         0         0         0.525     0.531     0.524     0.521     0.514     0.506
C1902d1TS438_4  0        0        0        0        0        0        0        0        0        0         0.517     0.520     [0.544]   [0.544]   [0.538]   [0.533]   [0.525]   [0.516]
