model           cs_top1  cs_top2  cs_top3  cs_top4  cs_top5  cs_top6  cs_top7  cs_top8  cs_top9  cs_top10  cs_top15  cs_top20  cs_top25  cs_top30  cs_top35  cs_top40  cs_top45  cs_top50
C1903d1TS131_3  [0.362]  0.516    0.524    0.527    0.490    0.503    0.502    0.482    0.473    0.464     0.433     0.423     0.422     0.428     0.425     0.421     0.418     0.415
C1903d1TS210_1  [0.362]  0.369    0.494    0.453    0.427    0.416    0.406    0.397    0.396    0.392     0.381     0.376     0.399     0.389     0.385     0.386     0.385     0.382
C1903d1TS131_5  0        [0.519]  [0.526]  [0.528]  [0.493]  0.505    0.503    0.484    0.475    0.466     0.437     0.427     0.427     0.432     0.429     0.425     0.422     0.418
C1903d1TS258_4  0        0.400    0.399    0.396    0.401    0.457    0.447    0.441    0.444    0.441     0.432     0.432     0.429     0.422     0.420     0.421     0.423     0.422
C1903d1TS131_1  0        0        0.513    0.518    0.485    [0.526]  [0.522]  [0.502]  [0.491]  [0.480]   0.445     0.433     0.431     0.430     0.427     0.423     0.421     0.418
C1903d1TS405_1  0        0        0.494    0.453    0.427    0.416    0.406    0.397    0.396    0.392     0.381     0.376     0.399     0.389     0.385     0.386     0.385     0.382
C1903d1TS131_4  0        0        0        0.518    0.483    0.496    0.495    0.477    0.469    0.459     0.430     0.421     0.426     0.425     0.423     0.420     0.418     0.415
C1903d1TS273_1  0        0        0        0.349    0.343    0.346    0.344    0.346    0.350    0.352     0.377     0.375     0.370     0.366     0.366     0.369     0.371     0.371
C1903d1TS258_5  0        0        0        0        0.408    0.422    0.417    0.415    0.418    0.417     0.415     0.417     0.428     0.419     0.418     0.419     0.420     0.419
C1903d1TS103_1  0        0        0        0        0.297    0.298    0.296    0.295    0.298    0.298     0.298     0.299     0.299     0.297     0.298     0.301     0.303     0.303
C1903d1TS131_2  0        0        0        0        0        0        0.480    0.464    0.458    0.450     0.425     0.418     0.418     0.416     0.420     0.416     0.415     0.412
C1903d1TS273_2  0        0        0        0        0        0        0.333    0.334    0.339    0.339     0.361     0.371     0.384     0.403     0.394     0.388     0.385     0.381
C1903d1TS258_3  0        0        0        0        0        0        0        0.394    0.399    0.400     0.402     0.421     0.419     0.412     0.410     0.411     0.412     0.411
C1903d1TS215_2  0        0        0        0        0        0        0        0.327    0.330    0.332     0.334     0.337     0.336     0.345     0.344     0.346     0.346     0.345
C1903d1TS438_1  0        0        0        0        0        0        0        0        0.422    0.423     0.469     0.466     0.462     0.453     0.450     0.450     0.451     0.449
C1903d1TS247_2  0        0        0        0        0        0        0        0        0.389    0.389     0.391     0.398     0.398     0.394     0.405     0.405     0.409     0.411
C1903d1TS258_1  0        0        0        0        0        0        0        0        0        0.401     0.405     0.423     0.420     0.413     0.413     0.416     0.418     0.417
C1903d1TS215_4  0        0        0        0        0        0        0        0        0        0.359     0.363     0.367     0.367     0.375     0.374     0.376     0.376     0.375
C1903d1TS438_5  0        0        0        0        0        0        0        0        0        0         [0.472]   [0.470]   [0.467]   [0.457]   [0.453]   0.453     0.454     0.452
C1903d1TS210_4  0        0        0        0        0        0        0        0        0        0         0.413     0.420     0.430     0.424     0.426     0.428     0.432     0.432
C1903d1TS270_1  0        0        0        0        0        0        0        0        0        0         0.377     0.381     0.381     0.377     0.378     0.382     0.385     0.385
C1903d1TS273_3  0        0        0        0        0        0        0        0        0        0         0.362     0.372     0.386     0.404     0.395     0.390     0.386     0.382
C1903d1TS215_1  0        0        0        0        0        0        0        0        0        0         0.351     0.370     0.368     0.363     0.361     0.362     0.363     0.362
C1903d1TS347_1  0        0        0        0        0        0        0        0        0        0         0.349     0.352     0.352     0.350     0.354     0.356     0.362     0.361
C1903d1TS215_3  0        0        0        0        0        0        0        0        0        0         0.339     0.342     0.343     0.340     0.340     0.351     0.352     0.351
C1903d1TS258_2  0        0        0        0        0        0        0        0        0        0         0         0.427     0.436     0.428     0.425     0.426     0.427     0.426
C1903d1TS044_1  0        0        0        0        0        0        0        0        0        0         0         0.425     0.445     0.434     0.430     0.429     0.428     0.425
C1903d1TS301_1  0        0        0        0        0        0        0        0        0        0         0         0.425     0.445     0.434     0.430     0.429     0.428     0.425
C1903d1TS240_3  0        0        0        0        0        0        0        0        0        0         0         0.415     0.414     0.410     0.415     0.422     0.434     0.433
C1903d1TS247_1  0        0        0        0        0        0        0        0        0        0         0         0.403     0.402     0.397     0.403     0.405     0.412     0.422
C1903d1TS210_5  0        0        0        0        0        0        0        0        0        0         0         0.403     0.404     0.409     0.409     0.411     0.413     0.413
C1903d1TS273_4  0        0        0        0        0        0        0        0        0        0         0         0.372     0.389     0.404     0.395     0.389     0.386     0.382
C1903d1TS273_5  0        0        0        0        0        0        0        0        0        0         0         0         0.384     0.402     0.394     0.388     0.385     0.381
C1903d1TS123_1  0        0        0        0        0        0        0        0        0        0         0         0         0         0.369     0.367     0.368     0.370     0.369
C1903d1TS228_5  0        0        0        0        0        0        0        0        0        0         0         0         0         0         0.412     0.416     0.422     0.426
C1903d1TS247_4  0        0        0        0        0        0        0        0        0        0         0         0         0         0         0.411     0.412     0.426     0.428
C1903d1TS240_4  0        0        0        0        0        0        0        0        0        0         0         0         0         0         0.405     0.417     0.423     0.423
C1903d1TS228_1  0        0        0        0        0        0        0        0        0        0         0         0         0         0         0.388     0.396     0.407     0.423
C1903d1TS215_5  0        0        0        0        0        0        0        0        0        0         0         0         0         0         0.364     0.375     0.375     0.374
C1903d1TS347_2  0        0        0        0        0        0        0        0        0        0         0         0         0         0         0.358     0.360     0.368     0.367
C1903d1TS073_5  0        0        0        0        0        0        0        0        0        0         0         0         0         0         0.345     0.348     0.349     0.356
C1903d1TS210_3  0        0        0        0        0        0        0        0        0        0         0         0         0         0         0         [0.461]   [0.465]   [0.464]
C1903d1TS405_3  0        0        0        0        0        0        0        0        0        0         0         0         0         0         0         [0.461]   [0.465]   [0.464]
C1903d1TS240_2  0        0        0        0        0        0        0        0        0        0         0         0         0         0         0         0.425     0.433     0.433
C1903d1TS228_4  0        0        0        0        0        0        0        0        0        0         0         0         0         0         0         0.392     0.404     0.417
C1903d1TS073_4  0        0        0        0        0        0        0        0        0        0         0         0         0         0         0         0.332     0.333     0.334
C1903d1TS405_5  0        0        0        0        0        0        0        0        0        0         0         0         0         0         0         0         0.459     0.459
C1903d1TS240_1  0        0        0        0        0        0        0        0        0        0         0         0         0         0         0         0         0.433     0.431
C1903d1TS247_3  0        0        0        0        0        0        0        0        0        0         0         0         0         0         0         0         0.424     0.427
C1903d1TS228_3  0        0        0        0        0        0        0        0        0        0         0         0         0         0         0         0         0.411     0.425
C1903d1TS405_4  0        0        0        0        0        0        0        0        0        0         0         0         0         0         0         0         0         0.462
C1903d1TS228_2  0        0        0        0        0        0        0        0        0        0         0         0         0         0         0         0         0         0.425
C1903d1TS247_5  0        0        0        0        0        0        0        0        0        0         0         0         0         0         0         0         0         0.415
C1903d1TS123_5  0        0        0        0        0        0        0        0        0        0         0         0         0         0         0         0         0         0.370
