model           cs_top1  cs_top2  cs_top3  cs_top4  cs_top5  cs_top6  cs_top7  cs_top8  cs_top9  cs_top10  cs_top15  cs_top20  cs_top25  cs_top30  cs_top35  cs_top40  cs_top45  cs_top50
C1901d3TS273_1  [0.606]  [0.771]  [0.710]  0.726    0.683    0.639    0.640    0.632    0.620    0.601     0.541     0.493     0.472     0.452     0.438     0.429     0.420     0.412
C1901d3TS215_2  [0.606]  0.602    0.595    0.604    0.578    0.553    0.591    0.586    0.578    0.559     0.507     0.463     0.441     0.423     0.410     0.400     0.392     0.384
C1901d3TS273_5  0        0.669    0.685    0.710    0.683    0.645    0.653    0.652    0.641    0.619     0.568     0.515     0.491     0.468     0.452     0.442     0.432     0.423
C1901d3TS273_2  0        0        0.682    0.699    0.679    0.643    [0.667]  [0.667]  [0.655]  [0.633]   [0.570]   [0.517]   [0.493]   [0.470]   [0.454]   [0.444]   [0.434]   [0.425]
C1901d3TS215_3  0        0        0.585    0.582    0.564    0.580    0.583    0.581    0.573    0.554     0.503     0.462     0.443     0.426     0.413     0.404     0.396     0.389
C1901d3TS273_3  0        0        0        [0.749]  [0.708]  [0.662]  0.665    0.658    0.644    0.622     0.560     0.506     0.482     0.460     0.444     0.434     0.425     0.416
C1901d3TS273_4  0        0        0        0        0.663    0.629    0.640    0.657    0.645    0.623     0.561     0.509     0.487     0.465     0.449     0.439     0.430     0.421
C1901d3TS345_5  0        0        0        0        0.401    0.395    0.394    0.396    0.395    0.393     0.378     0.362     0.368     0.360     0.356     0.352     0.349     0.344
C1901d3TS345_1  0        0        0        0        0        0.326    0.325    0.326    0.327    0.328     0.320     0.314     0.312     0.309     0.309     0.308     0.315     0.313
C1901d3TS215_5  0        0        0        0        0        0        0        0.495    0.522    0.508     0.481     0.441     0.422     0.405     0.392     0.385     0.378     0.371
C1901d3TS258_1  0        0        0        0        0        0        0        0        0.520    0.513     0.473     0.440     0.436     0.420     0.410     0.404     0.397     0.391
C1901d3TS258_2  0        0        0        0        0        0        0        0        0        0.459     0.429     0.406     0.400     0.391     0.392     0.389     0.384     0.380
C1901d3TS345_2  0        0        0        0        0        0        0        0        0        0.365     0.378     0.362     0.356     0.350     0.345     0.342     0.339     0.336
C1901d3TS010_1  0        0        0        0        0        0        0        0        0        0         0         0.289     0.289     0.289     0.291     0.291     0.291     0.292
C1901d3TS010_2  0        0        0        0        0        0        0        0        0        0         0         0.299     0.299     0.301     0.302     0.302     0.301     0.300
C1901d3TS010_3  0        0        0        0        0        0        0        0        0        0         0         0         0         0.289     0.291     0.291     0.291     0.291
C1901d3TS010_4  0        0        0        0        0        0        0        0        0        0         0         0.286     0.286     0.287     0.289     0.291     0.291     0.292
C1901d3TS010_5  0        0        0        0        0        0        0        0        0        0         0         0         0         0         0.293     0.295     0.295     0.296
C1901d3TS103_2  0        0        0        0        0        0        0        0        0        0         0         0         0         0         0         0         0         0.278
C1901d3TS123_1  0        0        0        0        0        0        0        0        0        0         0         0         0         0         0         0         0.289     0.290
C1901d3TS131_1  0        0        0        0        0        0        0        0        0        0         0         0         0         0         0         0.367     0.365     0.363
C1901d3TS131_2  0        0        0        0        0        0        0        0        0        0         0         0         0.356     0.352     0.349     0.369     0.367     0.365
C1901d3TS131_3  0        0        0        0        0        0        0        0        0        0         0         0         0         0         0         0.361     0.364     0.361
C1901d3TS131_4  0        0        0        0        0        0        0        0        0        0         0.336     0.333     0.358     0.352     0.349     0.362     0.361     0.359
C1901d3TS131_5  0        0        0        0        0        0        0        0        0        0         0         0         0.359     0.355     0.351     0.361     0.359     0.363
C1901d3TS210_1  0        0        0        0        0        0        0        0        0        0         0         0         0         0.308     0.318     0.317     0.316     0.315
C1901d3TS210_2  0        0        0        0        0        0        0        0        0        0         0.328     0.320     0.317     0.315     0.314     0.313     0.310     0.309
C1901d3TS210_3  0        0        0        0        0        0        0        0        0        0         0         0.360     0.390     0.396     0.390     0.384     0.380     0.373
C1901d3TS210_4  0        0        0        0        0        0        0        0        0        0         0         0         0         0.408     0.401     0.394     0.389     0.382
C1901d3TS210_5  0        0        0        0        0        0        0        0        0        0         0         0.357     0.365     0.389     0.385     0.379     0.375     0.369
C1901d3TS215_1  0        0        0        0        0        0        0        0        0        0         0.459     0.440     0.424     0.409     0.398     0.392     0.386     0.380
C1901d3TS215_4  0        0        0        0        0        0        0        0        0        0         0.486     0.446     0.426     0.408     0.395     0.386     0.378     0.371
C1901d3TS228_1  0        0        0        0        0        0        0        0        0        0         0         0         0.363     0.384     0.397     0.394     0.390     0.384
C1901d3TS228_2  0        0        0        0        0        0        0        0        0        0         0         0         0         0         0.397     0.396     0.393     0.387
C1901d3TS228_3  0        0        0        0        0        0        0        0        0        0         0         0         0         0         0.387     0.391     0.387     0.382
C1901d3TS228_4  0        0        0        0        0        0        0        0        0        0         0         0.344     0.360     0.381     0.393     0.391     0.387     0.380
C1901d3TS228_5  0        0        0        0        0        0        0        0        0        0         0         0         0         0         0.359     0.359     0.364     0.359
C1901d3TS240_1  0        0        0        0        0        0        0        0        0        0         0         0         0         0         0         0         0         0.339
C1901d3TS240_2  0        0        0        0        0        0        0        0        0        0         0         0         0         0         0         0         0.328     0.337
C1901d3TS240_3  0        0        0        0        0        0        0        0        0        0         0         0         0         0         0         0         0         0.342
C1901d3TS258_5  0        0        0        0        0        0        0        0        0        0         0         0         0         0         0         0         0         0.329
C1901d3TS267_1  0        0        0        0        0        0        0        0        0        0         0         0         0         0         0         0         0         0.288
C1901d3TS267_2  0        0        0        0        0        0        0        0        0        0         0         0         0         0         0.294     0.292     0.293     0.302
C1901d3TS267_3  0        0        0        0        0        0        0        0        0        0         0         0         0         0         0         0         0.294     0.297
C1901d3TS267_4  0        0        0        0        0        0        0        0        0        0         0         0         0         0         0         0         0         0.298
C1901d3TS345_3  0        0        0        0        0        0        0        0        0        0         0.295     0.291     0.289     0.287     0.298     0.296     0.296     0.296
C1901d3TS345_4  0        0        0        0        0        0        0        0        0        0         0.342     0.331     0.328     0.335     0.330     0.328     0.326     0.323
C1901d3TS405_1  0        0        0        0        0        0        0        0        0        0         0         0.360     0.390     0.396     0.390     0.384     0.380     0.373
C1901d3TS405_2  0        0        0        0        0        0        0        0        0        0         0         0         0.376     0.408     0.401     0.394     0.389     0.382
C1901d3TS405_3  0        0        0        0        0        0        0        0        0        0         0         0.357     0.365     0.389     0.385     0.379     0.375     0.369
C1901d3TS405_4  0        0        0        0        0        0        0        0        0        0         0         0         0.354     0.365     0.369     0.364     0.361     0.356
C1901d3TS405_5  0        0        0        0        0        0        0        0        0        0         0         0.344     0.355     0.365     0.363     0.358     0.361     0.355
C1901d3TS438_1  0        0        0        0        0        0        0        0        0        0         0         0         0         0         0         0.364     0.378     0.376
C1901d3TS438_2  0        0        0        0        0        0        0        0        0        0         0         0         0         0         0         0.288     0.287     0.286
C1901d3TS438_3  0        0        0        0        0        0        0        0        0        0         0         0         0         0         0         0.364     0.379     0.377
C1901d3TS438_4  0        0        0        0        0        0        0        0        0        0         0         0         0         0         0         0         0.381     0.379
C1901d3TS438_5  0        0        0        0        0        0        0        0        0        0         0         0         0         0         0         0.361     0.374     0.374
