model           cs_top1  cs_top2  cs_top3  cs_top4  cs_top5  cs_top6  cs_top7  cs_top8  cs_top9  cs_top10  cs_top15  cs_top20  cs_top25  cs_top30  cs_top35  cs_top40  cs_top45  cs_top50
C1905d1TS405_2  [0.445]  [0.630]  [0.564]  [0.522]  [0.498]  [0.486]  [0.478]  [0.470]  [0.466]  [0.475]   [0.461]   0.448     0.440     0.435     0.433     0.438     0.443     0.439
C1905d1TS131_2  [0.445]  0.452    0.427    0.431    0.433    0.431    0.456    0.452    0.452    0.450     0.442     0.436     0.434     0.433     0.431     0.433     0.439     0.435
C1905d1TS210_2  0        [0.630]  [0.564]  [0.522]  [0.498]  [0.486]  [0.478]  [0.470]  [0.466]  [0.475]   [0.461]   0.448     0.440     0.435     0.433     0.438     0.443     0.439
C1905d1TS210_4  0        0.451    0.422    0.426    0.431    0.427    0.428    0.429    0.430    0.431     0.428     0.427     0.428     0.429     0.434     0.432     0.432     0.430
C1905d1TS405_5  0        0        0.480    0.450    0.434    0.426    0.422    0.419    0.417    0.418     0.444     0.424     0.419     0.412     0.411     0.411     0.408     0.403
C1905d1TS405_4  0        0        0.475    0.446    0.429    0.421    0.416    0.414    0.412    0.414     0.431     0.414     0.418     0.410     0.409     0.409     0.406     0.401
C1905d1TS228_5  0        0        0        0.423    0.437    0.432    0.436    0.444    0.454    0.452     0.449     [0.449]   [0.456]   [0.458]   [0.454]   [0.457]   [0.455]   [0.454]
C1905d1TS273_3  0        0        0        0.382    0.383    0.417    0.413    0.410    0.405    0.406     0.396     0.407     0.398     0.393     0.391     0.388     0.391     0.389
C1905d1TS247_2  0        0        0        0        0.418    0.413    0.417    0.427    0.435    0.433     0.424     0.422     0.425     0.434     0.430     0.431     0.430     0.429
C1905d1TS240_1  0        0        0        0        0.416    0.419    0.418    0.418    0.417    0.418     0.421     0.421     0.418     0.418     0.415     0.414     0.422     0.421
C1905d1TS273_5  0        0        0        0        0        0.435    0.432    0.428    0.424    0.424     0.415     0.418     0.410     0.406     0.404     0.402     0.409     0.407
C1905d1TS258_3  0        0        0        0        0        0.416    0.464    0.463    0.457    0.459     0.444     0.436     0.430     0.428     0.429     0.427     0.425     0.421
C1905d1TS131_1  0        0        0        0        0        0        0.458    0.454    0.453    0.451     0.443     0.437     0.435     0.435     0.432     0.437     0.440     0.437
C1905d1TS247_4  0        0        0        0        0        0        0        0.430    0.441    0.439     0.433     0.441     0.443     0.442     0.439     0.439     0.442     0.440
C1905d1TS258_5  0        0        0        0        0        0        0        0.429    0.428    0.433     0.427     0.422     0.418     0.417     0.426     0.423     0.421     0.418
C1905d1TS247_5  0        0        0        0        0        0        0        0        0.457    0.454     0.445     0.440     0.450     0.449     0.445     0.446     0.447     0.445
C1905d1TS010_2  0        0        0        0        0        0        0        0        0.421    0.421     0.421     0.417     0.420     0.419     0.426     0.427     0.426     0.424
C1905d1TS405_3  0        0        0        0        0        0        0        0        0        0.452     0.443     0.435     0.428     0.425     0.423     0.425     0.427     0.425
C1905d1TS258_2  0        0        0        0        0        0        0        0        0        0.443     0.436     0.431     0.429     0.428     0.437     0.434     0.432     0.428
C1905d1TS010_1  0        0        0        0        0        0        0        0        0        0         0         0         0.393     0.395     0.403     0.402     0.401     0.400
C1905d1TS010_4  0        0        0        0        0        0        0        0        0        0         0         0         0         0         0         0.397     0.397     0.395
C1905d1TS010_5  0        0        0        0        0        0        0        0        0        0         0         0         0         0.389     0.399     0.397     0.396     0.394
C1905d1TS073_1  0        0        0        0        0        0        0        0        0        0         0.382     0.380     0.380     0.391     0.391     0.392     0.390     0.389
C1905d1TS073_3  0        0        0        0        0        0        0        0        0        0         0         0         0         0         0         0.369     0.368     0.368
C1905d1TS073_5  0        0        0        0        0        0        0        0        0        0         0         0         0         0         0         0.385     0.385     0.384
C1905d1TS123_1  0        0        0        0        0        0        0        0        0        0         0         0         0         0.361     0.362     0.361     0.361     0.361
C1905d1TS131_3  0        0        0        0        0        0        0        0        0        0         0.439     0.440     0.437     0.444     0.439     0.438     0.441     0.439
C1905d1TS131_4  0        0        0        0        0        0        0        0        0        0         0.441     0.439     0.437     0.438     0.436     0.435     0.437     0.439
C1905d1TS131_5  0        0        0        0        0        0        0        0        0        0         0         0.436     0.432     0.435     0.431     0.431     0.437     0.435
C1905d1TS210_1  0        0        0        0        0        0        0        0        0        0         0.443     0.423     0.418     0.410     0.415     0.418     0.414     0.408
C1905d1TS210_3  0        0        0        0        0        0        0        0        0        0         0         0         0.432     0.432     0.429     0.427     0.427     0.424
C1905d1TS210_5  0        0        0        0        0        0        0        0        0        0         0         0.415     0.418     0.428     0.426     0.424     0.424     0.422
C1905d1TS215_1  0        0        0        0        0        0        0        0        0        0         0         0         0         0         0         0         0         0.335
C1905d1TS215_2  0        0        0        0        0        0        0        0        0        0         0         0.353     0.350     0.349     0.349     0.349     0.357     0.355
C1905d1TS215_3  0        0        0        0        0        0        0        0        0        0         0         0         0.347     0.347     0.348     0.347     0.347     0.354
C1905d1TS215_4  0        0        0        0        0        0        0        0        0        0         0         0         0         0         0.326     0.326     0.325     0.325
C1905d1TS228_1  0        0        0        0        0        0        0        0        0        0         0         0         0.449     0.453     0.447     0.454     0.451     0.450
C1905d1TS228_2  0        0        0        0        0        0        0        0        0        0         0         0.435     0.451     0.457     0.450     [0.457]   0.454     0.453
C1905d1TS228_3  0        0        0        0        0        0        0        0        0        0         0         0         0.449     0.453     0.447     0.455     0.452     0.451
C1905d1TS228_4  0        0        0        0        0        0        0        0        0        0         0.426     0.431     0.445     0.448     0.442     0.448     0.445     0.446
C1905d1TS240_2  0        0        0        0        0        0        0        0        0        0         0         0         0         0.402     0.399     0.398     0.406     0.406
C1905d1TS240_3  0        0        0        0        0        0        0        0        0        0         0.416     0.415     0.411     0.413     0.409     0.409     0.411     0.416
C1905d1TS240_4  0        0        0        0        0        0        0        0        0        0         0         0.415     0.410     0.411     0.410     0.408     0.410     0.410
C1905d1TS240_5  0        0        0        0        0        0        0        0        0        0         0.398     0.400     0.397     0.398     0.396     0.394     0.396     0.395
C1905d1TS247_1  0        0        0        0        0        0        0        0        0        0         0         0         0         0         0         0.424     0.426     0.429
C1905d1TS247_3  0        0        0        0        0        0        0        0        0        0         0         0         0         0         0         0         0.427     0.425
C1905d1TS258_1  0        0        0        0        0        0        0        0        0        0         0         0         0         0.426     0.434     0.431     0.430     0.427
C1905d1TS258_4  0        0        0        0        0        0        0        0        0        0         0.423     0.431     0.424     0.422     0.423     0.420     0.419     0.415
C1905d1TS273_1  0        0        0        0        0        0        0        0        0        0         0         0         0.392     0.391     0.390     0.398     0.397     0.395
C1905d1TS273_2  0        0        0        0        0        0        0        0        0        0         0         0.369     0.370     0.369     0.369     0.370     0.370     0.370
C1905d1TS273_4  0        0        0        0        0        0        0        0        0        0         0         0.361     0.359     0.359     0.357     0.357     0.357     0.363
C1905d1TS347_2  0        0        0        0        0        0        0        0        0        0         0         0         0.383     0.384     0.385     0.384     0.384     0.382
C1905d1TS405_1  0        0        0        0        0        0        0        0        0        0         0.443     0.423     0.418     0.410     0.415     0.418     0.414     0.408
C1905d1TS438_1  0        0        0        0        0        0        0        0        0        0         0         0         0         0         0         0         0         0.377
C1905d1TS438_2  0        0        0        0        0        0        0        0        0        0         0         0         0         0         0         0         0         0.420
C1905d1TS438_3  0        0        0        0        0        0        0        0        0        0         0         0         0         0         0         0         0.417     0.424
C1905d1TS438_4  0        0        0        0        0        0        0        0        0        0         0         0         0         0         0.416     0.416     0.420     0.425
C1905d1TS438_5  0        0        0        0        0        0        0        0        0        0         0         0         0         0.407     0.412     0.411     0.415     0.420
