model         cs_top1  cs_top2  cs_top3  cs_top4  cs_top5  cs_top6  cs_top7  cs_top8  cs_top9  cs_top10  cs_top15  cs_top20  cs_top25  cs_top30  cs_top35  cs_top40  cs_top45  cs_top50
C1902TS156_1  [0.369]  [0.543]  0.567    0.577    0.600    0.571    0.579    0.561    [0.577]  0.590     0.572     0.555     0.535     0.527     0.520     0.517     0.513     0.510
C1902TS210_1  [0.369]  0.364    0.357    0.355    0.357    0.415    0.406    0.399    0.392    0.389     0.369     0.363     0.358     0.357     0.355     0.355     0.355     0.354
C1902TS156_3  0        [0.543]  [0.571]  [0.583]  [0.608]  [0.578]  [0.586]  [0.568]  0.575    [0.595]   [0.578]   [0.561]   [0.540]   0.531     0.524     0.522     0.518     0.514
C1902TS210_3  0        0.376    0.368    0.364    0.368    0.367    0.367    0.409    0.403    0.401     0.382     0.375     0.370     0.368     0.367     0.367     0.367     0.366
C1902TS156_4  0        0        0.566    0.579    0.603    0.574    0.582    0.565    0.571    0.584     0.575     0.558     0.537     0.529     0.522     0.519     0.515     0.512
C1902TS210_4  0        0        0.345    0.440    0.423    0.409    0.401    0.394    0.386    0.383     0.364     0.358     0.354     0.376     0.372     0.370     0.367     0.365
C1902TS156_5  0        0        0        0.579    0.603    0.573    0.582    0.564    0.570    0.584     0.575     0.557     0.537     0.529     0.522     0.519     0.515     0.511
C1902TS405_1  0        0        0        0.440    0.423    0.409    0.401    0.394    0.386    0.383     0.364     0.358     0.354     0.376     0.372     0.370     0.367     0.365
C1902TS156_2  0        0        0        0        0.605    0.576    0.584    0.567    0.573    0.587     0.573     [0.561]   [0.540]   [0.532]   0.525     0.523     0.519     0.516
C1902TS131_2  0        0        0        0        0.449    0.465    0.492    0.500    0.492    0.493     0.480     0.470     0.462     0.460     0.459     0.469     0.468     0.471
C1902TS131_5  0        0        0        0        0        0.462    0.483    0.492    0.485    0.487     0.475     0.466     0.458     0.456     0.455     0.462     0.461     0.465
C1902TS401_1  0        0        0        0        0        0        0.537    0.523    0.527    0.538     0.539     0.524     0.508     0.503     0.498     0.497     0.494     0.492
C1902TS131_4  0        0        0        0        0        0        0.490    0.498    0.491    0.492     0.479     0.469     0.461     0.460     0.458     0.469     0.468     0.471
C1902TS131_1  0        0        0        0        0        0        0        0.495    0.488    0.489     0.477     0.467     0.459     0.457     0.456     0.462     0.461     0.468
C1902TS215_5  0        0        0        0        0        0        0        0        0.351    0.354     0.357     0.358     0.359     0.369     0.370     0.371     0.370     0.368
C1902TS213_3  0        0        0        0        0        0        0        0        0        0.462     0.476     0.493     0.495     0.512     0.517     0.520     0.524     0.527
C1902TS087_2  0        0        0        0        0        0        0        0        0        0         0         0         0         0         0         0         0.359     0.366
C1902TS087_4  0        0        0        0        0        0        0        0        0        0         0         0         0         0         0         0         0         0.405
C1902TS131_3  0        0        0        0        0        0        0        0        0        0         0.483     0.473     0.465     0.463     0.462     0.469     0.468     0.475
C1902TS152_1  0        0        0        0        0        0        0        0        0        0         0         0.489     0.499     0.510     0.515     0.520     0.522     0.522
C1902TS152_2  0        0        0        0        0        0        0        0        0        0         0         0         0.492     0.514     0.522     0.526     0.528     0.528
C1902TS152_3  0        0        0        0        0        0        0        0        0        0         0         0         0         0         0.504     0.509     0.517     0.517
C1902TS152_4  0        0        0        0        0        0        0        0        0        0         0         0         0         0.506     0.515     0.524     0.527     0.527
C1902TS152_5  0        0        0        0        0        0        0        0        0        0         0         0         0         0.502     0.510     0.520     0.521     0.521
C1902TS213_1  0        0        0        0        0        0        0        0        0        0         0.478     0.495     0.498     0.518     0.522     0.525     0.529     0.530
C1902TS213_2  0        0        0        0        0        0        0        0        0        0         0         0.492     0.495     0.511     0.516     0.520     0.527     0.526
C1902TS213_4  0        0        0        0        0        0        0        0        0        0         0.475     0.492     0.495     0.511     0.516     0.519     0.526     0.526
C1902TS213_5  0        0        0        0        0        0        0        0        0        0         0         0.491     0.494     0.514     0.519     0.522     0.526     0.526
C1902TS215_1  0        0        0        0        0        0        0        0        0        0         0.348     0.348     0.361     0.360     0.360     0.361     0.360     0.358
C1902TS215_2  0        0        0        0        0        0        0        0        0        0         0         0         0.359     0.359     0.369     0.371     0.370     0.368
C1902TS215_3  0        0        0        0        0        0        0        0        0        0         0         0.352     0.353     0.353     0.363     0.364     0.363     0.362
C1902TS215_4  0        0        0        0        0        0        0        0        0        0         0.358     0.357     0.359     0.359     0.361     0.370     0.369     0.367
C1902TS230_1  0        0        0        0        0        0        0        0        0        0         0.291     0.291     0.291     0.291     0.291     0.292     0.292     0.293
C1902TS230_2  0        0        0        0        0        0        0        0        0        0         0.296     0.296     0.295     0.295     0.295     0.296     0.297     0.297
C1902TS230_3  0        0        0        0        0        0        0        0        0        0         0         0.289     0.289     0.289     0.290     0.290     0.291     0.292
C1902TS230_4  0        0        0        0        0        0        0        0        0        0         0         0         0         0         0         0         0         0.281
C1902TS230_5  0        0        0        0        0        0        0        0        0        0         0         0         0.291     0.292     0.292     0.293     0.294     0.295
C1902TS273_1  0        0        0        0        0        0        0        0        0        0         0         0         0         0         0         0.402     0.403     0.403
C1902TS273_2  0        0        0        0        0        0        0        0        0        0         0         0         0.479     0.492     0.505     0.510     0.518     0.518
C1902TS309_4  0        0        0        0        0        0        0        0        0        0         0         0         0         0         0         0         0.352     0.352
C1902TS369_1  0        0        0        0        0        0        0        0        0        0         0         0         0         0         0         0         0.442     0.442
C1902TS369_2  0        0        0        0        0        0        0        0        0        0         0         0         0         0         0         0         0         0.439
C1902TS369_3  0        0        0        0        0        0        0        0        0        0         0         0         0         0         0         0         0.439     0.440
C1902TS369_5  0        0        0        0        0        0        0        0        0        0         0         0.418     0.417     0.420     0.422     0.425     0.429     0.429
C1902TS405_3  0        0        0        0        0        0        0        0        0        0         0         0.342     0.353     0.352     0.351     0.350     0.349     0.348
C1902TS405_5  0        0        0        0        0        0        0        0        0        0         0         0         0         0         0.325     0.325     0.325     0.325
C1902TS413_1  0        0        0        0        0        0        0        0        0        0         0         0         0         0.512     0.524     0.530     0.531     0.532
C1902TS413_2  0        0        0        0        0        0        0        0        0        0         0         0.490     0.497     0.508     0.514     0.520     0.521     0.522
C1902TS413_3  0        0        0        0        0        0        0        0        0        0         0         0         0.487     0.499     0.514     0.520     0.526     0.526
C1902TS413_4  0        0        0        0        0        0        0        0        0        0         0         0         0.498     0.517     [0.528]   0.534     0.537     0.538
C1902TS413_5  0        0        0        0        0        0        0        0        0        0         0         0         0         0         0         0.518     0.519     0.519
C1902TS414_1  0        0        0        0        0        0        0        0        0        0         0         0         0.408     0.410     0.412     0.415     0.423     0.423
C1902TS414_2  0        0        0        0        0        0        0        0        0        0         0         0         0         0         0         0.429     0.431     0.432
C1902TS414_4  0        0        0        0        0        0        0        0        0        0         0         0         0         0         0.437     0.442     0.444     0.445
C1902TS438_1  0        0        0        0        0        0        0        0        0        0         0         0         0         0         0.523     0.531     0.537     0.538
C1902TS438_2  0        0        0        0        0        0        0        0        0        0         0         0         0         0         0         [0.540]   [0.543]   [0.545]
C1902TS438_3  0        0        0        0        0        0        0        0        0        0         0         0         0         0.517     [0.528]   0.537     0.540     0.544
C1902TS438_4  0        0        0        0        0        0        0        0        0        0         0         0         0         0         0.524     0.531     0.534     0.538
C1902TS438_5  0        0        0        0        0        0        0        0        0        0         0         0         0         0         0         0.531     0.533     0.538
