model         cs_top1  cs_top2  cs_top3  cs_top4  cs_top5  cs_top6  cs_top7  cs_top8  cs_top9  cs_top10  cs_top15  cs_top20  cs_top25  cs_top30  cs_top35  cs_top40  cs_top45  cs_top50
C1901TS156_1  [1]      [0.794]  [0.793]  0.795    0.774    0.736    0.719    0.668    0.638    0.615     0.545     0.495     0.473     0.459     0.450     0.443     0.438     0.432
C1901TS156_5  0        0.718    0.792    0.792    0.773    0.735    0.719    0.668    0.637    0.613     0.542     0.492     0.469     0.454     0.445     0.438     0.433     0.427
C1901TS401_1  0        0.618    0.622    0.625    0.667    0.631    0.615    0.573    0.549    0.531     0.475     0.434     0.415     0.403     0.396     0.390     0.387     0.381
C1901TS156_2  0        0        0.775    [0.813]  [0.792]  [0.754]  [0.739]  [0.686]  [0.655]  [0.630]   [0.557]   [0.506]   [0.483]   0.468     0.459     0.452     0.447     0.441
C1901TS156_4  0        0        0        0.770    0.780    0.741    0.725    0.673    0.642    0.617     0.545     0.495     0.472     0.457     0.448     0.440     0.436     0.429
C1901TS156_3  0        0        0        0        0        0.724    0.726    0.674    0.643    0.618     0.546     0.495     0.472     0.457     0.448     0.441     0.436     0.429
C1901TS215_4  0        0        0        0        0        0.336    0.338    0.341    0.350    0.357     0.383     0.384     0.371     0.369     0.374     0.374     0.373     0.369
C1901TS131_4  0        0        0        0        0        0        0.459    0.445    0.455    0.468     0.509     0.475     0.474     0.466     0.463     0.459     0.458     0.453
C1901TS215_1  0        0        0        0        0        0        0        0.343    0.352    0.358     0.364     0.382     0.369     0.366     0.369     0.369     0.368     0.364
C1901TS210_4  0        0        0        0        0        0        0        0.321    0.321    0.321     0.354     0.383     0.371     0.363     0.357     0.352     0.349     0.345
C1901TS131_1  0        0        0        0        0        0        0        0        0.458    0.467     0.499     0.467     0.465     0.459     0.457     0.453     0.453     0.449
C1901TS215_5  0        0        0        0        0        0        0        0        0.357    0.363     0.371     0.390     0.375     0.372     0.377     0.377     0.376     0.372
C1901TS131_5  0        0        0        0        0        0        0        0        0        0.472     0.514     0.479     0.479     [0.470]   [0.467]   [0.463]   [0.462]   [0.457]
C1901TS215_2  0        0        0        0        0        0        0        0        0        0.364     0.373     0.390     0.376     0.374     0.378     0.378     0.377     0.373
C1901TS131_3  0        0        0        0        0        0        0        0        0        0         0.506     0.474     0.478     [0.470]   [0.467]   [0.463]   [0.462]   [0.457]
C1901TS131_2  0        0        0        0        0        0        0        0        0        0         0.503     0.471     0.475     0.467     0.463     0.459     0.458     0.453
C1901TS215_3  0        0        0        0        0        0        0        0        0        0         0.392     0.392     0.379     0.376     0.380     0.379     0.378     0.374
C1901TS405_2  0        0        0        0        0        0        0        0        0        0         0.354     0.383     0.371     0.363     0.357     0.352     0.349     0.345
C1901TS405_5  0        0        0        0        0        0        0        0        0        0         0.347     0.367     0.359     0.353     0.348     0.344     0.342     0.339
C1901TS213_5  0        0        0        0        0        0        0        0        0        0         0         0.410     0.398     0.412     0.438     0.450     0.454     0.448
C1901TS213_2  0        0        0        0        0        0        0        0        0        0         0         0.409     0.397     0.412     0.437     0.449     0.453     0.447
C1901TS213_4  0        0        0        0        0        0        0        0        0        0         0         0.408     0.396     0.410     0.435     0.449     0.451     0.445
C1901TS210_3  0        0        0        0        0        0        0        0        0        0         0         0.327     0.342     0.340     0.339     0.338     0.338     0.336
C1901TS369_1  0        0        0        0        0        0        0        0        0        0         0         0         0.412     0.417     0.429     0.428     0.431     0.429
C1901TS369_3  0        0        0        0        0        0        0        0        0        0         0         0         0.387     0.392     0.405     0.404     0.407     0.405
C1901TS152_1  0        0        0        0        0        0        0        0        0        0         0         0         0.371     0.378     0.389     0.398     0.404     0.402
C1901TS405_3  0        0        0        0        0        0        0        0        0        0         0         0         0.340     0.346     0.342     0.337     0.335     0.332
C1901TS210_5  0        0        0        0        0        0        0        0        0        0         0         0         0.340     0.346     0.342     0.337     0.335     0.331
C1901TS405_4  0        0        0        0        0        0        0        0        0        0         0         0         0.319     0.331     0.329     0.327     0.327     0.325
C1901TS213_1  0        0        0        0        0        0        0        0        0        0         0         0         0         0.413     0.441     0.452     0.454     0.448
C1901TS213_3  0        0        0        0        0        0        0        0        0        0         0         0         0         0.412     0.437     0.452     0.453     0.447
C1901TS369_4  0        0        0        0        0        0        0        0        0        0         0         0         0         0.410     0.416     0.415     0.424     0.422
C1901TS369_2  0        0        0        0        0        0        0        0        0        0         0         0         0         0.405     0.412     0.412     0.416     0.414
C1901TS228_1  0        0        0        0        0        0        0        0        0        0         0         0         0         0.403     0.427     0.441     0.442     0.437
C1901TS210_2  0        0        0        0        0        0        0        0        0        0         0         0         0         0.387     0.389     0.390     0.392     0.390
C1901TS413_5  0        0        0        0        0        0        0        0        0        0         0         0         0         0.376     0.383     0.397     0.403     0.401
C1901TS044_1  0        0        0        0        0        0        0        0        0        0         0         0         0         0         0.441     0.453     0.455     0.451
C1901TS152_3  0        0        0        0        0        0        0        0        0        0         0         0         0         0         0.441     0.452     0.453     0.448
C1901TS273_1  0        0        0        0        0        0        0        0        0        0         0         0         0         0         0.437     0.451     0.452     0.448
C1901TS414_3  0        0        0        0        0        0        0        0        0        0         0         0         0         0         0.411     0.419     0.422     0.421
C1901TS414_5  0        0        0        0        0        0        0        0        0        0         0         0         0         0         0.409     0.411     0.420     0.419
C1901TS273_3  0        0        0        0        0        0        0        0        0        0         0         0         0         0         0         0.394     0.401     0.399
C1901TS152_2  0        0        0        0        0        0        0        0        0        0         0         0         0         0         0         0.391     0.400     0.404
C1901TS210_1  0        0        0        0        0        0        0        0        0        0         0         0         0         0         0         0.371     0.372     0.371
C1901TS369_5  0        0        0        0        0        0        0        0        0        0         0         0         0         0         0         0         0.424     0.422
C1901TS414_1  0        0        0        0        0        0        0        0        0        0         0         0         0         0         0         0         0.391     0.390
C1901TS152_5  0        0        0        0        0        0        0        0        0        0         0         0         0         0         0         0         0.378     0.387
C1901TS087_3  0        0        0        0        0        0        0        0        0        0         0         0         0         0         0         0         0.369     0.374
C1901TS414_2  0        0        0        0        0        0        0        0        0        0         0         0         0         0         0         0         0         0.408
C1901TS413_3  0        0        0        0        0        0        0        0        0        0         0         0         0         0         0         0         0         0.397
C1901TS413_1  0        0        0        0        0        0        0        0        0        0         0         0         0         0         0         0         0         0.390
C1901TS258_3  0        0        0        0        0        0        0        0        0        0         0         0         0         0         0         0         0         0.318
C1901TS258_5  0        0        0        0        0        0        0        0        0        0         0         0         0         0         0         0         0         0.313
