model           cs_top1  cs_top2  cs_top3  cs_top4  cs_top5  cs_top6  cs_top7  cs_top8  cs_top9  cs_top10  cs_top15  cs_top20  cs_top25  cs_top30  cs_top35  cs_top40  cs_top45  cs_top50
C1902d3TS131_1  [0.516]  0.723    0.732    0.734    0.735    0.738    0.739    0.728    0.714    0.731     0.706     0.687     0.682     0.677     0.671     0.661     0.649     0.638
C1902d3TS210_1  [0.516]  0.508    0.610    0.616    0.620    0.645    0.663    0.636    0.616    0.604     0.578     0.546     0.528     0.519     0.511     0.502     0.496     0.491
C1902d3TS131_2  0        [0.724]  [0.734]  [0.735]  [0.737]  [0.741]  [0.742]  [0.731]  [0.717]  [0.733]   [0.708]   [0.688]   [0.683]   [0.678]   [0.672]   [0.662]   [0.650]   [0.639]
C1902d3TS215_2  0        0.608    0.597    0.590    0.586    0.585    0.584    0.583    0.582    0.589     0.585     0.574     0.577     0.580     0.585     0.580     0.572     0.566
C1902d3TS131_4  0        0        [0.734]  0.734    0.736    0.738    [0.742]  0.730    0.716    0.731     0.705     0.686     0.681     0.676     0.670     0.660     0.648     0.637
C1902d3TS405_1  0        0        0.610    0.616    0.620    0.645    0.663    0.636    0.616    0.604     0.578     0.546     0.528     0.519     0.511     0.502     0.496     0.491
C1902d3TS131_5  0        0        0        0.728    0.729    0.732    0.732    0.722    0.708    0.724     0.702     0.683     0.678     0.674     0.669     0.659     0.647     0.636
C1902d3TS210_2  0        0        0        0.573    0.613    0.616    0.618    0.595    0.579    0.570     0.570     0.537     0.518     0.508     0.501     0.492     0.487     0.483
C1902d3TS131_3  0        0        0        0        0.734    0.737    0.738    0.727    0.713    0.729     0.705     0.687     0.681     0.677     0.671     0.661     0.649     0.638
C1902d3TS405_2  0        0        0        0        0.613    0.616    0.618    0.595    0.579    0.570     0.570     0.537     0.518     0.508     0.501     0.492     0.487     0.483
C1902d3TS438_3  0        0        0        0        0        0        0        0.630    0.634    0.653     0.660     0.657     0.661     0.662     0.658     0.651     0.640     0.631
C1902d3TS215_1  0        0        0        0        0        0        0        0.493    0.492    0.499     0.499     0.497     0.504     0.508     0.508     0.506     0.500     0.500
C1902d3TS438_1  0        0        0        0        0        0        0        0        0.623    0.642     0.655     0.650     0.658     0.661     0.658     0.652     0.641     0.632
C1902d3TS345_3  0        0        0        0        0        0        0        0        0.462    0.463     0.457     0.451     0.448     0.458     0.456     0.453     0.450     0.448
C1902d3TS438_4  0        0        0        0        0        0        0        0        0        0.647     0.656     0.651     0.658     0.663     0.659     0.652     0.641     0.632
C1902d3TS438_5  0        0        0        0        0        0        0        0        0        0         0.659     0.653     0.658     0.660     0.656     0.649     0.639     0.630
C1902d3TS258_4  0        0        0        0        0        0        0        0        0        0         0.622     0.614     0.619     0.624     0.628     0.622     0.613     0.605
C1902d3TS123_1  0        0        0        0        0        0        0        0        0        0         0.588     0.605     0.636     0.636     0.630     0.622     0.612     0.602
C1902d3TS215_3  0        0        0        0        0        0        0        0        0        0         0.567     0.560     0.566     0.576     0.576     0.572     0.564     0.559
C1902d3TS345_5  0        0        0        0        0        0        0        0        0        0         0.345     0.348     0.348     0.347     0.348     0.349     0.350     0.351
C1902d3TS258_1  0        0        0        0        0        0        0        0        0        0         0         0.620     0.627     0.632     0.633     0.630     0.621     0.616
C1902d3TS123_3  0        0        0        0        0        0        0        0        0        0         0         0.608     0.643     0.642     0.636     0.628     0.619     0.609
C1902d3TS123_4  0        0        0        0        0        0        0        0        0        0         0         0.608     0.643     0.642     0.636     0.628     0.619     0.609
C1902d3TS123_2  0        0        0        0        0        0        0        0        0        0         0         0.605     0.636     0.636     0.630     0.622     0.612     0.602
C1902d3TS240_1  0        0        0        0        0        0        0        0        0        0         0         0.436     0.436     0.436     0.437     0.440     0.439     0.440
C1902d3TS345_2  0        0        0        0        0        0        0        0        0        0         0         0.375     0.375     0.376     0.376     0.376     0.375     0.375
C1902d3TS345_4  0        0        0        0        0        0        0        0        0        0         0         0.361     0.361     0.363     0.365     0.367     0.367     0.368
C1902d3TS123_5  0        0        0        0        0        0        0        0        0        0         0         0         0.643     0.642     0.636     0.628     0.619     0.609
C1902d3TS258_5  0        0        0        0        0        0        0        0        0        0         0         0         0.632     0.637     0.639     0.639     0.629     0.622
C1902d3TS067_3  0        0        0        0        0        0        0        0        0        0         0         0         0.606     0.639     0.649     0.639     0.627     0.615
C1902d3TS067_4  0        0        0        0        0        0        0        0        0        0         0         0         0.606     0.639     0.649     0.639     0.627     0.615
C1902d3TS103_1  0        0        0        0        0        0        0        0        0        0         0         0         0.590     0.593     0.592     0.588     0.581     0.578
C1902d3TS215_4  0        0        0        0        0        0        0        0        0        0         0         0         0.492     0.496     0.495     0.493     0.488     0.483
C1902d3TS067_1  0        0        0        0        0        0        0        0        0        0         0         0         0         0.639     0.649     0.639     0.627     0.615
C1902d3TS067_2  0        0        0        0        0        0        0        0        0        0         0         0         0         0.639     0.649     0.639     0.627     0.615
C1902d3TS067_5  0        0        0        0        0        0        0        0        0        0         0         0         0         0.639     0.649     0.639     0.627     0.615
C1902d3TS258_3  0        0        0        0        0        0        0        0        0        0         0         0         0         0.614     0.620     0.617     0.609     0.603
C1902d3TS267_1  0        0        0        0        0        0        0        0        0        0         0         0         0         0.588     0.589     0.586     0.584     0.578
C1902d3TS258_2  0        0        0        0        0        0        0        0        0        0         0         0         0         0         0.632     0.631     0.622     0.614
C1902d3TS267_2  0        0        0        0        0        0        0        0        0        0         0         0         0         0         0.614     0.611     0.608     0.600
C1902d3TS228_4  0        0        0        0        0        0        0        0        0        0         0         0         0         0         0.428     0.434     0.444     0.446
C1902d3TS010_1  0        0        0        0        0        0        0        0        0        0         0         0         0         0         0.403     0.404     0.404     0.406
C1902d3TS044_1  0        0        0        0        0        0        0        0        0        0         0         0         0         0         0         0.599     0.590     0.583
C1902d3TS301_1  0        0        0        0        0        0        0        0        0        0         0         0         0         0         0         0.599     0.590     0.583
C1902d3TS267_3  0        0        0        0        0        0        0        0        0        0         0         0         0         0         0         0.561     0.556     0.552
C1902d3TS240_4  0        0        0        0        0        0        0        0        0        0         0         0         0         0         0         0.441     0.442     0.446
C1902d3TS228_1  0        0        0        0        0        0        0        0        0        0         0         0         0         0         0         0.428     0.439     0.442
C1902d3TS345_1  0        0        0        0        0        0        0        0        0        0         0         0         0         0         0         0.380     0.379     0.381
C1902d3TS432_1  0        0        0        0        0        0        0        0        0        0         0         0         0         0         0         0         0.560     0.553
C1902d3TS210_3  0        0        0        0        0        0        0        0        0        0         0         0         0         0         0         0         0.520     0.526
C1902d3TS405_3  0        0        0        0        0        0        0        0        0        0         0         0         0         0         0         0         0.520     0.526
C1902d3TS215_5  0        0        0        0        0        0        0        0        0        0         0         0         0         0         0         0         0.477     0.472
C1902d3TS010_4  0        0        0        0        0        0        0        0        0        0         0         0         0         0         0         0         0.393     0.394
C1902d3TS267_4  0        0        0        0        0        0        0        0        0        0         0         0         0         0         0         0         0         0.562
C1902d3TS240_2  0        0        0        0        0        0        0        0        0        0         0         0         0         0         0         0         0         0.441
C1902d3TS228_3  0        0        0        0        0        0        0        0        0        0         0         0         0         0         0         0         0         0.440
C1902d3TS010_2  0        0        0        0        0        0        0        0        0        0         0         0         0         0         0         0         0         0.419
C1902d3TS273_2  0        0        0        0        0        0        0        0        0        0         0         0         0         0         0         0         0         0.416
