model         cs_top1  cs_top2  cs_top3  cs_top4  cs_top5  cs_top6  cs_top7  cs_top8  cs_top9  cs_top10  cs_top15  cs_top20  cs_top25  cs_top30  cs_top35  cs_top40  cs_top45  cs_top50
C1906TS210_4  [0.429]  [0.609]  0.533    0.495    0.475    0.462    0.453    0.442    0.439    0.434     0.421     0.416     0.409     0.407     0.404     0.402     0.402     0.401
C1906TS210_3  [0.429]  0.434    [0.550]  0.522    0.506    0.495    0.488    0.480    0.477    0.475     0.461     0.457     0.447     0.443     0.439     0.436     0.435     0.434
C1906TS131_2  0        0.414    0.505    0.608    0.660    0.707    0.728    0.698    0.667    0.648     0.593     0.575     0.555     0.546     0.538     0.532     0.530     0.526
C1906TS131_5  0        0        0.510    0.608    0.659    0.694    0.731    0.701    0.669    0.650     0.595     0.576     0.556     0.548     0.540     0.534     0.531     0.528
C1906TS131_1  0        0        0        [0.632]  [0.692]  [0.724]  [0.745]  [0.713]  [0.681]  [0.661]   [0.603]   [0.584]   [0.562]   0.553     0.544     0.538     0.535     0.531
C1906TS131_4  0        0        0        0        0.688    0.719    0.741    0.709    0.678    0.658     0.600     0.581     0.560     0.551     0.542     0.535     0.532     0.529
C1906TS131_3  0        0        0        0        0        0.704    0.739    0.707    0.676    0.656     0.599     0.580     0.559     0.550     0.541     0.535     0.532     0.529
C1906TS401_1  0        0        0        0        0        0        0        0.510    0.496    0.501     0.519     0.526     0.516     0.510     0.503     0.500     0.498     0.495
C1906TS210_5  0        0        0        0        0        0        0        0        0.441    0.471     0.455     0.454     0.445     0.444     0.440     0.438     0.439     0.437
C1906TS210_2  0        0        0        0        0        0        0        0        0.419    0.419     0.435     0.432     0.424     0.421     0.418     0.417     0.417     0.416
C1906TS156_1  0        0        0        0        0        0        0        0        0        0.504     0.559     0.573     [0.562]   [0.554]   [0.545]   0.539     0.536     0.532
C1906TS044_1  0        0        0        0        0        0        0        0        0        0         0         0         0         0         0         [0.547]   [0.559]   [0.558]
C1906TS087_2  0        0        0        0        0        0        0        0        0        0         0         0         0         0.486     0.487     0.488     0.491     0.491
C1906TS087_3  0        0        0        0        0        0        0        0        0        0         0.410     0.412     0.410     0.409     0.410     0.416     0.415     0.415
C1906TS087_4  0        0        0        0        0        0        0        0        0        0         0.474     0.480     0.476     0.478     0.484     0.484     0.484     0.483
C1906TS152_1  0        0        0        0        0        0        0        0        0        0         0         0         0         0.535     0.535     0.536     0.536     0.539
C1906TS152_2  0        0        0        0        0        0        0        0        0        0         0         0         0         0         0         0.534     0.535     0.538
C1906TS152_3  0        0        0        0        0        0        0        0        0        0         0         0.527     0.524     0.526     0.531     0.537     0.549     0.548
C1906TS152_4  0        0        0        0        0        0        0        0        0        0         0         0         0         0         0         0         0.512     0.511
C1906TS156_2  0        0        0        0        0        0        0        0        0        0         0         0.562     0.555     0.547     0.538     0.532     0.529     0.526
C1906TS156_3  0        0        0        0        0        0        0        0        0        0         0.546     0.564     0.553     0.545     0.537     0.531     0.528     0.525
C1906TS156_4  0        0        0        0        0        0        0        0        0        0         0.545     0.564     0.554     0.546     0.537     0.531     0.527     0.524
C1906TS156_5  0        0        0        0        0        0        0        0        0        0         0.549     0.560     0.550     0.542     0.533     0.527     0.523     0.520
C1906TS211_1  0        0        0        0        0        0        0        0        0        0         0         0         0         0         0         0         0.510     0.509
C1906TS211_3  0        0        0        0        0        0        0        0        0        0         0         0         0.334     0.335     0.340     0.345     0.350     0.354
C1906TS211_4  0        0        0        0        0        0        0        0        0        0         0         0         0         0         0.336     0.339     0.343     0.345
C1906TS211_5  0        0        0        0        0        0        0        0        0        0         0         0         0         0         0         0.339     0.344     0.347
C1906TS213_1  0        0        0        0        0        0        0        0        0        0         0         0.522     0.518     0.523     0.529     0.536     0.546     0.545
C1906TS213_2  0        0        0        0        0        0        0        0        0        0         0         0         0         0         0.530     0.538     0.550     0.549
C1906TS213_3  0        0        0        0        0        0        0        0        0        0         0         0.526     0.522     0.523     0.530     0.538     0.547     0.549
C1906TS213_4  0        0        0        0        0        0        0        0        0        0         0         0.524     0.520     0.522     0.528     0.536     0.547     0.547
C1906TS213_5  0        0        0        0        0        0        0        0        0        0         0         0         0.519     0.521     0.528     0.536     0.546     0.545
C1906TS215_1  0        0        0        0        0        0        0        0        0        0         0         0.494     0.490     0.490     0.490     0.499     0.503     0.503
C1906TS215_2  0        0        0        0        0        0        0        0        0        0         0         0         0         0         0         0.450     0.458     0.461
C1906TS215_3  0        0        0        0        0        0        0        0        0        0         0         0         0         0         0         0         0         0.461
C1906TS215_4  0        0        0        0        0        0        0        0        0        0         0.447     0.461     0.459     0.459     0.459     0.462     0.465     0.471
C1906TS215_5  0        0        0        0        0        0        0        0        0        0         0         0         0.466     0.465     0.465     0.467     0.470     0.476
C1906TS228_1  0        0        0        0        0        0        0        0        0        0         0         0         0         0         0.528     0.537     0.546     0.546
C1906TS230_2  0        0        0        0        0        0        0        0        0        0         0         0         0         0         0.298     0.299     0.300     0.300
C1906TS230_4  0        0        0        0        0        0        0        0        0        0         0         0         0.301     0.301     0.301     0.302     0.302     0.303
C1906TS258_3  0        0        0        0        0        0        0        0        0        0         0         0         0         0.331     0.332     0.332     0.333     0.334
C1906TS273_2  0        0        0        0        0        0        0        0        0        0         0         0         0         0         0         0         0         0.362
C1906TS273_3  0        0        0        0        0        0        0        0        0        0         0         0         0         0         0         0         0.356     0.360
C1906TS301_1  0        0        0        0        0        0        0        0        0        0         0         0         0         0         0.536     [0.547]   [0.559]   [0.558]
C1906TS309_1  0        0        0        0        0        0        0        0        0        0         0         0         0         0         0         0         0         0.476
C1906TS309_2  0        0        0        0        0        0        0        0        0        0         0         0         0         0.439     0.438     0.439     0.441     0.442
C1906TS369_1  0        0        0        0        0        0        0        0        0        0         0         0         0.484     0.488     0.489     0.487     0.489     0.490
C1906TS369_2  0        0        0        0        0        0        0        0        0        0         0         0         0         0         0.486     0.486     0.490     0.492
C1906TS369_3  0        0        0        0        0        0        0        0        0        0         0         0         0         0         0         0         0         0.494
C1906TS369_5  0        0        0        0        0        0        0        0        0        0         0         0         0         0         0         0         0.478     0.479
C1906TS413_1  0        0        0        0        0        0        0        0        0        0         0         0         0         0.526     0.526     0.526     0.526     0.529
C1906TS413_2  0        0        0        0        0        0        0        0        0        0         0         0         0         0.523     0.523     0.524     0.524     0.531
C1906TS413_3  0        0        0        0        0        0        0        0        0        0         0         0         0         0         0.528     0.529     0.529     0.532
C1906TS413_4  0        0        0        0        0        0        0        0        0        0         0         0         0         0         0         0.521     0.522     0.524
C1906TS413_5  0        0        0        0        0        0        0        0        0        0         0         0         0         0.512     0.512     0.512     0.513     0.515
C1906TS414_1  0        0        0        0        0        0        0        0        0        0         0         0         0         0.487     0.486     0.485     0.486     0.485
C1906TS414_2  0        0        0        0        0        0        0        0        0        0         0         0         0.486     0.488     0.487     0.492     0.491     0.489
C1906TS414_3  0        0        0        0        0        0        0        0        0        0         0.492     0.504     0.502     0.505     0.508     0.506     0.505     0.502
C1906TS414_4  0        0        0        0        0        0        0        0        0        0         0         0.477     0.486     0.486     0.483     0.481     0.481     0.479
C1906TS414_5  0        0        0        0        0        0        0        0        0        0         0         0.514     0.513     0.521     0.519     0.517     0.516     0.513
C1906TS438_1  0        0        0        0        0        0        0        0        0        0         0         0         0         0         0.539     0.539     0.539     0.543
C1906TS438_2  0        0        0        0        0        0        0        0        0        0         0         0         0         0         0         0         0.542     0.546
C1906TS438_3  0        0        0        0        0        0        0        0        0        0         0         0         0         0         0         0         0         0.543
C1906TS438_4  0        0        0        0        0        0        0        0        0        0         0         0         0.519     0.531     0.532     0.533     0.534     0.537
C1906TS438_5  0        0        0        0        0        0        0        0        0        0         0         0         0.519     0.532     0.535     0.536     0.536     0.540
