model         cs_top1  cs_top2  cs_top3  cs_top4  cs_top5  cs_top6  cs_top7  cs_top8  cs_top9  cs_top10  cs_top15  cs_top20  cs_top25  cs_top30  cs_top35  cs_top40  cs_top45  cs_top50
C1907TS087_2  [0.434]  0.456    0.446    0.446    0.459    0.453    0.451    0.458    0.493    0.491     0.490     0.486     0.484     0.485     0.484     0.483     0.484     0.484
C1907TS073_2  [0.434]  0.435    0.436    0.473    0.458    0.457    0.450    0.465    0.466    0.464     0.464     0.481     0.469     0.468     0.469     0.467     0.466     0.468
C1907TS010_5  0        [0.489]  0.506    0.493    0.541    0.529    0.507    0.502    0.502    0.504     0.510     0.505     0.504     0.500     0.501     0.498     0.496     0.494
C1907TS273_1  0        0.459    0.609    0.567    0.543    [0.571]  [0.546]  [0.531]  [0.521]  [0.521]   0.533     0.518     0.509     0.496     0.491     0.485     0.480     0.475
C1907TS010_2  0        0        [0.611]  [0.570]  [0.548]  0.564    0.540    0.527    0.517    0.519     0.536     0.521     0.511     0.497     0.493     0.487     0.482     0.476
C1907TS273_2  0        0        0.604    0.566    0.544    0.555    0.531    0.520    0.513    0.516     [0.538]   0.525     0.517     0.504     0.500     0.495     0.490     0.485
C1907TS010_1  0        0        0        0.490    0.483    0.477    0.466    0.468    0.470    0.499     0.497     0.497     0.491     0.486     0.484     0.480     0.479     0.477
C1907TS073_1  0        0        0        0.466    0.454    0.453    0.445    0.460    0.461    0.460     0.460     0.469     0.458     0.459     0.462     0.460     0.460     0.467
C1907TS349_2  0        0        0        0        0.417    0.416    0.413    0.418    0.424    0.424     0.428     0.433     0.444     0.443     0.442     0.440     0.440     0.443
C1907TS309_2  0        0        0        0        0        0.422    0.418    0.430    0.435    0.432     0.435     0.439     0.437     0.446     0.451     0.454     0.458     0.461
C1907TS010_3  0        0        0        0        0        0        0.433    0.435    0.440    0.440     0.444     0.442     0.440     0.439     0.439     0.436     0.438     0.438
C1907TS345_4  0        0        0        0        0        0        0.376    0.377    0.380    0.379     0.381     0.384     0.385     0.388     0.391     0.395     0.396     0.397
C1907TS073_5  0        0        0        0        0        0        0        0.485    0.486    0.486     0.490     0.498     0.487     0.486     0.493     0.489     0.487     0.490
C1907TS211_3  0        0        0        0        0        0        0        0.460    0.468    0.465     0.466     0.468     0.469     0.476     0.477     0.479     0.481     0.485
C1907TS414_4  0        0        0        0        0        0        0        0        0.486    0.486     0.497     0.512     0.505     0.510     0.512     0.513     0.516     0.518
C1907TS213_5  0        0        0        0        0        0        0        0        0        0.479     0.506     0.520     0.536     0.520     0.522     0.523     0.515     0.507
C1907TS414_3  0        0        0        0        0        0        0        0        0        0         0.508     0.517     0.511     0.516     0.520     0.519     0.523     0.528
C1907TS152_1  0        0        0        0        0        0        0        0        0        0         0.507     0.510     0.508     0.527     0.528     [0.532]   [0.534]   0.535
C1907TS152_2  0        0        0        0        0        0        0        0        0        0         0.505     0.508     0.508     0.524     0.527     [0.532]   [0.534]   [0.537]
C1907TS213_1  0        0        0        0        0        0        0        0        0        0         0.503     0.518     0.533     0.519     0.523     0.522     0.515     0.507
C1907TS073_4  0        0        0        0        0        0        0        0        0        0         0.497     0.504     0.494     0.492     0.494     0.490     0.490     0.496
C1907TS273_3  0        0        0        0        0        0        0        0        0        0         0.493     0.514     0.528     0.512     0.512     0.510     0.501     0.494
C1907TS087_1  0        0        0        0        0        0        0        0        0        0         0.492     0.492     0.500     0.497     0.496     0.492     0.491     0.490
C1907TS349_3  0        0        0        0        0        0        0        0        0        0         0.417     0.412     0.421     0.418     0.415     0.412     0.411     0.411
C1907TS414_5  0        0        0        0        0        0        0        0        0        0         0         [0.526]   0.521     [0.528]   [0.529]   0.527     0.528     0.529
C1907TS414_1  0        0        0        0        0        0        0        0        0        0         0         0.524     0.519     0.523     0.524     0.524     0.529     0.530
C1907TS213_3  0        0        0        0        0        0        0        0        0        0         0         0.524     [0.543]   0.526     0.527     0.526     0.517     0.510
C1907TS010_4  0        0        0        0        0        0        0        0        0        0         0         0.514     0.532     0.516     0.516     0.515     0.506     0.498
C1907TS073_3  0        0        0        0        0        0        0        0        0        0         0         0.482     0.472     0.474     0.476     0.475     0.475     0.479
C1907TS349_5  0        0        0        0        0        0        0        0        0        0         0         0.437     0.442     0.444     0.445     0.445     0.446     0.453
C1907TS456_4  0        0        0        0        0        0        0        0        0        0         0         0.427     0.425     0.442     0.441     0.439     0.441     0.443
C1907TS213_4  0        0        0        0        0        0        0        0        0        0         0         0         0.540     0.525     0.526     0.528     0.519     0.512
C1907TS213_2  0        0        0        0        0        0        0        0        0        0         0         0         0.533     0.518     0.521     0.520     0.512     0.505
C1907TS413_4  0        0        0        0        0        0        0        0        0        0         0         0         0.490     0.512     0.515     0.520     0.523     0.524
C1907TS211_4  0        0        0        0        0        0        0        0        0        0         0         0         0.466     0.468     0.469     0.470     0.471     0.473
C1907TS456_2  0        0        0        0        0        0        0        0        0        0         0         0         0.394     0.404     0.405     0.407     0.410     0.412
C1907TS413_2  0        0        0        0        0        0        0        0        0        0         0         0         0         0.516     0.519     0.523     0.525     0.526
C1907TS240_4  0        0        0        0        0        0        0        0        0        0         0         0         0         0.482     0.494     0.494     0.499     0.502
C1907TS228_2  0        0        0        0        0        0        0        0        0        0         0         0         0         0.436     0.439     0.447     0.454     0.456
C1907TS345_1  0        0        0        0        0        0        0        0        0        0         0         0         0         0.425     0.427     0.428     0.433     0.437
C1907TS349_4  0        0        0        0        0        0        0        0        0        0         0         0         0         0.420     0.418     0.417     0.416     0.423
C1907TS413_1  0        0        0        0        0        0        0        0        0        0         0         0         0         0         0.518     0.526     0.529     0.530
C1907TS240_5  0        0        0        0        0        0        0        0        0        0         0         0         0         0         0.502     0.501     0.507     0.510
C1907TS211_1  0        0        0        0        0        0        0        0        0        0         0         0         0         0         0.495     0.496     0.500     0.507
C1907TS240_3  0        0        0        0        0        0        0        0        0        0         0         0         0         0         0.492     0.492     0.497     0.499
C1907TS345_5  0        0        0        0        0        0        0        0        0        0         0         0         0         0         0.460     0.462     0.466     0.466
C1907TS087_4  0        0        0        0        0        0        0        0        0        0         0         0         0         0         0.430     0.432     0.435     0.437
C1907TS413_5  0        0        0        0        0        0        0        0        0        0         0         0         0         0         0         0.524     0.529     0.530
C1907TS413_3  0        0        0        0        0        0        0        0        0        0         0         0         0         0         0         0.520     0.527     0.528
C1907TS414_2  0        0        0        0        0        0        0        0        0        0         0         0         0         0         0         0.506     0.513     0.514
C1907TS228_4  0        0        0        0        0        0        0        0        0        0         0         0         0         0         0         0.448     0.455     0.457
C1907TS230_1  0        0        0        0        0        0        0        0        0        0         0         0         0         0         0         0.441     0.443     0.446
C1907TS345_2  0        0        0        0        0        0        0        0        0        0         0         0         0         0         0         0.421     0.424     0.424
C1907TS215_4  0        0        0        0        0        0        0        0        0        0         0         0         0         0         0         0.384     0.387     0.388
C1907TS240_1  0        0        0        0        0        0        0        0        0        0         0         0         0         0         0         0         0.512     0.516
C1907TS240_2  0        0        0        0        0        0        0        0        0        0         0         0         0         0         0         0         0.507     0.512
C1907TS228_5  0        0        0        0        0        0        0        0        0        0         0         0         0         0         0         0         0.452     0.454
C1907TS389_4  0        0        0        0        0        0        0        0        0        0         0         0         0         0         0         0         0.444     0.445
C1907TS215_1  0        0        0        0        0        0        0        0        0        0         0         0         0         0         0         0         0.424     0.427
C1907TS456_5  0        0        0        0        0        0        0        0        0        0         0         0         0         0         0         0         0.408     0.409
C1907TS152_3  0        0        0        0        0        0        0        0        0        0         0         0         0         0         0         0         0         0.504
C1907TS456_1  0        0        0        0        0        0        0        0        0        0         0         0         0         0         0         0         0         0.426
