model         cs_top1  cs_top2  cs_top3  cs_top4  cs_top5  cs_top6  cs_top7  cs_top8  cs_top9  cs_top10  cs_top15  cs_top20  cs_top25  cs_top30  cs_top35  cs_top40  cs_top45  cs_top50
C1910TS131_3  [0.755]  [0.830]  [0.834]  [0.832]  [0.795]  [0.769]  [0.750]  [0.763]  [0.743]  [0.734]   [0.755]   [0.750]   [0.723]   [0.716]   [0.712]   [0.703]   0.694     0.687
C1910TS414_3  [0.755]  0.745    0.734    0.735    0.718    0.705    0.694    0.701    0.695    0.689     0.707     0.700     0.682     0.679     0.681     0.675     0.669     0.663
C1910TS131_4  0        [0.830]  [0.834]  [0.832]  [0.795]  [0.769]  [0.750]  [0.763]  [0.743]  [0.734]   [0.755]   [0.750]   [0.723]   0.715     [0.712]   [0.703]   0.694     0.687
C1910TS210_4  0        0.732    0.725    0.753    0.741    0.731    0.722    0.730    0.717    0.713     0.708     0.690     0.668     0.662     0.665     0.661     0.659     0.657
C1910TS131_1  0        0        [0.834]  0.830    0.792    0.767    0.748    0.758    0.739    0.730     0.748     0.744     0.720     0.711     0.708     0.699     0.690     0.682
C1910TS309_1  0        0        0.699    0.694    0.674    0.659    0.649    0.652    0.642    0.638     0.646     0.641     0.631     0.626     0.628     0.623     0.620     0.615
C1910TS131_2  0        0        0        0.814    0.778    0.753    0.736    0.748    0.729    0.720     0.740     0.740     0.713     0.706     0.703     0.693     0.685     0.678
C1910TS405_3  0        0        0        0.736    0.724    0.714    0.707    0.716    0.703    0.699     0.694     0.677     0.657     0.651     0.653     0.650     0.647     0.645
C1910TS210_5  0        0        0        0        0.714    0.713    0.708    0.723    0.716    0.714     0.716     0.697     0.674     0.673     0.677     0.677     0.675     0.671
C1910TS273_1  0        0        0        0        0.581    0.595    0.607    0.603    0.591    0.599     0.607     0.615     0.614     0.611     0.603     0.596     0.588     0.580
C1910TS210_2  0        0        0        0        0        0.708    0.709    0.720    0.709    0.712     0.711     0.690     0.669     0.665     0.669     0.670     0.670     0.667
C1910TS213_4  0        0        0        0        0        0.579    0.595    0.590    0.578    0.589     0.587     0.601     0.605     0.603     0.593     0.586     0.577     0.568
C1910TS405_2  0        0        0        0        0        0        0.700    0.711    0.700    0.703     0.702     0.683     0.664     0.660     0.664     0.664     0.663     0.660
C1910TS213_2  0        0        0        0        0        0        0.599    0.594    0.582    0.600     0.598     0.615     0.620     0.619     0.607     0.599     0.588     0.579
C1910TS131_5  0        0        0        0        0        0        0        0.761    0.741    0.732     0.752     0.748     0.722     0.715     0.711     0.702     0.693     0.685
C1910TS405_4  0        0        0        0        0        0        0        0.721    0.713    0.710     0.713     0.694     0.671     0.670     0.674     0.673     0.671     0.666
C1910TS414_4  0        0        0        0        0        0        0        0        0.684    0.680     0.690     0.680     0.667     0.667     0.673     0.675     0.673     0.668
C1910TS087_2  0        0        0        0        0        0        0        0        0.484    0.482     0.492     0.490     0.488     0.491     0.500     0.497     0.494     0.489
C1910TS210_3  0        0        0        0        0        0        0        0        0        0.711     0.709     0.689     0.668     0.665     0.669     0.670     0.670     0.667
C1910TS213_3  0        0        0        0        0        0        0        0        0        0.599     0.597     0.614     0.619     0.618     0.607     0.598     0.587     0.578
C1910TS010_1  0        0        0        0        0        0        0        0        0        0         0         0         0         0         0         0         0.446     0.443
C1910TS010_5  0        0        0        0        0        0        0        0        0        0         0         0         0         0         0         0.422     0.420     0.423
C1910TS044_1  0        0        0        0        0        0        0        0        0        0         0         0         0         0         0.651     0.647     0.645     0.642
C1910TS066_1  0        0        0        0        0        0        0        0        0        0         0         0.704     0.684     0.680     0.680     0.673     0.667     0.660
C1910TS073_4  0        0        0        0        0        0        0        0        0        0         0         0         0.410     0.412     0.416     0.416     0.416     0.413
C1910TS123_1  0        0        0        0        0        0        0        0        0        0         0         0         0.616     0.611     0.618     0.615     0.612     0.608
C1910TS123_2  0        0        0        0        0        0        0        0        0        0         0         0         0.616     0.611     0.618     0.615     0.612     0.608
C1910TS152_2  0        0        0        0        0        0        0        0        0        0         0         0         0         0         0.647     0.641     0.636     0.632
C1910TS152_5  0        0        0        0        0        0        0        0        0        0         0         0.559     0.554     0.553     0.556     0.550     0.548     0.545
C1910TS182_1  0        0        0        0        0        0        0        0        0        0         0         0         0         0.608     0.608     0.606     0.605     0.601
C1910TS196_1  0        0        0        0        0        0        0        0        0        0         0         0         0         0.688     0.696     0.699     [0.697]   [0.691]
C1910TS210_1  0        0        0        0        0        0        0        0        0        0         0         0         0         0         0.687     0.691     0.689     0.685
C1910TS211_2  0        0        0        0        0        0        0        0        0        0         0.627     0.624     0.614     0.616     0.619     0.616     0.612     0.607
C1910TS213_1  0        0        0        0        0        0        0        0        0        0         0         0.612     0.613     0.614     0.605     0.598     0.589     0.580
C1910TS213_5  0        0        0        0        0        0        0        0        0        0         0         0.600     0.603     0.601     0.592     0.587     0.578     0.569
C1910TS215_3  0        0        0        0        0        0        0        0        0        0         0         0         0         0         0         0         0.509     0.506
C1910TS215_4  0        0        0        0        0        0        0        0        0        0         0         0         0         0         0         0.556     0.552     0.547
C1910TS230_1  0        0        0        0        0        0        0        0        0        0         0         0         0         0         0         0         0         0.591
C1910TS230_4  0        0        0        0        0        0        0        0        0        0         0         0         0         0         0         0         0.542     0.537
C1910TS230_5  0        0        0        0        0        0        0        0        0        0         0         0.612     0.616     0.616     0.605     0.596     0.586     0.577
C1910TS240_1  0        0        0        0        0        0        0        0        0        0         0         0         0         0         0         0         0.605     0.599
C1910TS240_2  0        0        0        0        0        0        0        0        0        0         0         0         0         0         0         0.598     0.603     0.598
C1910TS240_4  0        0        0        0        0        0        0        0        0        0         0         0         0         0         0         0         0.603     0.597
C1910TS240_5  0        0        0        0        0        0        0        0        0        0         0         0         0         0         0         0.597     0.602     0.597
C1910TS247_3  0        0        0        0        0        0        0        0        0        0         0         0         0         0         0         0         0.625     0.623
C1910TS273_2  0        0        0        0        0        0        0        0        0        0         0         0         0         0.437     0.438     0.437     0.441     0.437
C1910TS273_3  0        0        0        0        0        0        0        0        0        0         0         0         0         0         0         0         0         0.406
C1910TS278_2  0        0        0        0        0        0        0        0        0        0         0         0         0         0         0         0         0         0.680
C1910TS278_3  0        0        0        0        0        0        0        0        0        0         0         0         0         0         0         0.682     0.684     0.679
C1910TS278_4  0        0        0        0        0        0        0        0        0        0         0         0         0         0         0         0         0.680     0.676
C1910TS278_5  0        0        0        0        0        0        0        0        0        0         0         0         0         0         0.660     0.670     0.672     0.667
C1910TS299_2  0        0        0        0        0        0        0        0        0        0         0         0         0         0         0         0         0         0.680
C1910TS299_3  0        0        0        0        0        0        0        0        0        0         0         0         0         0         0         0.682     0.684     0.679
C1910TS299_4  0        0        0        0        0        0        0        0        0        0         0         0         0         0         0         0         0.680     0.676
C1910TS299_5  0        0        0        0        0        0        0        0        0        0         0         0         0         0         0         0.670     0.672     0.667
C1910TS301_1  0        0        0        0        0        0        0        0        0        0         0         0         0         0         0.651     0.647     0.645     0.642
C1910TS309_3  0        0        0        0        0        0        0        0        0        0         0         0         0         0         0         0         0.587     0.584
C1910TS345_1  0        0        0        0        0        0        0        0        0        0         0         0         0         0         0         0         0         0.455
C1910TS345_2  0        0        0        0        0        0        0        0        0        0         0         0         0         0         0         0         0         0.475
C1910TS345_3  0        0        0        0        0        0        0        0        0        0         0         0         0         0         0         0         0         0.450
C1910TS347_1  0        0        0        0        0        0        0        0        0        0         0         0         0.557     0.555     0.557     0.554     0.551     0.547
C1910TS349_1  0        0        0        0        0        0        0        0        0        0         0.714     0.705     0.684     0.690     0.690     0.685     0.679     0.672
C1910TS349_2  0        0        0        0        0        0        0        0        0        0         0         0         0         0.689     0.689     0.683     0.678     0.671
C1910TS349_3  0        0        0        0        0        0        0        0        0        0         0.714     0.705     0.684     0.690     0.690     0.685     0.679     0.672
C1910TS349_4  0        0        0        0        0        0        0        0        0        0         0         0         0         0.689     0.690     0.684     0.679     0.672
C1910TS349_5  0        0        0        0        0        0        0        0        0        0         0.714     0.705     0.684     0.690     0.690     0.685     0.679     0.672
C1910TS359_1  0        0        0        0        0        0        0        0        0        0         0         0         0         0         0.673     0.678     0.676     0.669
C1910TS369_1  0        0        0        0        0        0        0        0        0        0         0         0         0         0.676     0.684     0.680     0.675     0.669
C1910TS369_2  0        0        0        0        0        0        0        0        0        0         0         0         0.667     0.671     0.679     0.676     0.671     0.665
C1910TS369_3  0        0        0        0        0        0        0        0        0        0         0         0.689     0.679     0.682     0.690     0.688     0.683     0.675
C1910TS369_4  0        0        0        0        0        0        0        0        0        0         0         0         0         0         0.680     0.678     0.673     0.667
C1910TS405_1  0        0        0        0        0        0        0        0        0        0         0.698     0.679     0.660     0.657     0.661     0.661     0.660     0.656
C1910TS405_5  0        0        0        0        0        0        0        0        0        0         0         0         0         0.633     0.635     0.631     0.628     0.623
C1910TS414_2  0        0        0        0        0        0        0        0        0        0         0         0.663     0.647     0.645     0.651     0.654     0.652     0.648
C1910TS414_5  0        0        0        0        0        0        0        0        0        0         0         0         0         0         0         0.657     0.656     0.650
