C1903x2TS003_1 C1903x2TS044_1 C1903x2TS049_1 C1903x2TS049_2 C1903x2TS049_3 C1903x2TS049_4 C1903x2TS049_5 C1903x2TS067_1 C1903x2TS067_2 C1903x2TS067_3 C1903x2TS067_4 C1903x2TS067_5 C1903x2TS073_1 C1903x2TS073_2 C1903x2TS073_3 C1903x2TS073_4 C1903x2TS073_5 C1903x2TS103_1 C1903x2TS121_1 C1903x2TS121_2 C1903x2TS123_1 C1903x2TS123_2 C1903x2TS123_3 C1903x2TS123_4 C1903x2TS123_5 C1903x2TS131_1 C1903x2TS131_2 C1903x2TS131_3 C1903x2TS131_4 C1903x2TS131_5 C1903x2TS215_1 C1903x2TS215_2 C1903x2TS215_3 C1903x2TS215_4 C1903x2TS215_5 C1903x2TS228_1 C1903x2TS228_2 C1903x2TS228_3 C1903x2TS228_4 C1903x2TS228_5 C1903x2TS301_1 C1903x2TS389_1 C1903x2TS389_2 C1903x2TS389_3 C1903x2TS389_4 C1903x2TS389_5
1 0.2604 0.0515 0.0524 0.0566 0.0575 0.0734 0.2479 0.2479 0.2479 0.2224 0.2224 0.2696 0.2787 0.2754 0.2656 0.2668 0.2493 0.2423 0.1549 0.2294 0.2161 0.2291 0.2348 0.2348 0.2696 0.2697 0.2567 0.2556 0.2651 0.2702 0.2520 0.2683 0.2607 0.2451 0.2316 0.2296 0.2373 0.2074 0.2360 0.2604 0.2488 0.2629 0.2579 0.2476 0.2590
0.2347 1 0.0404 0.0440 0.0448 0.0458 0.0526 0.2742 0.2742 0.2742 0.2358 0.2358 0.3245 0.3359 0.3214 0.3044 0.3128 0.2762 0.2457 0.1667 0.2783 0.2796 0.2792 0.2780 0.2780 0.3944 0.3898 0.3851 0.3849 0.3832 0.3524 0.3073 0.3115 0.3662 0.3179 0.3179 0.3091 0.3445 0.2946 0.3381 1.0000 0.3676 0.3820 0.3824 0.3632 0.3859
0.3905 0.3678 1 0.1198 0.1228 0.1311 0.1506 0.3658 0.3658 0.3658 0.3582 0.3582 0.3776 0.3730 0.3730 0.3650 0.3817 0.3431 0.3568 0.2387 0.3541 0.3501 0.3391 0.3677 0.3677 0.3642 0.3640 0.3593 0.3604 0.3608 0.3699 0.3823 0.3691 0.3705 0.3639 0.3313 0.3243 0.3459 0.3104 0.3518 0.3678 0.3492 0.3649 0.3621 0.3467 0.3595
0.2613 0.2519 0.0758 1 0.0892 0.0936 0.1059 0.2577 0.2577 0.2577 0.2433 0.2433 0.2664 0.2667 0.2649 0.2590 0.2711 0.2243 0.2295 0.1519 0.2359 0.2312 0.2569 0.2462 0.2462 0.2466 0.2497 0.2480 0.2458 0.2507 0.2695 0.2649 0.2719 0.2605 0.2732 0.2247 0.2204 0.2444 0.2088 0.2504 0.2519 0.2486 0.2568 0.2492 0.2471 0.2499
0.2660 0.2437 0.0763 0.0904 1 0.1010 0.1183 0.2491 0.2491 0.2491 0.2400 0.2400 0.2695 0.2705 0.2787 0.2660 0.2735 0.2540 0.2550 0.1640 0.2524 0.2389 0.2358 0.2498 0.2498 0.2771 0.2804 0.2710 0.2699 0.2758 0.2632 0.2631 0.2534 0.2581 0.2524 0.2244 0.2260 0.2362 0.2020 0.2448 0.2437 0.2572 0.2576 0.2440 0.2551 0.2484
0.2672 0.2347 0.0731 0.0882 0.0945 1 0.1161 0.2691 0.2691 0.2691 0.2554 0.2554 0.2550 0.2497 0.2558 0.2519 0.2496 0.2305 0.2578 0.1730 0.2407 0.2424 0.2186 0.2621 0.2621 0.2586 0.2558 0.2554 0.2568 0.2570 0.2691 0.2362 0.2422 0.2626 0.2434 0.2227 0.2230 0.2237 0.2028 0.2197 0.2347 0.2308 0.2330 0.2334 0.2299 0.2301
0.3833 0.3263 0.1045 0.1214 0.1326 0.1409 1 0.3361 0.3361 0.3361 0.3305 0.3305 0.3459 0.3595 0.3586 0.3525 0.3453 0.3252 0.3251 0.2199 0.3044 0.3131 0.3060 0.3389 0.3389 0.3421 0.3403 0.3392 0.3425 0.3384 0.3374 0.3334 0.3405 0.3434 0.3240 0.3128 0.3085 0.3096 0.2895 0.3266 0.3263 0.3306 0.3341 0.3423 0.3292 0.3403
0.2139 0.2631 0.0401 0.0412 0.0432 0.0460 0.0511 1 0.9901 0.9901 0.2776 0.2776 0.2565 0.2507 0.2403 0.2461 0.2594 0.2438 0.2400 0.1636 0.2445 0.2369 0.2429 0.2648 0.2648 0.2780 0.2721 0.2664 0.2703 0.2651 0.2555 0.2527 0.2645 0.2692 0.2590 0.2334 0.2334 0.2400 0.2121 0.2380 0.2631 0.2436 0.2598 0.2569 0.2406 0.2623
0.2139 0.2631 0.0401 0.0412 0.0432 0.0460 0.0511 0.9901 1 0.9901 0.2776 0.2776 0.2565 0.2507 0.2403 0.2461 0.2594 0.2438 0.2400 0.1636 0.2445 0.2369 0.2429 0.2648 0.2648 0.2780 0.2721 0.2664 0.2703 0.2651 0.2555 0.2527 0.2645 0.2692 0.2590 0.2334 0.2334 0.2400 0.2121 0.2380 0.2631 0.2436 0.2598 0.2569 0.2406 0.2623
0.2139 0.2631 0.0401 0.0412 0.0432 0.0460 0.0511 0.9901 0.9901 1 0.2776 0.2776 0.2565 0.2507 0.2403 0.2461 0.2594 0.2438 0.2400 0.1636 0.2445 0.2369 0.2429 0.2648 0.2648 0.2780 0.2721 0.2664 0.2703 0.2651 0.2555 0.2527 0.2645 0.2692 0.2590 0.2334 0.2334 0.2400 0.2121 0.2380 0.2631 0.2436 0.2598 0.2569 0.2406 0.2623
0.2764 0.3254 0.0563 0.0611 0.0622 0.0649 0.0732 0.3999 0.3999 0.3999 1 1.0000 0.2977 0.2989 0.2944 0.2946 0.3061 0.2975 0.3065 0.2057 0.3299 0.2930 0.3008 0.3477 0.3477 0.3178 0.3165 0.3084 0.3086 0.3112 0.3174 0.3010 0.3125 0.3067 0.3113 0.2812 0.2811 0.3051 0.2650 0.2965 0.3254 0.2938 0.3074 0.3002 0.2901 0.3023
0.2764 0.3254 0.0563 0.0611 0.0622 0.0649 0.0732 0.3999 0.3999 0.3999 1.0000 1 0.2977 0.2989 0.2944 0.2946 0.3061 0.2975 0.3065 0.2057 0.3299 0.2930 0.3008 0.3477 0.3477 0.3178 0.3165 0.3084 0.3086 0.3112 0.3174 0.3010 0.3125 0.3067 0.3113 0.2812 0.2811 0.3051 0.2650 0.2965 0.3254 0.2938 0.3074 0.3002 0.2901 0.3023
0.1978 0.2593 0.0351 0.0366 0.0399 0.0403 0.0459 0.2143 0.2143 0.2143 0.1732 0.1732 1 0.3618 0.3689 0.3623 0.3685 0.2241 0.1963 0.1293 0.2252 0.2308 0.2162 0.2199 0.2199 0.2763 0.2763 0.2719 0.2729 0.2676 0.2442 0.2642 0.2522 0.2777 0.2511 0.2518 0.2491 0.2481 0.2300 0.2599 0.2593 0.2729 0.2806 0.2830 0.2694 0.2866
0.2049 0.2719 0.0353 0.0381 0.0405 0.0405 0.0478 0.2122 0.2122 0.2122 0.1748 0.1748 0.3603 1 0.3578 0.3819 0.3662 0.2255 0.2033 0.1259 0.2192 0.2102 0.2159 0.2105 0.2105 0.2879 0.2854 0.2803 0.2779 0.2767 0.2441 0.2559 0.2381 0.2635 0.2444 0.2445 0.2336 0.2402 0.2213 0.2460 0.2719 0.2625 0.2732 0.2733 0.2607 0.2760
0.2067 0.2637 0.0357 0.0376 0.0422 0.0422 0.0491 0.2056 0.2056 0.2056 0.1760 0.1760 0.3782 0.3665 1 0.3833 0.3662 0.2270 0.2098 0.1307 0.2203 0.2225 0.2228 0.2123 0.2123 0.2892 0.2941 0.2777 0.2775 0.2780 0.2527 0.2574 0.2446 0.2762 0.2544 0.2497 0.2412 0.2471 0.2218 0.2534 0.2637 0.2820 0.2915 0.2925 0.2796 0.2978
0.2200 0.2770 0.0384 0.0415 0.0463 0.0464 0.0521 0.2339 0.2339 0.2339 0.1946 0.1946 0.4094 0.4337 0.4209 1 0.4191 0.2462 0.2256 0.1410 0.2363 0.2361 0.2381 0.2306 0.2306 0.3025 0.3040 0.2881 0.2904 0.2949 0.2638 0.2895 0.2544 0.2914 0.2635 0.2589 0.2539 0.2567 0.2340 0.2661 0.2770 0.2884 0.2988 0.3005 0.2860 0.3053
0.2064 0.2648 0.0372 0.0393 0.0430 0.0420 0.0488 0.2292 0.2292 0.2292 0.1883 0.1883 0.3891 0.3825 0.3766 0.3899 1 0.2257 0.2047 0.1312 0.2312 0.2244 0.2270 0.2278 0.2278 0.2820 0.2807 0.2681 0.2693 0.2694 0.2464 0.2671 0.2499 0.2871 0.2626 0.2455 0.2417 0.2461 0.2226 0.2581 0.2648 0.2688 0.2858 0.2802 0.2676 0.2835
0.2128 0.2569 0.0358 0.0365 0.0439 0.0402 0.0483 0.2316 0.2316 0.2316 0.2005 0.2005 0.2608 0.2583 0.2568 0.2491 0.2474 1 0.2241 0.1471 0.2592 0.2462 0.2367 0.2573 0.2573 0.3170 0.3168 0.3104 0.3122 0.3151 0.2676 0.2796 0.2884 0.2745 0.2578 0.2638 0.2563 0.2545 0.2410 0.2632 0.2569 0.2783 0.2838 0.2750 0.2773 0.2808
0.2022 0.2296 0.0389 0.0387 0.0456 0.0441 0.0489 0.2305 0.2305 0.2305 0.2047 0.2047 0.2286 0.2334 0.2349 0.2301 0.2239 0.2218 1 0.2685 0.2456 0.2151 0.2132 0.2686 0.2686 0.2564 0.2575 0.2512 0.2513 0.2509 0.2503 0.2463 0.2392 0.2388 0.2424 0.2108 0.2155 0.2228 0.1987 0.2207 0.2296 0.2282 0.2458 0.2330 0.2251 0.2373
0.2244 0.2650 0.0443 0.0433 0.0503 0.0514 0.0560 0.2666 0.2666 0.2666 0.2329 0.2329 0.2602 0.2557 0.2566 0.2546 0.2499 0.2519 0.4838 1 0.2738 0.2394 0.2401 0.3031 0.3031 0.2879 0.2850 0.2799 0.2785 0.2762 0.2753 0.2688 0.2627 0.2674 0.2674 0.2463 0.2523 0.2566 0.2351 0.2565 0.2650 0.2605 0.2817 0.2701 0.2563 0.2749
0.2194 0.2927 0.0447 0.0444 0.0494 0.0470 0.0525 0.2693 0.2693 0.2693 0.2553 0.2553 0.2962 0.2891 0.2833 0.2735 0.2863 0.2923 0.2816 0.1832 1 0.3028 0.2947 0.4583 0.4583 0.3282 0.3239 0.3269 0.3218 0.3219 0.3138 0.2980 0.2972 0.3071 0.3119 0.2697 0.2760 0.2983 0.2584 0.2828 0.2927 0.2953 0.3189 0.3038 0.2947 0.3077
0.1650 0.2340 0.0352 0.0347 0.0372 0.0377 0.0431 0.2090 0.2090 0.2090 0.1807 0.1807 0.2421 0.2176 0.2269 0.2174 0.2205 0.2141 0.1959 0.1258 0.2411 1 0.2372 0.2373 0.2373 0.2569 0.2519 0.2612 0.2611 0.2492 0.2448 0.2390 0.2445 0.2358 0.2259 0.2141 0.2195 0.2260 0.2020 0.2252 0.2340 0.2351 0.2385 0.2392 0.2329 0.2431
0.2158 0.2884 0.0431 0.0447 0.0452 0.0432 0.0517 0.2649 0.2649 0.2649 0.2289 0.2289 0.2792 0.2790 0.2796 0.2721 0.2769 0.2628 0.2406 0.1594 0.2894 0.2952 1 0.2866 0.2866 0.3136 0.3142 0.3091 0.3085 0.3076 0.2892 0.2941 0.2825 0.3040 0.2811 0.2749 0.2740 0.2966 0.2548 0.2951 0.2884 0.3051 0.3112 0.3152 0.3029 0.3165
0.2162 0.2828 0.0430 0.0432 0.0443 0.0483 0.0548 0.2798 0.2798 0.2798 0.2567 0.2567 0.2799 0.2676 0.2643 0.2585 0.2734 0.2760 0.2974 0.2013 0.4516 0.2878 0.2795 1 1.0000 0.3110 0.3072 0.3117 0.3093 0.3015 0.3043 0.2857 0.2803 0.3025 0.3072 0.2557 0.2593 0.2834 0.2422 0.2712 0.2828 0.2799 0.2994 0.2836 0.2779 0.2886
0.2162 0.2828 0.0430 0.0432 0.0443 0.0483 0.0548 0.2798 0.2798 0.2798 0.2567 0.2567 0.2799 0.2676 0.2643 0.2585 0.2734 0.2760 0.2974 0.2013 0.4516 0.2878 0.2795 1.0000 1 0.3110 0.3072 0.3117 0.3093 0.3015 0.3043 0.2857 0.2803 0.3025 0.3072 0.2557 0.2593 0.2834 0.2422 0.2712 0.2828 0.2799 0.2994 0.2836 0.2779 0.2886
0.1991 0.3225 0.0332 0.0340 0.0407 0.0388 0.0443 0.2339 0.2339 0.2339 0.1885 0.1885 0.2802 0.2912 0.2851 0.2704 0.2705 0.2771 0.2236 0.1439 0.2539 0.2509 0.2468 0.2485 0.2485 1 0.7123 0.6710 0.6866 0.6598 0.3051 0.2738 0.2732 0.3031 0.2674 0.3061 0.2993 0.3167 0.2803 0.3063 0.3225 0.3320 0.3446 0.3217 0.3296 0.3300
0.1960 0.3138 0.0330 0.0343 0.0402 0.0379 0.0437 0.2256 0.2256 0.2256 0.1845 0.1845 0.2762 0.2844 0.2860 0.2672 0.2655 0.2728 0.2210 0.1403 0.2457 0.2423 0.2423 0.2422 0.2422 0.7022 1 0.6364 0.6371 0.7186 0.2987 0.2785 0.2712 0.3018 0.2666 0.3013 0.2961 0.3136 0.2747 0.3016 0.3138 0.3370 0.3463 0.3173 0.3358 0.3237
0.1848 0.3077 0.0323 0.0337 0.0396 0.0374 0.0435 0.2192 0.2192 0.2192 0.1789 0.1789 0.2698 0.2783 0.2687 0.2516 0.2515 0.2652 0.2155 0.1406 0.2477 0.2506 0.2375 0.2449 0.2449 0.6495 0.6202 1 0.7428 0.6250 0.2964 0.2658 0.2611 0.2875 0.2629 0.3004 0.2962 0.3154 0.2758 0.2986 0.3077 0.3290 0.3376 0.3204 0.3257 0.3267
0.1850 0.3079 0.0327 0.0336 0.0393 0.0382 0.0437 0.2227 0.2227 0.2227 0.1791 0.1791 0.2710 0.2762 0.2686 0.2536 0.2530 0.2664 0.2160 0.1397 0.2435 0.2511 0.2368 0.2433 0.2433 0.6680 0.6255 0.7446 1 0.6368 0.2942 0.2664 0.2625 0.2891 0.2613 0.2954 0.2901 0.3106 0.2725 0.2989 0.3079 0.3230 0.3312 0.3179 0.3202 0.3261
0.2013 0.3221 0.0347 0.0358 0.0417 0.0405 0.0457 0.2301 0.2301 0.2301 0.1898 0.1898 0.2804 0.2899 0.2844 0.2715 0.2673 0.2843 0.2270 0.1464 0.2560 0.2513 0.2484 0.2484 0.2484 0.6809 0.7509 0.6670 0.6738 1 0.3044 0.2820 0.2771 0.3038 0.2702 0.3170 0.3114 0.3275 0.2859 0.3187 0.3221 0.3478 0.3555 0.3244 0.3469 0.3292
0.1902 0.2736 0.0338 0.0352 0.0373 0.0372 0.0426 0.2077 0.2077 0.2077 0.1802 0.1802 0.2372 0.2360 0.2380 0.2249 0.2258 0.2174 0.2111 0.1363 0.2320 0.2287 0.2174 0.2332 0.2332 0.2910 0.2901 0.2891 0.2866 0.2821 1 0.2621 0.2760 0.2793 0.2831 0.2399 0.2396 0.2609 0.2232 0.2521 0.2736 0.2656 0.2901 0.2749 0.2634 0.2778
0.1750 0.2387 0.0354 0.0355 0.0386 0.0373 0.0422 0.2040 0.2040 0.2040 0.1690 0.1690 0.2550 0.2456 0.2425 0.2447 0.2436 0.2299 0.2060 0.1313 0.2196 0.2211 0.2210 0.2170 0.2170 0.2585 0.2668 0.2567 0.2568 0.2581 0.2604 1 0.2709 0.2572 0.2705 0.2464 0.2436 0.2523 0.2278 0.2464 0.2387 0.2659 0.2746 0.2627 0.2634 0.2663
0.1915 0.2446 0.0340 0.0353 0.0361 0.0383 0.0422 0.2191 0.2191 0.2191 0.1801 0.1801 0.2484 0.2324 0.2344 0.2195 0.2324 0.2421 0.2036 0.1306 0.2231 0.2314 0.2157 0.2176 0.2176 0.2652 0.2673 0.2596 0.2602 0.2600 0.2794 0.2775 1 0.2739 0.2792 0.2484 0.2452 0.2491 0.2270 0.2540 0.2446 0.2614 0.2694 0.2560 0.2592 0.2610
0.1892 0.2942 0.0351 0.0350 0.0385 0.0390 0.0447 0.2254 0.2254 0.2254 0.1797 0.1797 0.2771 0.2630 0.2693 0.2565 0.2715 0.2351 0.2067 0.1362 0.2342 0.2271 0.2367 0.2387 0.2387 0.3012 0.3046 0.2920 0.2930 0.2920 0.2883 0.2673 0.2798 1 0.2847 0.2429 0.2451 0.2578 0.2232 0.2531 0.2942 0.2940 0.2958 0.3021 0.2922 0.3033
0.1787 0.2586 0.0344 0.0363 0.0370 0.0382 0.0436 0.2194 0.2194 0.2194 0.1834 0.1834 0.2534 0.2470 0.2519 0.2348 0.2510 0.2237 0.2129 0.1386 0.2410 0.2208 0.2198 0.2434 0.2434 0.2674 0.2705 0.2686 0.2662 0.2611 0.2943 0.2848 0.2863 0.2870 1 0.2507 0.2480 0.2852 0.2293 0.2699 0.2586 0.2746 0.3036 0.2980 0.2720 0.3009
0.1993 0.3056 0.0371 0.0384 0.0401 0.0402 0.0487 0.2338 0.2338 0.2338 0.1995 0.1995 0.2976 0.2895 0.2893 0.2699 0.2759 0.2741 0.2202 0.1497 0.2445 0.2429 0.2531 0.2440 0.2440 0.3578 0.3562 0.3620 0.3573 0.3586 0.2942 0.3035 0.3004 0.2891 0.2963 1 0.6303 0.4856 0.6242 0.4895 0.3056 0.3854 0.3769 0.3764 0.3822 0.3839
0.1989 0.2980 0.0363 0.0378 0.0391 0.0388 0.0467 0.2343 0.2343 0.2343 0.1994 0.1994 0.2981 0.2792 0.2799 0.2666 0.2716 0.2638 0.2203 0.1500 0.2490 0.2441 0.2533 0.2441 0.2441 0.3475 0.3486 0.3552 0.3492 0.3505 0.2956 0.3005 0.2963 0.2907 0.2917 0.6323 1 0.4781 0.5523 0.4728 0.2980 0.3720 0.3642 0.3650 0.3686 0.3679
0.2072 0.3312 0.0389 0.0388 0.0417 0.0420 0.0478 0.2402 0.2402 0.2402 0.2135 0.2135 0.3004 0.2911 0.2911 0.2745 0.2829 0.2629 0.2318 0.1562 0.2709 0.2567 0.2737 0.2648 0.2648 0.3709 0.3703 0.3784 0.3744 0.3707 0.3194 0.3133 0.3035 0.3085 0.3358 0.4889 0.4836 1 0.4546 0.4681 0.3312 0.3959 0.3980 0.4026 0.3911 0.4089
0.1994 0.3044 0.0378 0.0391 0.0406 0.0414 0.0490 0.2339 0.2339 0.2339 0.2031 0.2031 0.3023 0.2907 0.2871 0.2694 0.2753 0.2735 0.2230 0.1520 0.2507 0.2443 0.2515 0.2464 0.2464 0.3565 0.3544 0.3608 0.3585 0.3558 0.2971 0.3044 0.3028 0.2868 0.2941 0.6909 0.6098 0.4878 1 0.4870 0.3044 0.3848 0.3763 0.3771 0.3807 0.3837
0.1981 0.3041 0.0375 0.0388 0.0386 0.0399 0.0480 0.2281 0.2281 0.2281 0.1994 0.1994 0.2998 0.2852 0.2853 0.2699 0.2816 0.2621 0.2187 0.1482 0.2481 0.2478 0.2626 0.2441 0.2441 0.3459 0.3450 0.3464 0.3454 0.3484 0.2990 0.2945 0.2952 0.2905 0.3066 0.4622 0.4518 0.4474 0.4223 1 0.3041 0.3774 0.3629 0.3655 0.3748 0.3689
0.2347 1.0000 0.0404 0.0440 0.0448 0.0458 0.0526 0.2742 0.2742 0.2742 0.2358 0.2358 0.3245 0.3359 0.3214 0.3044 0.3128 0.2762 0.2457 0.1667 0.2783 0.2796 0.2792 0.2780 0.2780 0.3944 0.3898 0.3851 0.3849 0.3832 0.3524 0.3073 0.3115 0.3662 0.3179 0.3179 0.3091 0.3445 0.2946 0.3381 1 0.3676 0.3820 0.3824 0.3632 0.3859
0.2099 0.3401 0.0366 0.0382 0.0437 0.0416 0.0491 0.2365 0.2365 0.2365 0.1987 0.1987 0.3148 0.3040 0.3171 0.2951 0.2931 0.2828 0.2307 0.1563 0.2595 0.2618 0.2754 0.2564 0.2564 0.3766 0.3926 0.3885 0.3812 0.3894 0.3160 0.3209 0.3074 0.3370 0.3163 0.3817 0.3679 0.3839 0.3551 0.3914 0.3401 1 0.5247 0.5055 0.8657 0.5148
0.2159 0.3478 0.0375 0.0386 0.0439 0.0420 0.0479 0.2468 0.2468 0.2468 0.2024 0.2024 0.3181 0.3049 0.3206 0.2963 0.3041 0.2775 0.2421 0.1616 0.2723 0.2570 0.2721 0.2681 0.2681 0.3808 0.3893 0.3832 0.3777 0.3822 0.3352 0.3204 0.3062 0.3310 0.3378 0.3559 0.3458 0.3749 0.3321 0.3612 0.3478 0.5046 1 0.5037 0.4991 0.5180
0.2181 0.3559 0.0379 0.0395 0.0436 0.0427 0.0502 0.2504 0.2504 0.2504 0.2020 0.2020 0.3285 0.3161 0.3305 0.3063 0.3059 0.2796 0.2343 0.1585 0.2681 0.2664 0.2830 0.2602 0.2602 0.3686 0.3676 0.3771 0.3765 0.3607 0.3282 0.3187 0.3009 0.3493 0.3460 0.3671 0.3561 0.3914 0.3438 0.3752 0.3559 0.5030 0.5264 1 0.5021 0.8870
0.2113 0.3403 0.0368 0.0381 0.0434 0.0416 0.0491 0.2370 0.2370 0.2370 0.1991 0.1991 0.3159 0.3051 0.3176 0.2969 0.2943 0.2841 0.2298 0.1557 0.2613 0.2620 0.2761 0.2563 0.2563 0.3783 0.3950 0.3899 0.3830 0.3919 0.3163 0.3225 0.3074 0.3368 0.3150 0.3840 0.3697 0.3845 0.3567 0.3920 0.3403 0.8751 0.5255 0.5102 1 0.5183
0.2141 0.3496 0.0366 0.0386 0.0431 0.0414 0.0485 0.2493 0.2493 0.2493 0.1986 0.1986 0.3238 0.3101 0.3251 0.3010 0.3021 0.2768 0.2312 0.1559 0.2645 0.2625 0.2761 0.2575 0.2575 0.3669 0.3639 0.3729 0.3737 0.3550 0.3227 0.3136 0.2976 0.3417 0.3390 0.3645 0.3491 0.3860 0.3400 0.3659 0.3496 0.4984 0.5267 0.8602 0.4958 1
