C1904d2TS003_1 C1904d2TS049_1 C1904d2TS049_2 C1904d2TS049_3 C1904d2TS049_4 C1904d2TS049_5 C1904d2TS067_1 C1904d2TS067_2 C1904d2TS067_3 C1904d2TS067_4 C1904d2TS067_5 C1904d2TS103_1 C1904d2TS121_1 C1904d2TS121_2 C1904d2TS123_1 C1904d2TS123_2 C1904d2TS123_3 C1904d2TS123_4 C1904d2TS123_5 C1904d2TS131_1 C1904d2TS131_2 C1904d2TS131_3 C1904d2TS131_4 C1904d2TS131_5 C1904d2TS210_1 C1904d2TS210_2 C1904d2TS210_3 C1904d2TS210_4 C1904d2TS210_5 C1904d2TS215_1 C1904d2TS215_2 C1904d2TS215_3 C1904d2TS215_4 C1904d2TS215_5 C1904d2TS228_1 C1904d2TS228_2 C1904d2TS228_3 C1904d2TS228_4 C1904d2TS228_5 C1904d2TS240_1 C1904d2TS240_2 C1904d2TS240_3 C1904d2TS240_4 C1904d2TS240_5 C1904d2TS258_1 C1904d2TS258_2 C1904d2TS258_3 C1904d2TS258_4 C1904d2TS258_5 C1904d2TS273_1 C1904d2TS273_2 C1904d2TS273_3 C1904d2TS273_4 C1904d2TS273_5 C1904d2TS347_1 C1904d2TS347_2 C1904d2TS347_3 C1904d2TS405_1 C1904d2TS405_2 C1904d2TS405_3 C1904d2TS405_4 C1904d2TS405_5 C1904d2TS438_1 C1904d2TS438_2 C1904d2TS438_3 C1904d2TS438_4 C1904d2TS438_5
1 0.0429 0.0685 0.0582 0.0658 0.0651 0.2470 0.2527 0.2470 0.2720 0.2470 0.2548 0.2503 0.1517 0.2665 0.2884 0.2665 0.2665 0.2898 0.3061 0.3031 0.3023 0.3019 0.3001 0.2821 0.2823 0.2846 0.2853 0.3030 0.2623 0.2833 0.2709 0.2781 0.2589 0.3019 0.2953 0.2943 0.3030 0.2696 0.2911 0.2881 0.2970 0.2908 0.2869 0.2784 0.2750 0.2918 0.2768 0.2881 0.2840 0.2843 0.2821 0.2840 0.2813 0.3099 0.3067 0.2764 0.2821 0.2823 0.2846 0.2794 0.2853 0.2757 0.1335 0.1682 0.2766 0.2751
0.3163 1 0.1316 0.1079 0.1146 0.1134 0.3199 0.3000 0.3199 0.3046 0.3199 0.3141 0.3086 0.2029 0.2984 0.2804 0.2945 0.2945 0.3099 0.3130 0.3141 0.3163 0.3102 0.3078 0.2993 0.2961 0.2996 0.3171 0.2992 0.3050 0.3051 0.3065 0.3005 0.3126 0.3056 0.3019 0.3052 0.3058 0.2707 0.3063 0.3237 0.3109 0.3106 0.3023 0.3169 0.3173 0.3165 0.3113 0.3083 0.3187 0.3062 0.3118 0.3092 0.3178 0.3115 0.3063 0.3062 0.2993 0.2961 0.2996 0.2983 0.3171 0.3086 0.1370 0.1690 0.3096 0.3096
0.3628 0.1022 1 0.1488 0.1735 0.1688 0.3579 0.3379 0.3579 0.3464 0.3579 0.3649 0.3516 0.2218 0.3113 0.3141 0.3365 0.3365 0.3245 0.3214 0.3234 0.3510 0.3225 0.3233 0.3340 0.3312 0.3318 0.3406 0.3269 0.3412 0.3326 0.3633 0.3267 0.3360 0.3498 0.3410 0.3441 0.3542 0.2963 0.3647 0.3622 0.3746 0.3677 0.3707 0.3339 0.3338 0.3373 0.3292 0.3358 0.3380 0.3397 0.3436 0.3427 0.3458 0.3772 0.3710 0.3559 0.3340 0.3312 0.3318 0.3287 0.3406 0.3235 0.1563 0.1917 0.3212 0.3206
0.3926 0.1066 0.1969 1 0.1762 0.1618 0.3628 0.3696 0.3628 0.3778 0.3628 0.3638 0.3475 0.2226 0.3512 0.3440 0.3656 0.3656 0.3735 0.3607 0.3604 0.3651 0.3579 0.3648 0.3523 0.3527 0.3519 0.3624 0.3427 0.3682 0.3538 0.3737 0.3627 0.3774 0.3643 0.3591 0.3594 0.3646 0.3081 0.3693 0.3702 0.3681 0.3736 0.3734 0.3582 0.3586 0.3561 0.3566 0.3541 0.3729 0.3712 0.3739 0.3693 0.3763 0.3799 0.3749 0.3701 0.3523 0.3527 0.3519 0.3512 0.3624 0.3503 0.1516 0.1956 0.3515 0.3494
0.3666 0.0953 0.1894 0.1493 1 0.1630 0.3387 0.3334 0.3387 0.3337 0.3387 0.3671 0.3240 0.2015 0.3409 0.3114 0.3575 0.3575 0.3655 0.3246 0.3259 0.3260 0.3252 0.3279 0.3295 0.3229 0.3263 0.3277 0.3177 0.3276 0.3397 0.3571 0.3459 0.3438 0.3422 0.3352 0.3324 0.3461 0.2941 0.3373 0.3406 0.3388 0.3364 0.3382 0.3400 0.3352 0.3418 0.3340 0.3381 0.3373 0.3355 0.3431 0.3425 0.3461 0.3421 0.3308 0.3242 0.3295 0.3229 0.3263 0.3252 0.3277 0.3226 0.1453 0.1825 0.3234 0.3190
0.3050 0.0700 0.1363 0.1073 0.1280 1 0.2723 0.2900 0.2723 0.2784 0.2723 0.2756 0.2770 0.1646 0.2535 0.2623 0.2912 0.2912 0.2710 0.2829 0.2850 0.2861 0.2814 0.2794 0.2612 0.2570 0.2566 0.2831 0.2548 0.2841 0.3011 0.2810 0.2619 0.2697 0.2968 0.2925 0.2926 0.2964 0.2636 0.2913 0.2836 0.2873 0.2896 0.3006 0.3059 0.3049 0.2873 0.3029 0.2971 0.2881 0.2865 0.2843 0.2819 0.2876 0.2972 0.2915 0.2610 0.2612 0.2570 0.2566 0.2581 0.2831 0.2702 0.1081 0.1485 0.2741 0.2713
0.2462 0.0419 0.0633 0.0521 0.0615 0.0547 1 0.2774 1.0000 0.2711 1.0000 0.3164 0.2948 0.1844 0.3182 0.2812 0.2845 0.2845 0.3220 0.3253 0.3261 0.3408 0.3237 0.3222 0.3061 0.3039 0.2978 0.3265 0.2971 0.2699 0.2834 0.2924 0.3034 0.2634 0.2947 0.2898 0.2912 0.2933 0.2780 0.3175 0.3015 0.3192 0.3174 0.3157 0.3243 0.3318 0.3056 0.3264 0.3179 0.2981 0.3071 0.3026 0.3107 0.3013 0.2937 0.2912 0.2940 0.3061 0.3039 0.2978 0.2909 0.3265 0.3209 0.1587 0.1774 0.3246 0.3220
0.2313 0.0357 0.0592 0.0485 0.0547 0.0583 0.2560 1 0.2560 0.2615 0.2560 0.2708 0.2443 0.1554 0.2864 0.2750 0.2569 0.2569 0.3037 0.2842 0.2832 0.2748 0.2829 0.2779 0.2607 0.2562 0.2584 0.2643 0.2654 0.2280 0.2442 0.2455 0.2439 0.2304 0.2709 0.2628 0.2632 0.2734 0.2456 0.2711 0.2847 0.2587 0.2664 0.2710 0.2847 0.2982 0.2722 0.2898 0.2742 0.2664 0.2676 0.2774 0.2788 0.2695 0.2775 0.2737 0.2562 0.2607 0.2562 0.2584 0.2540 0.2643 0.2693 0.1211 0.1500 0.2731 0.2707
0.2462 0.0419 0.0633 0.0521 0.0615 0.0547 1.0000 0.2774 1 0.2711 1.0000 0.3164 0.2948 0.1844 0.3182 0.2812 0.2845 0.2845 0.3220 0.3253 0.3261 0.3408 0.3237 0.3222 0.3061 0.3039 0.2978 0.3265 0.2971 0.2699 0.2834 0.2924 0.3034 0.2634 0.2947 0.2898 0.2912 0.2933 0.2780 0.3175 0.3015 0.3192 0.3174 0.3157 0.3243 0.3318 0.3056 0.3264 0.3179 0.2981 0.3071 0.3026 0.3107 0.3013 0.2937 0.2912 0.2940 0.3061 0.3039 0.2978 0.2909 0.3265 0.3209 0.1587 0.1774 0.3246 0.3220
0.2347 0.0361 0.0556 0.0474 0.0532 0.0525 0.2333 0.2443 0.2333 1 0.2333 0.2404 0.2054 0.1340 0.2793 0.2438 0.2364 0.2364 0.2939 0.2656 0.2668 0.2674 0.2658 0.2628 0.2578 0.2575 0.2556 0.2529 0.2420 0.2209 0.2375 0.2333 0.2505 0.2384 0.2535 0.2469 0.2469 0.2549 0.2193 0.2539 0.2413 0.2628 0.2489 0.2581 0.2440 0.2420 0.2381 0.2439 0.2507 0.2437 0.2497 0.2396 0.2439 0.2396 0.2717 0.2588 0.2786 0.2578 0.2575 0.2556 0.2706 0.2529 0.2537 0.1240 0.1509 0.2578 0.2576
0.2462 0.0419 0.0633 0.0521 0.0615 0.0547 1.0000 0.2774 1.0000 0.2711 1 0.3164 0.2948 0.1844 0.3182 0.2812 0.2845 0.2845 0.3220 0.3253 0.3261 0.3408 0.3237 0.3222 0.3061 0.3039 0.2978 0.3265 0.2971 0.2699 0.2834 0.2924 0.3034 0.2634 0.2947 0.2898 0.2912 0.2933 0.2780 0.3175 0.3015 0.3192 0.3174 0.3157 0.3243 0.3318 0.3056 0.3264 0.3179 0.2981 0.3071 0.3026 0.3107 0.3013 0.2937 0.2912 0.2940 0.3061 0.3039 0.2978 0.2909 0.3265 0.3209 0.1587 0.1774 0.3246 0.3220
0.2045 0.0341 0.0509 0.0417 0.0503 0.0483 0.2517 0.2352 0.2517 0.2215 0.2517 1 0.2239 0.1456 0.2458 0.2607 0.2558 0.2558 0.2607 0.2579 0.2576 0.2679 0.2546 0.2483 0.2556 0.2536 0.2435 0.2697 0.2826 0.2392 0.2489 0.2472 0.2546 0.2235 0.2591 0.2570 0.2593 0.2583 0.2320 0.2858 0.2809 0.2894 0.2869 0.2765 0.2615 0.2738 0.2563 0.2635 0.2571 0.2527 0.2553 0.2548 0.2566 0.2569 0.2609 0.2616 0.2549 0.2556 0.2536 0.2435 0.2352 0.2697 0.2500 0.1306 0.1424 0.2544 0.2526
0.2291 0.0356 0.0575 0.0470 0.0554 0.0530 0.2655 0.2399 0.2655 0.2198 0.2655 0.2547 1 0.2738 0.2372 0.2326 0.2388 0.2388 0.2509 0.2665 0.2643 0.2770 0.2606 0.2590 0.2683 0.2719 0.2674 0.2944 0.2402 0.2315 0.2426 0.2551 0.2583 0.2316 0.2487 0.2450 0.2475 0.2477 0.2320 0.2663 0.2729 0.2626 0.2685 0.2713 0.2638 0.2532 0.2565 0.2611 0.2634 0.2709 0.2742 0.2719 0.2732 0.2739 0.2779 0.2720 0.2450 0.2683 0.2719 0.2674 0.2596 0.2944 0.2409 0.1223 0.1381 0.2437 0.2429
0.2259 0.0374 0.0571 0.0491 0.0547 0.0521 0.2725 0.2366 0.2725 0.2340 0.2725 0.2633 0.4695 1 0.2396 0.2420 0.2524 0.2524 0.2546 0.2650 0.2628 0.2741 0.2623 0.2573 0.2643 0.2684 0.2640 0.2926 0.2491 0.2325 0.2448 0.2610 0.2603 0.2378 0.2431 0.2401 0.2440 0.2423 0.2298 0.2661 0.2716 0.2624 0.2665 0.2643 0.2656 0.2565 0.2641 0.2625 0.2623 0.2715 0.2769 0.2714 0.2714 0.2723 0.2748 0.2678 0.2398 0.2643 0.2684 0.2640 0.2529 0.2926 0.2436 0.1227 0.1428 0.2475 0.2462
0.2229 0.0303 0.0482 0.0429 0.0487 0.0453 0.2680 0.2627 0.2680 0.2734 0.2680 0.2585 0.2184 0.1380 1 0.3373 0.2921 0.2921 0.6203 0.2883 0.2876 0.2854 0.2890 0.2917 0.2927 0.2871 0.2819 0.2804 0.2848 0.2275 0.2568 0.2465 0.2788 0.2689 0.2798 0.2735 0.2750 0.2792 0.2688 0.2829 0.2833 0.2950 0.2887 0.2958 0.2873 0.2805 0.2847 0.2869 0.2858 0.2694 0.2747 0.2664 0.2732 0.2660 0.2962 0.2972 0.2811 0.2927 0.2871 0.2819 0.2801 0.2804 0.3004 0.1429 0.1708 0.3010 0.2991
0.2312 0.0282 0.0453 0.0390 0.0439 0.0449 0.2219 0.2380 0.2219 0.2284 0.2219 0.2573 0.2052 0.1305 0.3218 1 0.2565 0.2565 0.3177 0.2616 0.2594 0.2756 0.2607 0.2630 0.2792 0.2765 0.2787 0.2995 0.3037 0.2223 0.2760 0.2658 0.2742 0.2698 0.2926 0.2883 0.2882 0.2944 0.2673 0.2760 0.2875 0.2883 0.2916 0.2739 0.2732 0.2664 0.2701 0.2723 0.2713 0.2583 0.2579 0.2507 0.2538 0.2505 0.2919 0.2890 0.2625 0.2792 0.2765 0.2787 0.2542 0.2995 0.2743 0.1411 0.1620 0.2786 0.2762
0.2511 0.0362 0.0605 0.0494 0.0596 0.0561 0.2675 0.2620 0.2675 0.2590 0.2675 0.3028 0.2464 0.1612 0.3245 0.2991 1 1.0000 0.3376 0.3089 0.3080 0.3025 0.3084 0.3008 0.3036 0.3037 0.2972 0.3128 0.3249 0.2353 0.2836 0.2818 0.2860 0.2903 0.2950 0.2907 0.2925 0.2926 0.2668 0.2921 0.2814 0.2946 0.2978 0.2918 0.3124 0.3131 0.3003 0.3013 0.3208 0.2976 0.3082 0.3002 0.3061 0.3008 0.3256 0.3239 0.2652 0.3036 0.3037 0.2972 0.2932 0.3128 0.3026 0.1514 0.1648 0.3042 0.3020
0.2511 0.0362 0.0605 0.0494 0.0596 0.0561 0.2675 0.2620 0.2675 0.2590 0.2675 0.3028 0.2464 0.1612 0.3245 0.2991 1.0000 1 0.3376 0.3089 0.3080 0.3025 0.3084 0.3008 0.3036 0.3037 0.2972 0.3128 0.3249 0.2353 0.2836 0.2818 0.2860 0.2903 0.2950 0.2907 0.2925 0.2926 0.2668 0.2921 0.2814 0.2946 0.2978 0.2918 0.3124 0.3131 0.3003 0.3013 0.3208 0.2976 0.3082 0.3002 0.3061 0.3008 0.3256 0.3239 0.2652 0.3036 0.3037 0.2972 0.2932 0.3128 0.3026 0.1514 0.1648 0.3042 0.3020
0.2264 0.0297 0.0475 0.0415 0.0476 0.0445 0.2530 0.2579 0.2530 0.2691 0.2530 0.2580 0.2152 0.1383 0.5844 0.3095 0.2814 0.2814 1 0.2683 0.2678 0.2659 0.2693 0.2651 0.2707 0.2697 0.2632 0.2609 0.2775 0.2085 0.2455 0.2359 0.2562 0.2549 0.2666 0.2608 0.2626 0.2653 0.2513 0.2503 0.2550 0.2654 0.2544 0.2643 0.2605 0.2586 0.2659 0.2645 0.2666 0.2538 0.2532 0.2556 0.2568 0.2525 0.2724 0.2738 0.2825 0.2707 0.2697 0.2632 0.2609 0.2609 0.2713 0.1375 0.1602 0.2709 0.2705
0.3130 0.0411 0.0609 0.0511 0.0576 0.0580 0.3321 0.3134 0.3321 0.3169 0.3321 0.3276 0.2994 0.1825 0.3542 0.3361 0.3348 0.3348 0.3496 1 0.9370 0.6853 0.8555 0.8462 0.4330 0.4279 0.4301 0.3919 0.4217 0.2970 0.3279 0.3242 0.3593 0.3283 0.3883 0.3818 0.3840 0.3876 0.3826 0.4127 0.4072 0.4176 0.4108 0.4060 0.4768 0.4672 0.4793 0.4803 0.4698 0.4014 0.4037 0.4013 0.4154 0.3934 0.3446 0.3408 0.3395 0.4330 0.4279 0.4301 0.4337 0.3919 0.4562 0.1847 0.2113 0.4542 0.4500
0.3134 0.0417 0.0620 0.0517 0.0582 0.0586 0.3365 0.3158 0.3365 0.3221 0.3365 0.3304 0.2999 0.1849 0.3562 0.3358 0.3367 0.3367 0.3521 0.9413 1 0.6835 0.8706 0.8641 0.4352 0.4290 0.4381 0.3930 0.4268 0.2993 0.3353 0.3291 0.3652 0.3284 0.3929 0.3866 0.3887 0.3922 0.3841 0.4192 0.4123 0.4154 0.4165 0.4061 0.4809 0.4739 0.4815 0.4798 0.4789 0.4040 0.4059 0.4025 0.4145 0.3944 0.3470 0.3442 0.3453 0.4352 0.4290 0.4381 0.4409 0.3930 0.4575 0.1841 0.2140 0.4601 0.4580
0.2817 0.0372 0.0562 0.0483 0.0526 0.0529 0.3146 0.2757 0.3146 0.2899 0.3146 0.3094 0.2835 0.1769 0.3155 0.3191 0.2970 0.2970 0.3129 0.6268 0.6197 1 0.6065 0.5966 0.3998 0.3964 0.3907 0.3540 0.4001 0.2596 0.2979 0.3027 0.3219 0.3226 0.3898 0.3803 0.3786 0.3923 0.3764 0.4100 0.3956 0.4102 0.4092 0.3908 0.4245 0.4208 0.4269 0.4198 0.4192 0.3639 0.3645 0.3676 0.3737 0.3611 0.3436 0.3446 0.3203 0.3998 0.3964 0.3907 0.3968 0.3540 0.4044 0.1774 0.2123 0.4027 0.3993
0.3141 0.0405 0.0625 0.0519 0.0587 0.0584 0.3357 0.3174 0.3357 0.3229 0.3357 0.3290 0.2979 0.1845 0.3609 0.3403 0.3403 0.3403 0.3573 0.8685 0.8789 0.6744 1 0.8143 0.4413 0.4381 0.4432 0.3953 0.4252 0.3006 0.3355 0.3336 0.3684 0.3356 0.3961 0.3885 0.3910 0.3957 0.3869 0.4148 0.4179 0.4199 0.4139 0.4090 0.4796 0.4840 0.4882 0.4822 0.4820 0.4108 0.4135 0.4115 0.4239 0.3989 0.3500 0.3487 0.3450 0.4413 0.4381 0.4432 0.4462 0.3953 0.4585 0.1867 0.2176 0.4566 0.4530
0.3116 0.0404 0.0615 0.0530 0.0588 0.0585 0.3326 0.3100 0.3326 0.3178 0.3326 0.3197 0.2946 0.1827 0.3627 0.3425 0.3306 0.3306 0.3506 0.8547 0.8673 0.6615 0.8093 1 0.4390 0.4339 0.4324 0.3993 0.4208 0.3004 0.3290 0.3319 0.3603 0.3271 0.3914 0.3858 0.3879 0.3899 0.3892 0.4219 0.4124 0.4218 0.4143 0.4105 0.4742 0.4669 0.4796 0.4770 0.4725 0.4069 0.4091 0.4012 0.4132 0.3938 0.3462 0.3416 0.3402 0.4390 0.4339 0.4324 0.4388 0.3993 0.4584 0.1853 0.2190 0.4575 0.4557
0.2628 0.0347 0.0578 0.0463 0.0542 0.0510 0.2837 0.2637 0.2837 0.2801 0.2837 0.2969 0.2729 0.1681 0.3252 0.3269 0.2993 0.2993 0.3217 0.3926 0.3904 0.3971 0.3930 0.3924 1 0.6981 0.6416 0.4602 0.3840 0.2719 0.2947 0.3047 0.3169 0.2989 0.3668 0.3584 0.3600 0.3682 0.3422 0.3631 0.3407 0.3589 0.3541 0.3420 0.3644 0.3567 0.3571 0.3650 0.3629 0.3522 0.3569 0.3376 0.3469 0.3404 0.2857 0.2857 0.2895 1.0000 0.6981 0.6416 0.6311 0.4602 0.3508 0.1550 0.1964 0.3470 0.3444
0.2887 0.0380 0.0630 0.0512 0.0597 0.0557 0.3086 0.2844 0.3086 0.3075 0.3086 0.3228 0.3047 0.1863 0.3504 0.3545 0.3297 0.3297 0.3521 0.4257 0.4225 0.4327 0.4285 0.4257 0.7625 1 0.7406 0.4816 0.4058 0.2938 0.3106 0.3210 0.3344 0.3192 0.3811 0.3727 0.3752 0.3813 0.3604 0.3936 0.3679 0.3888 0.3888 0.3705 0.3930 0.3807 0.3841 0.3880 0.3913 0.3784 0.3853 0.3620 0.3712 0.3685 0.3101 0.3105 0.3192 0.7625 1.0000 0.7406 0.6785 0.4816 0.3729 0.1698 0.2105 0.3693 0.3669
0.2848 0.0368 0.0613 0.0503 0.0578 0.0545 0.2963 0.2797 0.2963 0.2980 0.2963 0.3052 0.2935 0.1793 0.3360 0.3466 0.3165 0.3165 0.3359 0.4192 0.4225 0.4169 0.4243 0.4154 0.6886 0.7238 1 0.4642 0.4057 0.2853 0.3118 0.3178 0.3222 0.3193 0.3760 0.3678 0.3717 0.3762 0.3601 0.3750 0.3621 0.3733 0.3773 0.3649 0.3840 0.3705 0.3739 0.3771 0.3737 0.3704 0.3752 0.3544 0.3678 0.3589 0.3007 0.3033 0.3135 0.6886 0.7238 1.0000 0.6423 0.4642 0.3690 0.1676 0.2078 0.3674 0.3639
0.2088 0.0308 0.0458 0.0396 0.0438 0.0438 0.2382 0.2095 0.2382 0.2153 0.2382 0.2472 0.2391 0.1403 0.2458 0.2781 0.2436 0.2436 0.2431 0.2819 0.2795 0.2804 0.2797 0.2834 0.3630 0.3451 0.3413 1 0.2691 0.2311 0.2550 0.2597 0.2629 0.2449 0.2705 0.2667 0.2670 0.2723 0.2444 0.2708 0.2512 0.2636 0.2699 0.2604 0.2724 0.2684 0.2623 0.2700 0.2759 0.2925 0.2921 0.2792 0.2808 0.2873 0.2338 0.2369 0.2206 0.3630 0.3451 0.3413 0.3131 1.0000 0.2545 0.1238 0.1497 0.2538 0.2520
0.2576 0.0321 0.0494 0.0401 0.0469 0.0444 0.2504 0.2400 0.2504 0.2376 0.2504 0.2951 0.2220 0.1453 0.2869 0.3208 0.2869 0.2869 0.2970 0.3465 0.3456 0.3591 0.3424 0.3402 0.3474 0.3349 0.3430 0.3103 1 0.2348 0.2845 0.2974 0.2723 0.2724 0.4035 0.4019 0.4066 0.3974 0.4355 0.3316 0.3367 0.3391 0.3267 0.3217 0.3653 0.3474 0.3508 0.3412 0.3615 0.3472 0.3453 0.3497 0.3445 0.3440 0.3121 0.3139 0.3007 0.3474 0.3349 0.3430 0.3275 0.3103 0.3182 0.1759 0.2002 0.3196 0.3200
0.2480 0.0385 0.0617 0.0501 0.0592 0.0592 0.2565 0.2352 0.2565 0.2426 0.2565 0.2841 0.2427 0.1430 0.2573 0.2669 0.2384 0.2384 0.2504 0.2751 0.2745 0.2653 0.2735 0.2748 0.2768 0.2729 0.2714 0.2991 0.2662 1 0.2898 0.2584 0.2810 0.2400 0.2744 0.2705 0.2742 0.2725 0.2455 0.2750 0.3028 0.2811 0.2867 0.2859 0.2748 0.2783 0.2649 0.2802 0.2737 0.2733 0.2825 0.2721 0.2776 0.2774 0.2553 0.2560 0.2643 0.2768 0.2729 0.2714 0.2645 0.2991 0.2591 0.1246 0.1495 0.2603 0.2586
0.2449 0.0355 0.0540 0.0440 0.0536 0.0540 0.2460 0.2274 0.2460 0.2384 0.2460 0.2686 0.2319 0.1397 0.2631 0.2986 0.2615 0.2615 0.2697 0.2785 0.2812 0.2778 0.2801 0.2754 0.2745 0.2624 0.2696 0.2992 0.2944 0.2626 1 0.2590 0.3073 0.2516 0.3174 0.3099 0.3112 0.3184 0.2789 0.2861 0.2991 0.2925 0.2821 0.2949 0.3109 0.3007 0.3105 0.3036 0.3124 0.2874 0.2850 0.2969 0.2965 0.2941 0.3096 0.3041 0.2733 0.2745 0.2624 0.2696 0.2681 0.2992 0.2901 0.1377 0.1554 0.2932 0.2920
0.2118 0.0305 0.0526 0.0428 0.0517 0.0498 0.2303 0.2071 0.2303 0.2136 0.2303 0.2434 0.2236 0.1371 0.2313 0.2630 0.2363 0.2363 0.2352 0.2489 0.2500 0.2534 0.2516 0.2511 0.2572 0.2461 0.2482 0.2779 0.2788 0.2127 0.2361 1 0.2541 0.2283 0.2831 0.2793 0.2810 0.2838 0.2517 0.2425 0.2539 0.2465 0.2438 0.2382 0.2603 0.2553 0.2605 0.2532 0.2602 0.2651 0.2651 0.2638 0.2679 0.2650 0.2627 0.2640 0.2425 0.2572 0.2461 0.2482 0.2433 0.2779 0.2450 0.1249 0.1458 0.2465 0.2453
0.2382 0.0342 0.0520 0.0458 0.0510 0.0477 0.2620 0.2261 0.2620 0.2484 0.2620 0.2729 0.2451 0.1482 0.2829 0.2916 0.2614 0.2614 0.2775 0.3001 0.3021 0.2967 0.3020 0.2973 0.2915 0.2791 0.2754 0.3089 0.2781 0.2555 0.3035 0.2764 1 0.2469 0.2892 0.2867 0.2848 0.2889 0.2547 0.2897 0.2850 0.2981 0.2918 0.2886 0.3212 0.3036 0.3022 0.3117 0.3271 0.2942 0.2976 0.2893 0.2947 0.2936 0.2870 0.2834 0.2689 0.2915 0.2791 0.2754 0.2666 0.3089 0.3022 0.1267 0.1557 0.3035 0.3008
0.2226 0.0350 0.0542 0.0468 0.0521 0.0485 0.2260 0.2176 0.2260 0.2357 0.2260 0.2410 0.2201 0.1389 0.2746 0.2890 0.2674 0.2674 0.2758 0.2767 0.2741 0.2995 0.2776 0.2722 0.2776 0.2702 0.2764 0.2877 0.2802 0.2165 0.2499 0.2497 0.2463 1 0.2686 0.2621 0.2624 0.2704 0.2411 0.2679 0.2790 0.2663 0.2752 0.2744 0.2734 0.2678 0.2733 0.2682 0.2683 0.2585 0.2583 0.2564 0.2558 0.2535 0.2433 0.2415 0.2626 0.2776 0.2702 0.2764 0.2577 0.2877 0.2632 0.1287 0.1583 0.2643 0.2643
0.2545 0.0322 0.0523 0.0442 0.0502 0.0505 0.2478 0.2456 0.2478 0.2499 0.2478 0.2742 0.2312 0.1445 0.2797 0.3098 0.2630 0.2630 0.2833 0.3236 0.3242 0.3520 0.3241 0.3211 0.3339 0.3161 0.3199 0.3124 0.4089 0.2458 0.3086 0.3094 0.2857 0.2664 1 0.9162 0.8278 0.9053 0.5145 0.3220 0.3355 0.3173 0.3083 0.3223 0.3694 0.3483 0.3649 0.3356 0.3601 0.3429 0.3434 0.3643 0.3543 0.3543 0.3274 0.3311 0.2756 0.3339 0.3161 0.3199 0.3244 0.3124 0.3279 0.1573 0.1871 0.3275 0.3296
0.2545 0.0324 0.0523 0.0440 0.0502 0.0509 0.2494 0.2456 0.2494 0.2507 0.2494 0.2763 0.2330 0.1457 0.2798 0.3098 0.2653 0.2653 0.2844 0.3253 0.3258 0.3512 0.3253 0.3235 0.3349 0.3177 0.3221 0.3137 0.4134 0.2467 0.3086 0.3098 0.2857 0.2659 0.9287 1 0.9087 0.8196 0.5264 0.3237 0.3385 0.3196 0.3107 0.3240 0.3746 0.3523 0.3696 0.3383 0.3646 0.3456 0.3485 0.3693 0.3595 0.3588 0.3287 0.3322 0.2773 0.3349 0.3177 0.3221 0.3263 0.3137 0.3294 0.1581 0.1867 0.3296 0.3312
0.2546 0.0326 0.0524 0.0442 0.0505 0.0511 0.2512 0.2460 0.2512 0.2515 0.2512 0.2780 0.2350 0.1475 0.2814 0.3088 0.2682 0.2682 0.2866 0.3281 0.3288 0.3519 0.3281 0.3270 0.3365 0.3203 0.3251 0.3137 0.4184 0.2472 0.3082 0.3100 0.2849 0.2656 0.8393 0.9073 1 0.7501 0.5410 0.3255 0.3416 0.3226 0.3141 0.3273 0.3787 0.3571 0.3746 0.3410 0.3680 0.3498 0.3529 0.3738 0.3646 0.3655 0.3293 0.3331 0.2795 0.3365 0.3203 0.3251 0.3284 0.3137 0.3310 0.1591 0.1874 0.3311 0.3325
0.2538 0.0323 0.0525 0.0444 0.0506 0.0502 0.2441 0.2453 0.2441 0.2480 0.2441 0.2705 0.2282 0.1423 0.2772 0.3077 0.2591 0.2591 0.2799 0.3184 0.3189 0.3502 0.3190 0.3159 0.3300 0.3116 0.3156 0.3099 0.3989 0.2430 0.3073 0.3081 0.2833 0.2647 0.9024 0.8043 0.7328 1 0.4925 0.3184 0.3300 0.3138 0.3043 0.3179 0.3601 0.3416 0.3568 0.3301 0.3527 0.3360 0.3345 0.3562 0.3467 0.3475 0.3241 0.3278 0.2721 0.3300 0.3116 0.3156 0.3195 0.3099 0.3220 0.1550 0.1867 0.3220 0.3240
0.2436 0.0295 0.0473 0.0395 0.0455 0.0462 0.2437 0.2351 0.2437 0.2274 0.2437 0.2562 0.2237 0.1394 0.2828 0.2958 0.2520 0.2520 0.2809 0.3328 0.3312 0.3550 0.3321 0.3343 0.3239 0.3127 0.3196 0.2922 0.4479 0.2294 0.2847 0.2816 0.2634 0.2486 0.5321 0.5349 0.5525 0.5131 1 0.3262 0.3389 0.3245 0.3172 0.3365 0.3735 0.3591 0.3718 0.3394 0.3512 0.3402 0.3379 0.3600 0.3634 0.3510 0.3045 0.3056 0.2731 0.3239 0.3127 0.3196 0.3103 0.2922 0.3360 0.1625 0.1899 0.3330 0.3326
0.2613 0.0349 0.0561 0.0480 0.0533 0.0531 0.2851 0.2635 0.2851 0.2666 0.2851 0.3208 0.2630 0.1632 0.3036 0.3128 0.2794 0.2794 0.2871 0.3675 0.3692 0.4013 0.3617 0.3702 0.3542 0.3497 0.3411 0.3316 0.3590 0.2592 0.2954 0.2780 0.3031 0.2800 0.3443 0.3393 0.3383 0.3437 0.3295 1 0.4822 0.5221 0.5362 0.5075 0.3706 0.3761 0.3646 0.3764 0.3610 0.3514 0.3665 0.3708 0.3718 0.3617 0.3290 0.3334 0.3027 0.3542 0.3497 0.3411 0.3407 0.3316 0.3703 0.1695 0.2028 0.3708 0.3705
0.2488 0.0337 0.0540 0.0459 0.0516 0.0528 0.2607 0.2656 0.2607 0.2438 0.2607 0.3053 0.2614 0.1613 0.2903 0.3107 0.2620 0.2620 0.2785 0.3484 0.3492 0.3700 0.3509 0.3483 0.3172 0.3128 0.3154 0.2958 0.3515 0.2769 0.2996 0.2796 0.2885 0.2818 0.3449 0.3389 0.3434 0.3429 0.3321 0.4661 1 0.5004 0.5131 0.5019 0.3648 0.3589 0.3678 0.3571 0.3508 0.3490 0.3564 0.3577 0.3558 0.3543 0.3146 0.3155 0.2968 0.3172 0.3128 0.3154 0.3138 0.2958 0.3435 0.1782 0.1919 0.3463 0.3462
0.2542 0.0331 0.0543 0.0455 0.0508 0.0508 0.2731 0.2402 0.2731 0.2616 0.2731 0.3090 0.2477 0.1550 0.3017 0.3102 0.2694 0.2694 0.2901 0.3524 0.3466 0.3812 0.3474 0.3508 0.3312 0.3264 0.3207 0.3081 0.3484 0.2537 0.2882 0.2694 0.2977 0.2665 0.3257 0.3214 0.3232 0.3257 0.3164 0.5039 0.4970 1 0.5833 0.5089 0.3546 0.3599 0.3549 0.3505 0.3440 0.3176 0.3309 0.3230 0.3230 0.3198 0.3091 0.3072 0.3072 0.3312 0.3264 0.3207 0.3243 0.3081 0.3373 0.1679 0.1988 0.3336 0.3336
0.2627 0.0343 0.0571 0.0479 0.0528 0.0539 0.2840 0.2587 0.2840 0.2604 0.2840 0.3245 0.2665 0.1624 0.3095 0.3309 0.2857 0.2857 0.2913 0.3625 0.3635 0.3964 0.3586 0.3608 0.3446 0.3450 0.3420 0.3297 0.3549 0.2724 0.2932 0.2798 0.3056 0.2883 0.3299 0.3260 0.3276 0.3301 0.3213 0.5398 0.5324 0.6097 1 0.5886 0.3774 0.3734 0.3721 0.3698 0.3678 0.3447 0.3545 0.3475 0.3416 0.3510 0.3271 0.3287 0.3207 0.3446 0.3450 0.3420 0.3444 0.3297 0.3583 0.1758 0.2048 0.3594 0.3587
0.2527 0.0336 0.0558 0.0467 0.0517 0.0534 0.2762 0.2581 0.2762 0.2636 0.2762 0.3053 0.2644 0.1622 0.3084 0.3034 0.2742 0.2742 0.2943 0.3515 0.3477 0.3706 0.3472 0.3507 0.3267 0.3217 0.3241 0.3121 0.3401 0.2668 0.2991 0.2687 0.2971 0.2820 0.3381 0.3316 0.3361 0.3386 0.3386 0.4929 0.5086 0.5192 0.5728 1 0.3663 0.3563 0.3566 0.3562 0.3575 0.3467 0.3518 0.3621 0.3539 0.3576 0.3122 0.3143 0.3014 0.3267 0.3217 0.3241 0.3168 0.3121 0.3512 0.1670 0.1909 0.3482 0.3489
0.2879 0.0411 0.0637 0.0529 0.0618 0.0642 0.3377 0.3178 0.3377 0.2955 0.3377 0.3370 0.3016 0.1855 0.3527 0.3558 0.3448 0.3448 0.3426 0.4842 0.4836 0.4726 0.4785 0.4769 0.4057 0.3992 0.3985 0.3858 0.4523 0.2997 0.3746 0.3442 0.3922 0.3316 0.4511 0.4471 0.4524 0.4433 0.4363 0.4242 0.4319 0.4275 0.4341 0.4291 1 0.5709 0.6270 0.6615 0.6705 0.4766 0.4685 0.4806 0.4750 0.4684 0.3505 0.3501 0.3196 0.4057 0.3992 0.3985 0.4095 0.3858 0.5242 0.1842 0.2131 0.5272 0.5324
0.2799 0.0408 0.0630 0.0519 0.0598 0.0628 0.3379 0.3261 0.3379 0.2868 0.3379 0.3481 0.2834 0.1797 0.3400 0.3396 0.3377 0.3377 0.3336 0.4661 0.4684 0.4622 0.4749 0.4612 0.3903 0.3798 0.3785 0.3722 0.4202 0.2964 0.3532 0.3314 0.3577 0.3178 0.4157 0.4085 0.4147 0.4109 0.4066 0.4232 0.4157 0.4260 0.4214 0.4070 0.5607 1 0.5259 0.5575 0.5044 0.4230 0.4268 0.4391 0.4449 0.4236 0.3448 0.3480 0.3296 0.3903 0.3798 0.3785 0.3914 0.3722 0.4666 0.1809 0.2099 0.4615 0.4581
0.2838 0.0372 0.0603 0.0489 0.0578 0.0556 0.2954 0.2829 0.2954 0.2699 0.2954 0.3101 0.2735 0.1741 0.3284 0.3251 0.3095 0.3095 0.3271 0.4545 0.4518 0.4461 0.4546 0.4499 0.3717 0.3645 0.3633 0.3463 0.4079 0.2695 0.3476 0.3236 0.3448 0.3098 0.4161 0.4116 0.4158 0.4112 0.4036 0.3876 0.4083 0.3998 0.3985 0.3879 0.5840 0.5006 1 0.5219 0.5253 0.4333 0.4276 0.4273 0.4262 0.4208 0.3372 0.3340 0.3177 0.3717 0.3645 0.3633 0.3706 0.3463 0.4673 0.1746 0.2058 0.4616 0.4613
0.2870 0.0409 0.0638 0.0525 0.0612 0.0645 0.3427 0.3262 0.3427 0.2977 0.3427 0.3423 0.3003 0.1856 0.3557 0.3568 0.3338 0.3338 0.3509 0.4901 0.4840 0.4700 0.4833 0.4818 0.4087 0.3956 0.3936 0.3828 0.4246 0.3082 0.3648 0.3377 0.3815 0.3262 0.4102 0.4039 0.4081 0.4072 0.3947 0.4332 0.4222 0.4246 0.4257 0.4169 0.6617 0.5705 0.5672 1 0.5811 0.4196 0.4372 0.4277 0.4401 0.4154 0.3399 0.3417 0.3325 0.4087 0.3956 0.3936 0.3976 0.3828 0.5388 0.1861 0.2079 0.5433 0.5408
0.3046 0.0416 0.0648 0.0539 0.0635 0.0640 0.3362 0.3135 0.3362 0.3120 0.3362 0.3399 0.3082 0.1906 0.3598 0.3587 0.3615 0.3615 0.3589 0.4906 0.4950 0.4800 0.4949 0.4853 0.4143 0.4068 0.3978 0.3998 0.4577 0.3052 0.3831 0.3512 0.4075 0.3342 0.4479 0.4448 0.4479 0.4422 0.4175 0.4234 0.4251 0.4231 0.4306 0.4247 0.6787 0.5280 0.5770 0.5901 1 0.4772 0.4827 0.4752 0.4771 0.4708 0.3704 0.3683 0.3467 0.4143 0.4068 0.3978 0.4164 0.3998 0.5171 0.1890 0.2236 0.5157 0.5204
0.2766 0.0398 0.0590 0.0517 0.0572 0.0554 0.2878 0.2791 0.2878 0.2745 0.2878 0.3052 0.2860 0.1769 0.3095 0.3143 0.3075 0.3075 0.3123 0.3836 0.3822 0.3812 0.3854 0.3846 0.3649 0.3570 0.3564 0.3857 0.4029 0.2775 0.3227 0.3270 0.3301 0.2929 0.3916 0.3862 0.3902 0.3875 0.3737 0.3757 0.3858 0.3572 0.3688 0.3770 0.4467 0.4073 0.4383 0.3927 0.4389 1 0.5675 0.5709 0.5710 0.6730 0.3379 0.3387 0.3098 0.3649 0.3570 0.3564 0.3629 0.3857 0.3639 0.1698 0.2056 0.3612 0.3583
0.2766 0.0387 0.0608 0.0520 0.0586 0.0566 0.2971 0.2812 0.2971 0.2831 0.2971 0.3090 0.2918 0.1802 0.3189 0.3146 0.3189 0.3189 0.3123 0.3848 0.3836 0.3818 0.3874 0.3857 0.3733 0.3665 0.3637 0.3858 0.4021 0.2885 0.3203 0.3273 0.3362 0.2936 0.3921 0.3888 0.3923 0.3854 0.3714 0.3914 0.3952 0.3725 0.3800 0.3832 0.4363 0.4071 0.4292 0.4071 0.4428 0.5693 1 0.5269 0.5375 0.5442 0.3317 0.3352 0.3153 0.3733 0.3665 0.3637 0.3681 0.3858 0.3642 0.1725 0.2117 0.3673 0.3666
0.2674 0.0392 0.0596 0.0500 0.0569 0.0572 0.2871 0.2863 0.2871 0.2651 0.2871 0.3018 0.2833 0.1732 0.3002 0.2997 0.3027 0.3027 0.3070 0.3739 0.3715 0.3757 0.3770 0.3701 0.3430 0.3346 0.3346 0.3603 0.3960 0.2708 0.3271 0.3209 0.3207 0.2844 0.4129 0.4085 0.4135 0.4055 0.3879 0.3868 0.3891 0.3553 0.3626 0.3857 0.4414 0.4120 0.4232 0.3930 0.4276 0.5668 0.5197 1 0.7958 0.7499 0.3384 0.3409 0.3121 0.3430 0.3346 0.3346 0.3392 0.3603 0.3611 0.1712 0.2036 0.3591 0.3591
0.2680 0.0394 0.0588 0.0495 0.0568 0.0561 0.2927 0.2861 0.2927 0.2680 0.2927 0.3014 0.2826 0.1717 0.3075 0.3022 0.3067 0.3067 0.3079 0.3860 0.3812 0.3794 0.3870 0.3798 0.3496 0.3409 0.3447 0.3610 0.3848 0.2748 0.3238 0.3221 0.3229 0.2806 0.3967 0.3930 0.3991 0.3897 0.3880 0.3846 0.3861 0.3537 0.3557 0.3764 0.4333 0.4147 0.4181 0.4015 0.4274 0.5633 0.5246 0.7931 1 0.6848 0.3357 0.3385 0.2983 0.3496 0.3409 0.3447 0.3438 0.3610 0.3700 0.1779 0.1984 0.3662 0.3651
0.2678 0.0393 0.0602 0.0508 0.0578 0.0572 0.2856 0.2782 0.2856 0.2656 0.2856 0.3046 0.2850 0.1719 0.3002 0.2997 0.3039 0.3039 0.3032 0.3685 0.3657 0.3705 0.3673 0.3646 0.3468 0.3414 0.3402 0.3710 0.3910 0.2753 0.3245 0.3212 0.3245 0.2813 0.4036 0.3992 0.4051 0.3973 0.3785 0.3784 0.3861 0.3513 0.3668 0.3816 0.4317 0.3988 0.4182 0.3825 0.4250 0.6685 0.5336 0.7495 0.6855 1 0.3350 0.3365 0.3113 0.3468 0.3414 0.3402 0.3423 0.3710 0.3548 0.1667 0.1994 0.3540 0.3524
0.2322 0.0296 0.0501 0.0413 0.0459 0.0463 0.2182 0.2234 0.2182 0.2339 0.2182 0.2442 0.2261 0.1373 0.2622 0.2713 0.2554 0.2554 0.2585 0.2511 0.2503 0.2759 0.2506 0.2493 0.2273 0.2248 0.2228 0.2378 0.2745 0.2011 0.2666 0.2480 0.2516 0.2116 0.2900 0.2870 0.2866 0.2886 0.2569 0.2725 0.2693 0.2690 0.2706 0.2639 0.2516 0.2528 0.2592 0.2433 0.2603 0.2587 0.2545 0.2644 0.2645 0.2614 1 0.6687 0.2732 0.2273 0.2248 0.2228 0.2299 0.2378 0.2447 0.1323 0.1564 0.2473 0.2473
0.2345 0.0299 0.0492 0.0413 0.0440 0.0464 0.2177 0.2229 0.2177 0.2261 0.2177 0.2466 0.2263 0.1370 0.2663 0.2726 0.2561 0.2561 0.2626 0.2517 0.2513 0.2800 0.2527 0.2479 0.2307 0.2283 0.2283 0.2428 0.2787 0.2015 0.2651 0.2516 0.2511 0.2132 0.2971 0.2934 0.2940 0.2963 0.2599 0.2780 0.2721 0.2697 0.2729 0.2675 0.2523 0.2565 0.2594 0.2458 0.2612 0.2608 0.2596 0.2682 0.2687 0.2645 0.6752 1 0.2760 0.2307 0.2283 0.2283 0.2307 0.2428 0.2459 0.1345 0.1585 0.2473 0.2474
0.2165 0.0318 0.0514 0.0424 0.0463 0.0447 0.2302 0.2147 0.2302 0.2562 0.2302 0.2502 0.2129 0.1294 0.2608 0.2548 0.2201 0.2201 0.2819 0.2599 0.2621 0.2709 0.2604 0.2565 0.2431 0.2441 0.2462 0.2352 0.2827 0.2171 0.2494 0.2433 0.2500 0.2414 0.2541 0.2515 0.2549 0.2540 0.2441 0.2611 0.2673 0.2786 0.2775 0.2666 0.2404 0.2517 0.2597 0.2492 0.2562 0.2534 0.2568 0.2586 0.2490 0.2588 0.2903 0.2893 1 0.2431 0.2441 0.2462 0.2379 0.2352 0.2487 0.1356 0.1551 0.2511 0.2499
0.2628 0.0347 0.0578 0.0463 0.0542 0.0510 0.2837 0.2637 0.2837 0.2801 0.2837 0.2969 0.2729 0.1681 0.3252 0.3269 0.2993 0.2993 0.3217 0.3926 0.3904 0.3971 0.3930 0.3924 1.0000 0.6981 0.6416 0.4602 0.3840 0.2719 0.2947 0.3047 0.3169 0.2989 0.3668 0.3584 0.3600 0.3682 0.3422 0.3631 0.3407 0.3589 0.3541 0.3420 0.3644 0.3567 0.3571 0.3650 0.3629 0.3522 0.3569 0.3376 0.3469 0.3404 0.2857 0.2857 0.2895 1 0.6981 0.6416 0.6311 0.4602 0.3508 0.1550 0.1964 0.3470 0.3444
0.2887 0.0380 0.0630 0.0512 0.0597 0.0557 0.3086 0.2844 0.3086 0.3075 0.3086 0.3228 0.3047 0.1863 0.3504 0.3545 0.3297 0.3297 0.3521 0.4257 0.4225 0.4327 0.4285 0.4257 0.7625 1.0000 0.7406 0.4816 0.4058 0.2938 0.3106 0.3210 0.3344 0.3192 0.3811 0.3727 0.3752 0.3813 0.3604 0.3936 0.3679 0.3888 0.3888 0.3705 0.3930 0.3807 0.3841 0.3880 0.3913 0.3784 0.3853 0.3620 0.3712 0.3685 0.3101 0.3105 0.3192 0.7625 1 0.7406 0.6785 0.4816 0.3729 0.1698 0.2105 0.3693 0.3669
0.2848 0.0368 0.0613 0.0503 0.0578 0.0545 0.2963 0.2797 0.2963 0.2980 0.2963 0.3052 0.2935 0.1793 0.3360 0.3466 0.3165 0.3165 0.3359 0.4192 0.4225 0.4169 0.4243 0.4154 0.6886 0.7238 1.0000 0.4642 0.4057 0.2853 0.3118 0.3178 0.3222 0.3193 0.3760 0.3678 0.3717 0.3762 0.3601 0.3750 0.3621 0.3733 0.3773 0.3649 0.3840 0.3705 0.3739 0.3771 0.3737 0.3704 0.3752 0.3544 0.3678 0.3589 0.3007 0.3033 0.3135 0.6886 0.7238 1 0.6423 0.4642 0.3690 0.1676 0.2078 0.3674 0.3639
0.3149 0.0421 0.0691 0.0561 0.0644 0.0615 0.3262 0.3103 0.3262 0.3537 0.3262 0.3317 0.3183 0.1984 0.3769 0.3592 0.3514 0.3514 0.3757 0.4750 0.4780 0.4761 0.4805 0.4732 0.7625 0.7475 0.7224 0.4793 0.4377 0.3130 0.3487 0.3501 0.3500 0.3368 0.4309 0.4212 0.4228 0.4312 0.3934 0.4233 0.4064 0.4240 0.4275 0.4015 0.4439 0.4324 0.4301 0.4279 0.4408 0.4233 0.4254 0.4032 0.4118 0.4060 0.3493 0.3457 0.3421 0.7625 0.7475 0.7224 1 0.4793 0.4299 0.1859 0.2279 0.4256 0.4199
0.2088 0.0308 0.0458 0.0396 0.0438 0.0438 0.2382 0.2095 0.2382 0.2153 0.2382 0.2472 0.2391 0.1403 0.2458 0.2781 0.2436 0.2436 0.2431 0.2819 0.2795 0.2804 0.2797 0.2834 0.3630 0.3451 0.3413 1.0000 0.2691 0.2311 0.2550 0.2597 0.2629 0.2449 0.2705 0.2667 0.2670 0.2723 0.2444 0.2708 0.2512 0.2636 0.2699 0.2604 0.2724 0.2684 0.2623 0.2700 0.2759 0.2925 0.2921 0.2792 0.2808 0.2873 0.2338 0.2369 0.2206 0.3630 0.3451 0.3413 0.3131 1 0.2545 0.1238 0.1497 0.2538 0.2520
0.3135 0.0424 0.0664 0.0549 0.0634 0.0621 0.3659 0.3338 0.3659 0.3386 0.3659 0.3572 0.3017 0.1882 0.4080 0.3914 0.3678 0.3678 0.3926 0.5140 0.5105 0.4994 0.5087 0.5098 0.4333 0.4202 0.4250 0.3961 0.4391 0.3099 0.3834 0.3574 0.4041 0.3498 0.4418 0.4340 0.4348 0.4382 0.4322 0.4675 0.4522 0.4494 0.4548 0.4531 0.5868 0.5342 0.5617 0.5996 0.5628 0.4299 0.4320 0.4337 0.4479 0.4260 0.3747 0.3735 0.3615 0.4333 0.4202 0.4250 0.4386 0.3961 1 0.2063 0.2407 0.8928 0.8741
0.2327 0.0267 0.0430 0.0380 0.0415 0.0405 0.2446 0.2272 0.2446 0.2458 0.2446 0.2634 0.2208 0.1353 0.2773 0.2951 0.2622 0.2622 0.2851 0.2952 0.2921 0.3302 0.2935 0.2927 0.2880 0.2865 0.2895 0.2786 0.3509 0.2005 0.2634 0.2621 0.2479 0.2531 0.3270 0.3193 0.3194 0.3277 0.3238 0.3223 0.3337 0.3271 0.3248 0.3170 0.2990 0.3014 0.3069 0.2915 0.3002 0.2934 0.2977 0.3029 0.3082 0.2944 0.2955 0.2944 0.2814 0.2880 0.2865 0.2895 0.2885 0.2786 0.3073 1 0.2430 0.3082 0.3047
0.2325 0.0266 0.0423 0.0366 0.0421 0.0406 0.2433 0.2224 0.2433 0.2448 0.2433 0.2550 0.2137 0.1325 0.2801 0.2832 0.2423 0.2423 0.2833 0.2804 0.2795 0.3133 0.2820 0.2839 0.2855 0.2798 0.2875 0.2818 0.3260 0.2060 0.2548 0.2503 0.2483 0.2495 0.3139 0.3066 0.3080 0.3159 0.3038 0.3201 0.3170 0.3311 0.3243 0.3125 0.2840 0.2855 0.2873 0.2735 0.2882 0.2855 0.2904 0.2918 0.2907 0.2854 0.2971 0.2997 0.2787 0.2855 0.2798 0.2875 0.2743 0.2818 0.2911 0.1961 1 0.2907 0.2890
0.3101 0.0421 0.0649 0.0547 0.0628 0.0620 0.3661 0.3349 0.3661 0.3390 0.3661 0.3592 0.3007 0.1885 0.4037 0.3929 0.3663 0.3663 0.3888 0.5070 0.5084 0.4924 0.5022 0.5046 0.4246 0.4129 0.4190 0.3910 0.4364 0.3079 0.3826 0.3561 0.4015 0.3468 0.4370 0.4296 0.4303 0.4339 0.4274 0.4629 0.4498 0.4394 0.4511 0.4450 0.5834 0.5228 0.5494 0.5987 0.5562 0.4215 0.4300 0.4264 0.4382 0.4199 0.3743 0.3715 0.3610 0.4246 0.4129 0.4190 0.4312 0.3910 0.8843 0.2048 0.2373 1 0.9158
0.3110 0.0423 0.0655 0.0547 0.0628 0.0617 0.3655 0.3348 0.3655 0.3405 0.3655 0.3596 0.3018 0.1892 0.4043 0.3923 0.3666 0.3666 0.3914 0.5061 0.5098 0.4922 0.5019 0.5064 0.4245 0.4127 0.4176 0.3910 0.4405 0.3086 0.3849 0.3572 0.4015 0.3492 0.4425 0.4347 0.4357 0.4396 0.4298 0.4659 0.4534 0.4426 0.4533 0.4493 0.5924 0.5225 0.5520 0.5996 0.5643 0.4215 0.4321 0.4297 0.4395 0.4205 0.3773 0.3747 0.3623 0.4245 0.4127 0.4176 0.4287 0.3910 0.8691 0.2042 0.2375 0.9192 1
