C1904x2TS003_1 C1904x2TS049_1 C1904x2TS049_2 C1904x2TS049_3 C1904x2TS049_4 C1904x2TS049_5 C1904x2TS067_1 C1904x2TS067_2 C1904x2TS067_3 C1904x2TS067_4 C1904x2TS067_5 C1904x2TS123_1 C1904x2TS123_2 C1904x2TS123_3 C1904x2TS123_4 C1904x2TS123_5 C1904x2TS215_1 C1904x2TS215_2 C1904x2TS215_3 C1904x2TS215_4 C1904x2TS215_5 C1904x2TS228_1 C1904x2TS228_2 C1904x2TS369_1 C1904x2TS389_1 C1904x2TS389_2 C1904x2TS389_3 C1904x2TS389_4 C1904x2TS389_5
1 0.0483 0.0805 0.0615 0.0578 0.0760 0.2130 0.2470 0.2437 0.2541 0.2482 0.2765 0.2765 0.2765 0.2765 0.2780 0.2743 0.2815 0.2837 0.2738 0.2767 0.2822 0.2677 0.2857 0.2995 0.2984 0.2724 0.2938 0.3047
0.3110 1 0.1411 0.1049 0.0997 0.1314 0.2498 0.2921 0.2954 0.2921 0.2951 0.3009 0.3009 0.3009 0.3009 0.3015 0.2871 0.2878 0.2908 0.2911 0.2896 0.2984 0.2734 0.2854 0.2941 0.2958 0.2729 0.2936 0.2968
0.3307 0.0876 1 0.1239 0.1190 0.1548 0.2519 0.3103 0.3122 0.3109 0.3094 0.3305 0.3305 0.3305 0.3305 0.3316 0.2989 0.3020 0.3065 0.3105 0.2962 0.3076 0.2831 0.2900 0.3031 0.3103 0.2855 0.3013 0.3095
0.2871 0.0744 0.1404 1 0.1019 0.1344 0.2315 0.2685 0.2720 0.2699 0.2718 0.2782 0.2782 0.2782 0.2782 0.2727 0.2616 0.2724 0.2640 0.2743 0.2647 0.2692 0.2395 0.2592 0.2629 0.2647 0.2438 0.2594 0.2690
0.2582 0.0614 0.1207 0.0888 1 0.1077 0.2086 0.2393 0.2412 0.2421 0.2405 0.2580 0.2580 0.2580 0.2580 0.2556 0.2300 0.2388 0.2407 0.2365 0.2368 0.2380 0.2223 0.2327 0.2433 0.2436 0.2194 0.2397 0.2477
0.3134 0.0805 0.1550 0.1194 0.1068 1 0.2489 0.2975 0.2973 0.2926 0.2928 0.3139 0.3139 0.3139 0.3139 0.3189 0.2803 0.2941 0.2846 0.2935 0.2856 0.2913 0.2724 0.2750 0.2950 0.2955 0.2605 0.2817 0.2913
0.1690 0.0304 0.0502 0.0388 0.0363 0.0480 1 0.7294 0.5140 0.5131 0.5907 0.2124 0.2124 0.2124 0.2124 0.2138 0.1760 0.1913 0.1888 0.1780 0.1866 0.1903 0.1775 0.1856 0.1995 0.1982 0.1725 0.1927 0.2029
0.2031 0.0365 0.0609 0.0454 0.0424 0.0568 0.7761 1 0.6706 0.6154 0.7054 0.2596 0.2596 0.2596 0.2596 0.2595 0.2103 0.2298 0.2294 0.2180 0.2221 0.2251 0.2134 0.2181 0.2428 0.2381 0.2097 0.2288 0.2427
0.2053 0.0380 0.0628 0.0470 0.0435 0.0581 0.5370 0.6853 1 0.7184 0.7777 0.2609 0.2609 0.2609 0.2609 0.2584 0.2189 0.2399 0.2379 0.2302 0.2275 0.2312 0.2270 0.2247 0.2527 0.2459 0.2177 0.2378 0.2548
0.2071 0.0362 0.0606 0.0458 0.0426 0.0554 0.5230 0.6086 0.6946 1 0.6820 0.2536 0.2536 0.2536 0.2536 0.2551 0.2085 0.2251 0.2223 0.2145 0.2237 0.2183 0.2136 0.2206 0.2337 0.2368 0.2069 0.2242 0.2395
0.2085 0.0378 0.0621 0.0470 0.0437 0.0586 0.6284 0.7207 0.7762 0.7034 1 0.2514 0.2514 0.2514 0.2514 0.2534 0.2170 0.2329 0.2320 0.2223 0.2284 0.2298 0.2257 0.2296 0.2463 0.2445 0.2117 0.2344 0.2468
0.1966 0.0325 0.0540 0.0413 0.0387 0.0510 0.1877 0.2236 0.2193 0.2215 0.2122 1 1.0000 1.0000 1.0000 0.5222 0.2102 0.2327 0.2199 0.2185 0.2109 0.2369 0.2160 0.2342 0.2438 0.2395 0.2179 0.2392 0.2537
0.1966 0.0325 0.0540 0.0413 0.0387 0.0510 0.1877 0.2236 0.2193 0.2215 0.2122 1.0000 1 1.0000 1.0000 0.5222 0.2102 0.2327 0.2199 0.2185 0.2109 0.2369 0.2160 0.2342 0.2438 0.2395 0.2179 0.2392 0.2537
0.1966 0.0325 0.0540 0.0413 0.0387 0.0510 0.1877 0.2236 0.2193 0.2215 0.2122 1.0000 1.0000 1 1.0000 0.5222 0.2102 0.2327 0.2199 0.2185 0.2109 0.2369 0.2160 0.2342 0.2438 0.2395 0.2179 0.2392 0.2537
0.1966 0.0325 0.0540 0.0413 0.0387 0.0510 0.1877 0.2236 0.2193 0.2215 0.2122 1.0000 1.0000 1.0000 1 0.5222 0.2102 0.2327 0.2199 0.2185 0.2109 0.2369 0.2160 0.2342 0.2438 0.2395 0.2179 0.2392 0.2537
0.1985 0.0327 0.0547 0.0405 0.0387 0.0514 0.1899 0.2243 0.2182 0.2237 0.2145 0.5239 0.5239 0.5239 0.5239 1 0.2101 0.2317 0.2161 0.2187 0.2101 0.2340 0.2161 0.2345 0.2428 0.2410 0.2181 0.2397 0.2539
0.1648 0.0263 0.0439 0.0337 0.0309 0.0400 0.1353 0.1537 0.1561 0.1543 0.1559 0.1776 0.1776 0.1776 0.1776 0.1773 1 0.2444 0.2328 0.2298 0.2292 0.2396 0.2234 0.2139 0.2339 0.2411 0.2080 0.2415 0.2404
0.1697 0.0263 0.0445 0.0349 0.0322 0.0416 0.1453 0.1684 0.1725 0.1672 0.1677 0.1979 0.1979 0.1979 0.1979 0.1967 0.2431 1 0.2443 0.2613 0.2470 0.2419 0.2358 0.2350 0.2532 0.2521 0.2172 0.2434 0.2526
0.1798 0.0275 0.0475 0.0362 0.0329 0.0422 0.1483 0.1762 0.1793 0.1734 0.1752 0.1955 0.1955 0.1955 0.1955 0.1914 0.2444 0.2580 1 0.2620 0.2674 0.2875 0.2365 0.2632 0.2783 0.2750 0.2505 0.2812 0.2932
0.1627 0.0256 0.0443 0.0344 0.0315 0.0416 0.1349 0.1575 0.1632 0.1570 0.1583 0.1827 0.1827 0.1827 0.1827 0.1821 0.2251 0.2572 0.2444 1 0.2296 0.2411 0.2214 0.2286 0.2402 0.2495 0.2175 0.2400 0.2494
0.1711 0.0271 0.0449 0.0353 0.0321 0.0420 0.1464 0.1674 0.1671 0.1698 0.1683 0.1833 0.1833 0.1833 0.1833 0.1826 0.2341 0.2534 0.2597 0.2388 1 0.2470 0.2265 0.2249 0.2447 0.2521 0.2201 0.2521 0.2561
0.2117 0.0344 0.0557 0.0426 0.0393 0.0516 0.1801 0.2048 0.2059 0.2021 0.2052 0.2491 0.2491 0.2491 0.2491 0.2458 0.2974 0.3006 0.3394 0.3037 0.3009 1 0.3192 0.3437 0.3478 0.3735 0.2957 0.3514 0.3550
0.2035 0.0309 0.0507 0.0386 0.0352 0.0482 0.1719 0.1973 0.2046 0.2012 0.2040 0.2296 0.2296 0.2296 0.2296 0.2289 0.2816 0.2983 0.2839 0.2855 0.2804 0.3245 1 0.3375 0.3587 0.3658 0.2839 0.3435 0.3527
0.2461 0.0370 0.0596 0.0472 0.0431 0.0561 0.2020 0.2283 0.2300 0.2339 0.2357 0.2822 0.2822 0.2822 0.2822 0.2823 0.3058 0.3348 0.3561 0.3306 0.3157 0.3939 0.3846 1 0.4336 0.4120 0.3660 0.4280 0.4454
0.2151 0.0310 0.0515 0.0395 0.0363 0.0487 0.1802 0.2112 0.2148 0.2064 0.2103 0.2455 0.2455 0.2455 0.2455 0.2439 0.2797 0.3038 0.3155 0.2909 0.2858 0.3347 0.3432 0.3645 1 0.4335 0.3405 0.3980 0.4225
0.2092 0.0305 0.0515 0.0384 0.0357 0.0476 0.1748 0.2024 0.2045 0.2040 0.2041 0.2351 0.2351 0.2351 0.2351 0.2360 0.2829 0.2956 0.3046 0.2969 0.2880 0.3530 0.3393 0.3349 0.4214 1 0.3262 0.3839 0.3923
0.1282 0.0192 0.0319 0.0239 0.0223 0.0287 0.1009 0.1185 0.1204 0.1187 0.1179 0.1434 0.1434 0.1434 0.1434 0.1430 0.1655 0.1703 0.1871 0.1747 0.1698 0.1870 0.1765 0.1994 0.2205 0.2168 1 0.2674 0.2819
0.1779 0.0264 0.0429 0.0329 0.0299 0.0396 0.1446 0.1676 0.1701 0.1666 0.1684 0.2020 0.2020 0.2020 0.2020 0.2024 0.2442 0.2460 0.2686 0.2465 0.2478 0.2856 0.2735 0.3037 0.3346 0.3286 0.3480 1 0.4358
0.2031 0.0292 0.0487 0.0366 0.0343 0.0448 0.1684 0.1958 0.2013 0.1958 0.1957 0.2369 0.2369 0.2369 0.2369 0.2363 0.2664 0.2818 0.3102 0.2819 0.2779 0.3182 0.3111 0.3479 0.3898 0.3702 0.4046 0.4786 1
