PFRMAT QA
TARGET C1909
AUTHOR 1075-3222-5762
REMARK Local scores were converted to distances
METHOD VoroMQA-dark
METHOD -------------
MODEL 2
QMODE 2
C1909TS131_5 0.590 1.84 1.88 1.82 1.74 1.72 1.57 1.50 1.43 1.35 1.25 1.22 1.25 1.31 1.32 1.38 1.38 1.38 1.52 1.70 1.91
2.15 2.31 2.20 2.02 1.84 1.53 1.34 1.33 1.23 1.22 1.32 1.22 1.28 1.44 1.63 1.84 2.04 2.07
C1909TS131_4 0.587 1.85 1.92 1.89 1.85 1.83 1.64 1.57 1.48 1.39 1.28 1.25 1.24 1.27 1.28 1.35 1.37 1.40 1.54 1.72 1.93
2.18 2.34 2.23 2.03 1.82 1.49 1.30 1.31 1.22 1.23 1.34 1.27 1.35 1.52 1.71 1.90 2.07 2.10
C1909TS131_3 0.586 1.86 1.92 1.90 1.86 1.83 1.64 1.57 1.48 1.39 1.28 1.26 1.24 1.27 1.29 1.36 1.38 1.41 1.55 1.73 1.95
2.19 2.36 2.24 2.04 1.83 1.50 1.31 1.32 1.23 1.24 1.34 1.28 1.36 1.52 1.71 1.90 2.08 2.11
C1909TS131_1 0.586 1.89 1.94 1.88 1.80 1.77 1.59 1.53 1.47 1.41 1.32 1.29 1.31 1.36 1.37 1.43 1.43 1.39 1.51 1.69 1.90
2.07 2.24 2.13 1.97 1.83 1.58 1.37 1.38 1.28 1.29 1.41 1.33 1.41 1.56 1.74 1.91 2.05 2.05
C1909TS131_2 0.574 1.96 2.08 2.03 2.02 2.14 1.98 1.93 1.93 1.84 1.67 1.63 1.65 1.63 1.55 1.61 1.56 1.44 1.52 1.55 1.48
1.34 1.29 1.13 1.26 1.47 1.58 1.61 1.69 1.64 1.79 1.91 1.83 1.84 1.87 1.91 2.07 2.22 2.26
C1909TS087_2 0.521 2.22 2.32 2.38 2.40 2.56 2.52 2.58 2.51 2.39 2.09 1.98 2.04 2.08 2.04 2.08 2.03 1.95 2.00 2.03 1.87
1.69 1.68 1.60 1.76 2.10 2.26 2.36 2.44 2.27 2.24 2.33 2.42 2.64 2.80 2.78 2.71 2.63 2.58
C1909TS345_4 0.518 2.21 2.38 2.45 2.45 2.50 2.32 2.33 2.34 2.43 2.41 2.43 2.38 2.26 2.08 2.04 2.01 1.94 2.00 1.95 1.78
1.64 1.62 1.67 1.87 2.15 2.30 2.34 2.39 2.54 2.68 2.76 2.68 2.60 2.57 2.63 2.58 2.55 2.40
C1909TS087_1 0.516 2.46 2.53 2.53 2.56 2.81 2.71 2.73 2.71 2.62 2.47 2.46 2.41 2.34 2.22 2.20 2.15 2.06 2.15 2.14 2.00
1.85 1.79 1.74 1.95 2.32 2.46 2.52 2.49 2.25 2.05 2.05 1.99 2.08 2.17 2.23 2.27 2.31 2.35
C1909TS087_4 0.505 2.67 2.63 2.60 2.58 2.79 2.90 3.10 3.07 3.00 2.77 2.56 2.43 2.31 2.14 2.11 2.06 1.97 1.99 1.98 1.80
1.64 1.60 1.52 1.67 2.05 2.27 2.41 2.58 2.56 2.63 2.74 2.65 2.62 2.54 2.55 2.63 2.73 2.74
C1909TS087_3 0.504 2.66 2.72 2.80 2.81 2.99 2.93 2.97 2.80 2.65 2.37 2.30 2.35 2.36 2.26 2.20 2.06 1.88 1.88 1.90 1.80
1.70 1.63 1.46 1.54 1.82 2.04 2.26 2.45 2.39 2.48 2.65 2.76 2.94 3.11 3.25 3.19 3.17 3.13
C1909TS210_5 0.499 2.25 2.34 2.38 2.37 2.59 2.44 2.49 2.49 2.52 2.40 2.45 2.46 2.47 2.45 2.45 2.37 2.37 2.49 2.52 2.48
2.33 2.13 1.87 1.88 2.06 2.21 2.39 2.55 2.47 2.52 2.57 2.56 2.65 2.72 2.82 2.98 3.07 3.13
C1909TS345_5 0.498 3.07 3.07 3.02 3.06 3.24 3.22 3.18 2.94 2.61 2.33 2.19 2.15 2.14 2.08 2.09 2.07 1.97 2.07 2.13 1.99
1.84 1.81 1.66 1.79 2.13 2.38 2.57 2.77 2.77 2.94 3.01 2.84 2.77 2.63 2.49 2.55 2.66 2.60
C1909TS215_5 0.495 3.08 3.13 3.00 2.84 2.61 2.37 2.35 2.35 2.34 2.31 2.33 2.33 2.29 2.23 2.25 2.30 2.42 2.59 2.65 2.65
2.54 2.59 2.74 2.85 2.94 2.80 2.50 2.33 2.14 2.07 2.14 2.14 2.28 2.46 2.57 2.62 2.68 2.62
C1909TS215_4 0.492 2.70 2.82 2.83 2.80 2.71 2.54 2.57 2.57 2.59 2.55 2.55 2.54 2.46 2.33 2.29 2.30 2.37 2.59 2.67 2.58
2.46 2.49 2.61 2.83 3.05 2.97 2.70 2.48 2.31 2.22 2.20 2.10 2.11 2.18 2.36 2.59 2.82 2.90
C1909TS210_1 0.484 2.57 2.60 2.62 2.68 2.95 2.84 2.84 2.67 2.52 2.38 2.45 2.56 2.57 2.50 2.50 2.45 2.42 2.53 2.54 2.41
2.20 2.15 2.12 2.22 2.43 2.55 2.50 2.56 2.60 2.77 2.98 3.12 3.21 3.16 3.01 2.89 2.80 2.75
C1909TS010_3 0.482 2.75 2.78 2.84 3.02 3.25 3.23 3.10 2.77 2.55 2.67 2.99 3.33 3.48 3.14 2.72 2.46 2.36 2.44 2.58 2.60
2.72 2.96 2.86 2.79 2.74 2.40 2.21 2.15 2.00 2.00 2.19 2.19 2.30 2.29 2.29 2.36 2.51 2.54
C1909TS228_2 0.478 3.39 3.42 3.38 3.31 3.31 3.32 3.43 3.49 3.46 3.17 2.93 2.81 2.64 2.53 2.53 2.44 2.35 2.47 2.54 2.59
2.62 2.85 2.80 2.78 2.80 2.56 2.28 2.23 2.07 2.04 2.11 2.03 2.08 2.16 2.28 2.46 2.65 2.72
C1909TS414_2 0.471 2.98 3.12 3.17 3.11 3.03 2.97 3.00 2.98 2.94 2.74 2.52 2.43 2.30 2.13 2.06 2.05 2.02 2.18 2.27 2.26
2.22 2.35 2.55 2.94 3.35 3.35 3.31 3.29 3.15 3.07 3.13 2.94 2.91 3.00 3.06 2.95 2.96 2.98
C1909TS228_5 0.471 3.40 3.53 3.53 3.48 3.40 3.39 3.48 3.53 3.47 3.12 2.82 2.74 2.62 2.53 2.52 2.40 2.28 2.40 2.49 2.55
2.69 3.13 3.32 3.41 3.36 2.88 2.43 2.29 2.15 2.14 2.22 2.14 2.18 2.24 2.32 2.45 2.59 2.60
C1909TS345_3 0.467 5.35 5.71 5.31 4.70 3.89 3.36 3.04 2.80 2.57 2.32 2.21 2.20 2.14 2.02 2.00 1.97 1.97 2.12 2.23 2.24
2.15 2.13 2.05 2.19 2.68 3.13 3.29 3.31 2.98 2.75 2.77 2.94 3.18 3.32 3.31 3.18 3.02 2.92
C1909TS230_1 0.466 2.79 2.98 3.13 3.26 3.75 4.17 4.38 4.06 3.53 2.84 2.44 2.50 2.52 2.42 2.43 2.41 2.35 2.49 2.52 2.29
2.04 1.90 1.73 1.83 2.16 2.41 2.68 3.02 3.19 3.46 3.70 3.53 3.42 3.21 2.98 2.91 2.94 2.91
C1909TS067_5 0.466 2.92 3.21 3.17 3.09 2.99 2.54 2.37 2.45 2.54 2.55 2.66 2.68 2.58 2.50 2.57 2.53 2.59 2.82 2.82 2.67
2.48 2.46 2.51 2.71 3.03 3.31 3.35 3.38 3.20 2.96 2.80 2.67 2.72 2.78 3.03 3.20 3.39 3.38
C1909TS067_1 0.466 2.92 3.21 3.17 3.09 2.99 2.54 2.37 2.45 2.54 2.55 2.66 2.68 2.58 2.50 2.57 2.53 2.59 2.82 2.82 2.67
2.48 2.46 2.51 2.71 3.03 3.31 3.35 3.38 3.20 2.96 2.80 2.67 2.72 2.78 3.03 3.20 3.39 3.38
C1909TS273_2 0.465 2.81 2.89 2.95 3.19 3.48 3.49 3.39 3.09 2.87 2.96 3.25 3.55 3.65 3.35 3.04 2.81 2.77 2.82 2.88 2.82
2.74 2.78 2.65 2.61 2.67 2.55 2.41 2.38 2.24 2.25 2.39 2.39 2.50 2.52 2.51 2.62 2.75 2.77
C1909TS228_4 0.465 3.45 3.60 3.63 3.58 3.50 3.48 3.58 3.61 3.55 3.22 2.93 2.84 2.71 2.59 2.59 2.52 2.43 2.57 2.65 2.66
2.77 3.17 3.32 3.40 3.38 2.91 2.46 2.30 2.15 2.14 2.22 2.15 2.20 2.25 2.36 2.52 2.68 2.70
C1909TS414_4 0.464 3.13 3.16 3.08 2.94 2.83 2.70 2.80 2.82 2.81 2.69 2.61 2.55 2.51 2.41 2.38 2.34 2.31 2.44 2.48 2.48
2.61 2.87 3.06 3.21 3.24 3.11 3.07 3.12 3.06 3.00 3.02 3.08 3.29 3.35 3.25 2.99 2.83 2.69
C1909TS228_1 0.464 3.49 3.61 3.61 3.59 3.53 3.50 3.58 3.61 3.55 3.22 2.95 2.86 2.72 2.61 2.57 2.45 2.34 2.46 2.54 2.59
2.74 3.18 3.40 3.51 3.46 2.97 2.53 2.38 2.24 2.22 2.29 2.20 2.25 2.31 2.42 2.55 2.70 2.71
C1909TS211_3 0.464 3.07 3.34 3.57 3.74 3.77 3.45 3.07 2.75 2.60 2.56 2.64 2.69 2.66 2.60 2.58 2.82 3.28 3.73 3.78 3.48
2.96 2.72 2.68 2.75 2.86 2.85 2.86 2.88 2.76 2.65 2.53 2.27 2.24 2.24 2.24 2.34 2.48 2.50
C1909TS066_1 0.464 3.75 3.59 3.30 3.19 3.17 3.32 3.57 3.54 3.25 2.92 2.66 2.60 2.65 2.52 2.53 2.47 2.28 2.18 2.21 1.96
1.69 1.60 1.47 1.64 2.17 2.66 3.04 3.37 3.45 3.59 3.80 3.77 3.66 3.50 3.41 3.24 3.24 3.18
C1909TS211_1 0.461 2.95 3.05 3.01 2.97 3.10 3.02 3.10 3.14 3.14 2.95 2.83 2.76 2.58 2.38 2.33 2.24 2.17 2.28 2.32 2.23
2.12 2.16 2.29 2.54 3.03 3.41 3.59 3.66 3.58 3.45 3.40 3.25 3.23 3.13 3.06 3.12 3.22 3.26
C1909TS210_3 0.455 2.97 3.06 3.19 3.24 3.62 3.49 3.35 3.27 3.27 3.05 3.02 2.95 2.79 2.72 2.78 2.71 2.62 2.71 2.69 2.54
2.31 2.23 2.24 2.43 2.73 2.88 2.83 2.81 2.82 2.94 3.13 3.17 3.26 3.27 3.34 3.34 3.39 3.36
C1909TS066_2 0.455 4.15 3.99 3.44 2.96 2.81 2.65 2.70 2.76 2.54 2.27 2.16 2.01 1.76 1.52 1.44 1.52 1.68 2.08 2.41 2.50
2.52 2.67 2.63 2.84 3.26 3.63 4.02 4.77 5.12 5.18 5.03 4.64 4.28 3.95 3.91 3.63 3.50 3.40
C1909TS215_2 0.454 3.90 3.85 3.56 3.28 3.20 3.24 3.45 3.63 3.56 3.33 3.10 2.95 2.83 2.67 2.62 2.57 2.50 2.57 2.62 2.57
2.44 2.40 2.29 2.40 2.70 2.97 3.13 3.25 3.05 3.05 3.05 2.82 2.80 2.84 2.81 2.92 3.06 3.00
C1909TS215_1 0.454 3.31 3.35 3.31 3.44 3.70 3.58 3.44 3.17 2.91 2.82 2.89 2.89 2.74 2.53 2.45 2.42 2.38 2.47 2.48 2.40
2.26 2.23 2.21 2.50 3.17 3.63 3.67 3.48 3.11 2.96 3.15 3.18 3.24 3.16 3.09 3.11 3.17 3.19
C1909TS369_5 0.453 3.03 3.14 3.25 3.32 3.46 3.25 3.13 3.02 3.04 3.00 3.04 3.08 3.04 2.95 2.91 2.82 2.63 2.62 2.65 2.58
2.40 2.39 2.37 2.68 3.18 3.51 3.47 3.46 3.42 3.60 3.64 3.43 3.05 2.64 2.50 2.53 2.58 2.68
C1909TS349_4 0.447 3.66 3.89 3.76 3.63 3.59 3.51 3.40 3.38 3.20 2.94 2.80 2.85 2.81 2.74 2.72 2.64 2.62 2.76 2.94 3.05
3.05 3.05 2.90 2.91 3.14 3.28 3.29 3.30 3.00 2.81 2.70 2.53 2.56 2.65 2.75 2.97 3.16 3.17
C1909TS152_5 0.447 3.94 3.89 3.70 3.67 3.64 3.69 3.76 3.57 3.15 2.81 2.62 2.58 2.60 2.57 2.59 2.58 2.54 2.61 2.65 2.61
2.47 2.45 2.32 2.36 2.57 2.80 3.01 3.22 3.27 3.38 3.55 3.54 3.57 3.44 3.35 3.25 3.29 3.30
C1909TS349_3 0.444 3.65 3.90 3.78 3.66 3.61 3.54 3.45 3.43 3.24 2.96 2.80 2.84 2.81 2.74 2.71 2.64 2.63 2.77 2.97 3.14
3.19 3.20 3.05 3.04 3.22 3.34 3.34 3.33 3.03 2.83 2.72 2.55 2.60 2.71 2.81 3.03 3.22 3.22
C1909TS345_1 0.443 3.92 3.82 3.81 3.79 3.85 3.83 3.77 3.51 3.28 3.04 2.94 2.93 2.85 2.76 2.73 2.66 2.58 2.64 2.60 2.48
2.29 2.26 2.22 2.40 2.77 2.97 3.03 3.10 3.02 3.09 3.26 3.28 3.41 3.39 3.48 3.56 3.61 3.64
C1909TS389_4 0.442 3.92 3.84 3.64 3.62 3.43 3.52 3.69 3.51 3.18 2.98 2.75 2.75 2.79 2.68 2.62 2.57 2.44 2.48 2.53 2.49
2.35 2.47 2.55 2.71 2.95 3.06 2.99 3.07 3.16 3.34 3.61 3.59 3.54 3.49 3.60 3.63 3.84 3.95
C1909TS230_4 0.442 3.20 3.09 2.97 2.93 3.06 3.10 3.21 3.13 2.96 2.80 2.73 2.77 2.87 2.91 2.93 2.89 2.82 2.89 2.97 2.94
2.82 2.90 2.96 3.33 3.86 3.97 3.64 3.33 2.97 2.88 2.97 3.12 3.29 3.34 3.42 3.42 3.36 3.33
C1909TS182_2 0.442 3.45 3.37 3.25 3.18 3.38 3.41 3.69 3.94 4.03 3.94 3.68 3.32 2.99 2.74 2.65 2.59 2.53 2.61 2.65 2.69
2.69 2.85 2.92 3.06 3.26 3.30 3.17 3.13 3.00 3.01 3.04 2.99 2.98 2.94 2.90 2.95 3.00 3.03
C1909TS299_2 0.441 3.96 4.30 4.43 4.44 4.12 3.63 3.47 3.27 3.15 2.93 2.80 2.77 2.71 2.59 2.58 2.51 2.40 2.46 2.46 2.37
2.23 2.21 2.15 2.32 2.67 3.08 3.32 3.47 3.45 3.55 3.66 3.72 3.69 3.52 3.57 3.68 3.88 4.05
C1909TS278_2 0.441 3.96 4.30 4.43 4.44 4.12 3.63 3.47 3.27 3.15 2.93 2.80 2.77 2.71 2.59 2.58 2.51 2.40 2.46 2.46 2.37
2.23 2.21 2.15 2.32 2.67 3.08 3.32 3.47 3.45 3.55 3.66 3.72 3.69 3.52 3.57 3.68 3.88 4.05
C1909TS213_1 0.441 2.97 3.07 3.18 3.27 3.48 3.28 3.24 3.05 2.92 2.73 2.75 2.79 2.82 2.79 2.79 2.68 2.60 2.68 2.69 2.59
2.40 2.34 2.31 2.50 2.88 3.10 3.24 3.59 3.86 4.09 4.37 4.22 3.98 3.81 3.97 3.79 3.77 3.76
C1909TS413_1 0.440 3.30 3.44 3.47 3.54 3.77 3.66 3.55 3.40 3.27 3.09 3.08 3.10 3.10 3.05 3.02 2.96 2.88 2.95 2.96 2.88
2.64 2.63 2.56 2.76 3.21 3.35 3.22 3.17 2.90 2.76 2.92 2.93 3.06 3.16 3.32 3.37 3.45 3.42
C1909TS414_3 0.439 3.58 3.50 3.32 3.47 3.80 4.07 4.23 3.88 3.25 2.85 2.70 2.66 2.56 2.38 2.32 2.30 2.22 2.38 2.50 2.41
2.31 2.43 2.62 3.04 3.56 3.75 3.75 3.75 3.79 3.86 3.91 3.74 3.65 3.58 3.54 3.36 3.30 3.25
C1909TS182_1 0.439 3.16 3.15 3.19 3.42 3.81 3.98 4.01 3.78 3.62 3.53 3.37 3.35 3.15 2.88 2.89 2.97 2.99 3.14 3.24 3.21
3.09 3.10 2.87 2.72 2.79 2.80 2.77 2.80 2.64 2.63 2.75 2.77 2.91 3.00 3.12 3.27 3.42 3.48
C1909TS345_2 0.438 3.95 4.17 4.20 4.17 4.17 3.99 3.79 3.56 3.32 2.99 2.82 2.76 2.66 2.51 2.52 2.49 2.47 2.58 2.60 2.52
2.39 2.33 2.27 2.51 3.06 3.47 3.63 3.56 3.27 3.14 3.27 3.28 3.46 3.56 3.70 3.68 3.63 3.43
C1909TS413_3 0.437 3.82 3.96 3.87 3.82 3.91 3.62 3.41 3.35 3.28 3.29 3.42 3.46 3.41 3.31 3.24 3.12 3.05 3.12 3.09 2.92
2.71 2.61 2.53 2.73 3.10 3.20 3.14 3.08 2.79 2.68 2.73 2.69 2.79 2.89 2.95 3.10 3.24 3.31
C1909TS349_2 0.437 3.93 4.37 4.28 4.16 3.92 3.63 3.45 3.42 3.27 3.06 2.95 3.02 3.01 2.93 2.89 2.81 2.77 2.91 3.10 3.20
3.16 3.16 3.07 3.14 3.38 3.51 3.45 3.39 3.05 2.83 2.70 2.53 2.56 2.67 2.76 2.94 3.10 3.10
C1909TS010_5 0.437 2.93 2.91 2.85 2.81 3.01 2.98 3.11 3.14 3.25 3.52 3.96 4.12 3.97 3.60 3.29 3.19 3.15 3.19 3.06 2.85
2.61 2.53 2.41 2.50 2.72 2.79 2.86 3.00 3.14 3.47 3.82 3.90 3.90 3.56 3.32 3.23 3.20 3.24
C1909TS349_5 0.436 3.73 4.05 3.95 3.86 3.76 3.59 3.49 3.47 3.31 3.08 2.95 3.01 3.01 2.93 2.89 2.81 2.76 2.91 3.10 3.22
3.23 3.24 3.11 3.13 3.32 3.42 3.40 3.37 3.07 2.89 2.77 2.62 2.68 2.82 2.92 3.12 3.26 3.21
C1909TS349_1 0.436 3.91 4.35 4.27 4.17 3.95 3.66 3.48 3.45 3.29 3.08 2.97 3.03 3.02 2.94 2.90 2.81 2.77 2.92 3.11 3.21
3.18 3.18 3.09 3.15 3.39 3.50 3.45 3.39 3.05 2.83 2.69 2.52 2.56 2.67 2.76 2.94 3.10 3.10
C1909TS309_5 0.436 4.63 4.60 4.35 4.02 3.80 3.51 3.36 3.28 3.23 3.06 3.02 2.99 2.88 2.78 2.83 2.79 2.71 2.79 2.79 2.68
2.50 2.40 2.31 2.54 3.07 3.58 3.82 3.76 3.35 3.14 3.13 3.16 3.25 3.20 3.19 3.23 3.30 3.43
C1909TS413_5 0.435 4.12 4.26 4.27 4.30 4.43 4.36 4.49 4.43 4.14 3.64 3.29 3.10 3.01 2.97 2.97 2.91 2.89 3.01 3.02 2.91
2.63 2.55 2.50 2.65 2.94 3.08 3.09 3.14 2.92 2.75 2.68 2.48 2.60 2.80 2.96 3.05 3.14 3.01
C1909TS152_1 0.435 3.28 3.24 3.18 3.15 3.37 3.80 4.29 4.30 3.93 3.37 2.94 2.89 2.88 2.79 2.72 2.73 2.71 2.84 2.93 2.93
2.81 2.96 3.02 3.28 3.63 3.74 3.58 3.53 3.36 3.39 3.41 3.22 3.08 2.95 2.91 2.93 2.95 2.92
C1909TS073_4 0.435 3.26 3.33 3.48 3.63 3.91 3.81 3.68 3.51 3.47 3.38 3.66 3.99 3.98 3.89 3.67 3.30 3.18 3.33 3.33 3.28
2.91 2.67 2.53 2.62 2.88 3.08 3.04 3.02 2.93 2.88 2.89 2.76 2.80 2.79 2.81 2.84 2.88 2.80
C1909TS258_2 0.434 2.99 3.12 3.15 3.14 3.33 3.18 3.23 3.29 3.31 3.16 3.09 3.00 2.92 2.83 2.78 2.66 2.56 2.64 2.75 2.69
2.53 2.52 2.56 2.84 3.30 3.47 3.36 3.34 3.26 3.42 3.71 4.02 4.37 4.71 4.75 4.39 4.04 3.72
C1909TS230_2 0.432 2.72 3.00 3.32 3.71 4.23 4.08 3.91 3.64 3.45 3.24 3.11 3.01 2.89 2.74 2.69 2.69 2.70 2.88 2.96 2.89
2.72 2.69 2.63 2.83 3.13 3.26 3.26 3.30 3.19 3.20 3.24 3.34 3.58 3.74 4.08 4.10 4.00 3.90
C1909TS213_4 0.431 3.07 3.20 3.36 3.46 3.70 3.46 3.33 3.16 3.08 2.87 2.85 2.82 2.74 2.73 2.78 2.70 2.64 2.73 2.73 2.64
2.46 2.41 2.36 2.57 3.02 3.36 3.65 4.15 4.35 4.40 4.52 4.31 4.14 4.12 4.35 4.04 3.90 3.74
C1909TS211_2 0.430 3.49 3.45 3.36 3.30 3.43 3.45 3.41 3.25 3.04 2.78 2.71 2.77 2.74 2.71 2.79 2.84 2.89 3.05 3.10 3.06
3.16 3.38 3.67 4.02 4.08 3.72 3.39 3.18 3.02 3.07 3.16 3.27 3.47 3.81 3.86 3.72 3.54 3.38
C1909TS309_1 0.429 3.70 3.79 3.80 3.83 3.98 3.82 3.77 3.65 3.54 3.28 3.21 3.15 3.04 2.94 3.00 2.95 2.86 2.98 3.01 2.95
2.80 2.77 2.71 2.84 3.19 3.50 3.59 3.63 3.42 3.29 3.32 3.29 3.37 3.30 3.15 3.07 3.10 3.08
C1909TS215_3 0.429 3.83 4.00 4.04 4.11 4.18 4.20 4.23 4.36 4.41 4.01 3.63 3.48 3.15 2.99 3.04 2.94 2.87 2.97 2.98 2.87
2.63 2.49 2.37 2.60 3.29 3.93 4.09 3.85 3.22 2.82 2.76 2.68 2.75 2.77 2.80 2.92 3.07 3.07
C1909TS213_3 0.429 3.01 3.14 3.23 3.33 3.56 3.36 3.33 3.21 3.10 2.92 2.93 2.94 2.93 2.91 2.92 2.85 2.77 2.83 2.85 2.76
2.67 2.68 2.65 2.81 3.16 3.31 3.55 4.01 4.24 4.38 4.49 4.16 3.91 3.79 3.97 3.85 3.84 3.79
C1909TS182_4 0.429 3.48 3.42 3.28 3.21 3.53 3.73 4.20 4.59 4.67 4.38 3.95 3.52 3.17 2.87 2.72 2.62 2.52 2.64 2.72 2.78
2.79 2.89 2.96 3.13 3.33 3.42 3.32 3.24 3.20 3.23 3.27 3.26 3.30 3.25 3.17 3.19 3.22 3.21
C1909TS010_2 0.429 3.30 3.35 3.36 3.36 3.59 3.77 4.08 4.13 4.10 3.75 3.41 3.44 3.59 3.61 3.72 3.77 3.59 3.40 3.16 2.82
2.65 2.73 2.68 2.67 2.78 2.69 2.73 2.86 2.78 2.76 2.86 2.96 3.15 3.26 3.41 3.51 3.55 3.63
C1909TS213_5 0.428 3.06 3.17 3.31 3.44 3.67 3.47 3.38 3.16 3.06 2.89 2.89 2.92 2.91 2.88 2.92 2.85 2.77 2.82 2.84 2.75
2.66 2.67 2.66 2.83 3.18 3.31 3.45 3.80 4.01 4.32 4.74 4.56 4.27 3.97 3.95 3.70 3.67 3.61
C1909TS182_5 0.428 3.40 3.56 3.57 3.66 4.02 3.80 3.70 3.69 3.57 3.44 3.37 3.19 2.98 2.85 2.79 2.73 2.70 2.76 2.78 2.79
2.74 2.96 3.38 3.79 4.13 4.11 3.63 3.36 3.26 3.28 3.39 3.37 3.30 3.20 3.10 3.04 3.09 3.13
C1909TS299_3 0.426 4.26 4.21 4.03 3.91 4.02 4.18 4.66 4.74 4.43 3.87 3.38 3.13 2.91 2.74 2.73 2.73 2.73 2.89 2.85 2.77
2.65 2.72 2.68 2.85 3.11 3.27 3.21 3.22 3.06 3.05 3.14 3.21 3.30 3.33 3.34 3.35 3.39 3.43
C1909TS278_3 0.426 4.26 4.21 4.03 3.91 4.02 4.18 4.66 4.74 4.43 3.87 3.38 3.13 2.91 2.74 2.73 2.73 2.73 2.89 2.85 2.77
2.65 2.72 2.68 2.85 3.11 3.27 3.21 3.22 3.06 3.05 3.14 3.21 3.30 3.33 3.34 3.35 3.39 3.43
C1909TS196_1 0.426 3.82 4.06 4.14 4.21 4.24 3.85 3.60 3.40 3.18 3.01 3.06 3.09 3.05 3.06 3.02 2.89 2.81 2.95 2.94 2.81
2.61 2.52 2.44 2.61 3.02 3.45 3.70 3.85 3.77 3.76 3.84 3.84 3.82 3.64 3.35 3.22 3.24 3.18
C1909TS182_3 0.426 3.46 3.49 3.55 3.71 4.00 3.92 3.97 3.85 3.83 3.76 3.61 3.43 3.19 2.92 2.88 2.92 2.91 3.08 3.26 3.35
3.34 3.39 3.08 2.89 2.90 2.87 2.84 2.89 2.71 2.70 2.90 3.16 3.57 3.87 3.97 3.80 3.61 3.40
C1909TS102_2 0.426 3.82 4.06 4.14 4.21 4.24 3.85 3.60 3.40 3.18 3.01 3.06 3.09 3.05 3.06 3.02 2.89 2.81 2.95 2.94 2.81
2.61 2.52 2.44 2.61 3.02 3.45 3.70 3.85 3.77 3.76 3.84 3.84 3.82 3.64 3.35 3.22 3.24 3.18
C1909TS438_5 0.425 3.08 3.34 3.53 3.68 3.93 3.67 3.54 3.44 3.36 3.12 3.05 2.98 2.92 2.90 2.91 2.82 2.72 2.74 2.77 2.65
2.47 2.41 2.40 2.68 3.20 3.46 3.60 3.88 3.96 4.22 4.63 4.64 4.58 4.41 4.24 3.85 3.65 3.48
C1909TS258_3 0.423 3.27 3.40 3.50 3.55 3.78 3.59 3.60 3.52 3.48 3.31 3.25 3.23 3.21 3.15 3.12 3.01 2.86 2.98 3.04 2.94
2.64 2.49 2.47 2.84 3.44 3.86 3.93 3.85 3.60 3.54 3.49 3.43 3.63 3.77 3.91 3.90 3.83 3.68
C1909TS228_3 0.423 3.73 3.93 4.00 3.99 4.11 4.06 4.22 4.23 4.29 4.08 3.87 3.75 3.51 3.16 3.06 2.94 2.98 3.28 3.52 3.59
3.48 3.31 2.95 2.86 2.93 2.81 2.61 2.66 2.51 2.54 2.79 2.86 2.96 3.17 3.37 3.50 3.68 3.73
C1909TS054_1 0.423 3.41 3.58 3.75 4.00 4.44 4.40 4.26 3.93 3.63 3.35 3.23 3.17 2.97 2.76 2.68 2.60 2.55 2.69 2.80 2.77
2.65 2.61 2.49 2.75 3.45 3.87 3.89 3.74 3.20 3.00 3.20 3.48 3.89 4.15 4.23 4.07 3.86 3.73
C1909TS123_1 0.421 3.05 3.31 3.57 3.75 4.02 3.75 3.54 3.32 3.22 3.02 3.02 3.01 2.98 2.94 2.94 2.87 2.80 2.86 2.89 2.82
2.76 2.80 2.79 2.99 3.36 3.46 3.47 3.59 3.56 3.80 4.26 4.45 4.53 4.33 4.21 4.04 4.06 4.07
C1909TS389_5 0.420 3.41 3.40 3.37 3.38 3.68 4.00 4.36 4.22 3.78 3.25 2.93 2.90 2.96 2.93 2.91 2.97 3.00 3.15 3.26 3.23
3.04 3.16 3.21 3.51 3.92 4.09 3.90 3.81 3.55 3.54 3.51 3.35 3.30 3.22 3.20 3.27 3.33 3.31
C1909TS258_1 0.420 3.57 3.63 3.57 3.49 3.58 3.37 3.45 3.47 3.46 3.23 3.15 3.06 2.96 2.93 3.03 2.98 2.87 2.93 2.92 2.81
2.58 2.52 2.50 2.74 3.24 3.57 3.61 3.64 3.61 3.68 3.77 3.90 4.24 4.65 5.16 5.04 4.69 4.28
C1909TS213_2 0.420 3.08 3.23 3.35 3.43 3.62 3.37 3.30 3.16 3.09 2.92 2.97 2.99 2.97 2.93 2.93 2.83 2.78 2.91 3.01 2.94
2.78 2.72 2.64 2.86 3.34 3.65 3.92 4.33 4.48 4.78 5.20 4.93 4.63 4.22 4.04 3.77 3.75 3.70
C1909TS067_2 0.420 3.82 3.94 3.90 3.82 3.76 3.47 3.33 3.26 3.21 3.08 3.15 3.22 3.19 3.14 3.16 3.00 2.77 2.77 2.71 2.57
2.50 2.64 2.89 3.52 4.61 5.14 4.82 4.14 3.50 3.21 3.23 3.21 3.35 3.51 3.71 3.82 3.88 3.79
C1909TS414_1 0.419 4.11 4.13 4.07 3.94 3.98 4.29 4.54 4.31 3.90 3.25 2.82 2.83 2.81 2.70 2.67 2.59 2.43 2.46 2.56 2.55
2.63 3.03 3.30 3.54 4.00 4.05 3.97 4.35 4.31 4.01 3.85 3.53 3.38 3.42 3.51 3.46 3.48 3.45
C1909TS369_2 0.419 3.95 4.02 4.09 4.26 4.61 4.25 3.87 3.40 3.12 2.94 2.97 3.08 3.16 3.12 3.11 3.03 2.94 3.08 3.12 3.02
2.86 2.89 2.90 3.17 3.63 3.77 3.76 3.82 3.69 3.63 3.62 3.41 3.31 3.29 3.39 3.40 3.41 3.29
C1909TS273_3 0.419 3.03 3.07 3.04 3.03 3.21 3.18 3.32 3.39 3.46 3.77 4.31 4.48 4.31 3.92 3.52 3.37 3.40 3.45 3.30 3.07
2.79 2.69 2.56 2.64 2.92 3.06 3.13 3.23 3.35 3.73 4.27 4.60 4.71 4.10 3.62 3.39 3.26 3.27
C1909TS073_2 0.419 3.87 4.06 4.30 4.48 4.64 4.20 3.88 3.47 3.34 3.23 3.48 3.71 3.73 3.57 3.44 3.23 3.16 3.29 3.27 3.16
2.82 2.63 2.55 2.74 3.10 3.37 3.37 3.27 3.19 3.27 3.39 3.40 3.50 3.44 3.42 3.33 3.24 3.15
C1909TS273_4 0.417 3.48 3.62 3.66 3.69 3.93 4.10 4.39 4.39 4.30 3.90 3.52 3.50 3.72 3.81 4.02 4.17 4.00 3.76 3.51 3.16
2.82 2.83 2.72 2.69 2.83 2.87 2.91 3.09 3.01 2.97 3.00 3.02 3.16 3.24 3.34 3.47 3.52 3.61
C1909TS438_4 0.416 3.15 3.45 3.86 4.23 4.54 4.36 4.18 3.86 3.67 3.34 3.18 3.14 3.08 3.07 3.08 2.98 2.93 2.97 2.98 2.88
2.69 2.61 2.56 2.78 3.35 3.74 3.93 4.08 3.73 3.57 3.51 3.30 3.31 3.50 3.93 4.31 4.63 4.70
C1909TS414_5 0.416 4.56 5.05 4.97 4.80 4.36 3.75 3.42 3.33 3.18 2.95 2.91 2.85 2.75 2.76 2.85 2.83 2.78 2.83 2.81 2.68
2.58 2.70 2.92 3.34 3.94 4.02 3.86 3.89 3.78 3.72 3.99 4.17 4.30 4.40 4.15 3.65 3.36 3.24
C1909TS247_4 0.416 3.71 3.82 3.88 3.87 3.82 3.56 3.53 3.49 3.54 3.48 3.50 3.47 3.32 3.18 3.14 3.03 2.90 2.97 2.94 2.78
2.57 2.56 2.49 2.79 3.64 4.32 4.49 4.57 4.10 3.68 3.72 3.61 3.61 3.68 3.84 3.82 3.83 3.67
C1909TS211_4 0.416 3.61 3.56 3.45 3.29 3.30 3.28 3.39 3.43 3.47 3.36 3.46 3.57 3.49 3.36 3.35 3.52 3.97 4.56 4.54 4.19
3.56 3.31 3.36 3.71 4.09 4.24 3.96 3.69 3.28 3.10 3.02 2.81 2.77 2.83 2.87 3.00 3.16 3.17
C1909TS309_4 0.415 3.99 3.97 3.87 3.77 3.88 3.85 3.92 3.79 3.66 3.38 3.23 3.29 3.25 3.12 3.11 3.03 2.92 2.98 3.07 3.08
2.95 3.08 3.23 3.41 3.76 3.89 3.66 3.54 3.36 3.33 3.45 3.46 3.56 3.49 3.43 3.49 3.63 3.76
C1909TS413_4 0.414 4.35 4.61 4.79 4.87 4.77 4.14 3.94 3.78 3.77 3.80 3.93 3.81 3.57 3.29 3.11 3.02 3.16 3.52 3.84 3.99
3.77 3.57 3.23 3.11 3.30 3.32 3.15 3.09 2.83 2.73 2.85 2.81 2.90 3.00 3.07 3.15 3.26 3.19
C1909TS299_4 0.414 3.58 3.63 3.58 3.54 3.68 3.48 3.49 3.42 3.35 3.19 3.18 3.16 3.07 2.99 2.99 2.92 2.87 3.03 3.09 3.04
2.94 2.95 2.91 3.08 3.43 3.61 3.66 3.81 3.83 3.85 3.98 3.93 3.92 4.13 4.45 4.61 4.81 4.82
C1909TS278_4 0.414 3.58 3.63 3.58 3.54 3.68 3.48 3.49 3.42 3.35 3.19 3.18 3.16 3.07 2.99 2.99 2.92 2.87 3.03 3.09 3.04
2.94 2.95 2.91 3.08 3.43 3.61 3.66 3.81 3.83 3.85 3.98 3.93 3.92 4.13 4.45 4.61 4.81 4.82
C1909TS054_2 0.414 3.22 3.38 3.54 3.89 4.50 4.42 4.34 3.87 3.37 3.03 3.01 3.08 3.09 3.02 3.02 2.96 2.90 2.99 3.02 2.79
2.56 2.49 2.33 2.32 2.64 2.86 3.04 3.47 4.02 4.57 5.24 5.14 4.79 4.49 4.85 4.94 5.25 5.22
C1909TS247_2 0.413 3.81 3.98 4.15 4.27 4.47 4.29 4.30 4.20 4.17 3.81 3.57 3.30 3.02 2.89 2.92 2.89 2.91 3.08 3.01 2.87
2.60 2.45 2.32 2.48 2.72 2.89 2.92 3.03 3.10 3.30 3.66 3.98 4.30 4.70 5.16 5.17 5.17 5.13
C1909TS438_2 0.412 3.34 3.54 3.80 4.09 4.32 4.20 4.32 4.08 3.86 3.50 3.28 3.18 3.11 3.04 3.06 2.98 2.90 2.94 2.87 2.68
2.47 2.45 2.50 2.87 3.47 3.80 3.81 3.83 3.57 3.68 3.86 3.87 3.89 4.05 4.44 4.64 4.83 4.85
C1909TS369_1 0.412 3.46 3.62 3.76 3.89 4.20 3.94 3.87 3.71 3.61 3.31 3.25 3.18 3.11 3.09 3.15 3.05 2.94 3.00 3.03 2.94
2.72 2.63 2.61 2.97 3.59 4.01 4.10 4.11 3.75 3.78 3.95 3.91 4.09 4.24 4.24 4.08 4.02 3.76
C1909TS359_1 0.412 3.77 3.98 4.08 4.22 4.42 4.22 4.21 4.14 4.02 3.84 3.71 3.50 3.25 3.08 3.03 2.96 2.93 3.01 2.96 2.83
2.72 2.85 2.93 3.18 3.50 3.60 3.42 3.42 3.34 3.42 3.65 3.86 4.02 3.94 3.74 3.58 3.51 3.48
C1909TS003_3 0.412 9.40 8.29 6.61 5.17 4.20 3.35 2.75 2.46 2.40 2.38 2.50 2.71 2.64 2.62 2.78 2.84 2.92 3.21 3.34 3.30
3.17 3.13 3.08 3.30 3.87 4.02 3.93 3.80 3.44 3.28 3.51 3.58 3.82 4.14 4.45 4.37 4.39 4.21
C1909TS299_1 0.410 4.38 4.35 4.24 4.05 3.94 3.68 3.69 3.64 3.60 3.39 3.37 3.34 3.24 3.16 3.10 2.93 2.78 2.95 3.00 2.97
2.80 2.76 2.72 2.98 3.44 3.74 3.79 3.81 3.61 3.54 3.61 3.60 3.66 3.90 4.25 4.56 4.91 5.16
C1909TS278_1 0.410 4.38 4.35 4.24 4.05 3.94 3.68 3.69 3.64 3.60 3.39 3.37 3.34 3.24 3.16 3.10 2.93 2.78 2.95 3.00 2.97
2.80 2.76 2.72 2.98 3.44 3.74 3.79 3.81 3.61 3.54 3.61 3.60 3.66 3.90 4.25 4.56 4.91 5.16
C1909TS438_1 0.409 3.22 3.51 3.90 4.28 4.53 4.36 4.38 4.09 3.82 3.42 3.19 3.09 3.07 3.09 3.16 3.11 3.07 3.13 3.10 2.94
2.73 2.69 2.70 3.05 3.64 4.00 4.07 4.13 3.79 3.77 3.82 3.67 3.66 3.77 4.07 4.26 4.48 4.53
C1909TS413_2 0.409 5.48 5.66 5.54 5.50 4.99 4.51 4.29 3.91 3.59 3.32 3.26 3.27 3.32 3.31 3.34 3.26 3.23 3.30 3.31 3.19
3.01 2.94 2.80 2.85 3.08 3.05 2.95 2.98 2.80 2.80 2.99 3.03 3.15 3.38 3.97 4.40 4.87 5.18
C1909TS158_2 0.409 3.38 3.49 3.67 3.79 4.04 4.21 4.39 4.20 4.02 3.53 3.20 3.17 3.11 3.07 3.10 3.03 2.94 3.08 3.12 3.03
2.79 2.74 2.64 2.85 3.31 3.60 3.78 4.35 4.83 5.54 5.64 4.86 4.08 3.59 3.39 3.41 3.44 3.50
C1909TS301_1 0.408 3.15 3.36 3.49 3.58 3.78 3.67 3.64 3.63 3.72 3.71 3.96 4.33 4.38 4.19 4.02 3.76 3.53 3.56 3.49 3.33
2.98 2.86 2.63 2.58 2.81 3.12 3.21 3.47 3.48 3.48 3.60 3.58 3.83 4.16 4.42 4.40 4.37 3.91
C1909TS103_1 0.408 3.23 3.34 3.38 3.45 3.65 3.76 4.00 3.99 3.88 3.58 3.31 3.18 3.02 2.82 2.80 2.84 2.83 2.95 3.06 3.08
2.91 2.81 2.61 2.55 2.74 3.39 4.29 5.86 7.55 8.62 7.08 5.56 4.53 3.77 3.47 3.40 3.49 3.61
C1909TS102_1 0.408 3.23 3.34 3.38 3.45 3.65 3.76 4.00 3.99 3.88 3.58 3.31 3.18 3.02 2.82 2.80 2.84 2.83 2.95 3.06 3.08
2.91 2.81 2.61 2.55 2.74 3.39 4.29 5.86 7.55 8.62 7.08 5.56 4.53 3.77 3.47 3.40 3.49 3.61
C1909TS073_1 0.408 4.43 4.58 4.47 4.30 4.16 3.86 3.66 3.45 3.33 3.17 3.41 3.79 3.92 3.79 3.63 3.33 3.39 3.76 3.88 3.71
3.16 2.78 2.66 2.79 3.10 3.32 3.26 3.19 3.13 3.17 3.32 3.56 3.87 4.09 4.12 3.97 3.76 3.64
C1909TS044_1 0.408 3.15 3.36 3.49 3.58 3.78 3.67 3.64 3.63 3.72 3.71 3.96 4.33 4.38 4.19 4.02 3.76 3.53 3.56 3.49 3.33
2.98 2.86 2.63 2.58 2.81 3.12 3.21 3.47 3.48 3.48 3.60 3.58 3.83 4.16 4.42 4.40 4.37 3.91
C1909TS158_5 0.405 3.23 3.38 3.52 3.64 3.87 3.68 3.57 3.41 3.38 3.25 3.25 3.26 3.17 3.11 3.15 3.09 3.07 3.24 3.33 3.25
3.08 3.02 3.02 3.34 3.89 4.25 4.28 4.44 4.49 4.72 4.91 4.85 4.53 4.17 4.02 3.78 3.66 3.63
C1909TS123_2 0.404 3.54 3.77 4.01 4.26 4.58 4.36 4.29 4.08 3.90 3.63 3.49 3.42 3.41 3.45 3.48 3.40 3.26 3.29 3.29 3.13
2.82 2.68 2.62 2.93 3.58 4.03 4.22 4.40 4.10 4.02 4.00 3.67 3.53 3.53 3.47 3.59 3.76 3.81
C1909TS247_3 0.403 4.20 4.57 4.72 4.80 4.90 4.40 4.12 3.81 3.54 3.25 3.19 3.21 3.18 3.15 3.14 3.05 2.95 3.01 2.91 2.77
2.54 2.50 2.54 2.86 3.46 3.98 4.11 4.06 3.78 3.78 4.15 4.47 4.71 4.69 4.42 4.20 4.19 4.21
C1909TS438_3 0.401 3.44 3.71 4.08 4.50 5.00 4.79 4.42 3.90 3.56 3.19 3.08 3.13 3.14 3.16 3.21 3.14 3.05 3.12 3.16 3.08
2.91 2.86 2.84 3.16 3.73 4.00 4.04 4.07 3.80 3.82 3.89 3.83 3.93 4.27 4.70 4.83 4.81 4.62
C1909TS404_2 0.400 3.45 3.69 3.76 3.89 4.23 4.21 4.41 4.93 5.02 4.48 4.03 3.57 3.14 2.95 2.92 2.94 2.93 3.08 3.19 3.12
2.89 2.98 3.03 3.25 3.81 4.40 4.64 5.01 4.64 4.08 3.74 3.53 3.65 3.91 4.08 3.96 3.82 3.52
C1909TS152_2 0.400 4.15 4.14 4.13 4.08 4.00 3.82 3.83 3.70 3.60 3.39 3.34 3.31 3.20 3.10 3.11 3.04 2.95 3.10 3.14 3.09
2.88 2.94 2.89 3.11 3.81 4.42 4.36 4.26 3.76 3.56 3.98 4.39 4.73 4.95 4.86 4.57 4.55 4.47
C1909TS003_1 0.400 2.95 3.16 3.15 3.17 3.06 2.85 2.77 2.87 2.92 3.12 3.57 3.99 4.25 4.36 4.39 4.40 4.53 4.93 5.17 4.70
4.04 3.70 3.34 3.22 3.48 3.68 3.92 4.19 4.12 4.01 4.08 4.11 4.21 4.08 3.88 3.51 3.33 3.31
C1909TS010_4 0.399 3.62 3.60 3.42 3.25 3.22 3.17 3.42 3.63 3.79 3.76 3.81 3.81 3.75 3.73 3.91 4.00 4.29 4.73 4.70 4.51
4.12 3.77 3.63 3.77 4.10 4.24 4.12 3.94 3.62 3.55 3.62 3.46 3.39 3.27 3.14 3.10 3.15 3.11
C1909TS211_5 0.397 3.93 4.02 3.89 3.80 3.83 3.77 3.84 3.85 3.74 3.59 3.68 3.81 3.76 3.65 3.63 3.81 4.39 4.96 4.89 4.54
3.87 3.64 3.75 4.10 4.47 4.69 4.37 3.97 3.44 3.23 3.11 2.91 2.87 2.91 2.94 3.08 3.27 3.30
C1909TS152_3 0.394 3.58 3.86 4.14 4.56 4.96 4.65 4.53 4.24 3.97 3.71 3.62 3.54 3.47 3.46 3.49 3.42 3.33 3.36 3.32 3.24
3.05 2.99 2.92 3.16 3.64 3.99 3.91 3.84 3.66 3.64 3.77 4.06 4.28 4.31 4.50 4.40 4.22 4.10
C1909TS299_5 0.391 3.65 3.99 4.13 4.35 4.83 5.07 5.30 5.14 4.86 4.45 4.07 3.90 3.77 3.41 3.20 3.14 3.11 3.14 3.08 2.88
2.69 2.65 2.64 2.95 3.43 3.74 3.98 4.11 4.03 4.25 4.66 4.92 4.95 4.58 4.23 3.97 3.84 3.86
C1909TS278_5 0.391 3.65 3.99 4.13 4.35 4.83 5.07 5.30 5.14 4.86 4.45 4.07 3.90 3.77 3.41 3.20 3.14 3.11 3.14 3.08 2.88
2.69 2.65 2.64 2.95 3.43 3.74 3.98 4.11 4.03 4.25 4.66 4.92 4.95 4.58 4.23 3.97 3.84 3.86
C1909TS067_4 0.391 5.74 5.42 4.93 4.36 3.91 3.58 3.48 3.34 3.29 3.17 3.26 3.37 3.54 3.60 3.76 3.94 4.37 4.86 5.00 4.51
3.76 3.36 3.36 3.62 4.05 4.15 3.81 3.44 3.01 2.77 2.80 3.05 3.56 4.23 4.75 4.71 4.47 4.20
C1909TS152_4 0.390 3.62 3.83 3.94 3.98 4.07 3.96 4.04 4.09 4.19 3.87 3.62 3.55 3.43 3.32 3.32 3.19 3.07 3.18 3.24 3.20
3.06 3.07 3.08 3.31 3.72 3.93 4.01 4.23 4.24 4.44 4.74 4.94 5.19 5.20 5.17 4.81 4.55 4.37
C1909TS073_3 0.390 4.16 4.17 4.08 3.96 4.01 3.83 3.77 3.72 3.69 3.57 3.83 4.17 4.26 4.37 4.33 3.98 3.79 3.95 3.96 3.88
3.42 3.11 2.91 2.99 3.34 3.57 3.48 3.38 3.23 3.21 3.37 3.51 3.79 4.42 5.17 5.37 5.42 5.15
C1909TS369_4 0.389 3.86 4.06 4.25 4.45 4.76 4.49 4.35 4.14 3.95 3.67 3.59 3.54 3.45 3.45 3.48 3.39 3.33 3.45 3.47 3.37
3.10 3.01 3.00 3.34 4.18 4.86 4.91 4.90 4.46 4.22 4.24 3.98 3.83 3.79 3.83 3.88 3.99 3.92
C1909TS054_3 0.389 3.77 4.23 4.23 4.19 4.19 3.93 4.02 4.28 4.24 3.97 3.75 3.66 3.49 3.35 3.25 3.17 3.06 3.19 3.14 2.97
2.71 2.70 2.70 2.88 3.33 3.80 4.09 4.74 5.01 5.33 5.77 5.84 5.69 5.38 4.84 4.43 4.26 4.10
C1909TS309_2 0.388 4.57 4.45 4.16 4.13 4.34 4.29 4.35 4.14 3.68 3.35 3.27 3.29 3.23 3.16 3.16 3.12 3.07 3.25 3.31 3.19
2.97 2.90 2.97 3.52 4.45 5.41 5.62 5.10 4.34 3.98 3.88 3.97 4.21 4.57 5.04 4.99 4.98 4.83
C1909TS054_5 0.388 3.76 4.27 4.49 4.73 4.94 4.40 4.19 4.07 3.90 3.74 3.67 3.60 3.49 3.28 3.21 3.13 3.00 3.07 3.14 3.06
2.97 3.09 3.08 3.35 4.00 4.47 4.60 4.82 4.51 4.41 4.61 4.63 4.64 4.51 4.47 4.27 4.24 4.17
C1909TS010_1 0.387 3.72 4.06 4.24 4.52 4.72 4.49 4.41 4.30 4.09 3.87 3.88 3.94 4.00 4.06 4.10 4.00 3.80 3.67 3.50 3.29
3.35 3.59 3.56 3.63 3.76 3.57 3.55 3.72 3.62 3.66 3.88 3.92 4.06 4.14 4.13 3.98 3.94 3.77
C1909TS200_1 0.386 4.09 4.17 4.16 4.14 4.27 4.09 3.98 3.79 3.70 3.54 3.60 3.72 3.76 3.72 3.85 3.79 3.63 3.61 3.54 3.38
3.20 3.29 3.47 3.85 4.54 4.87 4.61 4.30 3.82 3.65 3.69 3.75 3.98 4.17 4.28 4.33 4.33 4.32
C1909TS123_3 0.386 3.71 4.06 4.40 4.63 4.82 4.66 4.53 4.39 4.25 3.88 3.58 3.46 3.36 3.32 3.26 3.12 3.02 3.07 3.12 3.07
2.85 2.79 2.78 3.10 3.70 4.11 4.17 4.38 4.59 5.09 5.61 5.66 5.39 4.96 4.95 4.65 4.41 4.23
C1909TS073_5 0.386 4.03 4.19 4.16 4.22 4.51 4.27 4.13 3.94 3.70 3.52 3.78 4.10 4.13 4.01 3.83 3.54 3.41 3.54 3.62 3.65
3.39 3.28 3.27 3.51 3.92 4.23 4.08 3.94 3.82 3.80 4.08 4.35 4.56 4.56 4.37 3.93 3.75 3.66
C1909TS230_3 0.385 4.39 4.72 4.97 5.21 5.39 5.05 4.95 4.63 4.27 3.80 3.66 3.61 3.56 3.54 3.53 3.38 3.24 3.26 3.20 3.08
2.91 2.90 2.90 3.16 3.66 3.98 4.02 4.04 3.93 3.93 4.03 4.15 4.52 4.86 5.00 4.78 4.44 4.01
C1909TS158_3 0.385 3.93 4.08 4.11 4.17 4.34 4.01 3.89 3.72 3.66 3.76 4.18 4.46 4.46 4.21 4.06 3.96 3.91 3.93 3.87 3.66
3.49 3.51 3.36 3.50 3.83 3.90 3.83 3.79 3.45 3.49 3.78 4.03 4.40 4.52 4.40 4.11 3.94 3.76
C1909TS369_3 0.384 3.57 3.87 4.00 4.28 4.62 4.50 4.46 4.28 3.93 3.62 3.53 3.48 3.45 3.41 3.43 3.35 3.28 3.46 3.70 3.68
3.54 3.56 3.48 3.57 3.96 4.11 4.11 4.50 4.87 5.10 4.85 4.37 4.09 3.94 4.07 4.28 4.37 4.39
C1909TS054_4 0.384 3.90 4.01 4.11 4.40 5.03 5.39 5.53 4.99 4.30 3.74 3.44 3.47 3.38 3.25 3.19 3.13 3.04 3.16 3.29 3.27
3.20 3.33 3.24 3.29 3.52 3.55 3.54 3.83 3.99 4.43 4.93 5.42 5.69 5.53 5.27 4.77 4.35 4.18
C1909TS123_4 0.383 3.81 4.24 4.62 5.23 5.62 5.34 5.21 4.78 4.29 3.84 3.64 3.54 3.54 3.55 3.58 3.48 3.42 3.46 3.51 3.49
3.35 3.25 3.23 3.46 3.88 4.17 4.04 3.83 3.62 3.64 3.82 4.15 4.44 4.54 4.67 4.44 4.22 4.06
C1909TS309_3 0.380 4.44 4.79 4.93 5.00 4.89 4.31 4.06 3.91 3.77 3.63 3.64 3.69 3.65 3.70 3.78 3.72 3.64 3.79 3.77 3.74
3.61 3.64 3.77 4.11 4.56 4.72 4.60 4.58 4.71 4.92 4.91 4.47 4.07 3.67 3.45 3.32 3.26 3.22
C1909TS258_4 0.379 3.98 4.14 4.19 4.35 4.66 4.46 4.39 4.23 3.95 3.59 3.47 3.41 3.27 3.20 3.23 3.16 3.08 3.25 3.35 3.29
3.04 3.04 3.24 3.78 4.64 5.11 4.81 4.46 4.27 4.51 4.82 4.98 5.37 5.86 6.21 5.84 5.41 4.73
C1909TS404_5 0.374 4.37 4.45 4.52 4.84 5.21 5.07 4.77 4.36 3.93 3.63 3.41 3.23 2.99 2.83 2.82 2.91 2.96 3.20 3.52 3.82
4.15 4.54 4.51 4.57 4.78 4.52 4.31 4.14 3.84 3.94 4.24 4.41 4.65 4.99 5.44 5.71 5.78 5.71
C1909TS240_5 0.374 29.85 29.85 29.85 29.85 20.68 7.61 5.51 4.55 4.08 3.80 3.92 4.06 4.05 3.90 3.73 3.53 3.50 3.72 3.69 3.34
2.86 2.62 2.42 2.57 3.13 3.40 3.44 3.41 3.10 2.94 3.23 3.42 3.61 3.75 3.77 3.73 3.77 3.76
C1909TS067_3 0.374 3.75 4.09 4.03 3.99 3.71 3.52 3.40 3.55 3.59 3.62 3.64 3.70 3.56 3.47 3.49 3.47 3.62 4.00 4.03 3.93
3.71 3.55 3.40 3.56 3.84 4.09 4.44 5.19 5.30 5.61 5.76 5.57 5.85 6.22 5.81 5.52 5.17 4.78
C1909TS404_1 0.370 4.05 4.47 4.60 4.58 4.39 3.99 3.78 4.07 4.45 4.58 4.46 4.10 3.62 3.31 3.16 3.09 3.10 3.19 3.24 3.28
3.30 3.67 4.55 5.78 7.16 7.30 5.79 4.69 4.09 3.77 3.69 3.89 4.35 5.32 6.29 5.95 5.33 4.57
C1909TS247_1 0.369 5.01 5.57 5.81 5.82 5.61 5.28 5.01 4.65 4.26 3.73 3.44 3.36 3.29 3.28 3.33 3.28 3.25 3.36 3.29 3.25
3.13 3.27 3.33 3.57 3.91 4.17 4.16 4.32 4.13 4.23 4.59 5.11 5.48 5.88 6.15 5.97 6.02 6.37
C1909TS240_1 0.368 29.85 29.85 12.19 7.65 5.77 4.82 4.73 4.75 4.80 4.57 4.44 4.27 4.17 4.04 4.07 3.97 3.75 3.76 3.78 3.53
3.21 3.08 2.80 2.78 3.17 3.52 3.68 3.87 3.69 3.60 3.64 3.88 4.22 4.57 4.67 4.47 4.24 4.05
C1909TS123_5 0.368 4.25 4.64 5.04 5.57 6.15 6.09 6.17 5.66 5.00 4.25 3.83 3.67 3.56 3.53 3.55 3.46 3.43 3.58 3.59 3.49
3.27 3.12 3.13 3.58 4.46 5.14 5.37 5.31 4.76 4.60 4.50 4.18 3.96 3.97 4.25 4.47 4.66 4.75
C1909TS404_4 0.366 4.05 4.10 3.98 4.03 4.35 4.32 4.32 4.54 4.35 4.08 3.87 3.59 3.26 3.14 3.10 3.08 3.09 3.16 3.18 3.19
3.32 3.85 4.92 6.56 9.14 10.77 8.90 7.93 6.42 5.22 4.58 4.02 3.80 4.08 4.45 4.63 4.90 4.78
C1909TS404_3 0.365 3.96 4.07 3.95 3.99 4.19 4.18 4.29 4.63 4.51 4.23 4.00 3.69 3.37 3.25 3.21 3.18 3.17 3.24 3.25 3.25
3.38 3.91 5.02 6.77 9.85 12.07 9.97 7.95 6.05 4.80 4.11 3.62 3.65 4.16 4.64 4.89 5.07 4.67
C1909TS158_1 0.365 7.11 7.22 6.38 5.29 4.54 4.01 3.99 4.15 4.35 4.18 4.12 3.96 3.82 3.63 3.71 3.80 3.92 4.22 4.32 4.18
3.96 3.98 3.86 4.08 4.65 5.07 4.93 4.76 4.18 4.06 4.40 4.60 4.70 4.37 3.88 3.61 3.56 3.48
C1909TS258_5 0.363 4.26 4.42 4.52 4.73 4.89 4.89 5.04 4.94 4.62 4.17 4.01 3.97 3.93 3.96 3.97 3.76 3.63 3.72 3.78 3.66
3.33 3.18 3.21 3.62 4.49 5.21 5.32 5.09 4.75 4.85 5.24 5.11 5.21 5.12 4.89 4.60 4.59 4.29
C1909TS389_2 0.357 5.03 5.70 5.85 6.18 5.83 5.13 4.91 4.98 4.78 4.48 4.31 4.04 3.76 3.66 3.59 3.39 3.24 3.30 3.31 3.32
3.17 3.16 3.17 3.47 4.15 5.03 5.40 5.72 5.46 5.46 5.63 5.65 5.72 5.48 5.41 5.30 5.28 5.08
C1909TS247_5 0.357 7.02 7.34 6.77 6.96 6.35 5.49 5.09 4.73 4.28 4.17 4.26 4.27 4.16 4.05 4.10 4.28 4.39 4.61 4.95 4.90
4.34 4.29 3.92 3.68 3.89 4.02 3.89 4.13 4.24 4.53 4.82 4.63 4.33 3.90 3.63 3.54 3.55 3.52
C1909TS405_4 0.356 4.70 4.78 4.64 4.48 4.33 4.01 4.14 4.21 4.21 4.01 4.03 4.11 4.47 5.05 5.72 5.88 5.48 5.06 4.55 4.16
3.63 3.52 3.42 3.50 3.88 4.31 4.48 4.94 5.66 6.27 6.42 5.90 5.10 4.30 4.09 3.97 3.90 3.90
C1909TS389_3 0.350 5.36 6.12 5.97 5.65 4.78 4.60 5.33 6.28 6.56 5.82 4.70 4.14 3.81 3.46 3.25 3.09 2.98 3.11 3.18 3.10
2.97 3.10 3.21 3.54 4.20 4.54 4.59 4.98 5.19 5.65 6.42 6.37 6.39 6.73 7.77 8.08 8.54 7.75
C1909TS347_1 0.350 6.44 6.71 6.39 5.97 5.97 5.12 4.87 4.45 4.16 3.71 3.66 3.69 3.66 3.54 3.64 3.58 3.49 3.73 3.79 3.62
3.33 3.30 3.17 3.43 4.20 5.01 5.70 6.77 6.91 7.18 7.57 7.13 7.01 6.25 5.88 5.19 4.81 4.38
C1909TS240_4 0.347 29.85 29.85 29.85 29.85 29.85 10.54 7.29 5.62 4.76 4.17 4.04 4.05 4.11 4.09 4.17 4.28 4.59 4.90 4.95 4.27
3.47 3.12 3.07 3.32 4.08 4.50 4.40 4.05 3.57 3.32 3.39 3.43 3.56 3.74 4.03 4.11 4.25 4.21
C1909TS240_2 0.346 4.00 4.23 4.45 4.61 4.69 4.39 4.40 4.51 4.95 5.40 5.99 6.61 7.56 8.81 12.41 22.82 15.06 9.96 6.61 4.68
3.50 3.15 3.13 3.48 4.05 4.26 3.92 3.69 3.38 3.51 3.82 4.12 4.43 4.65 4.60 4.49 4.34 4.23
C1909TS389_1 0.344 5.68 6.33 6.23 5.95 5.32 5.00 5.16 5.20 4.82 4.19 3.72 3.58 3.53 3.43 3.39 3.30 3.24 3.35 3.38 3.28
3.17 3.26 3.30 3.51 3.93 4.22 4.32 4.72 4.86 5.22 5.75 6.79 8.98 14.35 29.85 29.85 29.85 25.86
C1909TS003_2 0.342 4.22 4.11 3.87 3.64 3.39 3.24 3.30 3.43 3.56 3.70 4.06 4.32 4.44 4.66 4.79 4.87 5.07 5.18 4.89 4.45
3.92 3.78 4.01 4.71 6.05 7.30 7.83 7.58 6.55 6.00 5.84 5.80 6.34 7.30 8.23 7.37 6.66 5.89
C1909TS405_3 0.340 4.49 4.65 4.75 4.89 5.08 5.11 5.43 5.37 5.17 4.82 4.83 4.97 5.09 5.17 5.10 4.85 4.80 4.95 4.76 4.47
3.93 3.74 3.78 4.07 4.85 5.66 5.95 6.14 6.01 5.74 5.48 5.00 4.80 4.50 4.33 4.29 4.26 4.11
C1909TS405_1 0.329 4.85 5.30 5.37 5.48 5.75 5.48 5.88 6.57 6.83 6.39 6.96 7.08 6.48 5.97 5.52 4.88 4.76 4.94 4.72 4.48
4.08 4.02 4.01 4.36 5.19 5.84 5.80 5.66 5.20 5.05 5.19 5.00 5.00 4.67 4.50 4.21 4.01 3.70
C1909TS273_1 0.328 5.46 5.52 5.36 5.14 4.83 4.93 5.00 4.87 4.78 4.53 4.44 4.84 5.44 6.10 6.96 6.65 5.71 5.28 5.28 5.35
5.28 5.41 5.12 4.92 4.87 4.40 3.85 3.60 3.43 3.70 4.53 5.71 7.65 9.21 8.65 6.38 5.47 4.88
C1909TS158_4 0.326 5.91 6.35 6.30 6.27 6.13 5.28 4.85 4.32 3.79 3.29 3.06 2.85 2.68 2.55 2.56 2.62 2.84 3.24 3.52 3.76
3.87 4.00 4.24 4.95 6.11 7.66 9.59 12.44 12.29 14.36 26.90 29.85 29.85 29.85 29.85 29.85 12.61 8.93
C1909TS230_5 0.325 4.64 5.24 5.59 6.60 7.19 8.10 8.82 7.66 5.83 4.60 3.77 3.59 3.61 3.57 3.67 3.66 3.50 3.62 3.59 3.43
3.13 3.18 3.39 4.13 5.86 9.38 11.67 12.27 9.54 7.58 7.02 7.04 7.91 9.52 11.53 9.05 7.49 6.11
C1909TS210_4 0.325 4.70 5.30 6.10 7.73 10.81 15.08 23.62 14.58 8.57 5.89 4.93 5.02 5.35 5.95 6.40 5.93 5.35 5.16 4.71 4.37
4.16 4.33 4.40 4.56 4.87 4.91 4.78 4.97 4.95 4.86 4.74 4.40 4.12 3.92 3.98 4.03 4.09 4.11
C1909TS405_5 0.324 5.49 6.23 6.81 7.75 8.52 6.91 6.06 5.29 4.85 4.63 4.68 4.72 4.82 5.06 5.88 6.69 6.93 6.95 5.95 4.98
4.28 4.26 4.34 4.91 5.83 6.23 5.70 5.41 4.93 4.73 4.79 4.78 4.75 4.64 4.50 4.25 4.12 4.08
C1909TS240_3 0.324 29.85 29.85 29.85 29.85 29.85 29.85 29.85 12.89 8.27 6.15 5.50 5.32 4.94 4.82 4.90 4.61 4.11 3.97 3.71 3.43
3.13 2.96 2.79 2.91 3.28 3.47 3.44 3.42 3.39 3.50 3.82 4.02 4.35 4.90 6.02 6.95 7.72 7.89
C1909TS210_2 0.320 5.41 6.37 7.14 9.18 11.42 8.89 7.76 6.75 5.78 5.25 4.94 4.66 4.58 4.81 5.24 5.75 5.79 5.79 5.47 4.99
4.37 4.17 3.93 4.16 5.00 5.57 5.66 5.77 5.15 4.96 5.24 5.33 5.46 5.33 5.04 4.70 4.49 4.30
C1909TS405_2 0.310 5.39 5.76 5.61 5.77 5.86 5.51 5.98 6.24 6.02 5.91 6.52 6.79 7.11 7.68 8.77 9.51 8.82 7.58 5.79 4.68
3.98 3.99 4.11 4.55 5.68 6.56 6.21 5.97 5.25 4.79 5.05 5.52 5.98 6.27 5.95 5.20 4.74 4.44
C1909TS273_5 0.309 4.68 5.63 6.40 7.23 8.07 8.77 9.90 14.29 14.71 8.85 7.50 7.69 7.41 7.49 6.99 5.53 4.75 4.74 4.71 4.45
4.21 4.08 3.71 3.75 4.07 4.11 4.19 4.49 4.85 5.72 7.13 8.23 8.54 7.13 6.15 5.46 5.06 4.87
END



