PFRMAT QA
TARGET C1906x2
MODEL 2
QMODE 2
C1906x2TS215_3 0.669 1.89 1.72 1.51 1.30 1.04 0.89 0.77 0.74 0.74 0.79 0.85 0.95 1.07 1.12 1.15 1.22 1.32 1.35 1.36 1.41
1.54 1.53 1.58 1.63 1.71 1.75 1.66 1.64 1.70 1.59 1.58 1.58 1.65 1.73 1.73 1.79 1.87 1.89 1.98 2.03
2.10 2.13 2.13 2.18 2.10 2.02 2.00 1.96 1.90 1.84 1.78 1.81 1.73 1.70 1.67 1.62 1.50 1.42 1.33 1.26
1.12 1.16 1.21 1.30 1.36 1.44 1.53 1.75 1.92 2.13 2.21 2.30 2.27 2.15 1.88 1.67 1.51 1.35 1.19 1.11
1.18 1.29 1.36 1.43 1.51 1.49 1.48 1.46 1.50 1.52 1.57 1.72 1.83 1.84 1.81 1.71 1.58 1.43 1.33 1.35
1.33 1.34 1.36 1.38 1.44 1.54 1.64 1.76 1.75 1.64 1.50 1.41 1.31 1.25 1.25 1.26 1.23 1.11 0.95 0.86
0.82 0.90 1.04 1.11 1.16 1.17 1.09 1.04 0.98 1.00 1.04 1.11 1.19 1.23 1.18 1.13 1.01 0.87 0.67 0.61
0.58 0.66 0.80 0.88 0.87 0.81 0.79 0.70 0.52 0.35 0.33 0.33 0.24 0.00 0.13 0.12 0.00 0.00 0.11 0.33
0.40 0.34 0.38 0.40 0.16 0.00 0.00 0.00 0.00 0.28 0.65 0.98 1.20 1.24 1.23 1.11 0.97 0.72 0.53 0.46
0.63 0.87 1.12 1.32 1.46 1.52 1.48 1.33 1.11 0.98 0.80 0.58 0.32 0.00 0.32 0.71 1.17 1.58 1.88 2.15
2.41 2.52 2.63 2.61 2.60 2.46 2.17 1.91 1.68 1.44 1.27 1.17 1.06 0.91 0.70 0.64 0.71 0.73 0.76 0.86
0.99 1.08
C1906x2TS215_5 0.663 2.25 2.09 1.94 1.81 1.64 1.45 1.31 1.15 0.98 0.85 0.78 0.91 1.10 1.26 1.45 1.61 1.77 1.83 1.88 1.87
1.82 1.68 1.59 1.53 1.56 1.54 1.52 1.49 1.47 1.35 1.26 1.23 1.28 1.39 1.41 1.51 1.56 1.55 1.57 1.62
1.75 1.94 2.01 2.16 2.19 2.16 2.12 2.04 2.03 2.05 2.02 2.02 2.02 1.97 1.94 1.83 1.69 1.51 1.37 1.18
1.02 0.92 0.92 0.93 0.89 0.85 0.91 1.02 1.20 1.46 1.74 2.12 2.42 2.53 2.47 2.31 2.09 1.75 1.44 1.28
1.27 1.25 1.25 1.26 1.29 1.17 1.10 1.07 1.20 1.32 1.42 1.54 1.68 1.72 1.70 1.70 1.72 1.77 1.82 1.92
1.94 1.95 1.87 1.81 1.66 1.55 1.51 1.56 1.57 1.61 1.63 1.65 1.59 1.55 1.53 1.48 1.39 1.23 1.06 0.85
0.72 0.73 0.78 0.99 1.23 1.40 1.44 1.46 1.48 1.44 1.34 1.29 1.30 1.33 1.33 1.31 1.27 1.14 1.00 0.87
0.75 0.83 1.10 1.26 1.38 1.38 1.35 1.22 0.98 0.79 0.78 0.74 0.75 0.70 0.80 0.84 0.83 0.93 1.10 1.22
1.32 1.33 1.30 1.19 0.96 0.73 0.51 0.09 0.23 0.49 0.81 1.00 1.15 1.18 1.15 0.99 0.81 0.60 0.53 0.44
0.60 0.84 1.14 1.40 1.60 1.68 1.65 1.48 1.19 0.92 0.68 0.36 0.00 0.00 0.00 0.57 0.93 1.23 1.43 1.57
1.67 1.70 1.70 1.74 1.84 1.87 1.81 1.69 1.51 1.31 1.09 0.93 0.92 1.03 1.23 1.39 1.45 1.42 1.33 1.18
1.01 0.91
C1906x2TS215_1 0.652 1.51 1.41 1.27 1.19 1.09 1.05 1.05 1.13 1.20 1.21 1.18 1.22 1.24 1.23 1.29 1.46 1.62 1.72 1.84 1.94
1.95 1.82 1.72 1.66 1.59 1.52 1.47 1.51 1.51 1.44 1.44 1.47 1.50 1.57 1.62 1.78 1.83 1.81 1.86 1.90
1.91 1.97 2.03 2.16 2.23 2.20 2.19 2.13 2.00 1.92 1.80 1.67 1.58 1.49 1.41 1.32 1.16 1.03 0.94 0.81
0.71 0.72 0.78 0.89 0.93 0.96 1.14 1.39 1.61 1.85 2.05 2.33 2.69 2.88 2.89 2.80 2.57 2.19 1.73 1.31
1.11 1.01 0.96 0.95 1.02 1.07 1.17 1.23 1.34 1.41 1.42 1.43 1.50 1.54 1.56 1.54 1.59 1.65 1.67 1.73
1.79 1.83 1.75 1.68 1.60 1.53 1.49 1.48 1.48 1.66 1.75 1.93 2.03 2.04 2.01 1.80 1.50 1.26 1.06 1.00
1.04 1.07 1.13 1.15 1.15 1.11 1.04 1.08 1.19 1.36 1.60 1.84 2.11 2.30 2.33 2.30 2.14 1.86 1.58 1.36
1.25 1.28 1.45 1.61 1.78 1.85 1.85 1.79 1.70 1.68 1.78 1.87 1.94 1.88 1.85 1.77 1.61 1.44 1.38 1.46
1.63 1.72 1.83 1.89 1.79 1.53 1.27 0.99 0.83 0.67 0.75 0.83 0.93 0.94 1.00 1.01 0.96 0.88 0.87 0.84
0.88 1.04 1.30 1.56 1.74 1.86 1.88 1.79 1.57 1.47 1.36 1.22 1.11 0.95 0.91 0.98 1.08 1.29 1.36 1.36
1.34 1.35 1.38 1.36 1.39 1.42 1.36 1.16 0.90 0.69 0.61 0.56 0.60 0.71 0.87 1.02 1.12 1.12 1.12 1.13
1.12 1.09
C1906x2TS215_4 0.629 1.45 1.45 1.47 1.43 1.40 1.39 1.38 1.33 1.30 1.32 1.47 1.65 1.87 1.96 2.02 2.09 2.24 2.23 2.25 2.31
2.37 2.30 2.26 2.30 2.51 2.74 2.92 3.17 3.36 3.35 3.30 3.26 3.23 3.25 3.04 3.03 3.01 2.87 2.74 2.53
2.40 2.33 2.20 2.21 2.23 2.25 2.32 2.36 2.38 2.44 2.60 2.85 3.02 3.08 3.07 2.90 2.57 2.20 1.92 1.72
1.57 1.59 1.64 1.67 1.67 1.63 1.68 1.87 2.12 2.46 2.81 3.33 3.83 3.93 3.60 3.16 2.77 2.30 1.86 1.53
1.46 1.42 1.34 1.28 1.31 1.30 1.24 1.15 1.18 1.18 1.10 1.07 1.14 1.14 1.04 0.98 0.94 1.08 1.34 1.63
1.92 2.22 2.35 2.50 2.47 2.44 2.53 2.59 2.54 2.58 2.55 2.63 2.61 2.47 2.35 2.22 1.99 1.84 1.68 1.58
1.48 1.43 1.39 1.42 1.45 1.49 1.47 1.53 1.51 1.58 1.60 1.64 1.61 1.51 1.31 1.16 0.95 0.77 0.52 0.36
0.20 0.42 0.71 0.86 0.95 0.98 0.98 0.90 0.81 0.78 0.87 0.92 0.96 0.95 1.02 0.98 0.93 0.89 0.90 0.86
0.85 0.81 0.86 0.89 0.83 0.71 0.66 0.66 0.70 0.73 1.01 1.28 1.45 1.47 1.43 1.34 1.17 0.90 0.73 0.59
0.57 0.60 0.72 0.85 0.98 1.09 1.12 1.08 0.96 0.90 0.77 0.58 0.38 0.00 0.03 0.56 0.94 1.28 1.50 1.63
1.80 1.90 1.99 2.03 2.11 2.11 2.06 1.98 1.90 1.83 1.79 1.72 1.64 1.49 1.35 1.28 1.25 1.26 1.31 1.40
1.49 1.61
C1906x2TS215_2 0.611 2.23 2.16 2.07 1.98 1.87 1.90 1.89 1.92 1.98 2.05 2.08 2.11 2.16 2.22 2.29 2.41 2.60 2.75 2.79 2.69
2.57 2.36 2.13 2.02 2.02 2.08 2.11 2.16 2.25 2.20 2.13 2.09 2.11 2.15 2.09 2.12 2.18 2.21 2.28 2.33
2.48 2.59 2.52 2.48 2.33 2.15 2.04 1.98 2.00 2.07 2.08 2.13 2.18 2.29 2.45 2.48 2.43 2.34 2.20 1.92
1.71 1.70 1.78 1.84 1.91 1.98 2.07 2.10 2.17 2.38 2.41 2.47 2.38 2.20 1.95 1.70 1.53 1.45 1.36 1.33
1.37 1.39 1.43 1.50 1.62 1.69 1.76 1.86 2.11 2.25 2.25 2.31 2.32 2.19 1.97 1.78 1.75 1.78 1.86 2.03
2.18 2.33 2.32 2.25 2.12 2.05 2.10 2.25 2.38 2.52 2.53 2.54 2.42 2.39 2.41 2.41 2.40 2.29 2.09 1.92
1.68 1.56 1.47 1.38 1.34 1.29 1.23 1.29 1.39 1.60 1.83 2.01 2.15 2.19 2.20 2.16 2.00 1.76 1.59 1.39
1.20 1.06 1.11 1.15 1.20 1.19 1.22 1.22 1.25 1.26 1.33 1.37 1.46 1.44 1.39 1.33 1.21 1.07 1.01 0.98
1.05 1.06 1.09 1.15 1.11 1.06 1.09 1.15 1.27 1.41 1.61 1.80 1.92 1.91 1.82 1.71 1.58 1.44 1.31 1.15
1.05 1.00 1.02 1.14 1.33 1.51 1.62 1.59 1.47 1.40 1.28 1.12 1.05 1.05 1.15 1.38 1.69 2.03 2.31 2.54
2.75 2.95 3.01 2.90 2.74 2.46 2.13 1.79 1.57 1.53 1.62 1.69 1.76 1.78 1.84 1.85 1.88 1.91 1.93 1.94
1.96 1.91
C1906x2TS301_2 0.608 3.76 3.73 3.62 3.72 3.95 4.02 4.08 3.96 3.73 3.43 2.92 2.51 2.26 2.03 1.81 1.65 1.54 1.45 1.37 1.25
1.20 1.12 1.10 1.16 1.29 1.38 1.43 1.52 1.62 1.61 1.62 1.75 1.94 2.19 2.35 2.68 2.99 3.20 3.30 3.32
3.36 3.35 3.13 3.08 2.93 2.74 2.53 2.29 2.16 2.06 1.96 1.93 1.88 1.83 1.73 1.59 1.43 1.23 1.09 0.92
0.83 0.88 1.00 1.15 1.27 1.34 1.50 1.73 2.02 2.40 2.73 3.21 3.70 3.73 3.43 3.00 2.56 2.14 1.76 1.49
1.44 1.36 1.27 1.20 1.12 0.96 0.94 0.99 1.15 1.30 1.38 1.55 1.70 1.74 1.72 1.67 1.75 1.91 2.03 2.24
2.44 2.65 2.68 2.66 2.64 2.70 2.83 2.97 3.11 3.20 3.16 3.17 3.06 2.95 2.77 2.54 2.26 1.94 1.65 1.43
1.25 1.22 1.21 1.33 1.46 1.56 1.62 1.81 1.90 1.95 2.06 2.18 2.24 2.20 2.06 2.01 1.88 1.64 1.42 1.25
1.03 0.90 0.89 0.88 0.92 0.95 0.96 0.96 0.95 0.89 0.93 0.94 0.97 0.96 1.00 1.00 1.00 0.95 0.94 0.94
0.94 0.96 1.09 1.20 1.24 1.27 1.30 1.27 1.23 1.27 1.46 1.63 1.80 1.83 1.84 1.75 1.57 1.37 1.30 1.20
1.20 1.21 1.37 1.47 1.53 1.53 1.47 1.34 1.10 0.93 0.85 0.71 0.66 0.62 0.73 0.98 1.22 1.44 1.58 1.70
1.89 2.10 2.33 2.58 2.86 3.11 3.22 3.11 2.95 2.79 2.67 2.55 2.46 2.47 2.48 2.60 2.71 2.79 2.82 2.84
2.87 2.92
C1906x2TS301_1 0.608 3.76 3.73 3.62 3.72 3.95 4.02 4.08 3.96 3.73 3.43 2.92 2.51 2.26 2.03 1.81 1.65 1.54 1.45 1.37 1.25
1.19 1.12 1.10 1.16 1.29 1.38 1.43 1.52 1.62 1.61 1.62 1.75 1.93 2.18 2.34 2.68 2.99 3.19 3.29 3.31
3.36 3.34 3.13 3.07 2.93 2.73 2.52 2.28 2.15 2.05 1.95 1.92 1.88 1.82 1.72 1.58 1.42 1.23 1.09 0.92
0.83 0.88 1.00 1.15 1.27 1.34 1.50 1.73 2.02 2.40 2.73 3.21 3.70 3.74 3.43 3.00 2.57 2.14 1.76 1.49
1.44 1.35 1.27 1.19 1.12 0.96 0.94 0.98 1.14 1.29 1.37 1.54 1.69 1.74 1.72 1.67 1.75 1.91 2.03 2.24
2.44 2.65 2.68 2.66 2.63 2.70 2.82 2.96 3.11 3.19 3.16 3.16 3.05 2.94 2.77 2.54 2.26 1.94 1.65 1.43
1.25 1.22 1.21 1.33 1.46 1.56 1.62 1.81 1.90 1.95 2.06 2.18 2.24 2.20 2.06 2.01 1.88 1.64 1.42 1.25
1.03 0.90 0.89 0.88 0.92 0.95 0.96 0.96 0.95 0.89 0.92 0.93 0.96 0.95 1.00 1.00 1.00 0.95 0.95 0.94
0.94 0.96 1.09 1.20 1.24 1.27 1.30 1.27 1.23 1.26 1.45 1.63 1.80 1.82 1.84 1.75 1.57 1.37 1.30 1.20
1.20 1.21 1.37 1.48 1.53 1.53 1.47 1.34 1.10 0.93 0.85 0.72 0.66 0.62 0.73 0.98 1.22 1.44 1.58 1.70
1.89 2.10 2.33 2.58 2.86 3.11 3.21 3.11 2.95 2.79 2.67 2.55 2.47 2.47 2.48 2.61 2.71 2.79 2.82 2.84
2.87 2.92
C1906x2TS044_1 0.608 3.76 3.73 3.62 3.72 3.95 4.02 4.08 3.96 3.73 3.43 2.92 2.51 2.26 2.03 1.81 1.65 1.54 1.45 1.37 1.25
1.19 1.12 1.10 1.16 1.29 1.38 1.43 1.52 1.62 1.61 1.62 1.75 1.93 2.18 2.34 2.68 2.99 3.19 3.29 3.31
3.36 3.34 3.13 3.07 2.93 2.73 2.52 2.28 2.15 2.05 1.95 1.92 1.88 1.82 1.72 1.58 1.42 1.23 1.09 0.92
0.83 0.88 1.00 1.15 1.27 1.34 1.50 1.73 2.02 2.40 2.73 3.21 3.70 3.74 3.43 3.00 2.57 2.14 1.76 1.49
1.44 1.35 1.27 1.19 1.12 0.96 0.94 0.98 1.14 1.29 1.37 1.54 1.69 1.74 1.72 1.67 1.75 1.91 2.03 2.24
2.44 2.65 2.68 2.66 2.63 2.70 2.82 2.96 3.11 3.19 3.16 3.16 3.05 2.94 2.77 2.54 2.26 1.94 1.65 1.43
1.25 1.22 1.21 1.33 1.46 1.56 1.62 1.81 1.90 1.95 2.06 2.18 2.24 2.20 2.06 2.01 1.88 1.64 1.42 1.25
1.03 0.90 0.89 0.88 0.92 0.95 0.96 0.96 0.95 0.89 0.92 0.93 0.96 0.95 1.00 1.00 1.00 0.95 0.95 0.94
0.94 0.96 1.09 1.20 1.24 1.27 1.30 1.27 1.23 1.26 1.45 1.63 1.80 1.82 1.84 1.75 1.57 1.37 1.30 1.20
1.20 1.21 1.37 1.48 1.53 1.53 1.47 1.34 1.10 0.93 0.85 0.72 0.66 0.62 0.73 0.98 1.22 1.44 1.58 1.70
1.89 2.10 2.33 2.58 2.86 3.11 3.21 3.11 2.95 2.79 2.67 2.55 2.47 2.47 2.48 2.61 2.71 2.79 2.82 2.84
2.87 2.92
C1906x2TS228_1 0.585 3.05 3.05 2.94 2.95 2.99 3.08 3.22 3.23 3.21 3.18 2.93 2.69 2.49 2.27 2.09 1.93 1.82 1.70 1.61 1.51
1.43 1.29 1.21 1.15 1.15 1.13 1.14 1.17 1.22 1.19 1.22 1.26 1.34 1.52 1.65 1.84 2.00 2.07 2.21 2.28
2.34 2.50 2.61 2.75 2.84 2.78 2.64 2.44 2.26 2.12 1.97 1.86 1.82 1.77 1.62 1.42 1.26 1.07 0.88 0.68
0.63 0.70 0.78 0.86 0.93 0.96 1.07 1.28 1.54 1.84 2.11 2.39 2.59 2.55 2.33 2.10 1.88 1.60 1.38 1.19
1.09 0.96 0.85 0.73 0.68 0.59 0.70 0.88 1.09 1.31 1.46 1.61 1.76 1.85 1.84 1.80 1.86 2.01 2.12 2.30
2.48 2.69 2.77 2.76 2.81 2.92 3.11 3.29 3.46 3.51 3.46 3.34 3.23 3.03 3.00 2.99 3.08 3.09 3.06 2.99
3.11 3.20 3.24 3.29 3.38 3.46 3.47 3.36 3.24 3.21 3.12 2.86 2.55 2.30 2.16 2.08 2.05 2.09 2.13 2.11
2.01 1.90 1.86 1.73 1.67 1.68 1.75 1.79 1.91 1.99 2.13 2.19 2.25 2.13 2.01 1.84 1.70 1.53 1.50 1.62
1.84 1.97 2.04 2.03 1.93 1.86 1.91 2.13 2.43 2.71 2.97 3.08 3.04 2.81 2.58 2.39 2.16 1.93 1.73 1.55
1.48 1.37 1.35 1.41 1.47 1.51 1.51 1.44 1.33 1.26 1.22 1.14 1.16 1.23 1.45 1.78 2.13 2.51 2.85 3.15
3.42 3.45 3.37 3.32 3.26 3.10 2.97 2.98 2.99 2.95 2.84 2.71 2.55 2.41 2.29 2.32 2.40 2.54 2.67 2.78
2.85 2.99
C1906x2TS389_3 0.572 4.27 4.14 3.87 3.64 3.47 3.32 3.20 3.07 2.90 2.79 2.56 2.30 2.14 1.96 1.84 1.76 1.70 1.61 1.51 1.38
1.26 1.07 0.97 0.92 0.91 0.88 0.81 0.83 0.90 0.88 0.98 1.18 1.39 1.65 1.85 2.16 2.46 2.71 2.95 3.10
3.15 3.12 2.97 2.88 2.78 2.65 2.47 2.32 2.17 2.01 1.83 1.77 1.73 1.67 1.55 1.46 1.32 1.07 0.81 0.58
0.40 0.36 0.52 0.77 0.94 1.07 1.25 1.43 1.71 2.01 2.25 2.52 2.73 2.76 2.58 2.25 1.96 1.66 1.38 1.12
1.00 0.89 0.81 0.75 0.68 0.56 0.62 0.68 0.92 1.19 1.42 1.71 2.01 2.18 2.22 2.14 2.14 2.24 2.26 2.34
2.47 2.64 2.66 2.71 2.78 2.95 3.16 3.47 3.83 4.07 3.97 3.94 3.63 3.32 3.24 3.38 3.72 4.03 4.01 3.80
3.34 2.82 2.36 2.05 1.89 1.92 2.00 2.15 2.30 2.49 2.68 2.74 2.70 2.65 2.63 2.73 2.69 2.57 2.49 2.42
2.38 2.34 2.41 2.48 2.51 2.40 2.23 2.00 1.89 1.70 1.61 1.53 1.51 1.47 1.53 1.56 1.59 1.59 1.60 1.58
1.61 1.61 1.73 1.82 1.82 1.93 2.08 2.17 2.27 2.33 2.50 2.62 2.74 2.93 3.25 3.65 3.84 3.70 3.43 3.04
2.66 2.41 2.37 2.57 2.72 2.76 2.73 2.64 2.51 2.52 2.58 2.71 2.80 2.77 2.78 2.78 2.76 2.85 2.81 2.73
2.74 2.72 2.79 2.85 2.92 2.95 2.99 2.97 2.90 2.82 2.76 2.63 2.48 2.33 2.26 2.38 2.56 2.76 2.99 3.14
3.27 3.43
C1906x2TS389_1 0.552 3.87 3.64 3.39 3.18 3.00 2.92 2.92 2.96 2.88 2.86 2.68 2.45 2.29 2.11 1.97 1.84 1.78 1.70 1.61 1.47
1.39 1.26 1.18 1.10 1.14 1.14 1.15 1.22 1.34 1.34 1.38 1.48 1.63 1.80 1.95 2.19 2.44 2.66 2.83 2.88
2.99 3.16 3.20 3.21 3.16 3.03 2.76 2.39 2.09 1.92 1.77 1.67 1.65 1.62 1.54 1.41 1.28 1.11 0.97 0.85
0.84 0.91 1.07 1.24 1.38 1.50 1.66 1.82 2.05 2.42 2.72 3.04 3.25 3.22 3.00 2.64 2.33 2.14 1.97 1.82
1.76 1.66 1.55 1.44 1.34 1.18 1.14 1.13 1.19 1.29 1.34 1.47 1.60 1.66 1.68 1.68 1.73 1.84 1.90 2.00
2.04 2.15 2.18 2.30 2.51 2.81 3.28 3.84 4.28 4.52 4.27 3.95 3.60 3.27 3.26 3.37 3.67 3.90 3.86 3.58
3.21 2.77 2.38 2.09 2.03 2.13 2.27 2.56 2.87 3.28 3.66 3.79 3.75 3.67 3.58 3.71 3.63 3.42 3.17 2.89
2.55 2.19 1.98 1.88 1.80 1.73 1.63 1.59 1.66 1.64 1.71 1.76 1.85 1.81 1.78 1.73 1.75 1.78 1.81 1.82
1.94 2.01 2.12 2.17 2.20 2.31 2.41 2.43 2.47 2.52 2.67 2.73 2.86 2.96 3.14 3.43 3.65 3.81 4.08 4.10
3.89 3.68 3.52 3.35 3.08 2.73 2.46 2.24 2.01 2.02 2.09 2.17 2.35 2.51 2.72 3.12 3.52 4.07 4.18 4.01
3.82 3.58 3.50 3.62 3.77 3.95 3.99 4.04 4.10 4.02 3.98 3.89 3.70 3.50 3.31 3.32 3.47 3.57 3.68 3.78
3.79 3.89
C1906x2TS389_5 0.543 4.10 3.84 3.55 3.23 2.95 2.77 2.70 2.64 2.56 2.57 2.47 2.28 2.12 1.95 1.78 1.62 1.55 1.53 1.53 1.50
1.46 1.37 1.32 1.28 1.30 1.32 1.34 1.41 1.50 1.48 1.54 1.66 1.85 2.11 2.32 2.65 3.00 3.30 3.57 3.61
3.56 3.39 3.16 3.05 3.00 2.85 2.68 2.47 2.27 2.04 1.84 1.78 1.80 1.80 1.75 1.71 1.63 1.46 1.29 1.14
1.02 1.02 1.08 1.24 1.35 1.39 1.46 1.56 1.77 2.02 2.21 2.48 2.72 2.71 2.51 2.17 1.88 1.59 1.33 1.13
1.12 1.10 1.09 1.12 1.11 1.04 1.11 1.18 1.38 1.58 1.73 1.96 2.21 2.36 2.39 2.35 2.41 2.59 2.70 2.89
3.11 3.47 3.62 3.68 3.67 3.82 3.95 4.06 4.03 3.97 3.81 3.52 3.13 2.87 2.86 2.97 3.24 3.52 3.73 3.70
3.47 3.11 2.75 2.44 2.32 2.31 2.30 2.41 2.52 2.71 2.84 2.88 2.85 2.85 2.83 2.96 3.01 3.00 2.99 2.94
2.84 2.70 2.60 2.50 2.42 2.32 2.22 2.15 2.23 2.18 2.15 2.04 1.90 1.70 1.58 1.58 1.69 1.84 2.01 2.14
2.31 2.39 2.53 2.66 2.74 2.98 3.23 3.29 3.31 3.20 3.25 3.20 3.21 3.26 3.49 3.88 4.17 4.28 4.30 4.12
3.94 3.68 3.53 3.51 3.53 3.50 3.28 3.00 2.73 2.68 2.78 2.95 3.31 3.54 3.77 3.92 3.86 3.92 3.86 3.66
3.64 3.52 3.53 3.57 3.56 3.52 3.51 3.35 3.14 2.95 2.82 2.66 2.50 2.37 2.37 2.54 2.76 2.99 3.29 3.51
3.65 3.82
C1906x2TS389_4 0.539 2.62 2.49 2.40 2.42 2.52 2.71 2.86 2.99 3.07 2.98 2.71 2.45 2.24 2.06 1.89 1.74 1.66 1.55 1.45 1.35
1.26 1.16 1.13 1.13 1.22 1.25 1.26 1.31 1.39 1.39 1.46 1.60 1.80 2.03 2.20 2.42 2.73 3.10 3.54 3.82
4.05 4.04 3.82 3.52 3.29 3.09 2.91 2.69 2.53 2.32 2.13 2.07 2.07 2.02 1.93 1.83 1.70 1.49 1.29 1.11
0.99 0.96 1.03 1.15 1.25 1.32 1.43 1.57 1.77 2.03 2.29 2.60 2.86 2.86 2.64 2.30 1.97 1.63 1.37 1.17
1.16 1.13 1.10 1.08 1.09 1.05 1.19 1.34 1.61 1.96 2.19 2.45 2.69 2.75 2.68 2.53 2.50 2.68 2.81 3.04
3.25 3.51 3.60 3.61 3.60 3.77 3.93 4.13 4.29 4.40 4.33 4.06 3.65 3.37 3.26 3.33 3.69 4.05 4.40 4.36
4.09 3.55 2.97 2.59 2.47 2.50 2.58 2.81 3.04 3.27 3.41 3.45 3.38 3.35 3.32 3.47 3.49 3.37 3.26 3.15
3.03 2.84 2.71 2.51 2.42 2.30 2.26 2.28 2.41 2.41 2.44 2.38 2.37 2.23 2.20 2.24 2.26 2.23 2.24 2.25
2.35 2.43 2.56 2.69 2.76 2.88 3.04 3.03 2.96 2.85 2.81 2.68 2.68 2.71 2.91 3.26 3.68 4.05 4.28 4.14
3.99 3.73 3.51 3.37 3.24 3.07 2.78 2.50 2.30 2.34 2.48 2.70 3.00 3.19 3.34 3.51 3.50 3.61 3.59 3.43
3.41 3.36 3.40 3.49 3.48 3.41 3.37 3.19 2.99 2.82 2.71 2.59 2.44 2.34 2.34 2.46 2.63 2.82 3.07 3.25
3.35 3.51
C1906x2TS389_2 0.535 5.78 4.78 3.99 3.50 3.07 2.70 2.61 2.58 2.51 2.44 2.25 2.07 1.96 1.85 1.77 1.73 1.77 1.76 1.73 1.64
1.56 1.41 1.28 1.16 1.17 1.14 1.10 1.14 1.23 1.22 1.30 1.47 1.70 1.95 2.20 2.53 2.80 2.98 3.07 3.11
3.17 3.15 3.10 3.01 2.86 2.69 2.45 2.29 2.19 2.11 2.08 2.08 2.08 1.99 1.85 1.68 1.51 1.31 1.22 1.21
1.26 1.36 1.55 1.69 1.81 1.88 1.99 2.12 2.24 2.43 2.58 2.76 2.90 2.87 2.70 2.46 2.27 2.09 1.97 1.84
1.85 1.84 1.84 1.78 1.71 1.56 1.52 1.45 1.53 1.67 1.75 1.85 2.03 2.08 2.03 1.89 1.90 2.03 2.11 2.23
2.41 2.59 2.67 2.70 2.81 3.08 3.46 3.81 4.17 4.24 3.94 3.62 3.23 2.92 2.89 2.88 3.11 3.30 3.43 3.54
3.45 3.16 2.84 2.58 2.48 2.52 2.63 2.97 3.25 3.59 3.81 3.83 3.68 3.54 3.37 3.43 3.40 3.31 3.17 3.07
2.86 2.64 2.57 2.48 2.41 2.28 2.12 2.05 2.04 1.96 2.05 2.10 2.17 2.04 1.94 1.86 1.84 1.82 1.88 1.98
2.24 2.44 2.72 2.91 3.01 3.12 3.24 3.24 3.19 3.21 3.39 3.46 3.52 3.50 3.56 3.69 3.65 3.70 3.89 3.97
4.06 4.16 4.32 4.60 4.61 4.34 4.03 3.72 3.36 3.19 3.09 3.05 3.12 3.06 3.15 3.48 3.86 4.40 4.72 4.64
4.62 4.29 4.09 3.95 3.93 3.93 3.85 3.50 3.17 2.84 2.69 2.53 2.46 2.52 2.67 2.81 2.94 3.02 3.21 3.35
3.40 3.52
C1906x2TS073_4 0.524 3.19 3.00 2.77 2.51 2.33 2.17 2.10 2.04 1.99 2.00 1.98 1.93 2.01 2.07 2.14 2.25 2.37 2.44 2.53 2.56
2.55 2.38 2.20 2.05 1.97 1.87 1.77 1.71 1.71 1.63 1.68 1.82 2.04 2.36 2.54 2.65 2.62 2.50 2.42 2.34
2.39 2.54 2.62 2.70 2.69 2.60 2.45 2.32 2.31 2.35 2.37 2.46 2.61 2.64 2.61 2.57 2.52 2.38 2.29 2.19
2.13 2.11 2.22 2.36 2.46 2.46 2.54 2.61 2.65 2.77 3.04 3.41 3.62 3.54 3.24 2.86 2.48 2.12 1.93 1.80
1.77 1.72 1.66 1.60 1.57 1.49 1.59 1.68 1.89 2.16 2.33 2.54 2.76 2.79 2.72 2.53 2.46 2.53 2.59 2.65
2.76 2.92 3.00 3.03 2.99 2.95 2.98 2.92 2.84 2.77 2.72 2.78 2.77 2.68 2.61 2.51 2.46 2.45 2.45 2.51
2.55 2.58 2.62 2.67 2.72 2.78 2.84 2.92 2.97 3.03 3.14 3.19 3.13 3.03 2.94 2.83 2.68 2.55 2.53 2.61
2.72 2.87 3.14 3.33 3.38 3.33 3.39 3.49 3.60 3.57 3.61 3.50 3.31 3.04 3.02 3.12 3.19 3.18 3.16 3.02
2.95 2.81 2.76 2.73 2.72 2.71 2.78 2.80 2.91 3.10 3.37 3.50 3.58 3.56 3.62 3.61 3.46 3.30 3.14 2.94
2.79 2.79 2.96 3.21 3.32 3.29 3.11 2.93 2.79 2.84 2.95 3.05 3.18 3.19 3.19 3.31 3.42 3.61 3.58 3.36
3.35 3.31 3.32 3.51 3.84 4.27 4.59 4.83 5.08 4.96 4.44 3.85 3.37 3.05 2.77 2.70 2.79 2.98 3.13 3.21
3.31 3.56
C1906x2TS073_2 0.519 3.37 3.36 3.23 3.09 2.96 2.70 2.35 2.02 1.80 1.72 1.73 1.86 2.08 2.28 2.45 2.62 2.73 2.69 2.69 2.69
2.61 2.35 2.17 2.10 2.08 1.96 1.85 1.78 1.78 1.67 1.62 1.61 1.63 1.71 1.71 1.81 1.84 1.82 1.88 1.87
1.89 1.92 1.94 2.06 2.13 2.07 2.00 1.91 1.85 1.77 1.69 1.74 1.90 1.99 2.07 2.15 2.23 2.19 2.13 2.11
2.12 2.11 2.14 2.21 2.25 2.16 2.18 2.33 2.58 2.88 3.27 3.90 4.58 4.63 4.12 3.52 3.00 2.51 2.13 1.90
1.90 1.92 1.87 1.82 1.77 1.72 1.79 1.88 2.05 2.28 2.45 2.63 2.78 2.79 2.70 2.56 2.46 2.47 2.43 2.40
2.35 2.33 2.22 2.15 2.16 2.32 2.53 2.72 2.86 2.91 2.83 2.74 2.62 2.55 2.54 2.56 2.69 2.79 2.87 2.78
2.67 2.50 2.27 2.14 2.19 2.38 2.56 2.70 2.80 2.82 2.71 2.64 2.59 2.67 2.81 2.97 3.09 3.12 2.99 2.87
2.71 2.61 2.67 2.70 2.78 3.00 3.24 3.55 3.70 3.73 3.76 3.57 3.43 3.17 3.11 3.29 3.35 3.47 3.68 3.74
4.04 4.03 4.12 4.28 4.25 4.25 4.34 4.41 4.58 4.70 5.08 5.18 5.36 5.14 5.00 5.06 4.97 4.95 4.97 4.82
4.68 4.40 4.27 4.12 3.86 3.63 3.26 2.93 2.55 2.39 2.49 2.71 3.08 3.64 4.36 5.09 5.32 5.36 4.96 4.58
4.50 4.38 4.50 4.53 4.45 4.24 3.89 3.50 3.31 3.03 2.84 2.63 2.48 2.39 2.35 2.47 2.75 3.02 3.28 3.45
3.58 3.76
C1906x2TS123_1 0.505 2.08 1.95 1.80 1.63 1.49 1.48 1.51 1.56 1.61 1.72 1.82 1.85 1.93 2.03 2.13 2.25 2.41 2.61 2.74 2.77
2.83 2.71 2.56 2.50 2.64 3.00 3.26 3.53 3.96 4.14 3.97 3.67 3.48 3.45 3.32 3.31 3.42 3.58 3.72 3.73
3.60 3.45 3.29 3.15 2.91 2.73 2.60 2.45 2.30 2.25 2.32 2.39 2.38 2.42 2.49 2.42 2.30 2.22 2.19 2.11
2.01 2.02 2.13 2.35 2.65 2.96 3.27 3.69 4.10 4.59 4.67 4.60 4.34 3.85 3.26 2.78 2.50 2.35 2.28 2.20
2.26 2.31 2.37 2.35 2.36 2.29 2.30 2.28 2.45 2.66 2.83 3.10 3.40 3.41 3.20 2.85 2.65 2.53 2.37 2.38
2.43 2.49 2.44 2.35 2.27 2.34 2.56 2.86 3.14 3.40 3.43 3.45 3.46 3.67 4.21 4.80 5.11 4.84 4.08 3.26
2.69 2.37 2.23 2.19 2.22 2.25 2.26 2.31 2.34 2.45 2.65 2.80 2.93 2.93 2.94 2.91 2.74 2.50 2.32 2.17
2.08 2.03 2.10 2.08 2.06 2.02 1.98 1.93 1.94 1.97 2.05 1.96 1.87 1.72 1.62 1.55 1.59 1.64 1.75 1.84
2.07 2.19 2.41 2.62 2.90 3.16 3.46 3.73 4.08 4.26 4.54 4.77 5.18 5.52 6.14 6.96 7.44 7.19 6.15 4.89
4.09 3.62 3.56 3.86 4.26 4.72 4.90 4.62 4.30 4.12 4.10 4.25 4.48 4.49 4.49 4.44 4.41 4.43 4.20 3.94
3.91 3.70 3.64 3.63 3.66 3.76 3.72 3.68 3.86 3.97 4.11 4.26 4.37 4.42 4.37 4.34 4.32 4.27 4.12 4.05
4.02 3.99
C1906x2TS073_5 0.502 2.97 2.82 2.68 2.59 2.52 2.44 2.45 2.39 2.32 2.28 2.27 2.30 2.36 2.43 2.43 2.34 2.26 2.12 2.02 1.92
1.82 1.72 1.64 1.57 1.59 1.54 1.46 1.42 1.45 1.39 1.42 1.49 1.62 1.80 1.88 2.05 2.14 2.14 2.15 2.13
2.10 2.14 2.19 2.38 2.57 2.67 2.65 2.58 2.50 2.39 2.26 2.25 2.40 2.58 2.68 2.64 2.56 2.34 2.10 1.92
1.82 1.86 2.07 2.30 2.48 2.48 2.51 2.56 2.61 2.80 3.01 3.27 3.36 3.22 2.87 2.38 1.97 1.68 1.50 1.37
1.33 1.37 1.40 1.40 1.39 1.33 1.43 1.52 1.69 1.90 2.10 2.36 2.58 2.66 2.64 2.53 2.49 2.56 2.64 2.89
3.10 3.34 3.41 3.43 3.61 3.95 4.33 5.00 5.66 6.09 5.66 5.03 4.50 3.97 3.54 3.28 3.20 3.18 3.15 3.11
3.19 3.26 3.26 3.32 3.51 3.68 3.81 3.95 3.93 4.00 3.99 3.85 3.66 3.48 3.42 3.50 3.49 3.47 3.55 3.68
3.75 3.74 3.95 4.00 4.17 4.28 4.32 4.37 4.29 4.08 4.04 4.00 4.08 4.23 4.51 4.79 4.58 4.34 4.23 4.12
4.13 4.01 4.03 4.02 3.95 3.99 4.27 4.46 4.64 4.88 5.09 4.95 4.92 4.74 4.63 4.55 4.23 4.14 4.05 3.87
3.75 3.69 3.73 3.89 3.94 4.00 3.98 3.86 3.64 3.62 3.61 3.69 3.82 3.90 4.04 4.31 4.56 5.00 4.97 4.89
4.97 4.78 4.48 4.30 4.10 3.93 3.56 3.26 3.07 2.92 2.86 2.93 2.97 3.03 2.98 2.97 2.92 2.84 2.79 2.82
2.84 2.95
C1906x2TS073_3 0.492 3.49 3.33 3.08 2.88 2.72 2.57 2.46 2.35 2.31 2.32 2.31 2.40 2.58 2.66 2.77 2.86 2.81 2.62 2.47 2.34
2.24 2.03 1.90 1.89 1.93 1.90 1.87 1.87 1.91 1.87 1.90 2.02 2.20 2.41 2.55 2.66 2.67 2.71 2.76 2.86
3.16 3.52 3.85 4.16 4.30 4.25 3.88 3.45 3.25 3.04 2.82 2.75 2.83 2.86 2.84 2.86 2.89 2.74 2.58 2.40
2.29 2.22 2.17 2.21 2.27 2.27 2.44 2.79 3.25 3.86 4.40 5.11 5.43 4.87 4.03 3.37 2.80 2.34 1.99 1.86
1.87 1.93 2.00 2.06 2.08 2.05 2.09 2.25 2.47 2.66 2.82 3.03 3.18 3.18 3.04 2.95 2.97 3.08 3.11 3.23
3.31 3.47 3.44 3.38 3.30 3.39 3.52 3.74 4.01 4.32 4.23 4.12 3.83 3.62 3.44 3.29 3.34 3.45 3.37 3.20
3.18 3.21 3.14 3.01 2.89 2.83 2.74 2.67 2.73 2.91 3.14 3.26 3.31 3.30 3.34 3.43 3.47 3.34 3.28 3.11
2.90 2.68 2.67 2.63 2.66 2.73 2.92 3.10 3.21 3.31 3.51 3.61 3.57 3.46 3.45 3.41 3.22 3.05 2.96 2.93
3.07 3.12 3.22 3.35 3.48 3.60 3.76 3.79 3.88 3.95 4.11 4.13 4.24 4.21 4.31 4.37 4.16 3.94 3.66 3.35
3.13 3.01 3.16 3.45 3.74 3.96 3.89 3.63 3.22 2.99 2.89 2.83 2.92 3.01 3.27 3.64 3.93 4.44 4.73 4.68
4.64 4.48 4.53 4.51 4.40 4.51 4.54 4.40 4.24 4.14 3.99 3.74 3.50 3.43 3.44 3.49 3.61 3.87 3.90 3.87
3.83 3.82
C1906x2TS073_1 0.491 2.87 2.88 2.82 2.81 2.84 2.72 2.64 2.45 2.25 2.16 2.07 2.08 2.17 2.25 2.35 2.40 2.39 2.37 2.37 2.32
2.22 2.03 1.92 1.82 1.75 1.66 1.55 1.53 1.58 1.55 1.67 1.88 2.27 2.72 2.93 3.15 3.20 3.21 3.15 3.01
3.16 3.38 3.37 3.41 3.33 3.21 2.93 2.62 2.51 2.44 2.37 2.44 2.63 2.76 2.82 2.78 2.72 2.54 2.39 2.25
2.13 2.02 1.94 1.92 1.93 1.86 2.01 2.28 2.56 2.91 3.09 3.32 3.40 3.13 2.87 2.61 2.36 2.15 1.96 1.84
1.82 1.75 1.73 1.71 1.71 1.69 1.80 1.92 2.19 2.50 2.76 3.05 3.34 3.49 3.44 3.23 3.09 3.06 2.91 2.86
2.83 2.85 2.76 2.74 2.79 2.94 3.15 3.47 3.79 3.80 3.54 3.32 3.12 2.92 2.92 3.10 3.51 3.84 4.10 4.24
4.42 4.39 4.19 4.13 4.21 4.22 4.13 4.11 4.09 4.08 3.94 3.75 3.62 3.56 3.51 3.62 3.65 3.68 3.74 3.77
3.79 3.91 4.14 4.23 4.28 4.31 4.43 4.60 4.75 4.86 5.03 5.01 4.96 4.61 4.55 4.56 4.33 4.20 3.97 3.63
3.59 3.40 3.35 3.42 3.50 3.76 4.02 4.02 4.18 4.17 4.23 4.10 4.11 4.08 4.09 4.18 4.29 4.32 4.40 4.26
4.08 4.04 4.21 4.54 4.69 4.60 4.40 4.04 3.66 3.60 3.76 4.10 4.49 4.65 4.74 4.64 4.36 4.34 4.07 3.80
3.81 3.90 4.02 4.10 4.03 3.96 3.70 3.35 3.25 3.23 3.18 3.09 2.96 2.75 2.56 2.46 2.56 2.75 2.93 3.08
3.22 3.32
C1906x2TS123_2 0.485 2.82 2.72 2.62 2.52 2.47 2.59 2.77 2.84 2.81 2.78 2.65 2.48 2.36 2.31 2.30 2.26 2.29 2.33 2.35 2.38
2.39 2.35 2.32 2.31 2.39 2.46 2.49 2.62 2.71 2.65 2.66 2.77 2.96 3.13 3.16 3.41 3.66 3.81 3.85 3.80
3.69 3.59 3.34 3.32 3.30 3.29 3.24 3.15 3.00 2.91 2.87 2.91 3.10 3.44 3.74 3.78 3.61 3.30 2.98 2.60
2.34 2.37 2.54 2.74 3.01 3.23 3.47 3.69 3.76 3.77 3.65 3.56 3.41 3.15 2.86 2.63 2.50 2.37 2.29 2.29
2.36 2.40 2.40 2.37 2.39 2.33 2.30 2.35 2.53 2.68 2.79 2.96 3.11 3.06 2.82 2.59 2.53 2.53 2.57 2.74
2.87 3.13 3.25 3.26 3.26 3.33 3.45 3.50 3.39 3.44 3.46 3.50 3.44 3.43 3.42 3.34 3.30 3.26 3.19 3.10
3.06 3.07 2.94 2.80 2.78 2.84 2.78 2.72 2.69 2.80 3.00 3.22 3.61 3.96 4.15 4.22 3.97 3.50 3.11 2.83
2.73 2.65 2.71 2.79 2.92 3.04 3.11 3.23 3.28 3.26 3.36 3.39 3.35 3.35 3.38 3.50 3.48 3.38 3.36 3.32
3.30 3.22 3.28 3.32 3.27 3.20 3.10 2.98 2.87 2.73 2.80 3.04 3.41 3.74 4.16 4.69 4.94 4.86 4.65 4.49
4.39 4.22 4.26 4.53 4.90 5.00 4.68 4.18 3.64 3.37 3.30 3.48 3.92 4.35 4.75 5.22 5.52 5.61 5.20 4.86
4.72 4.42 4.22 4.20 4.25 4.33 4.19 4.11 3.99 3.80 3.67 3.67 3.58 3.52 3.45 3.49 3.52 3.41 3.33 3.35
3.38 3.47
C1906x2TS123_3 0.460 3.47 3.57 3.61 3.65 3.69 3.55 3.49 3.33 3.23 3.21 3.17 3.13 3.16 3.25 3.43 3.48 3.67 4.02 4.32 4.35
4.28 4.13 3.98 3.58 3.38 3.28 3.20 3.14 3.13 3.03 3.06 3.11 3.27 3.53 3.58 3.73 3.70 3.44 3.26 3.13
3.15 3.34 3.43 3.63 3.63 3.39 3.11 2.79 2.55 2.41 2.35 2.44 2.54 2.63 2.79 2.84 2.91 2.88 2.85 2.86
2.84 2.89 3.05 3.14 3.25 3.25 3.24 3.32 3.48 4.03 4.86 6.15 7.53 7.48 5.94 4.65 3.80 3.31 3.10 3.02
3.20 3.35 3.43 3.51 3.65 3.61 3.70 3.75 3.94 4.01 3.97 4.00 3.96 3.75 3.43 3.13 3.02 3.01 3.06 3.29
3.54 3.81 3.81 3.74 3.66 3.64 3.69 3.76 3.85 3.80 3.50 3.32 3.16 3.06 3.15 3.19 3.28 3.22 3.04 2.81
2.79 2.81 2.82 2.83 2.96 3.05 3.04 2.94 3.12 3.34 3.43 3.42 3.43 3.49 3.48 3.61 3.90 4.06 4.01 3.97
3.83 3.76 3.70 3.60 3.71 3.92 3.97 3.95 3.79 3.48 3.31 3.04 2.89 2.98 3.27 3.56 3.72 3.68 3.57 3.41
3.26 3.24 3.43 3.57 3.64 3.70 3.82 3.96 4.00 3.85 3.88 3.81 3.72 3.69 3.65 3.83 3.91 3.72 3.47 3.23
2.99 3.01 3.24 3.71 4.14 4.52 4.46 4.14 3.63 3.34 3.18 3.18 3.28 3.37 3.47 3.71 4.06 4.45 4.42 4.23
4.17 3.97 3.77 3.79 3.94 4.08 4.10 4.17 4.17 4.10 4.08 4.12 4.06 4.09 4.27 4.45 4.55 4.45 4.22 4.01
3.76 3.57
C1906x2TS121_1 0.441 3.81 3.59 3.34 3.15 3.03 2.89 2.97 3.02 2.97 2.89 2.66 2.41 2.22 2.08 1.99 1.95 1.98 1.99 1.98 1.93
1.92 1.88 1.84 1.80 1.93 2.01 2.05 2.14 2.33 2.43 2.61 2.83 3.09 3.34 3.35 3.36 3.22 2.91 2.77 2.61
2.52 2.57 2.56 2.63 2.64 2.54 2.47 2.35 2.33 2.43 2.52 2.73 2.93 3.08 3.18 3.18 3.15 3.03 2.92 2.92
2.93 3.05 3.31 3.60 3.79 3.79 3.82 3.83 3.88 4.13 4.65 5.62 6.76 7.46 6.84 5.57 4.68 4.01 3.69 3.52
3.65 3.89 3.91 3.69 3.57 3.31 3.20 3.09 3.24 3.44 3.47 3.61 3.87 3.83 3.65 3.40 3.35 3.44 3.56 3.95
4.41 4.85 5.06 4.96 4.54 4.30 4.40 4.62 5.03 5.61 6.29 7.13 7.01 6.35 6.11 5.85 5.75 5.51 5.51 5.59
5.72 5.52 5.17 5.03 5.16 5.36 5.64 6.01 6.33 6.89 7.30 6.78 6.21 5.66 5.26 5.06 4.88 4.67 4.74 4.95
5.29 5.54 5.86 6.07 6.58 7.02 6.96 6.96 6.77 6.23 5.83 5.28 4.89 4.64 4.48 4.38 4.23 4.01 3.90 3.73
3.67 3.50 3.51 3.56 3.58 3.57 3.57 3.43 3.21 2.89 2.81 2.81 2.97 3.09 3.41 3.75 4.02 4.15 4.30 4.26
4.18 4.02 4.00 4.14 4.37 4.57 4.59 4.57 4.43 4.56 4.92 5.56 6.82 8.25 9.36 9.80 8.70 7.36 5.95 4.90
4.36 3.97 3.85 3.75 3.73 3.69 3.56 3.39 3.23 3.14 3.19 3.29 3.41 3.60 3.85 4.24 4.77 5.46 6.05 6.61
7.01 7.60
C1906x2TS123_5 0.431 4.12 3.92 3.69 3.51 3.45 3.52 3.79 3.87 3.78 3.77 3.57 3.27 3.14 3.09 3.08 3.03 3.04 3.06 3.01 2.91
2.87 2.71 2.51 2.37 2.48 2.58 2.61 2.78 3.03 3.03 2.97 2.95 3.05 3.24 3.23 3.44 3.61 3.70 3.79 3.71
3.75 3.92 4.01 4.28 4.30 4.30 4.10 3.73 3.47 3.28 3.14 3.19 3.24 3.34 3.34 3.26 3.20 3.09 2.99 2.94
2.86 2.90 3.01 3.15 3.21 3.14 3.16 3.20 3.31 3.71 4.13 5.01 6.04 6.28 5.67 4.71 4.04 3.56 3.18 2.98
3.04 3.11 3.30 3.55 3.92 4.03 4.41 5.00 5.97 7.15 8.67 10.15 9.90 7.11 5.33 4.26 3.67 3.40 3.33 3.41
3.45 3.51 3.49 3.44 3.43 3.62 4.11 4.87 5.72 6.31 6.13 5.56 4.76 4.31 4.28 4.48 4.94 5.30 5.42 5.13
4.75 4.23 3.74 3.43 3.41 3.45 3.53 3.63 3.85 4.09 4.27 4.30 4.34 4.22 4.11 3.95 3.77 3.49 3.30 3.23
3.22 3.30 3.50 3.57 3.73 3.76 3.69 3.63 3.48 3.34 3.28 3.13 3.11 3.09 3.19 3.35 3.46 3.53 3.62 3.64
3.84 3.87 4.03 4.27 4.50 4.92 5.49 5.79 5.92 5.49 5.21 4.88 4.65 4.43 4.58 4.88 5.12 5.45 5.71 5.57
5.21 4.71 4.60 4.84 4.99 5.23 5.21 4.91 4.41 4.03 3.74 3.68 3.78 3.82 3.88 4.07 4.29 4.65 4.90 5.12
5.74 6.32 6.95 7.72 8.08 7.94 7.26 6.24 5.52 4.89 4.46 4.13 3.95 4.10 4.42 4.96 5.87 6.88 7.49 7.53
7.15 7.02
C1906x2TS123_4 0.423 3.67 3.48 3.22 3.00 2.83 2.76 2.82 2.89 2.86 2.90 2.89 2.80 2.77 2.83 2.95 3.01 3.21 3.57 4.03 4.21
4.18 4.11 3.97 3.59 3.41 3.36 3.36 3.40 3.42 3.35 3.41 3.52 3.69 4.00 4.22 4.71 4.93 4.82 4.57 4.62
4.76 5.11 5.47 6.19 6.38 6.09 5.46 5.11 4.87 4.62 4.41 4.42 4.38 4.29 4.33 4.38 4.37 4.27 4.22 4.42
4.64 4.79 5.11 5.29 5.07 4.63 4.24 3.88 3.64 3.51 3.45 3.57 3.69 3.72 3.67 3.51 3.38 3.18 3.02 2.94
3.04 3.11 3.23 3.34 3.47 3.40 3.40 3.35 3.43 3.44 3.39 3.46 3.62 3.71 3.69 3.53 3.57 3.71 3.84 4.15
4.44 4.86 5.01 4.76 4.54 4.66 5.13 5.73 6.29 6.52 5.99 5.08 4.17 3.88 4.12 4.44 5.03 5.70 6.05 5.62
5.02 4.56 4.06 3.67 3.51 3.44 3.42 3.47 3.63 3.93 4.03 4.20 4.48 4.72 5.06 5.70 6.11 5.70 4.95 4.54
4.29 4.13 4.13 4.17 4.42 4.51 4.33 4.21 4.11 4.13 4.27 4.18 4.13 4.17 4.19 4.37 4.31 4.25 4.15 3.90
3.68 3.51 3.60 3.91 4.21 4.57 4.91 5.13 5.16 4.93 5.07 5.14 5.24 5.13 5.15 5.41 5.50 5.45 5.24 4.80
4.34 4.04 3.86 3.75 3.65 3.55 3.40 3.32 3.24 3.46 3.67 3.74 3.81 3.91 4.00 4.30 4.63 5.47 5.87 5.52
5.23 4.99 4.76 4.73 4.91 5.49 5.99 5.95 5.82 5.48 5.04 4.67 4.35 4.22 4.00 3.88 3.81 3.87 4.00 4.21
4.41 4.88
C1906x2TS067_3 0.397 2.71 2.61 2.47 2.39 2.38 2.44 2.56 2.64 2.75 2.91 2.96 3.05 3.42 3.83 4.36 4.79 5.16 5.39 5.36 5.00
4.81 4.58 4.53 4.69 4.91 5.13 5.32 5.52 5.66 5.51 5.28 5.29 5.17 5.11 4.85 4.70 4.49 4.16 3.90 3.64
3.38 3.32 3.26 3.39 3.59 3.78 4.06 4.24 4.34 4.50 4.63 4.86 5.02 5.16 5.31 5.28 5.00 4.57 4.45 4.46
4.31 4.34 4.57 4.90 5.11 4.89 4.62 4.47 4.26 4.18 4.12 4.29 4.46 4.35 4.01 3.77 3.81 4.02 4.28 4.50
4.81 4.82 4.59 4.37 4.22 3.99 3.93 3.86 3.90 3.99 4.02 4.27 4.54 4.52 4.38 4.16 4.06 4.15 4.17 4.44
4.59 4.70 4.64 4.39 4.12 4.32 4.90 6.02 7.74 11.75 16.82 14.45 8.77 6.76 6.09 5.59 5.45 5.57 5.70 5.43
5.26 5.11 5.04 4.95 5.10 5.21 5.40 5.36 5.33 5.43 5.46 5.35 5.18 5.10 5.13 5.26 5.37 5.28 5.10 5.01
4.90 4.94 5.14 5.07 5.26 5.51 5.82 6.11 6.35 6.32 6.37 5.84 5.35 4.87 4.71 4.64 4.48 4.29 4.16 4.11
4.39 4.45 4.52 4.53 4.43 4.28 4.12 3.91 3.94 3.90 4.10 4.37 4.79 4.97 5.26 5.55 5.51 5.19 4.93 4.72
4.57 4.30 4.30 4.44 4.56 4.66 4.63 4.55 4.41 4.43 4.87 5.53 6.73 7.85 8.93 9.56 9.08 9.32 9.48 8.53
8.66 7.80 6.86 5.95 5.26 5.01 4.90 4.48 4.33 4.16 4.02 4.10 4.32 4.69 4.97 5.08 5.16 5.13 4.90 4.84
4.91 5.20
C1906x2TS067_1 0.397 2.71 2.61 2.47 2.39 2.38 2.44 2.56 2.64 2.75 2.91 2.96 3.05 3.42 3.83 4.36 4.79 5.16 5.39 5.36 5.00
4.81 4.58 4.53 4.69 4.91 5.13 5.32 5.52 5.66 5.51 5.28 5.29 5.17 5.11 4.85 4.70 4.49 4.16 3.90 3.64
3.38 3.32 3.26 3.39 3.59 3.78 4.06 4.24 4.34 4.50 4.63 4.86 5.02 5.16 5.31 5.28 5.00 4.57 4.45 4.46
4.31 4.34 4.57 4.90 5.11 4.89 4.62 4.47 4.26 4.18 4.12 4.29 4.46 4.35 4.01 3.77 3.81 4.02 4.28 4.50
4.81 4.82 4.59 4.37 4.22 3.99 3.93 3.86 3.90 3.99 4.02 4.27 4.54 4.52 4.38 4.16 4.06 4.15 4.17 4.44
4.59 4.70 4.64 4.39 4.12 4.32 4.90 6.02 7.74 11.75 16.82 14.45 8.77 6.76 6.09 5.59 5.45 5.57 5.70 5.43
5.26 5.11 5.04 4.95 5.10 5.21 5.40 5.36 5.33 5.43 5.46 5.35 5.18 5.10 5.13 5.26 5.37 5.28 5.10 5.01
4.90 4.94 5.14 5.07 5.26 5.51 5.82 6.11 6.35 6.32 6.37 5.84 5.35 4.87 4.71 4.64 4.48 4.29 4.16 4.11
4.39 4.45 4.52 4.53 4.43 4.28 4.12 3.91 3.94 3.90 4.10 4.37 4.79 4.97 5.26 5.55 5.51 5.19 4.93 4.72
4.57 4.30 4.30 4.44 4.56 4.66 4.63 4.55 4.41 4.43 4.87 5.53 6.73 7.85 8.93 9.56 9.08 9.32 9.48 8.53
8.66 7.80 6.86 5.95 5.26 5.01 4.90 4.48 4.33 4.16 4.02 4.10 4.32 4.69 4.97 5.08 5.16 5.13 4.90 4.84
4.91 5.20
C1906x2TS067_4 0.392 6.25 6.85 7.53 8.19 9.58 10.33 10.25 8.67 7.20 6.31 5.50 4.92 4.69 4.44 4.26 4.07 3.94 3.75 3.58 3.44
3.44 3.29 3.13 3.05 3.10 3.08 3.14 3.18 3.31 3.37 3.55 3.88 4.25 4.48 4.41 4.19 3.64 3.02 2.64 2.33
2.20 2.20 2.25 2.45 2.63 2.75 2.90 3.00 3.16 3.46 3.73 4.15 4.75 5.43 6.01 6.27 6.53 6.72 6.57 6.36
6.26 6.19 6.23 6.08 6.00 6.01 6.40 7.21 8.21 9.34 9.68 9.97 8.69 6.99 5.65 4.69 4.08 3.65 3.42 3.26
3.22 3.13 3.05 2.87 2.74 2.55 2.52 2.48 2.58 2.73 2.84 3.06 3.35 3.59 3.70 3.68 3.68 3.80 3.98 4.30
4.64 5.16 5.40 5.51 5.17 5.17 5.74 6.01 6.38 6.48 5.91 5.32 4.51 4.13 4.19 4.19 4.45 4.54 4.63 4.50
4.39 4.26 4.05 3.92 4.01 4.07 4.21 4.48 4.83 5.46 5.89 5.94 5.83 5.87 6.20 7.05 7.88 8.71 9.93 12.15
13.87 14.01 15.62 11.54 8.98 7.20 6.00 5.34 4.97 4.68 4.66 4.46 4.35 4.19 4.20 4.32 4.30 4.38 4.48 4.54
4.90 4.90 4.81 4.77 4.73 4.86 5.07 5.08 5.32 5.31 5.42 5.57 6.35 7.86 10.75 15.55 15.27 10.91 8.05 5.96
4.72 4.22 4.10 4.31 4.70 5.36 6.11 6.71 6.43 6.02 5.49 5.15 5.16 5.01 5.13 5.64 6.28 7.65 9.23 11.05
19.12 21.02 19.75 15.35 11.42 9.30 7.56 6.04 5.14 4.50 4.11 3.88 3.86 4.11 4.53 5.10 5.60 6.11 6.21 6.11
5.84 5.66
C1906x2TS121_2 0.374 3.89 3.66 3.37 3.15 2.99 2.94 3.00 3.06 3.11 3.23 3.40 3.48 3.61 3.80 4.07 4.18 4.31 4.38 4.60 4.54
4.57 4.40 4.23 4.02 4.05 4.08 4.04 4.02 4.25 4.16 4.07 4.10 4.43 4.91 4.89 4.94 4.79 4.31 3.93 3.53
3.43 3.66 3.76 4.16 4.63 5.04 5.39 5.40 5.79 6.57 7.24 9.36 13.98 26.19 29.85 28.17 13.59 8.47 6.79 5.87
5.24 4.87 5.01 5.30 5.31 5.59 6.00 6.29 6.72 8.02 10.36 14.37 17.45 23.10 11.38 7.33 6.19 5.49 5.33 5.75
6.85 7.57 8.23 8.19 7.96 6.09 5.44 5.20 5.24 4.93 4.82 5.11 5.47 5.19 4.90 4.48 4.45 4.59 4.79 5.37
6.92 11.22 29.85 29.85 29.85 29.85 29.85 29.85 29.85 29.85 23.98 10.39 7.13 5.50 4.69 4.22 4.24 4.27 4.33 4.30
4.45 4.53 4.74 5.24 6.09 7.09 7.91 8.00 7.50 7.12 6.95 6.70 6.30 6.01 5.68 5.49 5.27 5.24 5.42 5.65
6.00 6.51 7.50 9.50 13.20 21.48 17.60 12.60 9.10 6.78 5.62 5.10 4.74 4.42 4.19 4.10 3.96 3.77 3.66 3.60
3.82 3.92 4.05 4.12 4.24 4.41 4.46 4.24 4.40 4.64 4.81 5.13 5.81 6.48 7.73 8.72 10.05 12.59 11.57 10.09
8.22 6.59 5.91 5.73 5.48 5.38 5.27 5.20 4.92 5.01 5.43 6.10 7.09 7.23 7.40 8.04 8.03 7.89 7.09 5.83
5.36 4.71 4.27 3.93 3.71 3.53 3.37 3.08 2.93 2.84 2.84 2.79 2.76 2.80 2.99 3.33 3.78 4.35 4.88 5.27
5.46 5.61
C1906x2TS067_5 0.358 5.95 5.53 4.90 4.48 4.23 4.14 4.55 5.45 7.50 15.36 29.85 29.85 16.12 9.69 6.99 5.66 5.25 5.21 5.11 4.98
5.21 5.33 5.45 5.74 6.17 6.49 6.39 6.30 6.42 5.88 5.59 5.75 6.18 7.14 7.32 7.69 7.33 6.18 5.54 4.73
4.36 4.31 4.22 4.51 4.88 5.21 5.85 6.12 6.99 8.56 10.59 12.28 12.15 11.46 9.15 7.00 5.99 5.48 5.29 4.98
4.73 4.81 5.16 5.74 6.04 6.03 5.97 5.89 5.76 5.81 6.01 6.74 7.38 7.46 6.68 5.82 5.23 4.73 4.42 4.16
4.12 4.24 4.46 4.88 5.56 5.82 6.33 6.57 6.47 6.12 5.48 5.45 5.74 5.81 6.03 6.22 6.58 7.09 7.17 7.00
6.58 6.27 5.80 5.45 5.03 5.10 5.74 6.01 6.38 6.48 5.91 5.32 4.51 4.13 4.19 4.19 4.45 4.54 4.63 4.50
4.39 4.26 4.05 3.92 4.01 4.07 4.21 4.48 4.83 5.46 5.89 5.94 5.83 5.87 6.20 7.05 7.88 8.71 9.93 12.15
13.87 14.01 15.62 11.54 8.98 7.20 6.00 5.34 4.97 4.68 4.66 4.46 4.35 4.19 4.20 4.32 4.30 4.38 4.48 4.54
4.90 4.90 4.81 4.77 4.73 4.86 5.07 5.08 5.32 5.31 5.42 5.57 6.35 7.86 10.75 15.55 15.27 10.91 8.05 5.96
4.72 4.22 4.10 4.31 4.70 5.36 6.11 6.71 6.43 6.02 5.49 5.15 5.16 5.01 5.13 5.64 6.28 7.65 9.23 11.05
19.12 21.02 19.75 15.35 11.42 9.30 7.56 6.04 5.14 4.50 4.11 3.88 3.86 4.11 4.53 5.10 5.60 6.11 6.21 6.11
5.84 5.66
C1906x2TS067_2 0.358 5.95 5.53 4.90 4.48 4.23 4.14 4.55 5.45 7.50 15.36 29.85 29.85 16.12 9.69 6.99 5.66 5.25 5.21 5.11 4.98
5.21 5.33 5.45 5.74 6.17 6.49 6.40 6.31 6.44 5.90 5.60 5.76 6.19 7.14 7.31 7.67 7.32 6.17 5.53 4.73
4.35 4.30 4.22 4.51 4.88 5.21 5.85 6.12 6.99 8.56 10.59 12.28 12.15 11.46 9.15 7.00 5.99 5.49 5.29 4.99
4.73 4.82 5.16 5.75 6.05 6.05 5.98 5.90 5.76 5.82 6.01 6.74 7.38 7.45 6.68 5.82 5.23 4.74 4.42 4.16
4.12 4.24 4.46 4.88 5.56 5.82 6.33 6.57 6.47 6.12 5.48 5.46 5.74 5.82 6.03 6.22 6.59 7.09 7.18 7.04
6.62 6.31 5.83 5.48 5.04 5.10 5.74 6.01 6.38 6.48 5.91 5.32 4.51 4.13 4.19 4.19 4.45 4.54 4.63 4.50
4.39 4.26 4.05 3.92 4.01 4.07 4.21 4.48 4.83 5.46 5.89 5.94 5.83 5.87 6.20 7.05 7.88 8.71 9.93 12.15
13.87 14.01 15.62 11.54 8.98 7.20 6.00 5.34 4.97 4.68 4.66 4.46 4.35 4.19 4.20 4.32 4.30 4.38 4.48 4.54
4.90 4.90 4.81 4.77 4.73 4.86 5.07 5.08 5.32 5.31 5.42 5.57 6.35 7.86 10.75 15.55 15.27 10.91 8.05 5.96
4.72 4.22 4.10 4.31 4.70 5.36 6.11 6.71 6.43 6.02 5.49 5.15 5.16 5.01 5.13 5.64 6.28 7.65 9.23 11.05
19.12 21.02 19.75 15.35 11.42 9.30 7.56 6.04 5.14 4.50 4.11 3.88 3.86 4.11 4.53 5.10 5.60 6.11 6.21 6.11
5.84 5.66
C1906x2TS003_1 0.354 4.51 4.30 3.94 3.75 3.80 4.07 4.55 5.08 5.49 5.99 5.70 5.33 5.28 5.42 5.50 5.40 5.37 5.46 5.63 5.88
6.39 7.03 7.48 7.45 7.29 6.93 6.55 6.39 6.37 6.22 6.24 6.31 6.44 6.60 6.40 6.63 6.71 6.41 6.23 5.88
5.81 5.82 5.74 6.23 6.78 7.04 7.41 7.30 7.35 7.52 7.89 8.84 9.65 9.94 11.18 12.69 12.41 11.53 11.86 10.72
9.11 8.45 9.31 11.91 11.10 8.13 6.24 5.16 4.31 3.85 3.68 3.84 4.09 4.17 4.08 4.16 4.34 4.65 5.06 5.38
5.94 6.19 6.16 6.06 5.95 5.64 5.59 5.81 6.51 6.94 7.08 7.83 8.61 7.99 6.86 5.91 5.54 5.15 4.76 4.77
5.03 5.49 5.97 6.36 6.62 6.90 7.05 6.81 6.61 6.38 6.11 6.16 6.02 6.19 6.64 6.85 7.18 6.93 6.62 6.16
5.82 5.68 5.32 5.14 5.24 5.51 5.85 6.44 6.86 7.29 7.24 6.91 6.47 6.45 6.66 7.80 9.62 12.08 14.55 14.75
12.08 11.24 11.33 9.08 7.76 7.10 6.52 6.15 5.69 5.45 5.46 5.16 4.83 4.51 4.51 4.74 4.92 5.18 5.52 5.70
5.98 5.64 5.52 5.28 5.02 4.88 4.99 4.85 4.70 4.54 4.75 4.86 5.36 5.90 7.32 9.07 9.31 8.45 7.35 5.89
4.96 4.28 4.20 4.45 4.73 4.97 4.98 4.86 4.61 4.51 4.68 5.01 5.46 5.58 5.55 5.58 5.57 5.60 5.33 4.93
4.87 4.74 4.83 4.93 5.08 5.40 5.40 4.99 4.71 4.46 4.50 4.53 4.57 4.81 5.00 5.10 5.33 5.64 6.13 6.54
7.18 8.49
C1906x2TS049_1 0.229 4.54 4.73 4.97 5.37 6.42 8.44 11.94 16.04 15.44 16.17 12.36 9.24 8.56 8.36 7.89 8.38 10.56 22.60 29.85 29.85
29.85 29.85 29.85 29.85 29.85 29.85 29.85 29.85 29.85 29.85 17.87 13.86 15.40 29.85 29.85 29.85 29.85 29.85 29.85 29.85
29.85 29.85 29.85 29.85 29.85 29.85 29.85 29.85 29.85 29.85 29.85 29.85 29.85 29.85 29.85 29.85 29.85 29.85 29.85 29.85
29.85 29.85 29.85 29.85 29.85 29.85 29.85 29.85 29.85 29.85 29.85 29.85 29.85 29.85 29.85 29.85 29.85 23.02 16.32 25.90
29.85 29.85 29.85 29.85 29.85 29.85 29.85 29.85 26.83 16.69 14.29 15.61 14.02 10.68 7.95 6.90 7.86 12.55 29.85 29.85
29.85 29.85 29.85 29.85 29.85 29.85 29.85 29.85 29.85 29.85 29.85 29.85 29.85 29.85 29.85 29.85 29.85 29.85 29.85 29.85
29.85 29.85 29.85 29.85 29.85 29.85 29.85 29.85 29.85 29.85 29.85 29.85 29.85 26.44 15.91 14.03 11.49 9.77 8.31 6.99
6.17 6.31 7.47 11.34 29.85 29.85 29.85 29.85 29.85 29.85 29.85 29.85 29.85 29.85 29.85 29.85 13.62 10.62 9.07 9.41
13.50 13.54 26.20 29.85 29.85 29.85 29.85 29.85 29.85 29.85 29.85 19.07 16.23 21.56 29.85 29.85 29.85 29.85 29.85 29.85
29.85 25.72 16.14 17.11 29.85 29.85 29.85 29.85 29.85 29.85 29.85 16.16 10.25 9.39 11.38 21.88 29.85 29.85 29.85 29.85
29.85 29.85 29.85 29.85 16.36 11.07 7.91 6.41 6.12 6.21 6.64 6.74 7.10 8.11 10.47 17.36 29.85 29.85 29.85 29.85
29.85 29.85
C1906x2TS049_5 0.202 29.85 29.85 29.85 29.85 29.85 29.85 29.85 29.85 29.85 29.85 29.85 29.85 29.85 29.85 29.85 29.85 29.85 29.85 29.85 29.85
29.85 29.85 11.55 10.03 12.57 20.01 29.85 29.85 29.85 29.85 29.85 29.85 29.85 29.85 29.85 29.85 29.85 29.85 29.85 16.30
18.18 26.79 29.85 29.85 29.85 29.85 29.85 29.85 29.85 29.85 29.85 29.85 29.85 29.85 29.85 29.85 29.85 29.85 29.85 11.61
9.25 8.32 9.88 16.39 29.85 29.85 29.85 29.85 29.85 29.85 29.85 29.85 29.85 29.85 29.85 29.85 29.85 29.85 27.68 13.56
12.13 16.37 29.85 29.85 29.85 29.85 29.85 29.85 29.85 29.85 29.85 29.85 29.85 29.85 29.85 29.85 29.85 29.85 29.85 29.85
29.85 29.85 29.85 29.85 29.85 29.85 29.85 29.85 29.85 29.85 29.85 29.85 29.85 29.85 29.85 29.85 29.85 29.85 29.85 29.85
29.85 29.85 29.85 29.85 29.85 29.85 29.85 29.85 29.85 29.85 29.85 29.85 29.85 29.85 29.85 29.85 29.85 29.85 29.85 29.85
29.85 29.85 29.85 29.85 29.85 29.85 29.85 29.85 29.85 11.34 8.34 6.96 6.76 8.12 11.90 29.85 29.85 29.85 29.85 29.85
29.85 29.85 29.85 29.85 29.85 29.85 29.85 29.85 29.85 29.85 29.85 14.99 14.20 18.09 29.85 29.85 29.85 29.85 29.85 29.85
29.85 29.85 29.85 29.85 29.85 29.85 29.85 29.85 29.85 29.85 29.85 29.85 29.85 29.85 29.85 29.85 29.85 29.85 29.85 29.85
29.85 29.85 29.85 29.85 29.85 29.85 29.85 29.85 29.85 29.85 29.85 14.61 12.61 12.67 13.80 19.82 29.85 29.85 29.85 29.85
29.85 29.85
C1906x2TS049_3 0.196 29.85 29.85 29.85 29.85 29.85 29.85 20.52 11.54 9.10 9.24 8.89 8.28 9.09 9.24 10.10 12.74 24.05 29.85 29.85 29.85
29.85 29.85 29.85 29.85 29.85 29.85 29.85 29.85 29.85 29.85 29.85 29.85 29.85 29.85 29.85 29.85 29.85 29.85 29.85 29.85
29.85 29.85 29.85 29.85 29.85 29.85 29.85 29.85 29.85 29.85 29.85 29.85 29.85 29.85 29.85 29.85 29.85 29.85 29.85 29.85
29.85 29.85 29.85 29.85 29.85 29.85 29.85 29.85 29.85 29.85 29.85 29.85 29.85 29.85 29.85 29.85 29.85 29.85 27.37 10.85
9.79 13.45 29.85 29.85 29.85 29.85 29.85 29.85 29.85 29.85 16.33 13.30 21.53 29.85 29.85 29.85 29.85 29.85 29.85 29.85
29.85 29.85 29.85 29.85 29.85 29.85 29.85 18.20 15.01 15.73 13.06 11.95 11.31 12.39 22.00 29.85 29.85 29.85 29.85 29.85
29.85 29.85 29.85 29.85 29.85 29.85 29.85 29.85 29.85 29.85 29.85 29.85 29.85 29.85 12.64 10.31 11.13 14.06 19.35 21.45
18.04 16.48 16.37 29.66 29.85 29.85 29.85 29.85 29.85 29.85 29.85 25.80 14.98 18.34 29.85 29.85 29.85 29.85 29.85 29.85
29.85 29.85 29.85 29.85 29.85 29.85 29.85 29.85 29.85 29.85 13.74 7.59 6.19 6.05 7.23 9.68 19.03 29.85 29.85 29.85
29.85 29.85 29.85 29.85 29.85 29.85 29.85 29.85 29.85 29.85 29.85 29.85 29.85 29.85 29.85 29.85 29.85 29.85 19.26 14.18
20.77 29.85 29.85 29.85 29.85 29.85 29.85 29.85 29.85 29.85 29.85 29.85 29.85 29.85 29.85 29.85 29.85 29.85 29.85 29.85
29.85 29.85
C1906x2TS049_2 0.195 29.85 29.85 29.85 29.85 29.85 29.85 29.85 29.85 29.85 29.85 29.85 29.85 29.85 29.85 29.85 29.85 29.85 29.85 29.85 29.85
29.85 29.85 29.85 29.85 29.85 29.85 29.85 29.85 29.85 29.85 29.85 29.85 17.40 10.75 8.55 8.38 10.68 29.85 29.85 29.85
29.85 29.85 29.85 29.85 29.85 29.85 29.85 29.85 29.85 29.85 29.85 29.85 29.85 29.85 29.85 29.85 29.85 29.85 29.85 29.85
29.85 29.85 29.85 29.85 29.85 29.85 29.85 29.85 29.85 29.85 29.85 29.85 29.85 29.85 29.85 29.85 29.85 12.08 8.54 8.72
12.86 29.85 29.85 29.85 29.85 29.85 29.85 29.85 29.85 29.85 29.85 29.85 29.85 29.85 29.85 29.85 29.85 29.85 29.85 29.85
29.85 29.85 29.85 29.85 29.85 29.85 29.85 29.85 29.85 29.85 29.85 29.85 29.85 29.85 29.85 29.85 29.85 29.85 29.85 29.85
29.85 29.85 29.85 29.85 29.85 29.85 29.85 29.85 29.85 29.85 29.85 29.85 29.85 29.85 29.85 29.85 29.85 29.85 29.85 29.85
29.85 29.85 29.85 29.85 29.85 29.85 29.85 29.85 29.85 29.85 19.74 10.60 9.26 9.46 11.62 29.85 29.85 29.85 29.85 29.85
29.85 29.85 29.85 29.85 29.85 29.85 29.85 29.85 29.85 29.85 29.85 29.85 29.85 29.85 29.85 29.85 29.85 29.85 29.85 29.85
29.85 29.85 29.85 29.85 29.85 29.85 29.85 29.85 29.85 29.85 24.05 25.84 29.85 29.85 29.85 29.85 29.85 29.85 29.85 29.85
29.85 29.85 29.85 29.85 29.85 29.85 29.85 27.89 9.66 7.62 7.16 6.95 7.25 8.44 13.25 29.85 29.85 29.85 29.85 29.85
11.22 7.96
C1906x2TS049_4 0.191 29.85 29.85 29.85 29.85 29.85 29.85 17.48 13.15 14.84 29.85 29.85 29.85 29.85 29.85 29.85 29.85 29.85 29.85 29.85 29.85
29.85 29.85 29.85 29.85 29.85 29.85 29.85 29.85 29.85 29.85 29.85 29.85 29.85 29.85 29.85 29.85 29.85 20.46 10.58 8.60
8.67 10.51 15.36 29.85 29.85 29.85 29.85 29.85 29.85 29.85 29.85 29.85 29.85 29.85 29.85 29.85 29.85 29.85 29.85 29.85
29.85 29.85 29.85 29.85 29.85 29.85 29.85 29.85 29.85 29.85 29.85 29.85 29.85 29.85 29.85 29.85 29.85 29.85 29.85 29.85
29.85 29.85 29.85 29.85 29.85 29.85 19.86 11.24 10.37 12.47 18.69 29.85 29.85 29.85 29.85 14.66 9.71 10.02 12.43 29.85
29.85 29.85 29.85 29.85 29.85 29.85 29.85 29.85 29.85 29.85 29.85 29.85 29.85 29.85 29.85 29.85 29.85 29.85 29.85 29.85
29.85 29.85 29.85 29.85 29.85 29.85 29.85 29.85 29.85 29.85 29.85 29.85 29.85 29.85 29.85 29.85 29.85 29.85 29.85 29.85
29.85 29.85 29.85 29.85 29.85 29.85 29.85 29.85 29.85 29.85 29.85 29.85 29.85 29.85 29.85 29.85 29.85 29.85 29.85 29.85
29.85 29.85 29.85 29.85 29.85 29.85 29.85 29.85 29.85 29.85 29.85 29.85 29.85 29.85 29.85 29.85 29.85 29.85 29.85 29.85
29.85 29.85 29.85 29.85 29.85 29.85 29.85 29.85 29.85 29.85 29.85 29.85 29.85 29.85 29.85 29.85 29.85 29.85 29.85 29.85
29.85 29.85 29.85 29.85 18.82 28.37 29.85 29.85 29.85 29.85 29.85 29.85 29.85 29.85 29.85 29.85 29.85 29.85 29.85 29.85
29.85 17.19
END
