PFRMAT QA
TARGET C1909
AUTHOR 5316-8559-7172
REMARK Error estimate is l-DDT
METHOD DeepAcuracyNetwork
METHOD -------------
MODEL 2
QMODE QMODE1
C1909TS414_1 0.533 0.499 0.529 0.463 0.507 0.454 0.472 0.451 0.515 0.552 0.595 0.571 0.563 0.621 0.636 0.613 0.588 0.629 0.643 0.634 0.646 0.634 0.604 0.568 0.553 0.484 0.469 0.436 0.467 0.435 0.515 0.476 0.529 0.517 0.505 0.508 0.427 0.425
C1909TS152_2 0.489 0.364 0.447 0.451 0.423 0.497 0.446 0.479 0.446 0.501 0.533 0.538 0.526 0.547 0.566 0.561 0.545 0.544 0.577 0.563 0.548 0.562 0.501 0.527 0.523 0.463 0.463 0.44 0.453 0.492 0.478 0.515 0.49 0.491 0.449 0.441 0.449 0.401 0.343
C1909TS152_5 0.529 0.399 0.509 0.492 0.483 0.483 0.526 0.505 0.566 0.535 0.571 0.569 0.597 0.604 0.596 0.611 0.648 0.571 0.593 0.625 0.614 0.554 0.611 0.592 0.496 0.409 0.491 0.449 0.483 0.504 0.518 0.54 0.553 0.527 0.514 0.461 0.457 0.448 0.397
C1909TS182_2 0.454 0.35 0.408 0.413 0.379 0.411 0.363 0.388 0.39 0.418 0.413 0.424 0.497 0.487 0.513 0.533 0.544 0.54 0.558 0.574 0.558 0.578 0.588 0.588 0.551 0.552 0.463 0.428 0.417 0.448 0.399 0.433 0.395 0.345 0.408 0.414 0.405 0.327 0.34
C1909TS413_2 0.479 0.434 0.558 0.533 0.482 0.443 0.424 0.411 0.458 0.507 0.551 0.521 0.54 0.546 0.571 0.567 0.563 0.577 0.577 0.558 0.599 0.573 0.55 0.461 0.453 0.452 0.443 0.4 0.424 0.4 0.407 0.413 0.429 0.403 0.414 0.429 0.412 0.37 0.342
C1909TS215_5 0.618 0.399 0.696 0.72 0.683 0.721 0.683 0.674 0.646 0.623 0.637 0.696 0.671 0.629 0.654 0.666 0.639 0.653 0.65 0.638 0.609 0.636 0.579 0.615 0.62 0.636 0.682 0.677 0.678 0.631 0.593 0.556 0.571 0.562 0.567 0.573 0.433 0.471 0.435
C1909TS131_5 0.669 0.545 0.688 0.693 0.655 0.654 0.662 0.658 0.685 0.698 0.703 0.667 0.681 0.742 0.703 0.646 0.728 0.784 0.716 0.672 0.736 0.671 0.551 0.6 0.679 0.694 0.662 0.697 0.711 0.674 0.671 0.716 0.714 0.67 0.673 0.661 0.608 0.556 0.499
C1909TS215_2 0.568 0.391 0.584 0.597 0.619 0.618 0.559 0.599 0.631 0.656 0.746 0.707 0.785 0.73 0.66 0.682 0.719 0.681 0.655 0.662 0.652 0.632 0.591 0.535 0.536 0.463 0.511 0.475 0.503 0.5 0.486 0.535 0.37 0.487 0.424 0.426 0.448 0.4 0.341
C1909TS131_2 0.514 0.384 0.45 0.456 0.472 0.504 0.483 0.486 0.489 0.444 0.58 0.545 0.606 0.56 0.552 0.607 0.578 0.553 0.611 0.664 0.644 0.632 0.684 0.666 0.566 0.515 0.502 0.494 0.442 0.456 0.49 0.476 0.41 0.408 0.435 0.453 0.38 0.421 0.417
C1909TS182_5 0.418 0.374 0.408 0.425 0.387 0.383 0.384 0.368 0.411 0.398 0.367 0.397 0.437 0.445 0.438 0.455 0.478 0.469 0.461 0.486 0.505 0.488 0.478 0.486 0.477 0.483 0.417 0.409 0.395 0.428 0.384 0.399 0.371 0.353 0.391 0.4 0.38 0.328 0.329
C1909TS413_5 0.525 0.434 0.573 0.581 0.53 0.476 0.433 0.465 0.507 0.569 0.612 0.577 0.567 0.594 0.609 0.58 0.579 0.62 0.598 0.561 0.563 0.635 0.542 0.505 0.413 0.404 0.452 0.508 0.481 0.424 0.446 0.486 0.504 0.486 0.551 0.548 0.512 0.546 0.463
C1909TS066_2 0.463 0.303 0.533 0.523 0.488 0.456 0.451 0.501 0.447 0.403 0.46 0.462 0.512 0.518 0.506 0.558 0.555 0.557 0.602 0.63 0.629 0.614 0.591 0.565 0.472 0.504 0.403 0.392 0.402 0.397 0.323 0.366 0.326 0.35 0.356 0.351 0.361 0.33 0.388
C1909TS278_4 0.52 0.382 0.457 0.452 0.448 0.489 0.476 0.47 0.533 0.576 0.587 0.575 0.57 0.583 0.61 0.576 0.56 0.591 0.604 0.572 0.565 0.597 0.535 0.544 0.551 0.536 0.475 0.483 0.482 0.507 0.471 0.492 0.476 0.502 0.512 0.473 0.523 0.448 0.466
C1909TS278_3 0.472 0.359 0.438 0.425 0.421 0.472 0.446 0.43 0.474 0.456 0.496 0.483 0.544 0.531 0.553 0.549 0.528 0.53 0.536 0.501 0.47 0.483 0.492 0.479 0.486 0.45 0.426 0.426 0.503 0.489 0.479 0.502 0.475 0.462 0.439 0.449 0.459 0.394 0.41
C1909TS349_1 0.494 0.256 0.408 0.43 0.414 0.403 0.405 0.466 0.493 0.434 0.59 0.598 0.631 0.587 0.569 0.606 0.563 0.524 0.576 0.603 0.538 0.527 0.538 0.426 0.528 0.482 0.433 0.451 0.483 0.486 0.492 0.497 0.448 0.436 0.503 0.52 0.465 0.471 0.493
C1909TS345_1 0.557 0.441 0.525 0.353 0.397 0.463 0.534 0.579 0.651 0.643 0.67 0.672 0.699 0.704 0.695 0.757 0.735 0.703 0.706 0.707 0.673 0.595 0.671 0.647 0.557 0.414 0.45 0.456 0.518 0.501 0.461 0.528 0.522 0.512 0.476 0.41 0.373 0.425 0.345
C1909TS405_5 0.43 0.337 0.428 0.44 0.416 0.429 0.41 0.455 0.445 0.432 0.493 0.437 0.427 0.405 0.382 0.395 0.387 0.405 0.414 0.407 0.434 0.472 0.461 0.464 0.497 0.436 0.44 0.403 0.41 0.444 0.437 0.462 0.458 0.434 0.467 0.402 0.461 0.421 0.406
C1909TS405_2 0.473 0.408 0.481 0.495 0.497 0.492 0.464 0.482 0.469 0.476 0.524 0.475 0.493 0.465 0.443 0.443 0.434 0.375 0.43 0.473 0.451 0.469 0.478 0.505 0.568 0.551 0.514 0.513 0.474 0.493 0.479 0.494 0.474 0.458 0.487 0.441 0.456 0.423 0.432
C1909TS389_2 0.452 0.358 0.391 0.38 0.43 0.414 0.468 0.443 0.453 0.474 0.461 0.416 0.482 0.485 0.495 0.48 0.492 0.498 0.492 0.498 0.485 0.52 0.506 0.5 0.505 0.443 0.46 0.46 0.506 0.481 0.472 0.412 0.449 0.404 0.369 0.388 0.361 0.39
C1909TS389_5 0.441 0.41 0.479 0.458 0.449 0.457 0.434 0.407 0.447 0.418 0.472 0.456 0.523 0.507 0.483 0.511 0.517 0.497 0.5 0.525 0.54 0.51 0.455 0.408 0.328 0.349 0.329 0.381 0.401 0.389 0.393 0.429 0.397 0.378 0.413 0.406 0.456 0.419 0.442
C1909TS213_1 0.52 0.385 0.479 0.475 0.52 0.489 0.51 0.48 0.533 0.558 0.58 0.568 0.598 0.632 0.609 0.594 0.624 0.635 0.623 0.611 0.578 0.577 0.564 0.5 0.487 0.427 0.482 0.509 0.493 0.442 0.506 0.456 0.458 0.441 0.446 0.503 0.422 0.444
C1909TS158_1 0.425 0.385 0.418 0.382 0.436 0.471 0.418 0.44 0.455 0.467 0.479 0.456 0.522 0.492 0.452 0.398 0.372 0.384 0.392 0.397 0.399 0.431 0.44 0.447 0.427 0.377 0.382 0.377 0.373 0.371 0.37 0.418 0.374 0.417 0.442 0.478 0.501 0.432 0.469
C1909TS438_1 0.468 0.37 0.455 0.455 0.473 0.495 0.466 0.49 0.437 0.452 0.533 0.515 0.498 0.509 0.569 0.525 0.53 0.566 0.548 0.56 0.544 0.557 0.553 0.502 0.419 0.448 0.387 0.447 0.434 0.404 0.408 0.421 0.36 0.402 0.368 0.373 0.45 0.438 0.43
C1909TS369_1 0.5 0.345 0.402 0.452 0.472 0.508 0.491 0.524 0.499 0.518 0.584 0.601 0.58 0.593 0.611 0.594 0.569 0.619 0.608 0.592 0.587 0.603 0.602 0.51 0.479 0.486 0.449 0.496 0.503 0.484 0.463 0.477 0.454 0.412 0.406 0.362 0.401 0.35 0.32
C1909TS240_2 0.448 0.362 0.454 0.428 0.437 0.457 0.425 0.413 0.429 0.465 0.511 0.432 0.359 0.282 0.371 0.376 0.407 0.441 0.494 0.479 0.499 0.485 0.532 0.517 0.556 0.533 0.468 0.447 0.476 0.441 0.458 0.451 0.427 0.435 0.47 0.434 0.47 0.426 0.49
C1909TS010_3 0.466 0.341 0.423 0.338 0.398 0.408 0.401 0.365 0.381 0.343 0.417 0.413 0.462 0.46 0.497 0.552 0.52 0.563 0.548 0.571 0.563 0.545 0.606 0.563 0.602 0.573 0.495 0.541 0.486 0.518 0.476 0.477 0.424 0.398 0.454 0.397 0.414 0.381 0.378
C1909TS067_2 0.483 0.399 0.474 0.421 0.382 0.445 0.415 0.407 0.452 0.504 0.501 0.544 0.574 0.589 0.6 0.612 0.606 0.604 0.612 0.634 0.611 0.583 0.511 0.435 0.537 0.501 0.494 0.443 0.445 0.426 0.444 0.43 0.374 0.414 0.405 0.41 0.391 0.381 0.327
C1909TS258_3 0.559 0.353 0.518 0.517 0.521 0.522 0.517 0.53 0.512 0.527 0.597 0.582 0.584 0.657 0.671 0.645 0.658 0.71 0.692 0.693 0.697 0.741 0.702 0.675 0.603 0.564 0.49 0.594 0.573 0.557 0.5 0.496 0.452 0.445 0.425 0.437 0.462 0.405 0.405
C1909TS003_1 0.342 0.268 0.332 0.285 0.329 0.37 0.38 0.348 0.368 0.352 0.356 0.329 0.342 0.356 0.359 0.388 0.351 0.36 0.346 0.372 0.374 0.409 0.45 0.404 0.454 0.395 0.372 0.347 0.354 0.345 0.273 0.288 0.266 0.27 0.275 0.245 0.3 0.281 0.298
C1909TS067_5 0.518 0.475 0.599 0.569 0.587 0.586 0.588 0.576 0.583 0.575 0.579 0.609 0.625 0.613 0.612 0.648 0.614 0.583 0.58 0.604 0.579 0.449 0.453 0.453 0.498 0.522 0.465 0.462 0.433 0.407 0.443 0.427 0.383 0.4 0.414 0.391 0.416 0.441 0.432
C1909TS258_4 0.5 0.407 0.461 0.448 0.39 0.425 0.42 0.416 0.428 0.493 0.56 0.548 0.572 0.57 0.597 0.582 0.577 0.619 0.653 0.616 0.578 0.656 0.641 0.611 0.602 0.503 0.375 0.487 0.454 0.452 0.38 0.458 0.355 0.453 0.436 0.429 0.448 0.426 0.462
C1909TS240_5 0.524 0.376 0.536 0.546 0.555 0.572 0.53 0.57 0.568 0.549 0.569 0.563 0.55 0.524 0.528 0.536 0.489 0.474 0.509 0.463 0.449 0.481 0.571 0.549 0.624 0.571 0.546 0.544 0.533 0.526 0.52 0.531 0.542 0.513 0.51 0.499 0.481 0.466 0.442
C1909TS010_4 0.412 0.351 0.566 0.551 0.539 0.508 0.475 0.483 0.422 0.406 0.409 0.372 0.409 0.366 0.365 0.405 0.369 0.384 0.36 0.407 0.412 0.406 0.476 0.435 0.451 0.37 0.325 0.315 0.347 0.349 0.307 0.369 0.367 0.393 0.423 0.434 0.449 0.422 0.458
C1909TS073_4 0.452 0.328 0.4 0.354 0.434 0.432 0.371 0.362 0.367 0.375 0.396 0.344 0.394 0.45 0.427 0.459 0.48 0.519 0.472 0.528 0.555 0.52 0.614 0.586 0.561 0.531 0.544 0.543 0.529 0.478 0.511 0.491 0.441 0.413 0.413 0.387 0.402 0.431 0.344
C1909TS247_1 0.425 0.332 0.396 0.392 0.381 0.436 0.392 0.432 0.432 0.42 0.432 0.429 0.414 0.422 0.419 0.421 0.447 0.422 0.444 0.442 0.438 0.452 0.445 0.425 0.458 0.436 0.431 0.422 0.477 0.477 0.461 0.47 0.448 0.452 0.424 0.416 0.407 0.385 0.332
C1909TS404_5 0.443 0.303 0.508 0.472 0.483 0.463 0.463 0.408 0.441 0.379 0.435 0.419 0.481 0.443 0.457 0.498 0.491 0.491 0.49 0.539 0.554 0.511 0.48 0.46 0.473 0.468 0.386 0.391 0.431 0.45 0.372 0.422 0.39 0.39 0.401 0.385 0.426 0.377 0.401
C1909TS228_1 0.534 0.417 0.47 0.462 0.428 0.438 0.346 0.355 0.396 0.429 0.446 0.473 0.556 0.545 0.51 0.579 0.631 0.63 0.635 0.643 0.678 0.623 0.636 0.487 0.451 0.568 0.616 0.568 0.593 0.589 0.583 0.588 0.601 0.581 0.591 0.583 0.578 0.518 0.462
C1909TS073_3 0.43 0.329 0.394 0.334 0.381 0.371 0.369 0.368 0.353 0.347 0.402 0.354 0.372 0.423 0.406 0.421 0.435 0.471 0.436 0.481 0.529 0.516 0.552 0.558 0.557 0.476 0.492 0.501 0.503 0.456 0.448 0.459 0.432 0.447 0.406 0.416 0.45 0.391 0.324
C1909TS404_2 0.416 0.35 0.476 0.458 0.407 0.429 0.426 0.416 0.394 0.422 0.456 0.44 0.479 0.478 0.469 0.478 0.472 0.473 0.466 0.487 0.493 0.479 0.47 0.452 0.432 0.43 0.4 0.396 0.379 0.375 0.345 0.375 0.312 0.356 0.376 0.307 0.339 0.3 0.326
C1909TS405_3 0.43 0.391 0.446 0.44 0.406 0.435 0.427 0.427 0.436 0.415 0.502 0.432 0.452 0.408 0.393 0.371 0.393 0.408 0.367 0.375 0.409 0.414 0.454 0.411 0.491 0.453 0.469 0.469 0.45 0.458 0.427 0.457 0.416 0.397 0.463 0.421 0.489 0.421 0.445
C1909TS210_1 0.558 0.489 0.557 0.544 0.502 0.534 0.55 0.549 0.523 0.445 0.427 0.605 0.646 0.634 0.651 0.701 0.702 0.651 0.66 0.706 0.698 0.62 0.618 0.549 0.572 0.598 0.57 0.567 0.556 0.579 0.586 0.578 0.468 0.5 0.483 0.418 0.429 0.409 0.332
C1909TS405_4 0.454 0.404 0.473 0.466 0.426 0.46 0.423 0.461 0.44 0.434 0.512 0.439 0.489 0.477 0.464 0.437 0.428 0.418 0.422 0.419 0.465 0.444 0.458 0.447 0.518 0.496 0.454 0.432 0.447 0.473 0.447 0.455 0.418 0.446 0.504 0.451 0.493 0.435 0.469
C1909TS278_2 0.511 0.367 0.467 0.439 0.42 0.443 0.419 0.465 0.464 0.474 0.52 0.604 0.602 0.56 0.596 0.647 0.616 0.587 0.622 0.653 0.598 0.556 0.573 0.556 0.54 0.527 0.461 0.444 0.494 0.481 0.485 0.509 0.504 0.494 0.486 0.45 0.459 0.429 0.411
C1909TS054_1 0.533 0.365 0.511 0.492 0.483 0.507 0.49 0.492 0.482 0.462 0.599 0.631 0.693 0.644 0.614 0.685 0.673 0.602 0.614 0.675 0.625 0.575 0.598 0.555 0.492 0.54 0.463 0.412 0.495 0.481 0.465 0.505 0.504 0.52 0.532 0.472 0.461 0.434 0.422
C1909TS278_5 0.478 0.386 0.458 0.456 0.447 0.43 0.428 0.411 0.417 0.428 0.482 0.411 0.536 0.557 0.545 0.549 0.567 0.563 0.544 0.555 0.576 0.544 0.496 0.547 0.512 0.487 0.45 0.411 0.448 0.479 0.448 0.465 0.43 0.458 0.465 0.448 0.475 0.447 0.423
C1909TS273_1 0.428 0.355 0.426 0.394 0.443 0.457 0.452 0.457 0.512 0.486 0.515 0.46 0.454 0.432 0.42 0.386 0.415 0.444 0.462 0.472 0.488 0.465 0.465 0.423 0.436 0.423 0.399 0.44 0.413 0.416 0.424 0.412 0.396 0.411 0.397 0.385 0.374 0.321 0.32
C1909TS215_3 0.516 0.436 0.565 0.536 0.429 0.443 0.426 0.423 0.42 0.404 0.443 0.332 0.495 0.596 0.571 0.605 0.611 0.612 0.616 0.606 0.619 0.619 0.641 0.589 0.502 0.452 0.479 0.439 0.43 0.474 0.422 0.526 0.542 0.496 0.575 0.571 0.574 0.582 0.513
C1909TS103_1 0.48 0.346 0.44 0.426 0.367 0.419 0.399 0.456 0.478 0.47 0.547 0.569 0.571 0.534 0.546 0.589 0.563 0.561 0.543 0.574 0.489 0.516 0.517 0.49 0.421 0.498 0.413 0.438 0.447 0.46 0.45 0.482 0.407 0.48 0.506 0.475 0.486 0.44 0.435
C1909TS131_3 0.669 0.494 0.643 0.681 0.62 0.618 0.647 0.648 0.679 0.698 0.698 0.669 0.687 0.739 0.703 0.662 0.735 0.788 0.724 0.692 0.738 0.679 0.56 0.608 0.687 0.702 0.669 0.705 0.724 0.686 0.688 0.728 0.721 0.676 0.682 0.648 0.61 0.579 0.488
C1909TS182_4 0.464 0.346 0.406 0.44 0.374 0.404 0.352 0.369 0.394 0.406 0.421 0.431 0.5 0.508 0.535 0.52 0.568 0.56 0.577 0.587 0.59 0.589 0.61 0.614 0.593 0.569 0.478 0.422 0.436 0.464 0.406 0.445 0.404 0.35 0.425 0.42 0.396 0.331 0.38
C1909TS413_4 0.483 0.386 0.5 0.522 0.464 0.465 0.44 0.403 0.419 0.384 0.43 0.475 0.548 0.544 0.539 0.574 0.565 0.569 0.582 0.559 0.598 0.584 0.536 0.475 0.494 0.412 0.429 0.46 0.448 0.43 0.443 0.43 0.427 0.459 0.476 0.486 0.458 0.48 0.446
C1909TS182_3 0.454 0.382 0.493 0.376 0.421 0.418 0.39 0.38 0.441 0.421 0.421 0.42 0.484 0.489 0.454 0.502 0.535 0.491 0.506 0.553 0.515 0.424 0.482 0.427 0.482 0.498 0.476 0.46 0.462 0.423 0.43 0.496 0.443 0.448 0.47 0.435 0.462 0.401 0.427
C1909TS413_3 0.489 0.37 0.43 0.47 0.425 0.453 0.427 0.436 0.429 0.467 0.496 0.493 0.55 0.591 0.571 0.553 0.55 0.563 0.568 0.541 0.564 0.529 0.497 0.493 0.468 0.488 0.436 0.478 0.525 0.497 0.483 0.512 0.482 0.457 0.483 0.499 0.453 0.444 0.414
C1909TS215_4 0.559 0.484 0.664 0.639 0.623 0.665 0.612 0.618 0.619 0.599 0.652 0.612 0.66 0.605 0.6 0.658 0.624 0.62 0.582 0.626 0.605 0.586 0.543 0.45 0.502 0.521 0.521 0.573 0.502 0.494 0.514 0.499 0.469 0.491 0.479 0.407 0.434 0.428 0.445
C1909TS131_4 0.667 0.487 0.64 0.677 0.612 0.616 0.645 0.645 0.677 0.698 0.698 0.668 0.686 0.737 0.701 0.659 0.734 0.787 0.722 0.691 0.737 0.678 0.558 0.607 0.686 0.7 0.667 0.704 0.722 0.684 0.686 0.727 0.721 0.673 0.68 0.646 0.608 0.577 0.486
C1909TS309_1 0.544 0.417 0.505 0.487 0.478 0.51 0.518 0.536 0.535 0.541 0.589 0.647 0.628 0.597 0.618 0.674 0.612 0.579 0.623 0.649 0.587 0.592 0.597 0.546 0.542 0.51 0.512 0.483 0.516 0.502 0.485 0.551 0.535 0.535 0.528 0.521 0.509 0.46 0.433
C1909TS152_4 0.479 0.362 0.408 0.442 0.448 0.485 0.446 0.47 0.429 0.459 0.509 0.52 0.485 0.511 0.536 0.554 0.542 0.558 0.588 0.581 0.574 0.562 0.575 0.509 0.47 0.473 0.412 0.469 0.488 0.462 0.429 0.467 0.388 0.446 0.441 0.44 0.447 0.431 0.376
C1909TS347_1 0.466 0.346 0.457 0.493 0.495 0.471 0.392 0.396 0.337 0.421 0.398 0.473 0.515 0.537 0.535 0.586 0.575 0.583 0.651 0.684 0.676 0.642 0.653 0.641 0.56 0.51 0.484 0.386 0.428 0.35 0.311 0.356 0.314 0.322 0.341 0.354 0.357 0.321 0.349
C1909TS152_3 0.436 0.332 0.43 0.421 0.411 0.427 0.412 0.386 0.39 0.425 0.491 0.473 0.465 0.498 0.564 0.546 0.521 0.558 0.583 0.568 0.551 0.592 0.591 0.541 0.438 0.369 0.338 0.385 0.4 0.369 0.345 0.412 0.328 0.341 0.347 0.326 0.337 0.318 0.343
C1909TS073_2 0.481 0.417 0.539 0.526 0.463 0.424 0.382 0.358 0.428 0.403 0.404 0.433 0.456 0.479 0.462 0.499 0.44 0.478 0.479 0.526 0.534 0.558 0.597 0.601 0.58 0.556 0.572 0.563 0.535 0.522 0.512 0.486 0.451 0.479 0.459 0.407 0.438 0.397 0.453
C1909TS211_1 0.625 0.539 0.688 0.645 0.721 0.706 0.695 0.668 0.662 0.608 0.646 0.675 0.708 0.681 0.663 0.735 0.718 0.679 0.698 0.737 0.677 0.656 0.65 0.527 0.525 0.502 0.52 0.457 0.511 0.551 0.555 0.564 0.579 0.59 0.639 0.621 0.628 0.58 0.539
C1909TS404_3 0.443 0.301 0.405 0.433 0.436 0.419 0.432 0.392 0.43 0.398 0.424 0.415 0.514 0.506 0.478 0.511 0.547 0.544 0.509 0.529 0.574 0.552 0.524 0.453 0.449 0.449 0.413 0.407 0.42 0.407 0.412 0.378 0.419 0.381 0.371 0.369 0.409 0.37 0.446
C1909TS073_5 0.424 0.372 0.428 0.386 0.335 0.345 0.353 0.336 0.365 0.385 0.415 0.386 0.39 0.438 0.432 0.458 0.43 0.446 0.414 0.445 0.488 0.485 0.497 0.497 0.513 0.438 0.472 0.468 0.439 0.434 0.431 0.469 0.435 0.467 0.433 0.415 0.429 0.364 0.389
C1909TS404_4 0.466 0.407 0.492 0.456 0.461 0.456 0.455 0.423 0.47 0.428 0.444 0.448 0.544 0.541 0.51 0.526 0.571 0.568 0.543 0.552 0.597 0.561 0.538 0.464 0.464 0.463 0.431 0.412 0.423 0.425 0.416 0.375 0.416 0.418 0.369 0.389 0.432 0.394 0.417
C1909TS230_1 0.588 0.405 0.576 0.591 0.573 0.579 0.572 0.563 0.549 0.629 0.686 0.642 0.693 0.686 0.666 0.687 0.702 0.67 0.66 0.703 0.661 0.634 0.626 0.571 0.528 0.552 0.575 0.589 0.586 0.576 0.555 0.563 0.442 0.514 0.569 0.537 0.49 0.491 0.445
C1909TS067_4 0.352 0.34 0.396 0.354 0.37 0.388 0.364 0.366 0.369 0.358 0.36 0.349 0.338 0.349 0.358 0.346 0.311 0.353 0.339 0.328 0.371 0.407 0.415 0.415 0.411 0.401 0.349 0.342 0.296 0.311 0.313 0.307 0.231 0.319 0.351 0.324 0.36 0.359 0.372
C1909TS258_5 0.492 0.424 0.497 0.405 0.393 0.42 0.404 0.431 0.459 0.482 0.564 0.551 0.544 0.591 0.612 0.6 0.601 0.643 0.64 0.625 0.625 0.666 0.655 0.611 0.553 0.445 0.409 0.499 0.473 0.456 0.435 0.403 0.376 0.399 0.362 0.352 0.385 0.348 0.354
C1909TS240_4 0.534 0.383 0.518 0.521 0.535 0.535 0.497 0.524 0.536 0.507 0.545 0.556 0.543 0.519 0.545 0.579 0.555 0.564 0.523 0.549 0.485 0.587 0.52 0.546 0.624 0.543 0.512 0.532 0.565 0.596 0.601 0.589 0.596 0.555 0.535 0.532 0.498 0.422 0.403
C1909TS010_5 0.557 0.399 0.546 0.524 0.526 0.532 0.541 0.547 0.516 0.519 0.53 0.477 0.476 0.465 0.507 0.551 0.567 0.567 0.616 0.608 0.61 0.596 0.59 0.63 0.672 0.709 0.7 0.65 0.617 0.601 0.591 0.6 0.567 0.539 0.533 0.492 0.523 0.449 0.488
C1909TS240_3 0.431 0.28 0.367 0.359 0.399 0.436 0.4 0.419 0.428 0.368 0.428 0.41 0.432 0.373 0.401 0.431 0.418 0.444 0.461 0.485 0.467 0.45 0.587 0.552 0.592 0.531 0.495 0.479 0.421 0.416 0.4 0.433 0.395 0.4 0.408 0.392 0.423 0.383 0.417
C1909TS010_2 0.499 0.447 0.524 0.418 0.512 0.488 0.407 0.37 0.438 0.441 0.419 0.465 0.451 0.471 0.515 0.519 0.524 0.559 0.602 0.565 0.57 0.545 0.589 0.549 0.608 0.561 0.59 0.633 0.521 0.521 0.476 0.518 0.472 0.475 0.503 0.437 0.459 0.39 0.426
C1909TS067_3 0.441 0.411 0.484 0.451 0.437 0.469 0.393 0.395 0.372 0.403 0.48 0.495 0.521 0.55 0.528 0.571 0.566 0.546 0.559 0.591 0.567 0.492 0.532 0.514 0.494 0.454 0.473 0.417 0.416 0.366 0.302 0.314 0.289 0.308 0.311 0.27 0.327 0.329 0.358
C1909TS258_2 0.528 0.406 0.508 0.509 0.541 0.539 0.544 0.526 0.558 0.588 0.634 0.594 0.6 0.645 0.629 0.598 0.61 0.62 0.619 0.625 0.607 0.591 0.594 0.513 0.5 0.44 0.425 0.489 0.518 0.508 0.5 0.509 0.463 0.429 0.448 0.406 0.433 0.388 0.415
C1909TS102_1 0.48 0.346 0.44 0.426 0.367 0.419 0.399 0.456 0.478 0.47 0.547 0.569 0.571 0.534 0.546 0.589 0.563 0.561 0.543 0.574 0.489 0.516 0.517 0.49 0.421 0.498 0.413 0.438 0.447 0.46 0.45 0.482 0.407 0.48 0.506 0.475 0.486 0.44 0.435
C1909TS123_1 0.472 0.372 0.417 0.481 0.476 0.492 0.468 0.489 0.438 0.477 0.549 0.555 0.503 0.511 0.537 0.527 0.499 0.505 0.517 0.512 0.501 0.446 0.472 0.456 0.438 0.472 0.452 0.479 0.502 0.473 0.438 0.474 0.423 0.451 0.431 0.391 0.503 0.39 0.401
C1909TS389_4 0.528 0.403 0.5 0.465 0.476 0.464 0.549 0.512 0.579 0.549 0.585 0.57 0.58 0.61 0.605 0.626 0.609 0.579 0.598 0.622 0.582 0.546 0.613 0.577 0.476 0.406 0.484 0.436 0.456 0.495 0.513 0.559 0.569 0.557 0.532 0.481 0.477 0.435 0.39
C1909TS299_1 0.554 0.395 0.491 0.513 0.546 0.586 0.582 0.574 0.59 0.645 0.66 0.658 0.634 0.641 0.663 0.628 0.61 0.613 0.622 0.575 0.524 0.559 0.538 0.504 0.492 0.495 0.472 0.454 0.485 0.557 0.549 0.565 0.551 0.556 0.543 0.483 0.518 0.476 0.498
C1909TS389_3 0.437 0.329 0.358 0.353 0.409 0.39 0.433 0.443 0.438 0.435 0.408 0.467 0.461 0.442 0.461 0.487 0.464 0.472 0.491 0.503 0.45 0.482 0.444 0.47 0.503 0.454 0.469 0.484 0.494 0.452 0.477 0.435 0.417 0.421 0.366 0.385 0.371 0.367
C1909TS247_3 0.442 0.371 0.477 0.436 0.41 0.438 0.412 0.443 0.429 0.408 0.465 0.457 0.435 0.441 0.435 0.441 0.456 0.429 0.436 0.465 0.445 0.441 0.486 0.451 0.469 0.477 0.434 0.408 0.428 0.422 0.412 0.456 0.463 0.47 0.475 0.45 0.473 0.427 0.441
C1909TS228_3 0.517 0.426 0.464 0.499 0.465 0.435 0.34 0.372 0.405 0.405 0.387 0.452 0.532 0.552 0.535 0.562 0.627 0.652 0.602 0.592 0.655 0.625 0.628 0.609 0.588 0.559 0.548 0.59 0.587 0.539 0.52 0.546 0.553 0.469 0.509 0.502 0.433 0.434 0.445
C1909TS211_5 0.401 0.347 0.443 0.379 0.424 0.438 0.417 0.482 0.464 0.437 0.475 0.425 0.445 0.432 0.452 0.405 0.375 0.387 0.374 0.346 0.348 0.29 0.31 0.315 0.377 0.322 0.288 0.3 0.399 0.412 0.395 0.461 0.439 0.504 0.438 0.435 0.457 0.437 0.365
C1909TS230_2 0.521 0.425 0.556 0.524 0.536 0.543 0.534 0.499 0.463 0.535 0.65 0.612 0.678 0.655 0.617 0.636 0.641 0.593 0.603 0.609 0.581 0.58 0.583 0.553 0.505 0.51 0.51 0.495 0.504 0.485 0.42 0.443 0.392 0.359 0.405 0.409 0.412 0.381 0.373
C1909TS230_5 0.465 0.389 0.478 0.434 0.436 0.418 0.435 0.357 0.437 0.429 0.504 0.503 0.541 0.487 0.485 0.514 0.526 0.469 0.513 0.537 0.481 0.501 0.509 0.49 0.502 0.432 0.383 0.459 0.414 0.454 0.425 0.478 0.482 0.433 0.493 0.447 0.493 0.408 0.48
C1909TS073_1 0.464 0.37 0.43 0.396 0.402 0.416 0.374 0.402 0.373 0.342 0.412 0.379 0.442 0.486 0.443 0.495 0.495 0.49 0.493 0.525 0.563 0.551 0.594 0.572 0.564 0.525 0.557 0.538 0.538 0.507 0.498 0.497 0.45 0.473 0.413 0.437 0.432 0.365 0.408
C1909TS247_4 0.486 0.347 0.466 0.462 0.43 0.485 0.45 0.46 0.448 0.469 0.514 0.52 0.532 0.538 0.535 0.545 0.554 0.547 0.563 0.529 0.542 0.564 0.523 0.508 0.508 0.487 0.457 0.438 0.466 0.479 0.482 0.499 0.468 0.468 0.454 0.46 0.475 0.393 0.391
C1909TS228_4 0.54 0.414 0.477 0.453 0.423 0.434 0.339 0.361 0.39 0.426 0.439 0.469 0.55 0.541 0.521 0.588 0.63 0.632 0.637 0.642 0.679 0.63 0.645 0.48 0.471 0.581 0.623 0.57 0.602 0.61 0.592 0.593 0.611 0.608 0.585 0.616 0.581 0.558 0.513
C1909TS211_2 0.442 0.37 0.455 0.39 0.387 0.447 0.359 0.391 0.393 0.434 0.48 0.489 0.541 0.549 0.515 0.555 0.57 0.554 0.562 0.569 0.54 0.507 0.493 0.433 0.42 0.421 0.357 0.377 0.348 0.373 0.355 0.405 0.354 0.367 0.399 0.416 0.411 0.387 0.418
C1909TS369_3 0.457 0.377 0.443 0.428 0.42 0.46 0.402 0.452 0.437 0.461 0.516 0.545 0.498 0.502 0.512 0.53 0.506 0.505 0.512 0.525 0.501 0.493 0.505 0.498 0.448 0.472 0.448 0.471 0.473 0.468 0.427 0.42 0.394 0.399 0.396 0.365 0.426 0.346 0.398
C1909TS010_1 0.566 0.473 0.63 0.631 0.603 0.523 0.499 0.497 0.552 0.511 0.588 0.539 0.487 0.537 0.556 0.578 0.571 0.581 0.644 0.652 0.654 0.638 0.628 0.656 0.665 0.658 0.653 0.607 0.609 0.577 0.555 0.558 0.506 0.486 0.493 0.491 0.516 0.424 0.497
C1909TS258_1 0.54 0.376 0.505 0.472 0.508 0.547 0.549 0.534 0.513 0.537 0.575 0.574 0.565 0.584 0.627 0.597 0.646 0.669 0.647 0.652 0.657 0.688 0.654 0.634 0.625 0.576 0.502 0.552 0.566 0.548 0.505 0.499 0.449 0.439 0.429 0.395 0.393 0.383 0.361
C1909TS003_3 0.553 0.418 0.516 0.528 0.516 0.524 0.446 0.46 0.433 0.521 0.57 0.587 0.638 0.655 0.672 0.698 0.688 0.687 0.734 0.773 0.76 0.728 0.726 0.697 0.634 0.638 0.413 0.486 0.498 0.476 0.423 0.444 0.435 0.427 0.477 0.43 0.444 0.411 0.4
C1909TS369_4 0.496 0.389 0.439 0.481 0.426 0.474 0.439 0.489 0.45 0.503 0.539 0.566 0.547 0.563 0.625 0.581 0.553 0.624 0.636 0.584 0.603 0.618 0.61 0.542 0.507 0.501 0.425 0.471 0.489 0.48 0.481 0.476 0.377 0.383 0.404 0.4 0.391 0.408 0.363
C1909TS438_3 0.465 0.367 0.418 0.441 0.481 0.493 0.44 0.456 0.441 0.451 0.535 0.505 0.498 0.549 0.587 0.552 0.534 0.594 0.576 0.575 0.587 0.58 0.57 0.479 0.395 0.4 0.36 0.432 0.414 0.388 0.38 0.414 0.347 0.399 0.352 0.358 0.43 0.436 0.446
C1909TS123_2 0.458 0.355 0.407 0.403 0.408 0.455 0.435 0.437 0.405 0.461 0.475 0.492 0.487 0.521 0.572 0.54 0.52 0.571 0.59 0.553 0.571 0.561 0.574 0.471 0.432 0.455 0.408 0.468 0.458 0.443 0.419 0.436 0.347 0.376 0.386 0.364 0.406 0.404 0.35
C1909TS123_5 0.448 0.326 0.403 0.412 0.409 0.457 0.419 0.442 0.436 0.453 0.529 0.505 0.44 0.511 0.549 0.514 0.502 0.555 0.558 0.53 0.539 0.546 0.519 0.488 0.432 0.432 0.398 0.442 0.459 0.412 0.398 0.414 0.353 0.402 0.375 0.343 0.399 0.38 0.347
C1909TS438_4 0.454 0.298 0.391 0.378 0.421 0.459 0.434 0.461 0.427 0.429 0.499 0.506 0.481 0.523 0.567 0.518 0.503 0.575 0.56 0.536 0.544 0.537 0.533 0.466 0.452 0.422 0.38 0.437 0.452 0.411 0.434 0.419 0.377 0.4 0.394 0.344 0.427 0.387 0.459
C1909TS102_2 0.535 0.401 0.482 0.48 0.46 0.524 0.52 0.526 0.536 0.576 0.615 0.614 0.592 0.604 0.622 0.61 0.595 0.638 0.642 0.592 0.581 0.619 0.564 0.503 0.529 0.511 0.471 0.476 0.505 0.5 0.511 0.532 0.516 0.521 0.498 0.471 0.527 0.46 0.409
C1909TS044_1 0.525 0.477 0.484 0.459 0.433 0.443 0.42 0.473 0.418 0.558 0.513 0.565 0.562 0.523 0.558 0.58 0.575 0.599 0.596 0.609 0.607 0.576 0.562 0.595 0.641 0.634 0.632 0.642 0.583 0.599 0.498 0.515 0.432 0.438 0.404 0.452 0.393 0.383
C1909TS213_4 0.545 0.405 0.486 0.507 0.545 0.515 0.536 0.495 0.59 0.589 0.613 0.604 0.62 0.658 0.634 0.622 0.676 0.668 0.661 0.649 0.651 0.657 0.551 0.52 0.485 0.434 0.517 0.532 0.489 0.427 0.506 0.441 0.468 0.484 0.48 0.523 0.473 0.465
C1909TS158_4 0.394 0.339 0.423 0.406 0.405 0.405 0.413 0.415 0.361 0.374 0.439 0.432 0.441 0.419 0.425 0.457 0.464 0.464 0.477 0.513 0.506 0.509 0.463 0.444 0.481 0.458 0.365 0.323 0.429 0.36 0.273 0.333 0.276 0.283 0.304 0.271 0.275 0.275 0.259
C1909TS299_5 0.478 0.386 0.458 0.456 0.447 0.43 0.428 0.411 0.417 0.428 0.482 0.411 0.536 0.557 0.545 0.549 0.567 0.563 0.544 0.555 0.576 0.544 0.496 0.547 0.512 0.487 0.45 0.411 0.448 0.479 0.448 0.465 0.43 0.458 0.465 0.448 0.475 0.447 0.423
C1909TS200_1 0.467 0.372 0.464 0.47 0.45 0.461 0.41 0.432 0.441 0.434 0.457 0.445 0.519 0.481 0.453 0.51 0.546 0.458 0.499 0.546 0.529 0.494 0.498 0.476 0.463 0.479 0.411 0.432 0.472 0.485 0.465 0.49 0.472 0.476 0.503 0.471 0.463 0.39 0.411
C1909TS299_2 0.511 0.367 0.467 0.439 0.42 0.443 0.419 0.465 0.464 0.474 0.52 0.604 0.602 0.56 0.596 0.647 0.616 0.587 0.622 0.653 0.598 0.556 0.573 0.556 0.54 0.527 0.461 0.444 0.494 0.481 0.485 0.509 0.504 0.494 0.486 0.45 0.459 0.429 0.411
C1909TS213_3 0.507 0.393 0.461 0.447 0.503 0.45 0.488 0.43 0.496 0.534 0.564 0.535 0.562 0.608 0.608 0.568 0.62 0.633 0.618 0.624 0.614 0.62 0.513 0.483 0.475 0.416 0.495 0.508 0.47 0.393 0.496 0.434 0.436 0.435 0.44 0.523 0.447 0.434
C1909TS158_3 0.465 0.439 0.504 0.471 0.466 0.492 0.482 0.471 0.461 0.494 0.493 0.476 0.473 0.441 0.456 0.467 0.481 0.461 0.482 0.492 0.495 0.478 0.511 0.486 0.511 0.46 0.38 0.417 0.463 0.451 0.43 0.445 0.43 0.427 0.467 0.465 0.467 0.464 0.436
C1909TS345_3 0.647 0.43 0.556 0.558 0.547 0.634 0.668 0.691 0.796 0.791 0.877 0.877 0.9 0.822 0.784 0.824 0.791 0.742 0.728 0.769 0.732 0.687 0.691 0.671 0.563 0.518 0.529 0.445 0.44 0.44 0.437 0.401 0.379 0.483 0.562 0.617 0.727 0.785 0.686
C1909TS210_5 0.521 0.399 0.533 0.542 0.508 0.559 0.531 0.576 0.472 0.532 0.583 0.505 0.643 0.602 0.558 0.591 0.638 0.624 0.62 0.594 0.542 0.545 0.562 0.567 0.546 0.494 0.545 0.542 0.467 0.512 0.462 0.51 0.447 0.42 0.426 0.401 0.403 0.354 0.445
C1909TS210_2 0.493 0.446 0.495 0.449 0.491 0.453 0.495 0.469 0.474 0.544 0.463 0.487 0.495 0.474 0.445 0.442 0.457 0.467 0.472 0.488 0.488 0.501 0.507 0.567 0.545 0.54 0.492 0.5 0.505 0.497 0.531 0.516 0.516 0.553 0.475 0.535 0.458 0.526
C1909TS345_4 0.503 0.348 0.503 0.523 0.5 0.529 0.461 0.475 0.509 0.526 0.582 0.549 0.623 0.643 0.596 0.603 0.64 0.562 0.563 0.634 0.612 0.503 0.51 0.386 0.493 0.501 0.422 0.406 0.405 0.372 0.354 0.463 0.49 0.487 0.506 0.461 0.49 0.467 0.436
C1909TS054_2 0.539 0.385 0.51 0.474 0.473 0.481 0.483 0.499 0.464 0.472 0.604 0.606 0.634 0.623 0.609 0.641 0.656 0.607 0.614 0.686 0.659 0.639 0.646 0.644 0.596 0.637 0.59 0.514 0.503 0.477 0.46 0.499 0.497 0.492 0.456 0.391 0.437 0.41 0.404
C1909TS349_4 0.487 0.252 0.392 0.422 0.39 0.375 0.385 0.473 0.458 0.39 0.557 0.567 0.619 0.561 0.553 0.594 0.55 0.513 0.56 0.603 0.543 0.508 0.541 0.442 0.533 0.485 0.428 0.447 0.486 0.49 0.493 0.5 0.458 0.451 0.513 0.526 0.466 0.475 0.489
C1909TS273_2 0.419 0.301 0.381 0.339 0.394 0.394 0.383 0.38 0.381 0.347 0.37 0.401 0.465 0.415 0.431 0.469 0.452 0.477 0.452 0.49 0.496 0.441 0.48 0.433 0.47 0.451 0.433 0.469 0.435 0.45 0.422 0.436 0.414 0.362 0.425 0.376 0.415 0.39 0.386
C1909TS278_1 0.554 0.395 0.491 0.513 0.546 0.586 0.582 0.574 0.59 0.645 0.66 0.658 0.634 0.641 0.663 0.628 0.61 0.613 0.622 0.575 0.524 0.559 0.538 0.504 0.492 0.495 0.472 0.454 0.485 0.557 0.549 0.565 0.551 0.556 0.543 0.483 0.518 0.476 0.498
C1909TS273_5 0.416 0.388 0.474 0.465 0.431 0.45 0.412 0.433 0.427 0.41 0.456 0.382 0.418 0.414 0.415 0.392 0.38 0.417 0.452 0.452 0.463 0.446 0.481 0.497 0.494 0.464 0.41 0.428 0.403 0.396 0.383 0.381 0.355 0.364 0.404 0.364 0.375 0.308 0.334
C1909TS054_5 0.495 0.345 0.448 0.431 0.415 0.431 0.423 0.45 0.403 0.459 0.506 0.503 0.576 0.595 0.553 0.601 0.595 0.565 0.575 0.619 0.623 0.59 0.577 0.593 0.512 0.543 0.443 0.45 0.469 0.451 0.468 0.46 0.491 0.455 0.455 0.458 0.463 0.415 0.4
C1909TS349_3 0.486 0.257 0.395 0.422 0.394 0.386 0.385 0.477 0.465 0.399 0.561 0.573 0.615 0.562 0.56 0.604 0.547 0.514 0.565 0.607 0.543 0.53 0.547 0.421 0.545 0.48 0.42 0.438 0.474 0.488 0.49 0.488 0.447 0.442 0.504 0.509 0.453 0.466 0.479
C1909TS414_3 0.535 0.397 0.482 0.475 0.471 0.465 0.426 0.458 0.527 0.473 0.59 0.64 0.64 0.618 0.609 0.66 0.645 0.614 0.598 0.644 0.619 0.587 0.595 0.513 0.535 0.514 0.488 0.487 0.501 0.533 0.5 0.536 0.504 0.525 0.538 0.488 0.522 0.448 0.464
C1909TS309_5 0.541 0.365 0.491 0.504 0.466 0.515 0.495 0.552 0.525 0.565 0.61 0.653 0.612 0.581 0.609 0.668 0.603 0.581 0.63 0.66 0.604 0.578 0.553 0.531 0.494 0.536 0.467 0.456 0.5 0.502 0.471 0.539 0.533 0.556 0.542 0.521 0.536 0.492 0.475
C1909TS309_2 0.496 0.371 0.433 0.416 0.407 0.426 0.435 0.444 0.466 0.489 0.553 0.566 0.526 0.525 0.599 0.577 0.532 0.54 0.576 0.573 0.559 0.586 0.55 0.543 0.507 0.54 0.486 0.476 0.467 0.502 0.468 0.469 0.473 0.488 0.485 0.45 0.48 0.423 0.443
C1909TS196_1 0.535 0.401 0.482 0.48 0.46 0.524 0.52 0.526 0.536 0.576 0.615 0.614 0.592 0.604 0.622 0.61 0.595 0.638 0.642 0.592 0.581 0.619 0.564 0.503 0.529 0.511 0.471 0.476 0.505 0.5 0.511 0.532 0.516 0.521 0.498 0.471 0.527 0.46 0.409
C1909TS414_4 0.552 0.374 0.482 0.473 0.478 0.546 0.533 0.593 0.623 0.627 0.663 0.701 0.657 0.65 0.662 0.692 0.66 0.642 0.65 0.666 0.602 0.594 0.509 0.557 0.515 0.476 0.461 0.465 0.464 0.497 0.488 0.518 0.506 0.519 0.516 0.484 0.507 0.463 0.472
C1909TS299_3 0.472 0.359 0.438 0.425 0.421 0.472 0.446 0.43 0.474 0.456 0.496 0.483 0.544 0.531 0.553 0.549 0.528 0.53 0.536 0.501 0.47 0.483 0.492 0.479 0.486 0.45 0.426 0.426 0.503 0.489 0.479 0.502 0.475 0.462 0.439 0.449 0.459 0.394 0.41
C1909TS213_2 0.549 0.409 0.504 0.498 0.559 0.523 0.558 0.52 0.593 0.617 0.634 0.593 0.618 0.67 0.635 0.627 0.671 0.67 0.638 0.649 0.644 0.626 0.534 0.51 0.478 0.476 0.536 0.564 0.53 0.462 0.526 0.466 0.483 0.453 0.457 0.487 0.442 0.437
C1909TS158_2 0.525 0.378 0.443 0.458 0.471 0.514 0.463 0.467 0.439 0.491 0.537 0.574 0.534 0.562 0.593 0.583 0.575 0.592 0.613 0.607 0.603 0.638 0.616 0.568 0.505 0.516 0.494 0.564 0.553 0.541 0.448 0.489 0.458 0.487 0.497 0.475 0.558 0.504 0.548
C1909TS213_5 0.522 0.397 0.452 0.457 0.512 0.482 0.515 0.481 0.531 0.585 0.605 0.57 0.603 0.627 0.619 0.6 0.621 0.642 0.633 0.632 0.625 0.621 0.522 0.482 0.472 0.449 0.49 0.525 0.482 0.429 0.511 0.44 0.462 0.434 0.45 0.49 0.431 0.419
C1909TS158_5 0.458 0.407 0.435 0.442 0.427 0.453 0.415 0.456 0.421 0.449 0.496 0.505 0.463 0.473 0.483 0.499 0.483 0.51 0.53 0.533 0.525 0.522 0.576 0.526 0.474 0.49 0.413 0.454 0.463 0.439 0.368 0.397 0.404 0.414 0.409 0.408 0.462 0.383 0.391
C1909TS389_1 0.449 0.376 0.401 0.393 0.408 0.448 0.422 0.468 0.467 0.498 0.456 0.5 0.46 0.473 0.502 0.513 0.484 0.495 0.52 0.505 0.462 0.482 0.449 0.483 0.483 0.452 0.471 0.457 0.48 0.436 0.484 0.418 0.403 0.408 0.332 0.395 0.347 0.38
C1909TS299_4 0.52 0.382 0.457 0.452 0.448 0.489 0.476 0.47 0.533 0.576 0.587 0.575 0.57 0.583 0.61 0.576 0.56 0.591 0.604 0.572 0.565 0.597 0.535 0.544 0.551 0.536 0.475 0.483 0.482 0.507 0.471 0.492 0.476 0.502 0.512 0.473 0.523 0.448 0.466
C1909TS123_4 0.434 0.333 0.409 0.414 0.41 0.442 0.416 0.417 0.43 0.449 0.497 0.478 0.47 0.504 0.548 0.528 0.512 0.544 0.554 0.542 0.53 0.553 0.549 0.489 0.413 0.402 0.343 0.386 0.388 0.393 0.352 0.378 0.348 0.353 0.338 0.344 0.362 0.326 0.354
C1909TS438_5 0.484 0.373 0.404 0.422 0.472 0.499 0.463 0.505 0.477 0.518 0.527 0.548 0.528 0.54 0.578 0.568 0.548 0.561 0.588 0.565 0.548 0.568 0.563 0.52 0.444 0.475 0.415 0.446 0.471 0.415 0.384 0.452 0.406 0.441 0.423 0.431 0.459 0.411 0.418
C1909TS438_2 0.461 0.345 0.405 0.428 0.454 0.475 0.446 0.448 0.42 0.444 0.515 0.509 0.474 0.51 0.585 0.541 0.506 0.582 0.586 0.574 0.561 0.561 0.553 0.487 0.411 0.4 0.39 0.45 0.46 0.402 0.408 0.426 0.385 0.414 0.376 0.354 0.404 0.421 0.396
C1909TS359_1 0.516 0.367 0.464 0.455 0.446 0.482 0.462 0.465 0.493 0.514 0.557 0.537 0.637 0.6 0.638 0.618 0.607 0.612 0.626 0.577 0.552 0.577 0.549 0.502 0.538 0.505 0.451 0.467 0.54 0.508 0.489 0.515 0.499 0.494 0.48 0.47 0.47 0.435 0.413
C1909TS123_3 0.514 0.391 0.423 0.406 0.434 0.446 0.413 0.439 0.415 0.474 0.556 0.568 0.526 0.563 0.609 0.593 0.579 0.624 0.63 0.631 0.625 0.643 0.657 0.621 0.587 0.532 0.483 0.524 0.528 0.506 0.453 0.475 0.436 0.461 0.48 0.47 0.488 0.413 0.447
C1909TS003_2 0.351 0.314 0.351 0.3 0.262 0.364 0.331 0.321 0.335 0.354 0.371 0.34 0.388 0.39 0.385 0.406 0.393 0.347 0.4 0.366 0.41 0.425 0.442 0.449 0.393 0.439 0.368 0.326 0.365 0.284 0.238 0.293 0.269 0.279 0.309 0.315 0.34 0.322 0.359
C1909TS369_5 0.498 0.369 0.391 0.449 0.451 0.505 0.476 0.488 0.468 0.47 0.545 0.561 0.539 0.56 0.587 0.564 0.56 0.601 0.609 0.577 0.582 0.602 0.589 0.542 0.495 0.495 0.453 0.495 0.512 0.482 0.503 0.473 0.44 0.428 0.431 0.4 0.453 0.372 0.402
C1909TS369_2 0.438 0.315 0.404 0.37 0.374 0.371 0.38 0.421 0.443 0.494 0.495 0.508 0.521 0.557 0.513 0.497 0.544 0.545 0.507 0.547 0.571 0.557 0.498 0.44 0.464 0.448 0.428 0.375 0.393 0.428 0.36 0.415 0.331 0.363 0.361 0.361 0.392 0.344 0.316
C1909TS240_1 0.523 0.529 0.649 0.624 0.622 0.615 0.564 0.578 0.569 0.545 0.539 0.514 0.524 0.47 0.433 0.462 0.419 0.428 0.476 0.544 0.554 0.609 0.523 0.551 0.561 0.55 0.52 0.524 0.509 0.519 0.51 0.5 0.492 0.499 0.497 0.444 0.475 0.468 0.468
C1909TS067_1 0.518 0.475 0.599 0.569 0.587 0.586 0.588 0.576 0.583 0.575 0.579 0.609 0.625 0.613 0.612 0.648 0.614 0.583 0.58 0.604 0.579 0.449 0.453 0.453 0.498 0.522 0.465 0.462 0.433 0.407 0.443 0.427 0.383 0.4 0.414 0.391 0.416 0.441 0.432
C1909TS230_4 0.486 0.344 0.469 0.485 0.489 0.459 0.414 0.473 0.55 0.544 0.579 0.596 0.606 0.558 0.547 0.589 0.572 0.554 0.522 0.544 0.537 0.509 0.446 0.466 0.438 0.421 0.367 0.397 0.434 0.449 0.415 0.483 0.414 0.447 0.461 0.47 0.49 0.47 0.442
C1909TS247_5 0.441 0.366 0.486 0.455 0.444 0.399 0.423 0.412 0.418 0.411 0.484 0.416 0.462 0.412 0.447 0.428 0.416 0.412 0.429 0.43 0.438 0.456 0.497 0.478 0.496 0.428 0.434 0.433 0.445 0.432 0.438 0.493 0.441 0.455 0.431 0.476 0.474 0.404 0.44
C1909TS228_5 0.536 0.412 0.468 0.455 0.429 0.434 0.336 0.359 0.388 0.422 0.433 0.473 0.552 0.545 0.518 0.582 0.631 0.629 0.637 0.64 0.678 0.623 0.639 0.486 0.459 0.578 0.62 0.569 0.598 0.605 0.593 0.593 0.606 0.598 0.587 0.595 0.58 0.544 0.49
C1909TS211_3 0.405 0.349 0.444 0.357 0.393 0.412 0.353 0.445 0.426 0.418 0.467 0.441 0.47 0.423 0.395 0.374 0.331 0.334 0.336 0.304 0.35 0.326 0.352 0.363 0.394 0.393 0.374 0.345 0.373 0.416 0.422 0.489 0.418 0.48 0.506 0.437 0.501 0.544 0.44
C1909TS404_1 0.439 0.32 0.465 0.34 0.366 0.393 0.395 0.395 0.427 0.467 0.488 0.486 0.535 0.54 0.509 0.532 0.573 0.566 0.517 0.532 0.583 0.551 0.473 0.445 0.446 0.461 0.424 0.399 0.416 0.39 0.37 0.364 0.335 0.349 0.373 0.373 0.386 0.352 0.359
C1909TS247_2 0.431 0.339 0.408 0.396 0.391 0.397 0.412 0.409 0.389 0.405 0.455 0.449 0.49 0.474 0.46 0.468 0.464 0.447 0.461 0.456 0.415 0.448 0.458 0.439 0.443 0.466 0.448 0.418 0.457 0.451 0.427 0.463 0.436 0.436 0.442 0.414 0.436 0.375 0.343
C1909TS301_1 0.525 0.477 0.484 0.459 0.433 0.443 0.42 0.473 0.418 0.558 0.513 0.565 0.562 0.523 0.558 0.58 0.575 0.599 0.596 0.609 0.607 0.576 0.562 0.595 0.641 0.634 0.632 0.642 0.583 0.599 0.498 0.515 0.432 0.438 0.404 0.452 0.393 0.383
C1909TS228_2 0.568 0.431 0.498 0.482 0.451 0.44 0.375 0.368 0.387 0.456 0.526 0.463 0.566 0.593 0.586 0.648 0.648 0.7 0.703 0.697 0.719 0.713 0.705 0.533 0.558 0.639 0.68 0.633 0.613 0.625 0.633 0.593 0.622 0.579 0.539 0.572 0.539 0.546 0.511
C1909TS211_4 0.395 0.315 0.45 0.374 0.403 0.432 0.376 0.444 0.449 0.425 0.47 0.425 0.452 0.436 0.449 0.408 0.381 0.391 0.376 0.358 0.357 0.303 0.327 0.321 0.376 0.354 0.312 0.303 0.408 0.423 0.396 0.424 0.404 0.464 0.427 0.409 0.422 0.42 0.352
C1909TS230_3 0.465 0.367 0.434 0.441 0.474 0.475 0.444 0.403 0.447 0.415 0.468 0.468 0.541 0.532 0.584 0.582 0.546 0.553 0.547 0.557 0.562 0.573 0.568 0.521 0.463 0.456 0.435 0.455 0.442 0.425 0.417 0.419 0.4 0.405 0.403 0.376 0.386 0.333 0.341
C1909TS309_3 0.489 0.386 0.508 0.474 0.432 0.472 0.421 0.498 0.496 0.516 0.563 0.574 0.562 0.569 0.578 0.553 0.518 0.534 0.549 0.535 0.483 0.522 0.478 0.459 0.497 0.466 0.438 0.447 0.449 0.479 0.459 0.493 0.445 0.473 0.483 0.454 0.453 0.442 0.417
C1909TS414_5 0.518 0.375 0.449 0.424 0.418 0.442 0.464 0.5 0.506 0.444 0.54 0.509 0.578 0.637 0.643 0.606 0.62 0.648 0.643 0.605 0.613 0.623 0.507 0.508 0.487 0.411 0.442 0.472 0.456 0.533 0.526 0.532 0.507 0.533 0.509 0.495 0.524 0.473 0.484
C1909TS414_2 0.567 0.378 0.501 0.471 0.491 0.538 0.529 0.613 0.615 0.628 0.686 0.731 0.679 0.674 0.688 0.709 0.658 0.643 0.664 0.688 0.639 0.599 0.578 0.521 0.494 0.473 0.476 0.448 0.518 0.545 0.519 0.545 0.52 0.532 0.546 0.526 0.544 0.489 0.462
C1909TS309_4 0.491 0.326 0.407 0.401 0.392 0.416 0.416 0.471 0.441 0.439 0.508 0.544 0.534 0.527 0.588 0.589 0.53 0.528 0.577 0.558 0.539 0.567 0.524 0.515 0.531 0.558 0.489 0.49 0.462 0.498 0.488 0.517 0.505 0.495 0.484 0.467 0.472 0.431 0.449
C1909TS152_1 0.464 0.418 0.498 0.48 0.459 0.475 0.467 0.451 0.494 0.458 0.544 0.53 0.583 0.535 0.503 0.555 0.534 0.511 0.514 0.557 0.577 0.524 0.478 0.411 0.347 0.362 0.344 0.381 0.408 0.383 0.409 0.437 0.41 0.392 0.423 0.427 0.465 0.443 0.458
C1909TS215_1 0.508 0.399 0.486 0.373 0.417 0.421 0.48 0.457 0.513 0.547 0.622 0.622 0.633 0.61 0.605 0.669 0.664 0.599 0.663 0.72 0.64 0.593 0.665 0.657 0.517 0.431 0.468 0.42 0.475 0.414 0.406 0.435 0.405 0.32 0.395 0.389 0.389 0.392 0.406
C1909TS131_1 0.655 0.51 0.704 0.712 0.65 0.649 0.672 0.671 0.683 0.714 0.701 0.668 0.665 0.713 0.675 0.634 0.706 0.746 0.678 0.648 0.733 0.66 0.555 0.603 0.672 0.65 0.629 0.664 0.69 0.653 0.653 0.709 0.699 0.645 0.634 0.63 0.592 0.561 0.468
C1909TS182_1 0.456 0.408 0.53 0.399 0.439 0.457 0.388 0.399 0.451 0.421 0.412 0.431 0.462 0.457 0.466 0.505 0.499 0.463 0.498 0.543 0.488 0.409 0.468 0.435 0.487 0.507 0.481 0.474 0.462 0.446 0.435 0.492 0.46 0.435 0.477 0.425 0.48 0.394 0.428
C1909TS413_1 0.481 0.333 0.411 0.42 0.409 0.424 0.405 0.415 0.436 0.473 0.507 0.543 0.574 0.594 0.576 0.554 0.594 0.6 0.554 0.572 0.601 0.55 0.484 0.479 0.501 0.501 0.49 0.485 0.483 0.465 0.448 0.463 0.442 0.432 0.44 0.476 0.442 0.371 0.345
C1909TS273_4 0.433 0.37 0.462 0.383 0.458 0.447 0.386 0.384 0.436 0.429 0.419 0.443 0.387 0.409 0.446 0.449 0.427 0.442 0.479 0.475 0.495 0.435 0.466 0.46 0.504 0.455 0.488 0.499 0.435 0.429 0.384 0.443 0.405 0.434 0.483 0.39 0.416 0.37 0.353
C1909TS054_4 0.489 0.331 0.453 0.428 0.415 0.433 0.404 0.43 0.457 0.43 0.502 0.56 0.581 0.564 0.557 0.587 0.584 0.54 0.572 0.613 0.606 0.573 0.558 0.541 0.536 0.523 0.477 0.457 0.466 0.456 0.343 0.458 0.415 0.456 0.467 0.462 0.47 0.448 0.43
C1909TS349_2 0.495 0.255 0.406 0.431 0.415 0.404 0.406 0.469 0.494 0.435 0.591 0.599 0.632 0.589 0.57 0.607 0.565 0.526 0.577 0.606 0.539 0.528 0.539 0.429 0.53 0.483 0.434 0.451 0.484 0.486 0.492 0.499 0.449 0.437 0.505 0.52 0.466 0.471 0.492
C1909TS054_3 0.523 0.328 0.45 0.414 0.44 0.511 0.493 0.543 0.538 0.59 0.626 0.562 0.598 0.654 0.601 0.601 0.649 0.598 0.607 0.639 0.613 0.607 0.626 0.65 0.571 0.587 0.545 0.499 0.477 0.467 0.455 0.451 0.368 0.411 0.412 0.402 0.443 0.408 0.436
C1909TS066_1 0.506 0.338 0.418 0.403 0.4 0.489 0.479 0.524 0.523 0.562 0.638 0.629 0.713 0.67 0.624 0.675 0.681 0.601 0.608 0.675 0.62 0.56 0.584 0.603 0.519 0.568 0.482 0.375 0.415 0.395 0.394 0.391 0.393 0.396 0.377 0.394 0.41 0.362 0.34
C1909TS349_5 0.488 0.25 0.404 0.428 0.415 0.404 0.409 0.479 0.506 0.445 0.592 0.6 0.622 0.574 0.555 0.589 0.56 0.517 0.547 0.586 0.533 0.504 0.533 0.419 0.526 0.485 0.43 0.451 0.466 0.47 0.486 0.487 0.438 0.428 0.494 0.508 0.455 0.467 0.479
C1909TS273_3 0.498 0.335 0.506 0.469 0.492 0.481 0.488 0.488 0.478 0.483 0.49 0.45 0.477 0.43 0.453 0.474 0.471 0.477 0.507 0.516 0.501 0.52 0.527 0.564 0.566 0.605 0.6 0.546 0.538 0.528 0.499 0.516 0.493 0.486 0.514 0.505 0.494 0.473 0.504
C1909TS405_1 0.439 0.389 0.42 0.453 0.399 0.424 0.407 0.438 0.444 0.406 0.484 0.45 0.443 0.412 0.402 0.423 0.411 0.44 0.428 0.437 0.429 0.451 0.467 0.434 0.525 0.486 0.442 0.433 0.415 0.429 0.44 0.484 0.448 0.456 0.472 0.451 0.482 0.413 0.429
C1909TS210_3 0.501 0.309 0.453 0.497 0.437 0.518 0.482 0.531 0.514 0.534 0.554 0.578 0.631 0.588 0.607 0.665 0.605 0.588 0.634 0.63 0.563 0.526 0.621 0.541 0.474 0.452 0.392 0.366 0.371 0.453 0.415 0.499 0.486 0.501 0.459 0.439 0.474 0.397 0.263
C1909TS345_5 0.583 0.427 0.489 0.53 0.536 0.532 0.567 0.588 0.638 0.677 0.744 0.699 0.758 0.724 0.684 0.743 0.725 0.674 0.69 0.774 0.7 0.646 0.658 0.649 0.52 0.519 0.492 0.462 0.432 0.402 0.406 0.463 0.495 0.526 0.588 0.556 0.513 0.513 0.405
C1909TS345_2 0.589 0.459 0.467 0.35 0.435 0.561 0.59 0.618 0.696 0.723 0.749 0.75 0.759 0.752 0.748 0.77 0.757 0.713 0.706 0.74 0.699 0.643 0.706 0.681 0.568 0.433 0.464 0.414 0.456 0.457 0.488 0.54 0.536 0.572 0.503 0.516 0.528 0.449 0.387
C1909TS210_4 0.494 0.48 0.556 0.516 0.491 0.458 0.423 0.447 0.436 0.527 0.482 0.475 0.471 0.429 0.462 0.472 0.488 0.497 0.509 0.512 0.49 0.527 0.545 0.533 0.529 0.516 0.472 0.463 0.499 0.518 0.552 0.551 0.543 0.55 0.497 0.502 0.434 0.431
END



