PFRMAT QA
TARGET C1907
AUTHOR 1180-9126-6058
METHOD VoroMQA-GEMME
METHOD -------------
MODEL 2
QMODE 2
C1907TS003_1 0.311 29.850 29.850 29.850 29.850 29.850 29.850 24.014 19.267 11.325 8.193 7.372 5.993 6.292 7.707 7.088 5.798 7.596 8.205 8.524 8.244 12.597 16.062 14.630 11.540 20.612 14.245 8.215 6.410 6.681 5.159 5.121 4.623 5.647 4.565 4.117 4.598 5.132 4.370 4.386 5.400 5.147 5.032 5.808 7.096 6.811 13.573 24.712 11.590 8.161 7.953 9.199 12.422 9.611 8.422 10.159 10.450 11.268 18.503 15.491 20.555 18.964
C1907TS003_2 0.331 5.448 5.622 6.739 7.505 7.252 9.835 7.266 9.671 9.032 11.538 10.943 9.837 10.102 14.498 13.056 9.394 14.859 24.363 13.658 29.850 29.850 15.630 14.885 15.668 14.526 8.842 6.150 6.251 6.999 6.019 5.633 6.345 6.671 5.791 6.050 6.574 5.894 5.835 6.087 5.586 5.381 5.563 5.829 5.733 5.806 5.148 4.679 5.429 5.380 5.230 5.280 5.590 5.085 5.399 5.383 5.298 5.340 5.409 5.622 5.400 5.209
C1907TS003_3 0.299 29.850 29.850 29.850 29.850 29.850 29.850 29.850 12.502 24.113 10.204 7.038 8.256 10.027 10.050 8.455 9.438 14.626 13.963 12.766 29.850 29.850 29.850 29.850 15.817 9.777 8.003 6.336 6.632 7.546 5.588 6.529 6.738 6.404 5.451 5.809 6.646 5.668 6.598 5.672 5.061 4.858 5.225 5.219 4.772 5.161 5.331 5.795 5.789 6.027 6.595 6.886 7.963 18.357 29.850 29.850 29.850 29.850 29.850 29.850 29.850 29.850
C1907TS010_1 0.491 3.422 3.770 4.555 4.601 4.282 4.409 4.333 3.127 3.338 3.089 2.984 2.617 2.848 2.615 2.509 2.630 2.622 2.463 2.626 2.685 2.744 2.594 2.932 2.862 3.391 3.240 3.271 2.993 2.942 2.475 2.480 2.538 2.496 2.387 2.349 2.404 2.761 2.647 2.614 3.047 3.181 3.000 3.308 3.701 4.062 4.071 4.374 4.323 3.590 4.199 4.390 3.857 3.279 3.321 3.216 3.148 3.096 3.079 2.860 2.696 2.561
C1907TS010_2 0.525 1.980 2.083 2.784 2.546 2.914 2.718 2.534 2.294 2.176 1.998 2.369 2.459 1.973 1.941 2.404 2.589 2.128 2.008 2.622 2.754 2.358 2.242 2.621 2.790 3.381 3.592 3.532 2.960 2.930 2.462 2.226 2.095 2.211 2.234 2.056 2.023 2.349 2.305 2.296 2.508 2.659 2.645 3.239 3.036 3.635 3.661 3.825 3.376 3.197 3.446 3.523 2.962 3.308 3.028 3.616 3.888 3.820 3.444 3.034 3.208 3.448
C1907TS010_3 0.458 6.864 5.249 5.774 6.655 5.149 4.204 3.499 3.059 3.421 3.613 2.895 2.637 3.239 3.154 2.721 2.877 3.089 3.008 3.128 2.918 3.103 3.238 3.265 3.409 3.933 3.610 4.326 5.322 5.373 4.065 3.337 3.290 3.072 2.763 2.672 2.912 2.638 2.670 2.722 2.937 2.817 2.610 2.952 3.444 3.486 3.890 4.064 4.047 4.354 4.938 4.702 4.809 5.913 5.126 4.009 3.770 3.726 2.894 3.107 3.051 3.316
C1907TS010_4 0.532 2.696 2.645 3.062 2.478 2.914 3.217 3.070 3.075 2.373 2.077 2.278 2.072 1.834 2.002 2.206 2.004 2.041 2.202 2.312 2.166 2.314 2.333 2.466 2.767 2.932 2.825 2.844 2.814 2.466 2.399 2.528 2.522 2.081 2.124 2.404 2.217 2.110 2.255 2.479 2.468 2.560 2.760 2.994 3.063 3.778 3.524 3.655 3.239 3.356 3.106 2.934 2.902 3.022 3.437 3.793 3.431 3.068 2.630 2.484 2.530 2.607
C1907TS010_5 0.531 3.052 2.917 2.671 2.102 2.355 2.310 2.205 2.076 1.799 1.632 1.960 1.632 1.595 2.054 2.424 2.248 2.173 2.685 2.953 2.547 2.850 3.162 3.515 3.632 3.672 3.423 3.311 3.224 2.998 2.805 3.217 3.014 2.338 2.573 2.732 2.414 2.549 2.517 2.737 2.745 2.884 3.177 3.145 3.067 3.391 3.400 3.386 3.023 2.987 3.012 2.701 2.472 2.611 2.369 2.056 2.229 2.251 2.452 2.665 2.506 2.884
C1907TS044_1 0.343 29.850 29.850 29.850 29.850 29.850 29.850 12.202 14.377 12.143 10.638 10.007 8.753 9.034 9.629 8.826 8.910 8.244 8.022 8.711 8.927 7.750 7.587 8.673 7.099 7.061 6.630 6.465 5.934 5.803 5.338 4.659 4.779 4.802 4.419 4.401 4.081 4.202 4.033 3.892 3.905 3.975 3.844 4.058 4.098 4.130 4.095 4.352 4.411 4.584 4.759 4.977 5.254 5.452 5.902 6.010 7.510 8.029 8.774 9.501 10.258 9.694
C1907TS054_1 0.345 9.218 8.803 8.434 7.746 7.539 7.413 6.898 6.725 6.902 6.545 5.880 6.282 6.326 6.349 5.909 6.339 6.668 6.056 6.443 6.993 7.362 7.173 7.398 9.298 12.246 11.035 9.568 9.734 7.979 6.696 6.670 5.821 5.320 5.372 5.430 5.574 5.640 5.518 5.283 5.387 5.055 4.991 5.155 4.868 4.903 5.033 5.388 5.530 6.201 5.435 5.101 5.515 5.679 5.245 5.566 5.704 5.491 5.779 5.511 6.061 5.627
C1907TS054_2 0.342 29.850 14.444 12.768 11.008 12.974 9.234 7.823 6.554 6.738 7.455 5.751 5.370 5.806 5.477 5.374 5.428 5.670 5.324 5.959 6.077 6.315 7.053 7.914 7.783 10.119 11.757 11.944 11.098 9.070 6.542 6.373 5.247 5.040 5.345 5.074 4.867 5.053 5.068 5.181 5.400 5.278 5.470 5.305 5.531 5.683 6.427 7.504 6.624 6.755 6.391 6.159 5.995 5.757 5.844 5.355 5.355 5.262 5.360 5.176 5.669 5.357
C1907TS054_3 0.320 29.850 29.850 29.850 29.850 15.101 29.704 29.850 29.850 13.262 9.476 7.132 6.465 6.942 6.984 5.674 5.975 6.066 6.255 6.175 6.461 6.946 7.844 8.781 8.761 15.627 25.384 15.613 22.421 11.115 11.015 7.792 6.198 6.126 5.565 5.333 5.523 5.473 5.275 5.014 5.563 6.076 5.484 5.596 6.484 5.991 6.308 7.511 8.246 9.066 6.912 7.480 5.845 5.837 5.414 5.623 5.783 5.538 6.210 6.207 7.237 6.944
C1907TS054_4 0.347 29.850 18.797 12.507 8.478 7.402 13.091 7.697 10.541 6.722 6.531 5.097 4.547 5.192 4.805 4.918 5.265 4.980 5.830 6.174 5.994 6.970 9.107 8.362 8.115 12.048 29.469 29.753 16.015 13.854 8.030 10.846 7.506 5.914 4.915 4.652 4.665 4.814 5.137 4.989 4.645 5.281 4.707 4.934 4.867 5.275 4.671 5.247 7.070 5.742 5.635 5.485 5.364 5.182 5.278 5.159 4.850 4.779 4.553 4.941 5.004 5.277
C1907TS054_5 0.307 29.850 29.850 29.850 29.850 29.850 14.898 11.473 10.679 10.157 9.892 6.794 6.381 7.908 7.137 6.451 7.203 7.935 7.980 7.863 11.381 29.850 17.121 29.850 29.850 29.850 21.977 16.950 9.776 16.210 8.437 7.408 6.308 6.863 6.165 5.952 5.916 5.909 6.734 5.915 6.368 6.586 6.695 6.979 6.920 7.842 8.330 7.742 7.237 6.282 6.291 6.101 6.148 6.480 6.007 6.109 6.205 6.693 6.688 6.742 6.168 6.406
C1907TS066_1 0.336 21.530 29.850 15.783 21.465 12.716 17.860 15.873 10.479 9.248 8.512 7.941 7.366 7.228 7.087 6.678 7.708 6.600 6.449 7.243 7.287 7.474 6.972 8.652 7.228 7.356 6.836 6.645 6.177 5.953 5.674 5.106 5.276 5.341 4.899 4.964 4.787 4.899 4.613 4.510 4.806 4.692 4.755 5.024 4.936 4.692 4.429 4.568 5.074 4.750 4.529 5.066 5.743 6.380 7.798 9.579 9.745 12.498 11.920 11.221 11.714 11.447
C1907TS067_1 0.298 29.850 29.850 29.850 29.850 29.850 29.850 14.616 10.988 9.670 9.875 11.135 10.793 8.816 10.282 11.605 10.882 11.021 10.677 11.373 12.887 13.532 17.089 13.058 14.952 13.843 13.319 10.154 8.670 8.606 8.742 7.951 7.674 7.663 7.153 7.325 7.091 7.257 7.685 6.962 6.643 7.113 6.785 6.415 6.969 6.891 6.550 6.720 6.913 7.006 7.136 7.089 6.709 7.343 7.637 7.791 7.657 7.785 7.093 7.907 7.005 6.701
C1907TS067_2 0.307 29.850 29.850 29.850 29.850 29.850 29.850 15.875 11.487 9.725 9.762 10.387 10.821 8.983 9.668 10.560 10.635 10.525 9.681 10.536 11.009 11.683 9.761 9.785 11.330 9.072 8.280 6.936 7.489 7.134 6.289 6.653 6.510 6.380 5.700 5.816 5.560 5.746 5.673 5.496 5.386 5.792 5.400 5.275 5.577 5.603 5.275 5.822 5.757 6.135 6.890 7.156 6.612 7.275 8.077 8.590 9.003 8.219 8.384 9.557 9.247 8.730
C1907TS067_3 0.312 29.850 29.850 29.850 29.850 29.850 11.967 6.620 6.124 5.710 5.780 6.030 6.107 5.844 6.297 6.638 7.612 7.577 7.112 8.347 9.382 10.236 12.412 13.872 12.339 10.723 8.743 8.090 8.531 7.890 7.434 7.420 7.254 7.855 7.154 6.668 6.929 6.920 7.223 6.996 6.437 6.532 6.281 6.480 6.572 6.230 6.400 6.413 6.324 6.799 7.398 7.914 6.515 7.511 8.307 9.422 8.694 8.503 7.657 8.638 6.918 7.528
C1907TS067_4 0.298 29.850 29.850 29.850 29.850 29.850 29.850 14.616 10.988 9.670 9.875 11.135 10.793 8.816 10.282 11.605 10.882 11.021 10.677 11.373 12.887 13.532 17.089 13.058 14.952 13.843 13.319 10.154 8.670 8.606 8.742 7.951 7.674 7.663 7.153 7.325 7.091 7.257 7.685 6.962 6.643 7.113 6.785 6.415 6.969 6.891 6.550 6.720 6.913 7.006 7.136 7.089 6.709 7.343 7.637 7.791 7.657 7.785 7.093 7.907 7.005 6.701
C1907TS067_5 0.307 29.850 29.850 29.850 29.850 29.850 29.850 15.875 11.487 9.725 9.762 10.387 10.821 8.983 9.668 10.560 10.635 10.525 9.681 10.536 11.009 11.683 9.761 9.785 11.330 9.072 8.280 6.936 7.489 7.134 6.289 6.653 6.510 6.380 5.700 5.816 5.560 5.746 5.673 5.496 5.386 5.792 5.400 5.275 5.577 5.603 5.275 5.822 5.757 6.135 6.890 7.156 6.612 7.275 8.077 8.590 9.003 8.219 8.384 9.557 9.247 8.730
C1907TS073_1 0.495 2.617 2.959 4.278 4.563 3.784 3.551 3.611 2.718 2.729 2.526 2.320 2.258 2.484 2.347 2.342 2.842 2.856 2.714 3.175 3.418 3.851 3.976 4.790 4.068 3.316 3.500 4.198 2.971 2.260 1.712 1.959 1.917 1.735 1.078 1.292 1.833 1.876 1.666 1.795 2.642 2.858 3.390 3.920 4.272 4.504 5.268 5.609 5.550 6.002 6.331 6.193 4.908 3.872 3.897 3.794 3.675 3.358 2.767 2.673 2.518 2.427
C1907TS073_2 0.467 3.072 3.534 4.081 4.550 5.580 4.372 3.454 4.098 3.645 2.956 2.660 2.615 2.574 2.454 2.657 2.719 2.873 2.731 3.038 3.280 3.748 4.109 5.307 4.579 3.669 4.076 4.756 3.238 3.032 2.414 2.383 2.468 2.440 2.053 1.826 2.139 2.480 1.994 2.039 2.591 2.935 2.562 2.973 3.530 3.462 3.164 3.649 3.924 3.863 5.044 6.077 6.779 8.151 10.123 11.765 9.191 6.694 4.952 3.576 3.042 2.673
C1907TS073_3 0.463 3.581 3.845 5.333 4.929 4.663 3.917 3.478 2.875 2.740 2.554 2.307 2.143 2.378 2.394 2.481 2.519 2.804 3.024 3.234 3.292 4.177 4.592 6.216 5.277 3.965 4.484 5.707 3.965 2.998 2.608 2.659 2.540 2.237 2.033 2.016 2.107 2.096 2.004 2.142 2.471 2.673 2.672 3.755 4.227 5.441 5.235 5.027 6.085 7.122 8.200 10.743 12.288 13.735 13.573 7.428 5.321 4.329 2.581 2.130 2.121 2.262
C1907TS073_4 0.481 3.367 3.121 3.931 4.746 5.710 4.691 3.450 3.545 3.493 2.806 2.506 2.816 2.818 2.400 2.279 2.964 2.991 2.704 3.053 3.566 4.107 3.932 4.647 3.795 3.130 3.550 3.850 2.642 2.171 1.331 1.369 1.774 1.503 0.902 0.906 1.699 1.787 1.294 1.410 2.253 2.490 2.134 3.015 4.225 5.258 5.689 6.548 4.943 5.492 6.175 6.456 6.691 8.159 9.630 9.498 7.452 5.780 4.071 3.622 3.164 2.944
C1907TS073_5 0.469 2.198 2.755 3.822 4.684 5.524 4.745 3.773 3.602 3.671 3.100 2.701 2.993 3.101 2.767 2.554 3.109 3.260 2.910 3.088 3.533 4.244 4.072 4.735 3.974 3.215 3.492 4.012 2.863 2.334 1.685 1.685 1.883 1.835 1.324 1.528 2.076 1.949 1.810 1.949 2.846 2.901 2.517 3.260 4.290 5.048 5.268 5.321 5.447 5.215 5.665 6.109 5.820 6.309 6.947 6.821 6.431 5.469 5.255 4.364 3.724 3.550
C1907TS087_1 0.501 3.331 3.786 3.875 3.360 3.154 2.882 2.883 2.990 3.008 2.880 2.599 2.796 3.033 2.762 2.479 2.847 3.052 2.911 3.002 3.064 3.426 3.182 3.416 3.214 3.155 2.917 2.758 2.814 2.771 2.407 2.557 2.520 2.633 2.283 2.456 2.292 2.595 2.359 2.421 2.721 2.692 2.561 2.778 3.085 3.409 3.471 3.445 2.994 3.322 3.395 3.231 3.028 3.638 3.126 3.850 3.967 3.958 3.004 3.349 2.974 3.152
C1907TS087_2 0.508 4.265 5.132 4.187 3.621 3.993 4.099 3.555 3.063 3.253 3.137 2.868 2.654 2.855 2.864 2.501 2.681 2.858 2.812 2.780 2.970 3.208 2.965 3.317 3.292 3.364 3.144 2.996 3.037 3.006 2.787 2.682 2.690 2.420 2.379 2.337 2.335 2.435 2.159 2.232 2.574 2.585 2.192 2.427 2.705 2.686 2.752 2.538 2.568 2.953 2.948 2.834 3.011 3.330 3.104 3.273 3.197 3.096 2.872 2.590 2.521 2.524
C1907TS087_3 0.371 29.850 29.850 18.297 9.629 7.070 5.345 4.958 4.220 4.471 5.003 4.841 4.581 5.175 5.119 5.135 5.123 5.268 5.471 5.608 5.258 5.047 4.788 5.891 5.460 4.854 5.090 6.008 5.824 5.446 5.408 5.668 4.480 4.445 4.078 4.222 4.308 4.072 3.833 3.915 4.764 4.013 3.984 4.731 5.103 5.087 5.114 5.396 5.945 5.898 6.208 6.099 5.962 5.803 5.714 5.400 5.684 5.569 5.241 5.694 5.350 5.993
C1907TS087_4 0.495 3.247 3.280 4.230 4.345 4.297 3.918 3.234 3.249 3.039 2.873 2.658 2.524 2.684 2.588 2.396 2.497 2.616 2.729 2.750 2.705 3.010 3.000 2.923 2.719 3.109 3.300 3.468 3.313 3.178 3.288 3.332 3.038 2.609 2.871 2.888 2.637 2.464 2.625 2.747 2.685 2.825 2.842 3.067 3.111 3.187 3.039 3.166 3.502 3.351 3.705 3.742 3.438 3.367 3.690 3.545 3.199 2.972 2.894 2.900 2.753 3.121
C1907TS087_5 0.338 5.973 6.374 6.972 6.339 6.703 6.596 6.775 5.760 4.913 5.441 5.945 5.006 4.807 5.558 5.841 4.920 4.831 5.636 6.467 7.181 8.827 7.944 9.627 7.664 7.227 7.617 7.950 8.686 8.759 8.224 7.307 7.565 6.838 6.473 6.558 5.501 5.289 5.335 5.320 5.421 5.814 5.369 5.476 4.794 5.428 5.828 7.758 9.011 9.093 13.140 14.076 10.858 10.473 10.587 8.714 8.530 6.616 7.044 5.386 4.809 4.733
C1907TS102_1 0.284 11.262 8.668 8.768 13.496 8.575 9.590 6.723 7.050 6.851 6.870 7.034 6.422 6.500 7.105 7.438 7.369 7.514 7.346 8.127 8.593 9.582 8.525 8.883 9.240 9.473 8.058 7.877 7.684 8.007 8.965 8.859 7.722 10.087 13.797 9.074 8.105 29.850 14.859 11.166 29.850 29.850 29.850 29.850 29.850 29.850 29.850 29.850 29.850 29.850 29.850 29.850 29.850 29.850 29.850 11.273 12.617 12.119 8.600 9.909 9.923 8.167
C1907TS102_2 0.350 29.850 29.850 29.850 29.850 18.044 29.850 12.346 15.474 11.967 11.037 10.060 9.031 9.165 8.789 7.860 7.791 7.317 6.439 7.236 7.228 6.761 6.706 7.362 6.582 6.868 6.129 5.800 5.756 5.406 5.080 4.831 5.066 4.965 4.751 4.780 4.460 4.748 4.529 4.349 4.527 4.688 4.463 4.533 4.418 4.150 3.957 4.279 4.313 4.186 4.462 4.570 4.506 4.414 4.727 4.905 5.428 5.604 5.633 6.052 5.925 5.845
C1907TS103_1 0.315 8.907 13.100 12.658 8.882 6.483 5.760 5.996 5.510 5.077 6.046 6.222 5.590 5.050 6.901 7.081 5.869 7.674 9.962 21.455 20.928 13.218 11.332 6.652 5.114 5.063 4.651 4.495 4.918 4.688 4.712 4.507 4.945 5.116 5.625 5.585 5.354 5.012 5.670 5.654 5.881 5.940 6.652 7.563 7.297 7.513 7.082 7.128 6.123 6.848 6.430 6.738 6.804 6.074 6.282 5.709 5.734
C1907TS103_2 0.284 11.262 8.668 8.768 13.496 8.575 9.590 6.723 7.050 6.851 6.870 7.034 6.422 6.500 7.105 7.438 7.369 7.514 7.346 8.127 8.593 9.582 8.525 8.883 9.240 9.473 8.058 7.877 7.684 8.007 8.965 8.859 7.722 10.087 13.797 9.074 8.105 29.850 14.859 11.166 29.850 29.850 29.850 29.850 29.850 29.850 29.850 29.850 29.850 29.850 29.850 29.850 29.850 29.850 29.850 11.273 12.617 12.119 8.600 9.909 9.923 8.167
C1907TS123_1 0.359 29.850 29.850 29.850 10.327 8.905 7.363 6.605 6.571 6.279 6.156 4.885 5.396 5.673 4.896 4.708 4.637 4.937 4.750 4.736 4.542 5.026 5.309 6.743 9.517 7.295 6.268 5.611 5.387 5.313 4.211 3.796 4.028 3.954 3.750 3.479 3.901 4.029 3.815 3.948 4.935 4.424 4.379 5.150 6.162 5.651 6.459 7.496 6.923 7.355 8.004 7.682 6.209 7.095 8.158 8.245 7.691 6.630 6.531 7.122 6.918 5.299
C1907TS123_2 0.339 6.063 5.796 6.366 7.592 6.351 6.052 7.145 6.770 5.576 5.636 5.771 5.948 5.338 5.281 5.892 6.118 5.570 6.268 6.719 6.623 6.638 7.015 7.808 7.187 7.603 6.543 7.090 6.615 6.483 6.136 6.010 6.330 5.732 5.693 5.332 5.343 5.657 5.642 5.518 6.013 6.173 5.930 6.192 7.122 7.527 8.437 9.179 8.235 8.446 7.387 6.673 7.120 7.944 7.433 7.949 7.207 6.927 6.566 6.402 6.201 6.817
C1907TS123_3 0.289 29.850 29.850 29.850 29.850 29.850 29.850 29.850 25.756 14.149 13.860 13.437 12.550 11.094 11.144 10.681 9.326 10.128 9.955 10.739 9.601 9.544 11.984 12.479 9.916 10.014 10.923 7.572 8.320 7.941 8.221 6.836 7.179 8.087 6.510 6.690 6.793 7.131 6.125 6.140 7.015 6.220 5.976 6.556 7.579 6.406 6.877 7.288 7.362 7.556 10.561 10.352 9.959 28.502 29.850 29.850 29.850 29.850 19.270 29.850 15.396 18.397
C1907TS123_4 0.293 29.850 29.850 17.341 29.850 21.451 16.572 19.456 16.510 11.434 10.584 9.553 9.072 8.726 7.922 8.555 8.597 8.863 8.683 9.201 9.383 10.733 10.944 10.840 16.440 15.740 12.989 10.092 11.275 10.173 9.189 7.698 7.776 7.327 7.094 7.141 7.446 7.677 6.118 7.230 9.443 8.276 7.070 8.576 9.009 9.583 7.450 7.926 12.460 13.742 24.532 13.897 11.907 16.043 13.630 13.484 13.071 14.426 10.597 7.688 6.235 6.235
C1907TS123_5 0.293 29.850 29.850 17.341 29.850 21.451 16.572 19.456 16.510 11.434 10.584 9.553 9.072 8.726 7.922 8.555 8.597 8.863 8.683 9.201 9.383 10.733 10.944 10.840 16.440 15.740 12.989 10.092 11.275 10.173 9.189 7.698 7.776 7.327 7.094 7.141 7.446 7.677 6.118 7.230 9.443 8.276 7.070 8.576 9.009 9.583 7.450 7.926 12.460 13.742 24.532 13.897 11.907 16.043 13.630 13.484 13.071 14.426 10.597 7.688 6.235 6.235
C1907TS131_1 0.345 17.079 11.894 11.620 15.535 10.762 13.113 10.334 9.976 8.875 9.425 8.713 7.831 8.266 8.649 8.216 8.102 7.790 7.681 8.318 8.137 9.063 9.365 9.696 8.606 9.479 7.787 7.226 6.811 6.453 6.101 5.045 5.195 5.278 4.848 4.949 4.514 4.677 4.374 4.319 4.418 4.481 4.321 4.406 4.195 4.248 4.157 4.233 4.197 4.168 4.256 4.374 4.273 4.409 4.523 4.701 5.717 7.215 10.034 9.799 10.975 10.493
C1907TS131_2 0.344 17.964 12.112 11.805 16.033 10.918 13.400 10.442 10.087 8.973 9.509 8.779 7.871 8.299 8.693 8.249 8.122 7.808 7.697 8.337 8.149 9.068 9.371 9.690 8.613 9.478 7.788 7.229 6.818 6.456 6.103 5.052 5.200 5.283 4.852 4.953 4.521 4.683 4.382 4.327 4.427 4.490 4.331 4.418 4.206 4.258 4.171 4.247 4.210 4.181 4.271 4.385 4.286 4.421 4.535 4.710 5.725 7.214 10.015 9.786 10.961 10.481
C1907TS131_3 0.347 12.103 10.195 10.152 12.030 9.558 10.983 9.265 9.291 8.402 8.912 8.396 7.678 8.094 8.533 8.132 8.046 7.742 7.649 8.282 8.119 9.012 9.325 9.665 8.572 9.439 7.762 7.207 6.789 6.432 6.080 5.023 5.176 5.258 4.829 4.928 4.494 4.660 4.354 4.299 4.392 4.455 4.301 4.367 4.148 4.190 4.099 4.194 4.209 4.109 4.242 4.482 4.297 4.503 4.726 4.823 5.625 6.386 7.604 10.346 10.203 10.081
C1907TS131_4 0.332 29.850 29.850 29.850 29.850 29.850 29.850 29.850 29.850 29.850 17.355 12.646 10.573 10.238 11.024 9.818 9.594 8.867 8.518 9.339 9.147 9.846 9.825 10.193 8.823 9.718 7.899 7.293 6.842 6.469 6.111 5.043 5.201 5.284 4.851 4.960 4.528 4.708 4.407 4.350 4.457 4.555 4.372 4.480 4.269 4.306 4.271 4.368 4.454 4.399 4.492 4.643 4.765 4.741 4.909 4.949 5.733 6.771 7.900 9.136 8.441 9.220
C1907TS131_5 0.346 12.394 10.324 10.278 12.223 9.659 11.131 9.337 9.360 8.463 8.981 8.450 7.722 8.134 8.579 8.166 8.090 7.775 7.674 8.320 8.152 9.049 9.349 9.691 8.600 9.462 7.774 7.215 6.806 6.445 6.093 5.040 5.191 5.274 4.844 4.945 4.513 4.679 4.375 4.321 4.426 4.500 4.343 4.432 4.219 4.281 4.186 4.248 4.228 4.208 4.298 4.409 4.319 4.600 4.551 4.704 6.053 7.401 8.824 10.028 10.596 10.633
C1907TS152_1 0.442 4.944 4.980 5.484 5.487 5.169 5.157 4.420 4.416 4.391 3.954 3.457 3.713 3.884 3.409 3.543 3.711 3.642 3.361 3.640 3.977 3.817 3.597 3.718 3.691 3.670 3.468 3.385 3.254 3.351 3.127 2.785 2.967 2.800 2.565 2.518 2.750 2.638 2.292 2.516 3.051 2.873 2.647 3.177 3.546 3.440 3.285 3.907 3.827 4.844 5.035 5.073 5.352 5.245 5.386 5.820 5.957 5.902 5.245 5.206 4.788 5.072
C1907TS152_2 0.454 4.905 5.217 5.200 5.470 5.501 5.319 4.429 4.691 4.698 3.982 3.203 3.318 3.880 3.179 3.200 3.493 3.573 2.988 3.352 3.886 3.870 3.477 3.552 3.339 3.195 2.972 2.842 2.876 2.845 2.471 2.467 2.523 2.582 2.163 2.116 2.454 2.433 2.216 2.432 2.932 2.925 2.822 3.344 3.861 3.535 3.656 4.056 3.888 4.419 4.254 4.737 4.672 4.517 4.717 5.153 5.336 5.604 5.596 5.368 5.324 5.374
C1907TS152_3 0.312 29.850 29.850 21.076 29.850 16.867 22.245 10.450 10.687 9.239 8.879 8.256 7.606 7.663 8.182 8.103 8.097 7.923 7.330 8.758 9.626 9.857 10.807 12.441 10.190 11.434 9.279 7.358 8.499 8.352 7.217 6.773 6.945 6.404 6.008 6.151 5.541 5.700 5.402 5.150 5.369 5.394 5.217 5.396 5.662 5.493 5.451 6.000 6.563 6.504 7.048 7.634 8.028 8.531 8.824 9.255 12.191 12.627 14.892 14.797 14.509 14.437
C1907TS152_4 0.400 8.403 10.277 8.041 10.915 7.220 7.030 6.498 6.546 6.137 4.582 4.484 4.371 4.884 4.924 4.332 4.539 5.638 5.119 5.129 5.381 6.793 6.618 6.237 6.396 7.329 5.906 5.977 6.296 6.318 5.608 5.377 5.847 5.328 5.140 4.926 4.549 4.723 4.547 4.240 4.115 4.150 4.168 3.877 3.426 3.524 3.334 3.083 3.029 3.227 3.138 3.127 2.961 3.221 3.173 3.308 3.364 3.308 3.273 3.215 3.239 3.303
C1907TS152_5 0.337 29.719 29.850 29.850 29.850 14.268 12.246 9.513 9.582 9.881 8.634 7.779 7.369 7.502 7.694 7.694 7.890 8.288 7.456 8.784 9.762 9.542 8.904 9.424 7.881 8.381 7.772 5.915 6.203 6.036 5.329 5.302 4.897 4.922 4.487 4.364 4.464 4.820 4.230 4.069 4.780 4.531 4.267 4.822 4.938 4.730 4.871 5.316 5.286 5.401 5.915 6.080 5.974 7.441 8.777 9.771 8.766 8.203 6.498 5.450 5.068 5.326
C1907TS158_1 0.257 29.850 29.850 29.850 29.850 29.850 29.850 29.850 29.850 29.850 29.850 29.850 29.850 25.653 26.148 23.835 16.909 14.597 13.658 15.586 18.459 16.751 17.933 27.582 11.891 12.822 10.954 8.222 8.287 8.112 6.802 7.541 6.825 5.801 6.208 5.755 5.741 6.044 6.304 6.548 6.602 7.269 7.736 7.663 7.227 9.514 15.740 29.850 17.545 29.850 29.850 29.850 29.850 29.850 29.850 29.850 29.850 29.850 29.850 29.850 29.850 29.850
C1907TS158_2 0.269 29.850 28.154 17.941 29.850 21.506 29.850 17.055 16.272 15.864 15.614 11.042 14.187 15.141 17.100 14.704 11.122 11.414 11.717 12.685 13.218 11.152 9.854 10.295 11.300 9.044 7.736 7.464 7.926 7.933 7.137 6.706 6.950 6.699 6.722 6.819 7.275 7.322 7.194 7.264 9.578 8.195 8.527 10.430 29.850 29.850 29.850 29.850 29.850 29.850 29.850 29.850 29.850 29.850 29.850 29.850 29.850 29.850 29.850 12.679 7.421 10.122
C1907TS158_3 0.314 29.850 29.850 29.850 29.850 29.850 29.850 29.850 29.850 23.862 14.764 14.943 13.143 13.993 11.526 12.584 12.529 12.073 10.785 14.002 16.968 13.946 11.184 29.850 29.850 29.850 20.234 14.656 9.216 7.998 6.546 5.657 5.679 5.015 4.739 4.539 4.287 4.337 4.323 4.250 4.408 4.218 4.424 4.709 4.795 4.469 4.671 5.372 5.022 5.042 5.444 5.859 7.555 18.012 29.850 29.850 14.319 8.520 6.318 5.492 5.480 5.401
C1907TS158_4 0.303 29.850 14.278 14.091 12.243 10.284 10.773 8.694 7.829 7.189 7.929 7.262 6.687 6.867 7.171 7.357 7.389 7.499 7.228 8.660 9.692 9.427 10.196 9.877 8.676 9.501 7.907 7.072 7.134 6.032 5.635 5.345 5.438 4.936 4.792 4.621 4.296 4.549 4.661 4.651 4.959 4.978 5.075 5.481 5.543 6.404 7.285 7.302 8.681 14.605 29.850 29.850 29.850 29.850 29.850 29.850 29.850 29.850 29.850 29.850 29.850 29.850
C1907TS158_5 0.280 29.850 29.850 29.850 29.850 18.951 29.850 13.873 12.202 11.195 9.979 8.483 8.800 8.245 8.110 8.045 9.160 8.785 8.792 9.855 9.284 10.254 9.321 9.075 8.556 9.102 7.067 6.359 6.322 6.126 5.356 5.361 5.627 5.676 5.615 5.112 5.549 5.892 6.168 6.217 6.623 7.670 7.428 9.677 10.285 11.547 29.850 29.850 29.850 29.850 29.850 29.850 29.850 29.850 29.850 29.850 29.850 29.850 29.850 29.850 29.850 29.850
C1907TS179_1 0.328 9.083 10.318 9.182 9.192 8.360 8.399 7.224 6.601 8.332 8.538 6.732 6.844 9.769 10.475 6.972 7.800 10.397 7.590 9.216 9.902 10.780 9.020 9.828 9.059 8.858 6.999 5.183 6.074 7.244 4.668 4.486 5.959 5.945 4.307 4.249 4.666 5.194 4.109 4.436 5.746 5.376 4.984 5.694 6.588 7.073 6.600 7.066 7.560 7.445 7.409 7.787 7.988 8.139 7.692 8.932 7.713 9.345 9.549 10.456 9.534 10.064
C1907TS182_1 0.332 29.850 29.850 29.850 29.850 12.006 10.092 8.435 7.350 6.909 5.780 4.210 4.861 5.339 4.593 4.372 4.784 5.189 4.803 5.358 6.270 7.243 6.547 7.139 6.753 5.996 5.418 4.594 4.222 4.256 3.940 3.393 3.495 3.617 3.183 3.237 3.493 3.838 3.332 3.724 6.381 6.601 9.102 9.865 9.964 26.876 29.850 29.850 29.850 21.050 29.850 29.850 29.850 29.850 29.850 29.850 29.850 29.850 29.850 15.480 10.860 10.672
C1907TS182_2 0.315 9.095 10.806 11.470 12.818 11.958 12.467 10.477 11.664 9.306 9.791 11.341 9.301 9.812 10.390 11.819 11.030 12.489 9.927 13.233 13.054 12.674 9.301 10.517 8.664 8.316 7.517 5.871 5.399 5.838 5.287 4.437 4.992 5.102 4.564 4.415 4.803 5.900 4.924 4.838 6.379 7.111 6.259 8.002 8.950 9.149 8.037 9.154 8.699 7.922 9.634 8.614 9.528 8.452 8.395 8.007 7.292 8.434 10.056 10.654 11.807 8.546
C1907TS182_3 0.333 15.362 13.051 14.444 13.687 9.190 9.039 7.564 6.742 6.556 5.838 4.269 4.906 5.540 4.938 4.623 5.294 6.039 5.563 6.536 8.123 10.118 8.857 8.979 9.274 6.917 6.558 4.892 4.526 4.557 4.217 3.412 3.656 3.740 3.599 3.229 3.580 3.990 3.399 3.652 5.696 5.930 7.367 7.811 7.542 8.548 8.236 9.173 10.014 10.279 29.850 29.850 29.850 29.850 29.850 29.850 29.850 29.850 29.850 12.927 10.083 10.056
C1907TS182_4 0.300 10.443 12.146 12.399 15.517 11.549 13.344 11.222 11.264 8.991 10.518 10.913 9.663 10.761 12.863 15.516 15.012 19.157 14.107 29.850 29.850 23.565 11.615 12.911 9.867 9.230 8.025 5.983 5.495 6.047 5.390 4.515 5.100 5.308 4.738 4.607 5.049 6.513 5.421 5.160 6.984 8.390 7.523 9.538 12.326 11.743 11.532 11.352 11.917 10.632 14.949 13.276 12.926 14.755 12.560 15.153 14.128 14.264 15.568 12.544 13.193 10.581
C1907TS182_5 0.297 9.905 14.248 20.821 29.850 29.850 29.850 18.931 16.827 16.815 18.830 17.520 18.077 20.800 17.001 21.956 20.792 29.850 18.997 29.850 29.850 27.976 12.350 22.904 12.837 10.588 9.548 6.494 6.023 5.974 5.721 4.873 5.256 4.995 4.649 4.552 4.862 5.424 4.901 4.694 6.277 6.952 6.234 8.020 12.282 11.014 9.972 12.291 11.278 11.044 14.236 12.880 13.811 10.889 10.155 10.175 10.558 12.299 22.206 19.398 15.383 10.913
C1907TS196_1 0.350 29.850 29.850 29.850 29.850 18.044 29.850 12.346 15.474 11.967 11.037 10.060 9.031 9.165 8.789 7.860 7.791 7.317 6.439 7.236 7.228 6.761 6.706 7.362 6.582 6.868 6.129 5.800 5.756 5.406 5.080 4.831 5.066 4.965 4.751 4.780 4.460 4.748 4.529 4.349 4.527 4.688 4.463 4.533 4.418 4.150 3.957 4.279 4.313 4.186 4.462 4.570 4.506 4.414 4.727 4.905 5.428 5.604 5.633 6.052 5.925 5.845
C1907TS200_1 0.328 9.083 10.318 9.182 9.192 8.360 8.399 7.224 6.601 8.332 8.538 6.732 6.844 9.769 10.475 6.972 7.800 10.397 7.590 9.216 9.902 10.780 9.020 9.828 9.059 8.858 6.999 5.183 6.074 7.244 4.668 4.486 5.959 5.945 4.307 4.249 4.666 5.194 4.109 4.436 5.746 5.376 4.984 5.694 6.588 7.073 6.600 7.066 7.560 7.445 7.409 7.787 7.988 8.139 7.692 8.932 7.713 9.345 9.549 10.456 9.534 10.064
C1907TS210_1 0.338 29.850 29.850 29.850 29.850 28.741 29.850 15.021 21.193 17.201 13.891 11.654 11.226 10.876 11.698 10.365 9.715 9.582 8.950 9.830 9.448 9.487 9.143 10.078 8.669 9.181 7.773 7.357 7.463 7.252 6.628 6.303 6.394 6.044 5.837 5.603 5.164 5.350 5.236 4.841 4.777 4.859 4.462 4.392 4.389 4.247 4.171 4.241 4.269 4.161 4.347 4.326 4.284 4.215 4.371 4.410 4.604 4.894 5.053 5.222 4.905 4.991
C1907TS210_2 0.333 29.850 29.850 29.850 29.850 29.850 29.850 13.684 16.133 13.985 12.921 11.600 10.142 10.119 11.301 10.229 9.747 9.313 8.912 9.880 8.967 9.754 9.745 11.153 9.282 9.798 8.300 7.483 7.700 7.427 6.848 6.441 6.446 6.053 5.884 5.626 5.171 5.354 5.242 4.855 4.800 4.871 4.477 4.395 4.404 4.315 4.208 4.283 4.323 4.219 4.567 4.508 4.419 4.442 4.557 4.745 5.235 5.827 6.163 6.054 6.304 6.438
C1907TS210_3 0.313 29.850 29.850 29.850 29.850 29.850 29.850 29.850 29.850 29.850 11.695 9.734 8.355 11.474 9.368 8.232 8.687 7.872 6.901 7.573 8.165 7.543 7.540 8.528 7.860 7.841 6.778 6.535 6.454 6.035 5.783 5.309 5.708 5.617 5.304 5.229 5.193 5.348 5.155 5.293 5.521 5.935 5.633 5.750 5.796 5.785 5.917 5.996 5.872 6.001 6.039 6.258 6.081 6.363 8.256 10.074 20.386 29.850 23.061 12.892 10.968 9.166
C1907TS210_4 0.325 29.850 29.850 29.850 29.850 29.850 29.850 29.850 29.850 12.742 8.143 7.239 6.250 8.379 6.403 6.029 6.987 6.485 6.213 7.019 7.589 7.355 7.470 8.556 7.864 7.852 6.810 6.550 6.460 5.974 5.761 5.214 5.602 5.500 5.174 5.107 5.000 5.145 4.938 4.997 5.198 5.488 5.151 5.115 5.229 5.062 5.055 4.998 5.056 5.122 5.185 5.403 5.094 5.373 6.616 8.986 12.489 13.586 12.482 11.100 11.848 8.457
C1907TS210_5 0.323 29.850 29.850 29.850 29.850 29.850 29.850 29.850 18.824 10.060 6.985 5.999 5.855 6.678 6.256 5.962 6.315 6.878 6.396 7.336 7.983 8.997 9.426 10.205 10.283 10.167 10.534 9.534 8.341 8.168 6.621 6.189 7.057 6.690 5.863 5.811 5.552 5.466 5.244 5.030 4.958 5.029 4.655 4.821 4.975 4.824 4.957 4.935 5.023 5.148 5.262 5.547 5.462 5.834 6.943 10.190 17.389 16.548 10.138 9.162 8.740 9.354
C1907TS211_1 0.374 5.392 5.007 5.127 4.621 4.822 4.930 4.324 3.885 4.551 4.641 3.940 3.988 4.696 4.606 4.131 4.790 5.506 5.240 5.227 5.979 7.163 7.291 6.746 6.244 5.444 5.296 4.432 3.868 3.971 3.444 3.225 3.396 3.445 3.053 3.097 3.338 3.462 3.283 3.410 4.051 3.955 4.726 5.849 6.197 6.683 6.887 6.739 7.288 6.795 10.922 9.004 24.456 29.850 29.850 29.850 29.850 29.850 20.973 9.604 7.775 7.711
C1907TS211_2 0.363 9.877 11.897 9.762 8.706 6.979 7.128 5.397 4.537 4.776 4.627 4.226 4.091 4.154 4.247 4.360 4.397 4.490 5.078 5.073 5.009 6.188 6.103 6.499 6.453 5.168 4.763 4.258 3.980 4.058 3.488 3.605 3.683 3.719 3.290 3.574 4.023 4.157 3.613 3.834 5.658 5.184 5.701 6.849 7.725 10.055 12.179 11.301 12.118 9.836 9.188 7.682 9.329 9.697 10.078 10.124 8.499 8.706 8.002 8.296 8.187 7.539
C1907TS211_3 0.361 29.850 29.850 29.850 29.850 29.850 29.850 29.850 16.181 15.495 11.839 10.431 8.731 8.270 8.060 7.447 6.494 6.566 6.320 6.346 5.790 5.821 5.607 5.143 4.736 5.320 5.063 4.461 4.337 4.191 4.023 3.850 3.648 3.987 3.770 3.643 3.599 3.716 3.722 3.808 3.607 3.832 3.874 4.106 4.175 4.132 4.158 4.797 4.662 5.175 5.362 5.703 5.414 5.870 6.634 6.971 7.011 6.888 5.350 4.942 4.517 4.450
C1907TS211_4 0.416 6.817 7.580 6.619 7.551 5.820 6.258 5.572 5.751 5.261 4.508 3.849 3.771 4.227 4.180 3.752 3.839 4.757 4.596 4.315 4.560 6.076 5.364 5.756 6.157 7.176 6.444 5.679 5.983 5.944 5.546 5.438 5.728 5.159 4.931 5.210 4.450 4.469 4.192 3.981 3.916 3.850 3.790 3.654 3.312 3.445 3.322 3.140 2.988 3.065 3.165 3.043 2.939 2.949 3.039 3.196 3.074 3.005 2.941 2.957 3.023 3.048
C1907TS211_5 0.354 29.850 29.850 29.850 29.850 29.850 29.850 21.829 11.617 11.438 9.338 8.673 7.409 7.230 7.225 6.977 6.591 6.287 6.458 6.490 6.234 6.784 6.064 5.285 6.043 7.200 5.705 4.826 4.667 5.140 4.442 4.272 4.451 4.480 3.963 4.102 3.829 4.052 3.739 3.825 3.874 3.994 4.027 4.329 4.387 4.319 4.322 4.892 4.878 5.264 5.533 6.060 5.549 5.974 7.368 8.398 8.618 7.729 6.217 5.057 4.823 4.871
C1907TS213_1 0.489 3.018 3.060 3.506 2.841 3.477 3.850 3.645 3.646 2.836 2.568 2.760 2.357 2.207 2.412 2.572 2.278 2.289 2.470 2.531 2.315 2.513 2.627 2.817 3.064 3.303 3.096 3.129 3.013 2.844 2.777 2.868 2.800 2.456 2.479 2.588 2.637 2.635 2.671 2.859 3.085 3.138 3.389 3.537 3.887 4.631 4.670 4.979 4.160 4.161 4.200 4.006 3.768 4.684 5.081 5.601 4.486 3.988 3.242 3.144 2.892 3.084
C1907TS213_2 0.500 2.887 2.782 3.085 2.639 3.037 3.372 3.249 3.207 2.639 2.449 2.674 2.350 2.096 2.317 2.675 2.474 2.295 2.550 2.787 2.638 2.689 2.723 2.993 3.110 3.182 3.187 3.030 2.996 2.877 2.793 2.713 2.733 2.468 2.384 2.526 2.481 2.487 2.524 2.643 2.795 3.169 3.343 3.388 3.553 3.999 4.128 4.224 3.590 3.691 3.632 3.442 3.276 3.590 4.149 4.409 4.032 3.745 3.135 3.182 2.980 3.269
C1907TS213_3 0.512 2.970 2.823 3.233 2.594 2.845 3.148 2.992 2.996 2.485 2.372 2.571 2.470 2.187 2.253 2.538 2.385 2.307 2.474 2.552 2.425 2.589 2.642 2.789 2.889 2.934 2.889 2.767 2.753 2.659 2.632 2.588 2.670 2.374 2.290 2.538 2.382 2.420 2.416 2.506 2.687 2.750 2.792 2.877 3.068 3.615 3.599 3.804 3.261 3.555 3.402 3.258 3.202 4.022 4.123 4.836 4.300 3.739 3.107 3.047 2.728 2.840
C1907TS213_4 0.501 2.995 2.840 3.154 2.663 2.910 3.281 3.156 3.292 2.620 2.511 2.713 2.402 2.185 2.360 2.620 2.554 2.411 2.596 2.710 2.749 2.869 2.922 3.177 3.246 3.263 3.052 2.930 3.002 2.757 2.650 2.643 2.745 2.401 2.262 2.437 2.420 2.364 2.302 2.468 2.745 2.789 3.008 3.146 3.391 3.963 4.045 4.175 3.470 3.829 3.700 3.487 3.428 4.250 4.351 5.069 4.585 3.963 3.183 2.997 2.837 3.014
C1907TS213_5 0.498 3.173 3.027 3.516 2.769 2.841 3.444 3.425 3.181 2.634 2.525 2.559 2.502 2.252 2.331 2.681 2.637 2.565 2.773 2.935 2.858 3.011 3.257 3.554 3.799 3.995 3.480 3.449 3.598 3.151 2.852 2.934 2.989 2.474 2.245 2.502 2.406 2.167 2.125 2.270 2.382 2.217 2.411 2.705 2.929 3.747 3.668 3.974 3.333 3.417 3.464 3.423 3.171 3.953 4.358 4.973 4.414 3.925 3.127 3.053 2.969 3.259
C1907TS215_1 0.400 11.432 10.284 7.816 6.255 7.452 8.785 5.549 4.801 4.974 5.568 4.708 4.535 4.822 4.557 3.769 4.409 4.918 4.211 4.166 5.148 5.136 4.457 5.126 4.738 5.266 4.703 4.256 4.161 4.010 3.901 3.046 3.834 3.286 2.835 3.078 3.505 3.102 2.820 3.548 3.955 3.398 3.329 4.495 4.557 4.246 4.446 6.256 6.085 7.272 9.918 10.289 7.206 8.760 6.748 6.815 4.910 4.164 3.832 3.297 3.017 2.732
C1907TS215_2 0.398 5.825 6.580 6.431 4.821 6.575 8.196 6.316 7.955 8.151 7.258 6.198 6.340 5.670 4.761 5.406 5.394 4.579 4.373 5.350 5.091 4.499 4.222 4.989 5.122 5.644 5.819 5.992 5.648 5.127 4.699 4.343 4.868 4.575 3.629 3.300 4.269 3.889 3.219 3.553 4.201 3.512 3.132 3.902 4.197 3.344 3.550 4.218 4.655 5.335 4.844 4.126 4.944 5.355 4.466 5.430 4.599 3.955 3.553 3.166 2.871 2.998
C1907TS215_3 0.419 3.532 3.608 3.845 4.002 4.044 3.878 3.730 4.073 4.020 4.086 4.040 4.389 5.252 4.409 4.189 4.457 4.623 4.210 4.508 4.454 4.427 4.364 5.160 5.136 4.982 5.026 4.260 4.611 4.502 4.393 3.904 4.245 3.937 3.626 3.364 4.011 3.263 3.285 3.567 3.515 3.110 3.408 3.773 3.803 3.422 3.494 4.216 4.594 4.910 5.345 6.446 6.530 5.869 5.741 6.722 5.799 4.546 3.987 3.551 3.792 3.526
C1907TS215_4 0.431 3.861 3.865 4.067 3.943 4.567 4.457 4.073 4.297 4.663 4.334 4.101 3.862 4.149 3.902 3.800 3.854 3.638 3.809 3.973 3.758 3.582 4.070 4.030 3.707 3.802 3.955 4.107 4.149 4.157 4.285 4.213 4.016 3.985 3.830 3.512 3.607 3.746 3.442 3.651 3.711 3.698 3.437 3.714 3.800 3.763 3.758 3.799 3.856 4.138 4.555 4.467 4.282 4.848 4.947 4.588 4.559 4.348 4.098 3.994 3.742 3.628
C1907TS215_5 0.458 2.816 2.981 2.930 2.818 2.894 2.939 2.991 2.983 2.881 3.084 3.236 2.886 3.124 3.506 3.377 3.178 3.760 4.044 3.737 4.306 4.565 4.970 5.004 4.451 4.179 4.337 4.480 4.122 3.361 3.686 3.589 3.550 2.937 3.209 3.094 3.130 2.699 2.799 3.211 3.218 2.765 3.172 3.377 3.194 3.403 3.701 3.767 4.035 3.847 4.144 4.008 3.850 4.970 5.618 4.932 5.009 4.183 3.732 3.279 3.808 3.569
C1907TS228_1 0.364 29.850 29.850 29.850 29.850 29.850 29.850 29.850 26.943 26.736 18.736 13.847 11.160 10.330 10.967 9.831 9.483 8.612 8.586 9.004 8.741 8.241 7.764 7.630 6.994 6.912 6.144 5.744 4.878 4.468 4.001 3.688 3.700 3.517 3.086 3.273 3.472 3.181 3.024 3.268 3.685 3.280 3.456 4.114 4.410 4.741 4.963 4.664 4.278 4.274 4.809 4.286 3.920 4.317 4.618 4.396 5.124 4.556 5.252 5.027 4.098 4.365
C1907TS228_2 0.364 29.850 29.850 29.850 29.850 29.850 29.850 29.850 29.850 29.850 29.850 19.275 14.723 13.483 13.716 12.148 11.938 10.399 9.947 10.118 9.386 9.037 7.872 7.910 7.041 6.837 6.003 5.652 4.586 4.282 3.868 3.526 3.468 3.409 3.024 3.119 3.376 3.174 2.997 3.267 3.761 3.402 3.626 4.326 4.635 4.839 4.939 4.605 4.370 4.117 4.470 4.276 3.790 4.102 4.244 4.196 4.606 4.215 4.668 4.487 3.742 3.966
C1907TS228_3 0.319 29.850 29.850 29.850 29.850 29.850 29.850 29.850 29.850 29.850 24.215 16.544 12.327 11.592 11.675 10.733 8.141 8.247 7.465 7.356 6.990 6.889 6.684 6.979 6.340 6.532 5.982 5.939 5.871 5.512 5.475 5.428 5.586 5.370 5.357 5.199 5.391 5.447 5.562 5.607 6.203 5.695 6.092 6.505 6.750 7.017 7.032 6.777 6.517 6.775 6.880 6.571 6.388 7.101 6.923 6.382 6.583 6.034 5.632 5.854 5.769 5.410
C1907TS228_4 0.376 17.418 29.850 29.850 29.850 19.393 19.261 14.149 14.020 13.089 12.159 10.111 9.323 8.960 9.096 8.705 8.308 7.705 7.841 8.328 8.146 7.815 7.247 7.232 6.623 6.600 5.837 5.461 4.651 4.257 3.828 3.499 3.447 3.339 2.911 3.052 3.281 3.016 2.878 3.120 3.531 3.165 3.331 4.007 4.253 4.626 4.874 4.541 4.200 4.135 4.694 4.099 3.738 4.177 4.396 4.192 4.743 4.280 4.807 4.679 3.819 4.042
C1907TS228_5 0.365 29.850 29.850 29.850 29.850 29.850 29.850 29.850 29.288 29.850 23.046 16.031 13.408 12.762 12.361 11.556 11.216 10.008 9.656 10.502 9.732 9.126 8.004 7.886 7.147 6.963 6.069 5.677 4.754 4.326 3.869 3.558 3.539 3.398 2.968 3.122 3.344 3.084 2.941 3.195 3.603 3.208 3.405 4.090 4.346 4.693 4.963 4.598 4.257 4.194 4.730 4.168 3.773 4.162 4.420 4.279 4.872 4.348 4.936 4.755 3.936 4.134
C1907TS230_1 0.367 6.748 6.471 5.732 6.480 6.485 6.150 5.055 6.106 6.045 5.462 4.840 5.861 6.296 6.005 5.312 7.072 7.384 6.158 7.471 8.681 8.445 7.925 8.022 7.990 7.277 6.250 5.582 5.003 5.041 3.924 3.373 3.900 3.956 3.288 3.243 3.842 3.960 3.396 3.526 4.411 4.170 3.981 4.547 4.987 4.576 4.533 5.380 5.709 7.475 9.108 9.010 7.130 8.904 8.767 7.535 6.021 5.236 5.239 5.255 6.036 6.380
C1907TS230_2 0.377 6.199 5.667 5.133 4.734 5.291 5.318 4.611 4.420 4.978 5.312 4.633 4.876 5.357 5.806 5.063 5.265 6.276 6.880 6.200 7.265 8.389 7.987 8.883 7.160 7.015 6.432 4.883 5.030 4.705 4.002 3.624 3.962 3.784 3.371 3.422 3.682 3.601 3.361 3.503 4.320 4.093 4.381 4.938 5.423 5.437 5.476 5.425 5.446 5.576 5.496 5.514 5.313 5.247 5.497 5.597 5.745 5.793 6.283 7.098 9.163 9.617
C1907TS230_3 0.368 5.205 4.698 4.944 5.373 4.757 4.987 5.411 5.426 5.034 5.607 5.662 5.753 5.576 5.181 5.468 5.509 5.195 5.336 5.579 5.326 5.514 5.661 6.016 6.460 6.021 4.902 5.589 5.821 5.165 4.547 4.025 4.301 4.981 4.289 3.919 4.576 4.931 4.463 4.435 5.394 5.082 4.796 4.748 5.578 5.811 6.527 6.281 7.521 7.416 6.892 6.510 6.400 5.856 7.041 5.510 6.123 5.618 5.950 6.450 6.019 6.726
C1907TS230_4 0.325 8.598 7.410 6.607 7.799 7.937 6.826 6.253 7.749 6.809 6.069 5.980 6.213 6.470 6.135 6.526 7.243 7.218 7.248 7.586 8.620 9.691 10.954 9.404 9.062 8.461 7.635 8.257 7.258 5.927 6.227 5.866 5.484 5.378 5.450 5.253 5.310 5.328 5.561 5.884 6.316 6.366 6.168 6.462 6.412 6.408 6.800 6.733 6.772 7.221 7.238 7.189 7.106 7.966 9.570 19.448 29.850 29.850 15.031 11.382 8.554 7.249
C1907TS230_5 0.353 7.387 7.209 8.398 8.819 6.208 6.809 7.633 5.613 5.126 5.601 5.139 4.554 4.566 5.035 5.025 4.923 5.048 5.461 5.587 6.022 6.834 6.100 6.490 6.287 5.988 6.201 5.105 5.569 5.269 5.050 5.025 5.278 5.050 4.861 4.835 4.769 4.815 5.064 4.954 5.213 5.171 5.542 5.454 5.349 5.217 5.302 5.240 5.117 5.849 5.409 5.539 6.114 6.579 7.247 8.161 12.308 15.702 12.854 19.356 10.820 12.643
C1907TS240_1 0.421 5.036 4.872 4.827 4.398 4.584 4.962 4.445 3.980 4.402 4.649 3.749 4.139 4.715 4.395 4.182 5.107 5.108 4.977 5.571 5.676 5.866 5.813 5.705 5.725 5.158 4.798 3.939 3.988 3.779 3.471 2.840 2.911 3.269 2.807 2.682 3.025 3.193 2.879 3.037 3.622 3.449 3.566 4.030 3.997 3.744 3.808 3.739 3.725 4.210 4.771 5.296 5.140 5.682 5.635 5.256 5.196 4.803 4.296 3.762 3.477 3.511
C1907TS240_2 0.403 6.320 5.275 5.530 4.129 4.760 5.698 5.298 4.293 5.046 5.372 4.456 4.694 5.186 5.220 5.263 5.740 5.756 6.172 6.705 6.336 6.848 7.272 7.164 7.257 6.872 6.048 4.838 5.243 4.977 4.344 4.251 4.212 3.898 3.528 3.626 3.541 3.391 3.274 3.326 3.570 3.198 3.315 3.512 3.566 3.544 3.613 3.583 3.588 3.985 5.139 5.749 4.975 5.273 5.374 5.209 4.846 4.287 3.743 3.300 3.092 3.144
C1907TS240_3 0.391 7.443 6.222 6.198 4.866 5.588 5.864 4.718 4.510 5.500 5.373 4.638 4.887 5.587 5.148 4.884 5.842 5.962 5.473 6.395 6.429 6.798 6.713 5.893 5.841 5.608 5.117 4.649 4.204 3.997 3.254 2.979 3.323 3.499 3.026 2.840 3.277 3.433 2.999 3.113 4.056 3.524 3.681 4.320 4.941 5.310 5.441 5.623 5.462 5.364 5.761 6.262 6.789 7.449 7.528 7.005 7.097 5.962 5.065 4.377 3.874 3.741
C1907TS240_4 0.380 7.206 6.088 6.292 5.166 5.089 5.401 4.403 4.686 4.914 4.804 4.278 4.508 4.744 4.558 4.452 5.025 5.170 5.481 6.062 5.886 6.563 7.553 7.463 7.444 6.936 5.514 4.573 5.065 4.434 3.908 3.657 3.807 3.764 3.453 3.630 3.769 3.757 3.458 3.643 4.541 4.072 3.968 4.529 5.041 4.949 5.364 5.231 5.124 5.697 7.124 6.633 8.188 8.997 9.172 8.039 8.816 7.453 5.594 4.837 4.389 4.555
C1907TS240_5 0.442 4.110 3.999 4.182 3.547 4.009 4.404 3.895 3.405 4.086 4.259 3.496 3.748 4.366 4.231 3.961 4.890 4.870 4.735 5.468 5.219 5.780 5.715 5.686 5.497 5.439 4.723 4.036 4.136 3.842 3.452 2.746 2.953 2.980 2.608 2.511 2.675 2.768 2.501 2.493 3.009 2.695 2.647 2.960 3.406 3.357 3.493 3.507 3.384 3.764 4.602 5.420 4.904 5.501 5.702 5.454 4.780 4.466 3.783 2.967 2.878 2.638
C1907TS247_1 0.332 29.850 29.850 29.850 29.850 29.850 29.850 29.850 23.902 18.084 18.782 18.720 16.419 15.920 17.107 13.197 15.099 13.044 12.792 15.757 15.872 11.590 9.779 13.545 9.532 10.278 7.947 7.639 6.990 6.553 6.578 5.471 5.602 5.471 4.872 5.184 4.434 4.454 4.479 4.211 4.350 4.183 4.291 4.304 4.113 4.107 3.908 3.941 3.797 3.898 4.024 3.774 4.055 3.742 4.376 4.373 5.986 9.709 10.983 12.706 14.342 20.464
C1907TS247_2 0.341 29.850 20.554 14.329 19.792 14.005 16.722 10.974 10.978 9.816 9.798 10.038 9.070 9.040 8.918 8.232 7.477 7.629 7.212 7.569 7.974 7.615 7.137 7.960 7.754 7.573 7.111 6.023 6.565 6.032 5.739 4.889 5.251 5.009 4.636 4.513 4.070 4.079 4.051 3.858 4.008 4.128 4.202 4.267 4.231 4.339 4.414 4.688 4.810 5.026 4.890 5.189 5.306 5.669 5.521 5.627 6.774 8.544 11.762 14.743 16.576 15.860
C1907TS247_3 0.331 29.850 29.850 29.850 29.850 29.850 29.850 29.850 22.132 29.850 14.280 13.683 12.370 9.922 10.621 10.557 10.186 9.363 8.800 9.651 11.213 10.082 10.838 14.081 14.633 14.426 19.217 9.232 9.934 10.534 8.703 9.088 8.159 7.658 7.072 6.426 5.649 5.754 5.525 5.216 4.843 4.705 4.550 4.222 4.100 4.042 3.542 3.442 3.543 3.502 3.515 3.589 3.387 3.768 3.613 3.587 4.934 5.692 6.369 8.108 7.846 8.082
C1907TS247_4 0.328 29.850 29.850 29.850 29.850 19.690 29.850 16.677 18.547 16.416 11.977 13.534 12.523 14.254 17.248 15.194 17.299 19.159 17.105 29.850 29.850 29.850 29.850 29.850 22.136 23.402 15.537 9.527 8.499 7.887 7.329 6.721 6.285 6.216 5.394 4.703 4.428 4.520 4.254 3.881 3.908 3.849 3.606 3.656 3.494 3.680 3.492 3.698 3.982 4.110 4.195 4.443 4.568 4.585 4.958 5.134 6.262 8.568 9.522 11.825 11.174 9.668
C1907TS247_5 0.330 29.850 29.850 29.850 29.850 19.540 29.850 17.681 16.268 27.222 21.350 20.830 22.827 17.169 29.850 29.850 21.008 27.967 29.850 29.850 17.602 15.334 16.974 14.326 11.207 12.226 8.763 7.971 6.661 6.694 5.903 5.229 5.456 5.263 4.534 4.846 4.509 4.448 4.307 4.410 4.389 4.341 4.370 4.396 4.272 4.319 4.106 4.218 4.351 4.301 4.372 4.345 4.497 4.524 4.322 4.753 5.543 6.809 8.691 8.427 8.133 8.655
C1907TS258_1 0.428 4.785 4.743 5.267 4.893 5.891 6.047 6.024 5.254 4.927 5.575 4.620 4.139 4.857 4.538 3.673 3.985 4.426 4.226 3.859 4.173 4.361 4.342 4.385 4.671 5.040 4.716 3.930 4.353 4.166 3.506 3.770 3.626 3.429 3.046 3.007 3.582 3.095 2.957 3.233 3.351 2.951 2.979 3.484 3.233 3.164 3.371 3.894 3.670 3.604 3.750 4.042 4.294 3.906 4.137 4.359 4.645 4.843 4.669 4.196 3.867 3.524
C1907TS258_2 0.427 5.030 4.551 5.229 5.472 5.139 5.470 4.686 3.939 3.989 4.615 3.968 3.587 4.433 4.213 3.799 4.060 4.533 4.737 4.124 4.680 5.310 5.618 5.865 5.920 6.028 5.257 4.604 4.865 4.883 4.631 4.364 4.437 3.693 3.747 3.677 3.614 3.111 3.021 3.139 3.173 2.842 2.798 3.204 3.166 2.862 2.981 3.304 3.389 3.392 3.645 3.737 3.734 3.749 4.070 4.058 4.385 4.755 4.501 3.858 3.576 3.438
C1907TS258_3 0.368 6.033 5.354 6.022 6.598 5.244 6.283 6.524 5.841 6.186 6.931 5.827 5.117 6.224 5.261 4.944 5.292 5.793 5.426 5.069 5.343 5.593 5.399 5.736 6.054 5.861 5.447 4.814 5.016 5.209 4.705 4.790 4.791 4.196 3.925 4.076 4.488 3.883 3.898 4.230 4.445 3.559 3.803 4.562 4.252 4.157 4.535 5.702 6.046 5.792 7.197 7.906 6.916 7.052 8.853 11.901 9.989 10.669 7.776 6.191 5.888 4.932
C1907TS258_4 0.391 6.255 5.657 5.671 4.665 5.153 5.211 5.358 5.151 5.052 5.457 4.725 4.514 5.098 4.844 4.347 4.751 5.251 4.884 4.850 5.236 6.213 7.161 8.902 9.268 7.951 6.229 5.286 6.251 5.298 4.566 4.813 4.289 3.809 3.940 3.805 3.979 3.547 3.408 3.733 3.843 3.437 3.461 3.975 3.897 3.613 3.672 4.119 4.271 4.176 4.419 4.861 4.730 4.410 4.963 5.201 5.684 6.591 6.919 5.661 4.788 5.429
C1907TS258_5 0.453 4.544 4.110 3.685 3.911 3.412 3.561 3.593 3.651 3.798 3.659 3.327 3.711 4.129 3.776 3.704 4.516 4.478 4.373 4.764 5.183 5.844 5.427 6.562 6.579 5.431 4.889 3.603 3.806 4.249 3.374 3.283 3.389 3.428 3.062 2.671 3.035 3.151 2.658 2.615 2.947 2.862 2.631 2.816 2.885 2.753 2.865 2.847 3.059 3.065 3.215 3.319 3.203 3.339 3.509 3.745 3.978 4.032 4.224 4.137 3.622 3.451
C1907TS273_1 0.515 2.303 2.508 3.344 2.933 3.631 3.669 3.151 3.144 2.683 2.396 2.589 2.739 2.375 2.260 2.382 2.657 2.518 2.189 2.566 2.822 2.605 2.345 2.650 2.736 3.140 3.328 3.175 2.675 2.565 2.024 1.987 2.026 2.150 1.999 2.025 2.125 2.321 2.396 2.544 2.812 2.868 3.129 3.378 3.308 3.560 3.533 3.514 3.128 3.037 3.348 3.103 2.959 3.402 2.818 3.771 4.050 4.178 3.577 3.300 3.321 3.473
C1907TS273_2 0.513 2.651 2.760 3.957 3.245 4.175 4.294 3.657 3.581 2.797 2.351 2.580 2.390 2.249 2.366 2.240 2.231 2.168 2.140 2.230 2.070 2.108 2.004 2.066 2.396 2.799 2.852 3.098 2.814 2.561 2.425 2.312 2.154 2.305 2.491 2.449 2.433 2.483 2.638 2.915 3.188 3.414 3.748 3.980 3.680 3.812 3.674 3.682 3.530 3.317 3.357 3.399 3.164 3.353 3.139 3.817 3.937 3.617 2.833 2.307 2.520 2.813
C1907TS273_3 0.477 2.865 2.990 3.635 3.141 3.567 3.980 3.891 4.140 3.180 3.175 3.089 2.891 2.717 2.672 2.698 2.579 2.525 2.585 2.698 2.472 2.625 2.629 2.808 2.949 3.117 3.073 2.974 2.978 2.773 2.681 2.865 2.754 2.509 2.506 2.814 2.766 2.670 2.768 3.008 3.387 3.334 3.454 3.766 4.529 5.180 5.380 5.296 4.737 4.797 4.922 4.803 4.202 4.098 4.534 4.877 4.517 4.063 3.395 3.132 3.018 3.029
C1907TS273_4 0.293 9.802 9.739 8.739 9.518 7.511 7.626 7.965 6.765 7.344 7.295 7.955 7.557 7.977 8.708 8.336 9.724 10.780 9.775 10.422 9.876 11.875 12.104 29.850 29.850 29.850 29.850 19.098 29.850 29.850 29.850 29.850 10.279 8.588 7.588 6.968 6.954 7.722 6.477 6.193 7.941 7.054 6.842 7.337 7.712 8.041 8.163 11.122 12.393 9.605 26.052 29.850 20.120 14.670 14.846 10.523 9.976 8.076 9.522 7.413 8.151 7.790
C1907TS273_5 0.362 7.177 5.622 6.492 6.452 5.479 5.018 4.903 4.646 4.482 3.906 4.108 4.230 4.478 4.627 5.226 5.485 5.503 6.364 7.047 6.987 7.839 8.885 10.276 8.749 8.916 8.626 13.570 16.577 29.850 29.850 29.850 29.850 12.921 17.062 8.099 6.165 5.542 4.789 5.187 4.796 4.231 4.442 4.486 4.005 4.082 4.295 4.094 4.052 4.135 4.176 4.218 4.258 4.397 5.030 4.633 4.317 4.654 4.736 4.733 4.739 6.129
C1907TS278_1 0.257 29.850 29.850 29.850 29.850 29.850 29.850 29.850 29.850 29.850 29.850 29.850 29.850 25.653 26.148 23.835 16.909 14.597 13.658 15.586 18.459 16.751 17.933 27.582 11.891 12.822 10.954 8.222 8.287 8.112 6.802 7.541 6.825 5.801 6.208 5.755 5.741 6.044 6.304 6.548 6.602 7.269 7.736 7.663 7.227 9.514 15.740 29.850 17.545 29.850 29.850 29.850 29.850 29.850 29.850 29.850 29.850 29.850 29.850 29.850 29.850 29.850
C1907TS278_2 0.269 29.850 28.154 17.941 29.850 21.506 29.850 17.055 16.272 15.864 15.614 11.042 14.187 15.141 17.100 14.704 11.122 11.414 11.717 12.685 13.218 11.152 9.854 10.295 11.300 9.044 7.736 7.464 7.926 7.933 7.137 6.706 6.950 6.699 6.722 6.819 7.275 7.322 7.194 7.264 9.578 8.195 8.527 10.430 29.850 29.850 29.850 29.850 29.850 29.850 29.850 29.850 29.850 29.850 29.850 29.850 29.850 29.850 29.850 12.679 7.421 10.122
C1907TS278_3 0.314 29.850 29.850 29.850 29.850 29.850 29.850 29.850 29.850 23.862 14.764 14.943 13.143 13.993 11.526 12.584 12.529 12.073 10.785 14.002 16.968 13.946 11.184 29.850 29.850 29.850 20.234 14.656 9.216 7.998 6.546 5.657 5.679 5.015 4.739 4.539 4.287 4.337 4.323 4.250 4.408 4.218 4.424 4.709 4.795 4.469 4.671 5.372 5.022 5.042 5.444 5.859 7.555 18.012 29.850 29.850 14.319 8.520 6.318 5.492 5.480 5.401
C1907TS278_4 0.303 29.850 14.278 14.091 12.243 10.284 10.773 8.694 7.829 7.189 7.929 7.262 6.687 6.867 7.171 7.357 7.389 7.499 7.228 8.660 9.692 9.427 10.196 9.877 8.676 9.501 7.907 7.072 7.134 6.032 5.635 5.345 5.438 4.936 4.792 4.621 4.296 4.549 4.661 4.651 4.959 4.978 5.075 5.481 5.543 6.404 7.285 7.302 8.681 14.605 29.850 29.850 29.850 29.850 29.850 29.850 29.850 29.850 29.850 29.850 29.850 29.850
C1907TS278_5 0.280 29.850 29.850 29.850 29.850 18.951 29.850 13.873 12.202 11.195 9.979 8.483 8.800 8.245 8.110 8.045 9.160 8.785 8.792 9.855 9.284 10.254 9.321 9.075 8.556 9.102 7.067 6.359 6.322 6.126 5.356 5.361 5.627 5.676 5.615 5.112 5.549 5.892 6.168 6.217 6.623 7.670 7.428 9.677 10.285 11.547 29.850 29.850 29.850 29.850 29.850 29.850 29.850 29.850 29.850 29.850 29.850 29.850 29.850 29.850 29.850 29.850
C1907TS299_1 0.332 29.850 29.850 29.850 29.850 29.850 29.850 20.810 29.850 21.642 15.750 13.366 11.791 11.286 11.822 10.498 9.549 9.448 8.780 9.477 9.184 9.079 8.684 9.603 8.349 8.827 7.481 7.085 7.230 7.084 6.499 6.195 6.317 6.006 5.810 5.579 5.158 5.354 5.244 4.855 4.780 4.857 4.474 4.395 4.375 4.253 4.174 4.215 4.223 4.177 4.411 4.389 4.369 4.543 4.427 4.627 5.285 6.132 6.426 7.341 6.720 6.812
C1907TS299_2 0.336 29.850 29.850 29.850 29.850 28.973 29.850 14.447 20.099 18.174 14.073 11.302 11.193 10.987 10.607 9.296 9.153 8.520 6.925 7.896 8.188 7.151 7.222 8.197 7.330 7.475 6.656 6.426 6.615 6.264 5.921 6.008 6.211 5.935 5.831 5.667 5.279 5.482 5.417 5.047 5.000 5.130 4.726 4.630 4.585 4.510 4.458 4.458 4.454 4.408 4.664 4.611 4.563 4.728 4.643 4.769 5.216 6.044 6.226 6.835 6.470 6.290
C1907TS299_3 0.323 29.850 29.850 29.850 29.850 29.850 29.850 27.809 29.850 25.593 18.421 14.543 12.292 11.952 13.394 11.834 10.545 9.967 9.640 10.218 9.367 9.918 9.661 11.001 9.131 9.616 8.117 7.317 7.573 7.325 6.797 6.409 6.451 6.080 5.925 5.694 5.272 5.471 5.378 5.031 4.989 5.158 4.774 4.689 4.657 4.596 4.557 4.595 4.664 4.686 4.903 4.918 4.934 5.213 5.134 5.354 6.282 8.177 7.811 8.265 6.959 6.715
C1907TS299_4 0.325 29.850 29.850 29.850 29.850 29.850 29.850 21.425 29.850 23.914 15.876 13.170 11.693 11.240 11.525 11.122 10.504 9.671 9.306 10.108 9.782 9.563 8.828 9.831 8.181 8.665 7.445 6.711 6.607 6.372 5.900 5.183 5.371 5.370 5.073 5.027 4.723 5.055 4.756 4.613 4.840 5.017 4.643 4.655 4.759 4.627 4.587 4.697 4.835 4.876 5.109 5.184 5.149 5.527 5.503 5.646 6.813 9.230 8.976 10.432 8.737 10.198
C1907TS299_5 0.328 29.850 29.850 29.850 29.850 29.850 29.850 17.687 18.394 14.597 15.423 12.365 10.303 10.861 11.822 10.410 9.814 9.331 9.036 9.962 9.292 9.984 9.928 11.575 9.473 10.174 8.545 7.566 7.842 7.564 7.029 6.575 6.583 6.189 6.009 5.768 5.315 5.506 5.415 5.047 4.979 5.130 4.742 4.649 4.606 4.501 4.450 4.458 4.421 4.374 4.579 4.526 4.541 4.673 4.621 4.813 5.362 6.155 6.460 7.328 6.679 6.768
C1907TS301_1 0.343 29.850 29.850 29.850 29.850 29.850 29.850 12.202 14.377 12.143 10.638 10.007 8.753 9.034 9.629 8.826 8.910 8.244 8.022 8.711 8.927 7.750 7.587 8.673 7.099 7.061 6.630 6.465 5.934 5.803 5.338 4.659 4.779 4.802 4.419 4.401 4.081 4.202 4.033 3.892 3.905 3.975 3.844 4.058 4.098 4.130 4.095 4.352 4.411 4.584 4.759 4.977 5.254 5.452 5.902 6.010 7.510 8.029 8.774 9.501 10.258 9.694
C1907TS309_1 0.298 29.850 29.850 29.850 29.850 29.850 29.850 13.811 13.875 14.228 11.873 12.287 10.093 9.622 9.520 8.567 8.847 8.001 8.572 8.962 8.531 8.490 8.677 8.351 7.717 7.988 6.732 5.983 6.309 6.185 5.791 5.403 6.148 5.765 5.793 5.704 5.243 5.656 5.645 5.645 6.031 6.436 6.806 7.159 6.887 7.672 7.944 9.802 12.323 11.399 14.064 19.555 29.850 29.850 29.850 29.850 29.850 29.850 24.174 15.273 15.669 11.590
C1907TS309_2 0.411 6.107 5.869 5.798 5.086 5.358 5.561 4.295 4.579 4.888 4.310 3.570 3.978 4.291 3.776 3.844 4.299 4.280 4.162 4.460 4.624 4.995 5.254 5.466 5.143 5.044 4.651 4.557 4.026 3.476 3.178 2.832 2.961 3.012 2.498 2.517 2.836 2.826 2.414 2.693 3.424 3.247 2.850 3.673 4.424 3.944 3.564 4.012 5.186 4.908 6.320 6.156 6.663 7.576 7.414 7.457 8.781 8.453 7.745 7.708 5.649 6.772
C1907TS309_3 0.346 29.850 24.763 29.850 29.850 17.113 14.249 10.926 15.172 15.840 14.706 15.555 15.308 23.096 16.520 19.339 29.850 29.850 29.850 29.850 29.850 28.274 13.967 10.940 8.875 8.979 7.758 7.019 5.903 5.209 5.160 3.872 4.200 4.012 3.642 3.736 3.641 3.722 3.656 3.835 4.026 4.071 4.163 4.561 4.680 4.407 4.322 4.407 4.731 4.522 4.886 4.660 4.841 5.003 4.811 4.874 4.947 5.096 4.856 4.986 4.209 4.591
C1907TS345_1 0.484 5.125 4.486 3.852 3.047 3.379 3.734 3.088 2.641 3.173 3.352 2.905 2.620 3.167 3.290 2.891 3.202 3.696 3.669 4.152 4.671 5.136 5.323 5.189 5.776 6.201 4.888 3.829 3.299 2.967 2.869 2.561 2.622 2.202 2.238 2.283 2.124 1.894 1.932 2.419 2.272 2.064 2.276 2.676 2.689 2.697 2.869 3.262 3.489 3.688 4.487 4.529 4.158 4.743 4.075 4.072 3.519 2.852 2.547 2.244 2.392 2.271
C1907TS345_2 0.442 13.238 9.095 8.635 8.959 6.611 7.706 5.792 5.591 4.978 4.304 3.497 3.405 3.317 2.967 2.953 2.680 2.651 2.593 2.727 2.417 2.393 2.517 2.706 3.191 3.422 3.240 3.585 3.609 3.264 3.604 3.719 3.230 3.035 3.116 2.841 2.710 3.005 2.939 2.587 2.708 3.186 3.091 3.034 3.386 4.195 3.546 3.713 4.771 4.626 5.715 9.400 4.560 4.722 8.466 8.128 5.744 5.223 4.408 3.758 3.887 3.707
C1907TS345_3 0.449 4.240 4.159 5.423 5.758 5.915 5.058 4.648 5.075 5.477 4.622 4.017 3.850 3.717 3.655 3.443 3.125 2.941 3.052 3.048 2.635 2.464 2.459 2.641 3.001 3.859 3.772 4.128 3.676 3.657 3.746 2.976 3.341 3.276 3.020 2.774 3.295 3.288 2.863 3.405 4.179 3.743 3.414 4.779 5.324 4.348 4.577 5.633 5.697 5.274 5.421 4.538 4.284 4.645 4.033 3.356 2.899 3.097 2.621 2.704 2.630 2.452
C1907TS345_4 0.458 3.706 4.337 4.682 5.017 4.230 4.188 4.458 4.081 3.592 4.072 4.064 3.380 3.915 3.372 2.924 3.362 3.797 3.000 3.019 3.984 3.486 2.854 3.088 2.834 2.984 2.950 2.903 2.831 2.744 2.892 2.955 2.721 2.635 2.610 2.586 2.740 2.731 2.824 2.892 3.509 3.257 3.059 3.639 3.957 3.748 3.687 4.192 4.355 4.879 5.140 5.672 4.814 5.721 4.763 5.505 4.746 4.014 3.413 3.612 3.246 3.153
C1907TS345_5 0.453 5.200 4.776 5.005 4.627 4.889 4.850 4.032 4.338 4.642 4.248 3.628 3.798 3.904 3.654 3.436 3.517 3.434 3.221 3.306 3.432 3.330 3.079 3.382 3.120 3.197 3.111 3.096 3.036 3.150 2.926 3.001 2.736 2.945 2.673 2.528 3.105 3.108 2.430 2.691 3.736 3.292 3.006 3.705 4.348 4.028 3.933 4.471 4.301 4.630 4.810 5.173 4.919 5.082 4.880 4.675 4.348 3.594 4.169 3.381 2.822 2.472
C1907TS347_1 0.283 29.850 29.850 29.850 29.850 29.850 29.850 29.850 29.850 28.068 14.181 11.409 11.039 9.878 9.320 8.609 8.643 8.875 8.827 9.979 9.880 9.223 8.721 9.037 8.628 8.101 7.748 7.176 7.202 6.697 6.435 6.447 6.782 6.561 6.672 7.014 6.323 6.702 7.441 7.165 7.648 7.971 8.157 8.177 8.038 7.786 7.833 9.031 8.665 9.418 8.441 10.262 9.310 13.074 14.930 29.850 29.850 29.850 29.850 29.850 29.850 29.850
C1907TS349_1 0.475 5.486 6.394 5.301 4.804 4.405 4.840 4.273 3.320 3.196 3.138 2.987 2.614 2.619 2.497 2.612 2.474 2.526 2.737 2.899 2.801 3.125 3.107 3.314 3.682 3.823 3.387 3.395 3.251 2.916 2.366 2.563 2.642 2.477 2.155 2.446 2.769 2.603 2.322 2.774 3.531 4.033 4.254 4.472 4.839 4.895 4.606 4.819 4.180 4.318 4.117 4.189 3.914 3.834 3.999 3.380 3.195 2.775 2.809 2.705 2.801 2.570
C1907TS349_2 0.494 10.734 7.857 8.580 9.575 5.628 5.449 5.591 4.280 3.337 3.421 3.197 2.769 2.694 2.633 2.513 2.623 2.471 2.604 2.421 2.622 2.839 2.771 2.906 3.145 3.217 2.866 2.658 2.598 2.812 2.596 2.567 2.525 2.380 2.476 2.482 2.202 2.634 2.562 2.779 3.224 2.919 3.192 3.930 3.737 4.386 3.456 3.562 3.712 2.868 2.828 2.860 2.648 2.515 2.153 2.224 2.604 2.586 2.538 2.384 2.532 2.672
C1907TS349_3 0.459 4.669 4.340 4.583 5.848 6.038 5.140 4.809 4.481 4.013 3.836 3.835 3.404 3.427 3.434 3.375 3.402 3.020 3.279 3.349 3.301 3.365 3.388 3.683 3.957 4.501 4.028 4.223 4.486 4.436 3.675 3.066 3.091 3.477 3.186 2.777 3.177 3.356 2.807 2.824 3.107 3.577 4.176 3.481 3.399 3.524 3.480 3.152 3.007 3.121 3.111 2.901 3.013 2.978 3.038 3.261 3.283 3.327 3.271 3.085 3.072 3.088
C1907TS349_4 0.439 5.199 5.164 4.804 4.472 4.375 4.796 4.362 3.987 3.790 3.621 3.884 3.496 3.583 3.419 3.651 3.793 3.895 4.236 3.763 4.890 5.108 6.213 6.058 4.938 5.119 5.883 4.524 4.007 3.692 3.849 3.550 3.654 3.214 3.253 3.007 3.192 3.207 2.705 2.887 3.146 3.034 2.582 2.980 3.201 3.319 3.343 3.379 3.470 3.639 3.756 3.878 3.571 3.884 4.230 4.168 4.375 4.143 4.041 4.038 4.407 3.892
C1907TS349_5 0.464 9.640 7.116 7.290 7.182 5.539 5.329 4.814 4.178 4.140 3.985 3.501 3.431 3.491 2.963 2.843 3.047 2.879 2.903 2.971 3.118 3.136 2.990 3.144 3.448 3.406 3.000 2.861 2.762 3.051 2.608 2.766 2.752 2.602 2.475 2.503 2.439 2.905 2.606 2.505 2.992 2.984 2.781 3.213 3.469 4.540 4.959 5.431 4.447 3.940 4.372 4.888 3.966 4.240 3.610 3.624 3.431 3.190 3.431 3.229 2.893 2.706
C1907TS359_1 0.355 29.850 29.850 29.850 29.850 29.850 29.850 19.797 16.794 14.540 14.041 12.295 10.812 9.123 8.851 7.541 7.697 7.001 6.551 6.740 6.529 6.203 5.968 6.289 5.676 6.200 5.666 5.222 5.466 5.314 5.077 4.783 4.991 5.044 4.845 4.925 4.617 4.866 4.741 4.664 4.841 4.895 4.766 4.768 4.485 4.444 4.163 4.119 4.271 4.121 4.229 4.264 4.080 4.087 4.218 4.300 4.769 4.493 4.614 5.069 5.018 5.303
C1907TS369_1 0.322 29.850 29.850 29.850 29.850 29.850 29.850 29.850 29.850 16.795 11.688 10.574 9.510 9.170 8.244 7.680 7.691 7.055 6.601 7.352 7.279 7.515 7.073 7.965 7.078 7.618 7.016 6.455 6.785 6.388 6.327 6.497 6.688 6.357 6.345 6.342 5.873 6.042 6.018 5.824 5.676 5.883 5.494 5.090 5.117 5.026 4.924 4.841 4.856 4.856 4.725 4.851 4.887 4.890 4.885 5.405 6.981 8.780 14.023 16.427 12.010 13.810
C1907TS369_2 0.444 6.183 5.800 4.999 5.260 4.869 4.577 3.626 4.152 3.734 3.220 3.136 3.130 3.194 2.807 3.261 3.327 3.206 3.239 3.870 3.743 3.766 4.278 5.503 4.997 4.621 4.446 3.892 3.776 3.402 3.233 2.826 2.883 2.906 2.643 2.540 2.440 2.898 2.510 2.594 3.217 3.010 3.197 3.723 3.914 3.996 3.870 4.707 4.667 4.936 4.961 5.064 4.355 4.556 4.865 4.906 4.540 4.464 3.736 4.276 3.903 3.806
C1907TS369_3 0.407 5.847 5.435 5.561 5.328 5.188 5.294 4.848 4.274 4.555 4.192 3.936 4.056 4.343 3.921 3.895 4.394 4.294 4.154 4.906 5.090 4.949 4.950 5.693 5.741 5.760 4.855 4.570 4.745 4.428 3.722 3.554 3.985 3.453 3.447 3.249 3.738 3.575 3.271 3.496 4.161 3.923 4.084 4.678 4.836 4.449 4.513 4.836 4.681 5.236 4.900 4.603 4.950 4.911 4.626 4.514 4.635 4.511 4.228 4.753 4.087 3.959
C1907TS369_4 0.359 29.850 29.850 29.850 29.850 29.850 29.850 26.847 29.850 12.850 12.434 13.146 12.297 10.812 11.391 11.486 11.009 10.648 9.881 11.415 10.824 10.403 9.209 10.673 9.023 8.920 7.997 6.446 6.112 5.656 5.547 4.816 4.457 4.520 4.075 4.260 3.709 4.035 3.564 3.574 3.688 3.682 3.617 3.661 4.059 3.922 3.622 3.759 3.901 4.007 4.004 3.643 3.698 3.972 3.820 3.688 4.067 4.038 4.162 4.454 4.293 4.458
C1907TS369_5 0.435 5.523 5.865 5.405 5.173 5.008 5.013 4.680 4.516 4.355 4.122 3.435 3.458 3.879 3.503 3.249 3.601 3.732 3.573 3.996 3.899 4.250 4.313 4.896 5.006 5.140 4.591 4.409 4.121 3.736 3.162 3.017 3.108 2.985 2.554 2.515 3.050 2.680 2.396 2.667 3.577 3.044 3.290 3.768 4.388 3.739 3.782 4.406 4.697 4.985 5.029 4.648 4.485 4.488 4.569 4.568 4.279 3.939 3.845 4.217 3.740 3.798
C1907TS389_1 0.305 29.850 29.850 29.850 29.850 16.933 17.103 10.782 11.622 10.579 9.668 8.916 8.565 8.999 9.071 8.185 8.643 10.451 10.255 12.300 13.837 14.799 10.995 14.947 11.355 9.511 8.017 7.790 6.559 7.145 5.863 5.536 5.726 5.861 5.313 5.617 5.740 5.679 5.710 5.675 6.475 6.470 6.410 7.342 7.627 7.834 8.216 7.272 7.951 7.843 8.349 8.455 7.685 8.729 8.256 10.316 9.948 14.823 12.561 15.474 13.810 12.918
C1907TS389_2 0.324 29.850 29.850 29.850 27.868 18.294 29.850 8.994 10.173 9.273 8.138 7.175 6.807 6.993 6.384 5.700 5.919 6.278 5.811 6.138 6.365 6.543 6.198 6.410 6.531 6.036 6.137 5.786 5.057 5.122 4.638 4.391 4.719 4.535 4.421 4.483 4.652 4.870 4.820 5.042 5.899 5.870 5.582 6.406 6.912 6.937 7.158 6.964 7.294 7.870 8.562 9.367 12.596 13.760 29.850 29.850 29.850 29.850 11.953 15.305 14.916 14.406
C1907TS389_3 0.292 14.588 11.310 15.276 19.148 11.335 12.365 9.910 10.308 9.470 9.663 9.044 8.744 8.476 8.866 8.610 8.542 9.521 9.285 10.668 12.152 13.501 14.836 26.058 29.850 13.410 14.705 10.254 8.343 8.061 7.383 6.588 7.210 6.758 6.570 5.938 6.288 6.295 6.315 6.089 6.417 6.696 6.946 7.405 7.491 7.504 7.429 7.302 8.007 8.307 8.832 10.221 9.413 14.191 17.483 29.850 29.850 29.850 29.850 29.850 29.850 29.850
C1907TS389_4 0.358 8.470 7.722 9.220 7.770 7.171 6.353 6.406 5.796 4.980 5.284 4.509 4.332 4.579 4.450 4.018 4.346 4.425 4.169 4.240 4.725 4.626 4.294 4.620 5.035 4.440 4.587 4.077 4.052 4.010 3.781 3.793 3.718 3.861 3.564 3.712 3.703 3.819 3.969 4.384 4.489 4.884 5.690 4.603 4.633 5.979 6.933 8.351 8.022 16.885 16.036 29.850 29.850 29.850 29.850 29.850 29.850 29.850 29.850 29.850 29.850 15.913
C1907TS389_5 0.342 8.470 7.432 7.238 6.488 7.113 6.110 5.713 6.778 6.429 5.515 4.836 5.846 5.632 4.505 5.303 6.985 5.568 4.691 6.309 7.298 5.200 5.755 5.043 5.102 4.575 4.715 4.534 4.139 4.057 4.185 3.902 4.311 4.671 4.270 4.473 4.653 5.418 5.550 5.848 6.852 7.238 8.559 8.580 6.465 7.676 8.454 9.462 10.974 9.613 11.269 10.197 10.239 12.508 15.761 9.567 13.049 14.825 16.020 29.850 13.520 17.778
C1907TS404_1 0.272 29.850 29.850 29.850 29.850 29.850 29.850 29.850 29.850 19.546 18.493 16.018 12.404 12.397 13.441 12.434 11.413 11.499 10.748 14.129 13.031 14.235 13.933 16.149 12.904 14.165 11.820 7.448 9.480 10.945 7.399 8.006 9.285 8.829 7.264 7.700 8.298 8.045 7.273 8.440 10.698 10.441 11.391 14.191 14.276 16.674 23.593 29.850 29.850 12.837 16.984 17.362 14.954 13.008 12.115 29.802 29.850 29.850 26.080 29.850 21.255 29.850
C1907TS404_2 0.298 8.138 8.805 8.199 9.769 7.980 9.562 8.852 8.697 8.745 10.143 8.854 9.696 9.691 10.680 10.876 9.985 10.395 9.980 10.739 11.174 10.329 9.602 10.015 9.809 10.856 8.892 6.782 8.504 9.950 6.728 6.937 9.148 6.689 6.811 6.481 7.503 6.800 6.331 6.983 8.166 9.215 11.169 10.666 7.843 7.789 7.540 7.927 7.984 8.249 9.884 10.035 8.773 17.306 29.850 29.850 29.850 29.850 13.790 11.333 9.759 9.047
C1907TS404_3 0.312 28.683 21.750 26.693 29.850 29.850 21.707 20.450 16.009 16.639 16.743 11.971 11.184 11.101 11.655 10.793 9.439 10.215 10.349 11.033 11.072 10.951 9.317 10.241 8.328 8.572 8.104 6.215 6.046 6.062 5.474 4.592 4.929 5.717 4.506 4.582 4.987 5.502 4.300 4.437 6.609 8.260 9.801 11.759 8.524 9.804 8.031 9.132 8.932 8.809 12.696 11.662 7.428 7.342 6.465 6.346 7.098 6.982 7.539 7.853 6.753 6.231
C1907TS404_4 0.293 29.850 29.850 29.850 29.850 29.850 29.850 29.850 29.850 17.422 15.901 13.681 10.674 10.339 10.405 9.318 8.203 8.106 7.793 8.103 7.745 7.903 8.344 7.640 7.037 7.491 7.291 5.598 6.610 7.294 5.213 5.519 6.547 6.542 5.744 5.848 7.498 7.687 6.215 7.224 14.761 29.850 29.850 29.850 14.939 29.850 13.390 23.905 16.686 9.187 12.386 11.947 10.393 13.198 29.850 15.095 16.868 12.041 9.960 7.353 6.294 5.551
C1907TS404_5 0.291 7.679 8.441 7.972 9.124 7.406 8.400 8.056 7.895 7.294 7.838 7.429 6.972 6.996 7.172 7.372 6.888 6.654 7.159 9.027 7.281 7.899 9.118 11.480 8.210 9.902 11.709 8.538 8.369 10.064 9.570 8.226 8.836 11.357 8.201 8.045 9.949 11.835 8.066 8.688 18.643 29.850 29.850 29.850 22.545 29.850 29.850 29.850 29.850 17.601 29.850 29.850 20.871 29.850 28.321 16.236 17.572 13.958 10.564 10.403 8.198 7.835
C1907TS405_1 0.345 29.850 29.850 23.775 18.260 9.427 8.875 9.854 7.977 6.690 6.017 4.940 4.414 5.352 4.569 4.594 5.780 5.212 5.432 6.347 6.748 6.842 7.372 8.068 7.807 7.583 6.397 6.381 6.158 5.654 5.249 4.704 5.051 4.919 4.705 4.635 4.454 4.621 4.448 4.443 4.732 4.905 4.732 4.860 4.887 4.994 5.132 5.250 5.304 5.574 5.783 5.933 5.730 6.187 7.492 9.826 29.547 29.850 15.990 11.051 10.678 8.506
C1907TS405_2 0.324 29.850 29.850 29.850 29.850 16.766 17.096 23.569 12.995 9.671 7.914 6.814 5.922 7.823 5.717 5.682 7.110 6.220 6.258 7.456 7.975 7.585 7.742 8.575 8.104 7.623 6.522 6.450 6.394 5.665 5.413 4.949 5.207 5.091 4.791 4.652 4.639 4.819 4.673 4.698 4.978 5.236 5.162 5.228 5.204 5.622 5.786 5.765 5.987 6.249 6.331 7.019 6.699 7.660 14.350 29.850 29.850 29.850 24.931 17.962 14.450 15.369
C1907TS405_3 0.331 29.850 29.850 29.850 29.850 29.850 15.066 14.557 11.018 8.036 6.886 5.675 4.970 6.499 5.378 5.244 6.261 6.092 6.262 7.435 7.490 8.521 8.148 9.068 8.042 8.390 7.168 6.339 6.156 5.855 5.143 4.416 4.961 4.809 4.482 4.419 4.364 4.621 4.399 4.377 4.767 4.924 4.828 5.035 5.150 5.153 5.286 5.301 5.551 5.463 5.637 5.920 5.690 5.829 7.427 14.971 29.850 29.850 29.850 29.850 29.850 29.850
C1907TS405_4 0.305 29.850 29.850 29.850 29.850 29.850 29.850 29.850 29.850 29.850 24.764 11.376 10.240 15.018 13.663 10.359 10.669 11.149 9.508 9.965 9.411 9.909 9.531 9.196 8.250 8.773 7.315 6.817 6.289 6.139 5.468 4.768 5.187 5.025 4.703 4.647 4.613 4.773 4.493 4.515 4.835 5.085 4.926 5.027 5.012 5.253 5.243 5.333 5.679 5.728 5.963 6.289 6.377 7.679 11.899 29.850 29.850 29.850 29.850 26.744 29.850 29.329
C1907TS405_5 0.331 29.850 29.850 29.850 29.850 29.850 29.850 29.850 29.850 11.214 7.065 6.523 5.775 7.481 6.274 5.803 6.425 6.558 6.432 7.239 7.203 7.789 7.831 8.509 7.896 6.940 6.847 6.899 5.636 5.652 4.373 4.233 4.662 4.644 4.105 4.095 4.296 4.555 4.348 4.469 4.862 5.220 5.147 5.391 5.389 5.772 5.841 5.822 6.034 6.346 6.249 6.881 6.263 6.960 9.747 13.094 14.181 14.616 10.709 10.651 11.058 9.938
C1907TS413_1 0.430 6.260 5.958 5.877 5.591 5.723 5.638 4.959 4.948 4.834 4.416 3.867 3.837 4.204 3.745 3.616 3.825 3.945 3.400 3.680 4.262 4.006 3.657 3.745 3.650 3.404 3.238 3.035 3.132 3.320 2.972 3.006 3.187 3.065 2.974 2.892 3.280 3.100 2.863 3.177 3.658 3.235 3.288 3.590 3.711 3.552 3.437 3.659 3.609 3.930 4.298 4.727 5.034 4.546 4.847 5.260 5.654 6.347 6.228 6.373 6.040 6.301
C1907TS413_2 0.443 4.561 4.579 5.075 5.079 5.227 4.725 4.255 4.442 4.508 3.867 3.370 3.644 3.908 3.347 3.211 3.757 3.879 3.259 3.763 4.162 4.010 3.745 4.002 3.761 3.675 3.422 3.203 3.254 3.244 2.896 2.829 2.864 2.708 2.420 2.231 2.603 2.646 2.269 2.379 3.077 2.812 2.547 3.170 3.656 3.279 3.289 3.782 3.782 4.357 4.966 5.061 5.174 5.673 5.547 5.453 5.927 6.044 6.394 6.506 6.423 7.022
C1907TS413_3 0.467 4.807 5.025 5.795 5.325 5.549 5.327 4.661 4.376 4.378 3.804 3.014 3.245 3.627 2.998 2.981 3.338 3.421 3.019 3.473 3.868 3.562 3.761 3.780 3.711 3.982 3.741 3.532 3.468 3.224 3.182 3.109 2.953 2.641 2.587 2.264 2.372 2.332 2.185 2.059 2.351 2.399 2.233 2.489 2.829 2.621 2.410 2.775 2.872 3.114 3.237 3.534 3.700 3.597 3.623 4.022 4.977 5.468 5.655 5.134 4.977 5.028
C1907TS413_4 0.415 6.242 6.485 7.165 7.218 6.344 6.707 5.786 5.878 5.416 5.102 3.962 4.203 4.602 3.806 3.596 4.035 4.146 3.486 3.693 4.257 4.128 3.678 3.598 3.558 3.385 3.254 3.198 3.198 3.275 2.981 2.955 3.136 3.024 2.842 2.713 2.978 3.028 2.839 2.893 3.280 3.295 3.215 3.757 4.320 3.829 3.891 4.572 4.520 5.100 5.520 6.296 6.831 6.041 6.843 7.228 7.587 7.625 7.720 7.151 6.929 7.149
C1907TS413_5 0.417 4.764 5.101 5.463 6.045 5.740 5.637 4.678 5.197 5.405 4.977 4.204 4.813 4.858 4.242 4.095 4.747 4.702 3.888 4.469 5.271 4.808 4.210 4.262 3.914 3.807 3.450 3.384 3.375 3.675 3.217 3.050 3.442 3.263 3.108 2.947 3.270 3.268 3.005 3.050 3.534 3.247 3.042 3.354 3.828 3.470 3.562 3.786 3.662 4.239 4.412 5.073 5.074 4.853 4.850 5.541 6.634 6.757 7.530 6.757 7.459 7.424
C1907TS414_1 0.503 3.041 2.950 3.217 3.818 3.600 3.198 2.775 2.987 2.968 2.494 2.562 2.559 2.721 2.472 2.656 3.077 3.169 3.014 3.499 3.700 3.932 3.914 4.100 4.082 4.393 3.944 3.935 3.482 3.197 2.725 2.456 2.595 2.248 2.083 1.949 2.120 2.237 1.742 1.686 2.156 2.226 1.761 2.071 2.541 2.534 2.753 2.812 2.928 2.765 3.168 3.322 3.475 4.863 6.209 7.074 4.714 3.660 2.952 2.803 2.544 2.491
C1907TS414_2 0.459 4.387 3.653 4.371 3.892 4.317 4.129 3.323 3.635 3.694 3.184 2.947 3.465 3.650 2.855 2.980 4.165 4.061 3.755 5.005 5.127 5.321 5.258 6.218 6.245 5.872 5.146 4.415 3.843 3.980 3.233 2.524 2.788 2.615 2.235 2.093 2.389 2.484 2.063 2.171 2.848 2.647 2.454 3.273 3.594 3.516 3.913 3.835 3.676 4.110 4.189 4.200 4.482 4.720 4.810 4.928 4.401 3.745 3.036 2.634 2.344 1.997
C1907TS414_3 0.448 3.982 4.122 4.292 4.090 4.580 4.314 3.563 3.618 3.896 3.687 3.211 3.584 3.808 3.369 3.548 4.302 4.142 4.107 5.154 5.351 5.450 5.454 6.787 7.014 6.759 5.516 4.820 4.641 4.408 3.467 3.074 3.400 2.924 2.681 2.645 2.855 2.687 2.198 2.224 2.809 2.586 2.289 2.778 3.113 3.118 3.408 3.423 3.353 3.566 3.736 3.854 3.839 4.127 4.122 4.527 4.540 4.281 3.840 3.486 3.112 3.290
C1907TS414_4 0.460 3.959 3.856 4.144 3.871 4.023 3.800 3.606 3.591 3.478 3.077 3.172 3.227 3.278 2.958 3.220 3.545 3.511 3.544 4.236 3.971 4.145 4.453 5.039 5.316 5.085 4.594 4.268 3.862 4.015 3.519 2.981 3.003 2.981 2.757 2.726 2.625 2.838 2.588 2.726 3.088 3.131 3.321 3.448 3.613 3.830 3.625 3.642 3.647 3.870 3.712 3.772 3.782 3.996 4.241 3.920 4.138 3.476 3.472 2.923 2.762 2.402
C1907TS414_5 0.487 4.090 3.699 3.695 3.578 3.341 3.398 3.120 2.805 2.862 2.738 2.542 2.419 2.706 2.558 2.810 2.956 2.907 3.008 3.466 3.438 3.583 3.511 4.160 4.693 4.422 4.087 3.905 3.547 3.281 3.143 2.507 2.652 2.348 2.257 2.216 2.346 2.278 2.035 2.236 2.622 2.701 2.495 3.010 3.484 3.791 3.872 4.003 3.799 3.902 4.053 3.981 3.955 4.462 4.182 4.149 3.901 3.397 2.823 2.613 2.474 2.325
C1907TS438_1 0.347 29.850 29.850 29.850 29.850 29.850 29.850 20.000 16.504 29.323 17.079 12.879 12.337 11.743 11.000 10.672 9.225 9.095 8.365 8.349 8.606 7.735 7.071 7.759 6.678 7.439 5.691 5.180 5.297 5.188 4.699 4.801 4.886 4.737 4.393 4.479 4.094 4.355 4.206 3.953 4.171 4.116 3.890 4.025 3.749 3.939 3.836 4.056 4.191 4.181 4.123 4.320 4.514 4.717 4.845 4.979 5.730 6.989 7.484 7.906 7.390 8.143
C1907TS438_2 0.345 29.850 29.850 29.850 29.850 29.850 29.850 15.265 15.191 18.697 16.052 10.455 11.655 11.301 11.332 10.649 9.113 9.165 8.285 8.201 7.731 7.468 7.492 7.591 6.703 6.729 6.013 5.090 5.595 5.241 4.758 4.720 4.975 4.718 4.578 4.609 4.315 4.478 4.475 4.299 4.418 4.480 4.291 4.356 4.245 4.243 4.222 4.340 4.385 4.286 4.128 4.372 4.483 4.477 4.578 4.772 5.695 6.497 7.480 7.465 7.312 7.091
C1907TS438_3 0.377 29.850 29.850 29.850 29.850 20.512 29.850 9.933 11.501 12.069 9.438 8.706 7.875 7.617 6.453 6.081 6.045 5.492 5.499 5.201 5.116 5.308 5.676 5.128 4.591 4.757 4.877 4.408 4.629 4.654 4.351 4.357 4.505 4.282 3.931 3.974 3.719 4.013 3.886 3.566 3.845 3.881 3.708 3.768 3.671 3.724 3.601 3.603 3.671 3.595 3.635 3.728 3.896 3.760 3.779 4.082 4.762 5.809 6.594 7.591 7.710 7.355
C1907TS438_4 0.373 22.227 14.037 13.614 15.146 12.668 13.611 9.066 9.401 9.552 8.693 7.846 8.419 8.303 7.636 7.463 7.375 6.833 6.769 6.770 6.475 6.740 6.613 6.574 5.692 5.859 5.439 5.172 4.838 4.513 4.564 4.169 4.157 4.263 4.040 3.770 3.791 3.794 3.886 3.887 3.772 3.970 3.812 3.790 3.733 3.842 3.624 3.469 3.527 3.526 3.673 3.611 3.651 3.635 3.748 3.904 4.982 5.942 7.385 7.727 7.612 7.885
C1907TS438_5 0.360 29.850 17.964 17.426 19.248 12.548 12.353 8.184 8.589 8.274 7.703 7.331 6.742 6.418 6.552 6.214 5.924 5.876 5.913 6.131 6.066 6.287 6.116 6.588 6.582 6.756 6.339 5.448 5.233 5.358 5.185 4.415 4.671 4.454 4.021 4.122 4.019 4.063 4.013 3.851 4.002 3.783 3.786 3.820 3.760 3.992 3.892 3.928 4.328 4.474 4.418 4.591 4.758 5.399 5.195 5.184 6.933 9.231 10.096 12.101 12.682 12.567
C1907TS456_1 0.421 8.371 6.931 6.613 5.294 5.200 5.397 4.770 3.832 4.226 4.499 3.803 3.303 3.877 3.953 3.345 3.561 4.099 3.725 3.684 4.494 5.116 4.797 4.493 5.596 6.252 5.339 4.491 3.503 3.039 2.979 2.890 2.885 2.589 2.620 2.717 2.967 2.915 2.760 3.231 3.723 3.510 3.781 4.475 4.703 4.791 5.172 5.502 6.708 5.728 7.607 6.987 5.909 6.299 6.752 6.590 4.747 3.755 4.036 3.019 2.966 2.873
C1907TS456_2 0.483 3.578 3.660 4.182 4.154 4.480 4.229 3.585 4.157 4.335 3.724 3.450 3.978 3.882 3.114 3.291 3.783 3.590 3.008 3.718 4.127 3.472 3.389 4.195 4.561 3.814 3.483 2.971 2.762 2.827 2.411 2.146 2.663 2.365 1.889 2.098 2.773 2.347 1.862 2.546 3.071 2.440 2.460 3.305 3.165 2.653 2.840 3.337 3.169 3.627 3.389 4.061 3.841 4.696 5.080 4.866 3.934 2.910 2.619 2.382 2.061 1.835
C1907TS456_3 0.474 6.682 4.872 7.188 6.264 5.369 5.215 3.526 3.937 4.256 3.544 2.881 3.089 3.595 3.616 2.660 3.017 3.364 2.898 2.981 3.189 3.216 2.966 3.257 2.967 3.222 2.949 2.909 2.621 2.357 1.903 1.923 2.171 2.072 1.774 1.944 2.689 2.442 2.204 2.847 3.721 2.999 3.088 4.010 4.192 3.469 3.677 4.086 3.908 4.724 5.051 4.589 4.719 5.669 5.149 4.740 4.327 2.992 3.685 2.720 2.284 2.105
C1907TS456_4 0.415 24.172 10.898 18.590 29.850 12.401 11.364 8.440 8.828 7.938 5.865 4.837 4.725 4.993 3.962 3.838 4.149 4.144 3.201 3.860 4.015 3.715 3.239 4.892 4.407 5.910 5.970 4.055 3.586 3.247 3.309 2.704 3.098 2.723 2.532 2.583 3.088 2.972 2.257 3.015 4.284 3.469 3.283 4.404 5.323 4.561 4.298 5.712 5.382 7.262 7.737 7.214 4.917 5.921 4.749 4.605 4.296 3.456 3.426 2.541 2.299 2.004
C1907TS456_5 0.490 6.463 5.010 5.774 4.811 4.769 4.119 3.309 3.517 3.303 3.017 2.672 3.026 2.787 2.528 2.552 3.026 2.743 2.617 2.898 3.480 3.280 3.108 3.528 3.264 3.756 4.517 3.949 4.845 4.553 3.911 4.021 3.640 3.259 3.420 3.242 3.021 3.191 3.044 2.831 2.954 3.261 2.778 2.569 2.663 2.984 2.699 2.478 2.515 3.205 2.319 2.129 2.428 2.107 1.885 1.824 2.093 2.706 2.487 2.793 3.012 3.304
C1907TS490_1 0.311 8.891 7.684 9.917 10.329 10.891 12.004 8.663 9.164 9.144 8.501 8.754 6.807 6.489 6.477 6.659 5.792 5.548 6.308 5.270 5.197 5.500 5.714 6.596 6.965 10.062 9.126 15.186 21.953 16.853 16.758 12.518 8.035 10.261 10.719 7.635 6.331 9.141 7.098 5.648 6.024 7.285 6.138 5.870 6.941 8.473 10.368 10.968 22.691 29.850 29.850 29.850 29.850 15.741 12.593 9.580 9.678 7.781 6.679 6.386 5.469 5.252
END



