PFRMAT QA
TARGET C1907
AUTHOR 1075-3222-5762
REMARK Local scores were converted to distances
METHOD VoroMQA-dark
METHOD -------------
MODEL 2
QMODE 2
C1907TS087_2 0.590 1.96 1.99 1.98 1.93 1.95 1.96 1.88 1.79 1.78 1.64 1.50 1.53 1.59 1.66 1.80 1.93 1.96 1.92 1.82 1.80
1.67 1.57 1.43 1.26 1.10 1.07 1.25 1.37 1.37 1.42 1.53 1.51 1.56 1.57 1.51 1.50 1.49 1.42 1.31 1.27
1.19 1.29 1.18 1.01 0.78 0.64 0.82 1.05 1.17 1.34 1.39 1.28 1.49 1.62 1.64 1.78 2.01 2.26 2.50 2.77
2.88
C1907TS273_1 0.589 2.01 1.91 1.80 1.68 1.68 1.70 1.68 1.67 1.63 1.56 1.50 1.41 1.30 1.20 1.14 1.09 1.12 1.13 1.15 1.26
1.32 1.37 1.38 1.35 1.37 1.45 1.57 1.62 1.66 1.64 1.74 1.74 1.77 1.68 1.73 1.70 1.69 1.68 1.51 1.35
1.28 1.38 1.42 1.55 1.54 1.64 1.77 1.82 1.79 1.83 1.75 1.84 2.14 2.27 2.23 2.19 1.94 1.66 1.49 1.42
1.38
C1907TS010_2 0.588 2.13 2.00 1.87 1.70 1.63 1.62 1.62 1.62 1.65 1.64 1.57 1.47 1.38 1.26 1.19 1.15 1.17 1.18 1.20 1.32
1.42 1.47 1.47 1.48 1.53 1.65 1.86 1.96 1.95 1.86 1.86 1.75 1.70 1.58 1.58 1.54 1.53 1.59 1.47 1.36
1.28 1.35 1.29 1.32 1.18 1.16 1.25 1.40 1.50 1.70 1.73 1.88 2.17 2.32 2.33 2.35 2.19 1.95 1.72 1.57
1.43
C1907TS010_1 0.587 1.74 1.77 1.70 1.54 1.41 1.24 1.12 1.08 1.05 0.87 0.71 0.70 0.79 0.91 1.14 1.37 1.49 1.58 1.62 1.61
1.66 1.68 1.75 1.87 2.02 2.05 2.20 2.15 2.11 2.16 2.37 2.31 2.31 2.14 2.04 2.00 2.04 1.95 1.75 1.62
1.56 1.61 1.49 1.36 0.98 0.81 0.95 1.11 1.20 1.34 1.33 1.37 1.58 1.80 2.02 2.13 2.12 2.08 1.96 1.97
2.06
C1907TS010_5 0.584 3.32 2.91 2.49 2.06 1.81 1.74 1.75 1.61 1.48 1.28 1.27 1.39 1.60 1.68 1.86 2.04 2.13 2.27 2.32 2.33
2.30 2.35 2.17 1.93 1.61 1.44 1.47 1.57 1.71 1.97 2.16 2.18 2.15 2.08 1.99 1.93 1.87 1.75 1.38 1.12
0.96 0.95 0.84 0.87 0.71 0.56 0.79 1.03 1.15 1.34 1.33 1.17 1.24 1.29 1.29 1.40 1.43 1.41 1.35 1.34
1.34
C1907TS309_2 0.575 3.16 2.96 2.75 2.36 2.13 1.95 1.70 1.36 1.23 0.90 0.64 0.80 0.98 1.02 1.20 1.32 1.25 1.20 1.07 0.95
0.84 0.89 0.91 1.00 1.00 0.94 0.95 1.01 1.01 1.11 1.35 1.35 1.34 1.34 1.33 1.18 1.05 1.06 0.99 1.03
1.17 1.40 1.59 1.98 2.39 2.75 2.96 2.94 2.94 2.92 2.87 2.69 2.59 2.37 2.25 2.53 2.87 3.11 3.23 3.25
3.01
C1907TS010_3 0.574 1.88 2.02 2.19 2.19 2.16 2.04 1.72 1.52 1.52 1.41 1.42 1.53 1.64 1.74 1.79 1.76 1.75 1.68 1.60 1.55
1.44 1.38 1.49 1.75 2.08 2.47 2.81 2.81 2.63 2.28 2.05 1.90 1.84 1.76 1.75 1.61 1.47 1.38 1.25 1.17
1.13 1.20 1.18 1.25 1.19 1.15 1.11 1.16 1.24 1.36 1.32 1.37 1.55 1.85 2.21 2.54 2.58 2.44 2.17 1.99
1.82
C1907TS414_4 0.573 2.02 1.91 1.75 1.52 1.60 1.82 1.88 1.93 2.02 1.82 1.69 1.77 1.80 1.78 1.88 1.97 1.92 1.91 1.79 1.66
1.43 1.37 1.30 1.30 1.32 1.35 1.40 1.46 1.50 1.68 1.93 1.98 2.03 2.06 2.06 2.06 2.00 1.89 1.74 1.65
1.70 1.72 1.52 1.34 1.21 1.06 1.12 1.21 1.24 1.34 1.41 1.48 1.60 1.76 1.88 2.04 2.19 2.41 2.59 2.84
3.11
C1907TS211_3 0.573 2.92 2.96 2.94 2.79 2.61 2.52 2.42 2.37 2.38 2.21 1.83 1.62 1.50 1.31 1.19 1.11 0.73 0.19 0.00 0.00
0.00 0.00 0.00 0.00 0.00 0.00 0.25 0.53 0.65 0.80 1.02 1.05 1.12 1.07 1.04 0.91 0.77 0.69 0.72 0.88
1.14 1.46 1.66 1.86 1.98 2.08 2.30 2.56 2.81 3.07 3.09 2.96 3.11 3.35 3.53 3.98 4.14 4.13 3.84 3.78
3.56
C1907TS213_5 0.570 2.98 2.66 2.40 2.14 2.03 2.06 2.11 2.02 1.92 1.76 1.59 1.50 1.51 1.49 1.57 1.67 1.75 1.84 1.85 1.85
1.77 1.63 1.39 1.20 0.99 0.97 1.13 1.31 1.46 1.62 1.74 1.73 1.73 1.67 1.70 1.65 1.62 1.59 1.45 1.33
1.31 1.42 1.40 1.49 1.41 1.41 1.62 1.84 2.02 2.25 2.24 2.16 2.24 2.33 2.28 2.29 2.21 2.00 1.85 1.93
1.97
C1907TS213_1 0.568 2.81 2.51 2.29 2.07 1.92 2.01 2.13 2.06 2.01 1.84 1.67 1.60 1.62 1.57 1.60 1.63 1.70 1.81 1.83 1.84
1.76 1.65 1.42 1.25 1.04 1.04 1.19 1.33 1.46 1.57 1.68 1.68 1.68 1.59 1.63 1.62 1.68 1.72 1.63 1.56
1.55 1.62 1.52 1.55 1.49 1.55 1.77 1.97 2.10 2.26 2.26 2.19 2.35 2.44 2.40 2.38 2.22 1.92 1.78 1.82
1.84
C1907TS349_3 0.567 2.03 2.00 2.02 1.91 1.89 1.86 1.71 1.60 1.62 1.55 1.61 1.79 1.95 2.03 2.05 2.05 2.05 2.04 2.05 2.06
1.99 2.07 2.34 2.52 2.58 2.59 2.50 2.32 2.31 2.25 2.22 2.15 2.17 2.15 2.20 2.24 2.17 2.00 1.82 1.69
1.50 1.43 1.31 1.15 0.94 0.80 0.93 0.96 1.00 1.11 1.07 0.85 1.00 1.12 1.20 1.45 1.65 1.81 2.01 2.19
2.29
C1907TS273_2 0.564 2.31 2.20 2.09 1.92 1.88 1.89 1.84 1.80 1.80 1.69 1.63 1.56 1.55 1.50 1.59 1.59 1.62 1.63 1.66 1.69
1.75 1.73 1.68 1.61 1.63 1.74 1.91 1.98 1.97 1.86 1.84 1.80 1.80 1.74 1.75 1.71 1.68 1.67 1.53 1.44
1.53 1.75 1.85 1.98 1.82 1.70 1.74 1.76 1.73 1.83 1.82 1.95 2.38 2.74 2.88 2.87 2.50 2.12 1.76 1.60
1.48
C1907TS414_3 0.562 2.28 2.20 2.08 1.91 1.90 1.97 2.05 2.04 2.08 1.89 1.70 1.59 1.54 1.47 1.52 1.65 1.65 1.63 1.55 1.49
1.33 1.28 1.38 1.53 1.64 1.81 1.88 1.82 1.86 1.93 2.04 2.04 1.99 1.87 1.86 1.83 1.77 1.71 1.63 1.57
1.65 1.85 1.78 1.70 1.60 1.48 1.51 1.69 1.88 2.02 1.99 1.87 1.90 1.82 1.84 2.09 2.33 2.57 2.88 3.06
3.07
C1907TS152_1 0.562 3.13 2.95 2.75 2.39 2.19 2.14 2.06 1.95 1.99 1.78 1.53 1.46 1.45 1.39 1.55 1.71 1.73 1.87 1.95 1.99
2.02 2.05 1.82 1.63 1.40 1.22 1.29 1.37 1.38 1.49 1.65 1.64 1.70 1.67 1.57 1.39 1.14 0.98 0.86 0.90
1.07 1.32 1.33 1.49 1.64 1.77 1.97 2.11 2.16 2.25 2.21 2.10 2.11 2.13 2.10 2.33 2.57 2.85 2.93 3.08
3.01
C1907TS456_4 0.561 2.82 2.73 2.52 2.23 2.02 1.88 1.79 1.77 1.70 1.52 1.37 1.33 1.37 1.40 1.63 1.72 1.82 1.96 2.14 2.11
2.05 1.83 1.65 1.70 1.98 2.16 2.16 1.98 1.68 1.53 1.54 1.40 1.29 1.24 1.17 1.15 1.10 1.01 0.93 1.01
1.16 1.40 1.50 1.62 1.62 1.65 1.70 1.94 2.23 2.53 2.59 2.70 2.68 2.82 2.75 2.74 2.49 2.44 2.27 2.33
2.26
C1907TS273_3 0.561 2.72 2.52 2.32 2.12 2.02 2.01 2.07 2.00 1.99 1.96 1.89 1.87 1.95 1.88 1.87 1.89 1.88 1.86 1.80 1.75
1.67 1.60 1.50 1.40 1.31 1.25 1.35 1.42 1.52 1.62 1.77 1.78 1.78 1.69 1.69 1.66 1.67 1.70 1.63 1.63
1.63 1.63 1.50 1.43 1.27 1.35 1.72 1.99 2.20 2.35 2.29 2.20 2.39 2.44 2.47 2.48 2.35 2.10 1.98 1.94
1.96
C1907TS010_4 0.558 3.06 2.77 2.53 2.25 2.07 2.06 2.12 2.03 2.01 1.86 1.73 1.69 1.74 1.69 1.73 1.72 1.72 1.76 1.76 1.75
1.69 1.58 1.42 1.29 1.25 1.33 1.47 1.56 1.59 1.60 1.70 1.74 1.78 1.77 1.86 1.88 1.90 1.93 1.84 1.79
1.80 1.82 1.69 1.65 1.51 1.55 1.85 2.10 2.38 2.59 2.47 2.29 2.29 2.22 2.15 2.14 2.04 1.87 1.82 1.91
1.97
C1907TS414_5 0.557 2.04 1.94 1.78 1.62 1.61 1.72 1.84 1.91 1.96 1.85 1.79 1.87 1.91 1.94 2.02 2.11 2.06 2.03 1.84 1.71
1.53 1.61 1.66 1.80 1.88 1.91 1.95 2.04 2.04 2.12 2.30 2.29 2.30 2.23 2.15 2.00 1.83 1.73 1.60 1.55
1.61 1.74 1.69 1.74 1.63 1.57 1.62 1.61 1.62 1.74 1.63 1.57 1.66 1.65 1.67 1.87 2.04 2.36 2.72 3.03
3.26
C1907TS087_1 0.552 2.81 2.76 2.56 2.29 2.21 2.14 2.09 2.05 1.97 1.82 1.67 1.68 1.77 1.81 1.87 1.97 1.94 1.99 1.98 1.92
1.86 1.82 1.61 1.59 1.55 1.46 1.56 1.64 1.70 1.85 2.04 2.08 2.06 1.94 1.91 1.85 1.76 1.74 1.64 1.57
1.55 1.71 1.56 1.45 1.25 1.22 1.37 1.63 1.75 1.89 1.91 2.05 2.33 2.57 2.63 2.75 2.77 2.77 2.63 2.59
2.47
C1907TS073_2 0.552 2.43 2.32 2.22 2.03 2.11 2.37 2.51 2.50 2.49 2.19 1.93 1.85 1.82 1.76 1.78 1.80 1.77 1.73 1.67 1.62
1.50 1.45 1.44 1.48 1.55 1.54 1.54 1.61 1.67 1.77 1.97 1.95 1.93 1.94 2.00 1.93 1.81 1.66 1.42 1.27
1.29 1.31 1.15 1.06 0.85 0.82 1.18 1.56 1.89 2.15 2.26 2.29 2.62 3.00 3.25 3.34 3.24 3.02 2.88 2.93
2.98
C1907TS349_2 0.551 2.15 2.32 2.39 2.40 2.39 2.31 2.28 2.32 2.35 2.23 2.10 1.98 1.93 1.93 1.98 2.00 2.06 2.09 2.01 1.98
1.88 1.75 1.75 1.85 1.88 1.86 1.79 1.61 1.58 1.59 1.72 1.83 1.85 1.78 1.80 1.82 1.74 1.76 1.68 1.63
1.63 1.82 1.83 1.82 1.62 1.54 1.60 1.66 1.73 1.84 1.77 1.70 1.86 1.97 2.05 2.25 2.48 2.59 2.60 2.61
2.52
C1907TS213_3 0.551 3.38 2.97 2.63 2.29 2.09 2.06 2.10 1.98 1.93 1.83 1.73 1.68 1.73 1.67 1.73 1.83 1.90 1.97 1.95 1.93
1.84 1.73 1.55 1.39 1.19 1.16 1.33 1.52 1.69 1.88 2.05 2.05 2.04 2.01 2.06 2.05 2.02 1.98 1.77 1.63
1.55 1.64 1.56 1.65 1.66 1.71 1.86 2.04 2.15 2.28 2.26 2.20 2.27 2.40 2.46 2.51 2.43 2.20 2.02 2.03
2.05
C1907TS211_4 0.550 2.86 3.14 3.37 3.41 3.14 3.00 2.76 2.48 2.34 2.09 1.90 1.90 1.98 1.95 2.05 2.13 2.13 2.07 1.84 1.55
1.23 1.05 0.85 0.83 0.99 1.15 1.32 1.42 1.50 1.60 1.81 1.86 1.96 1.89 1.82 1.67 1.51 1.34 1.22 1.17
1.21 1.35 1.47 1.71 1.94 2.09 2.24 2.20 2.04 2.10 2.11 2.16 2.28 2.36 2.26 2.39 2.47 2.70 2.65 2.68
2.59
C1907TS349_4 0.548 2.31 2.26 2.19 2.11 2.15 2.17 2.18 2.11 2.03 1.83 1.74 1.78 1.89 2.00 2.19 2.31 2.34 2.54 2.43 2.27
2.05 1.82 1.62 1.66 1.73 1.73 1.75 1.69 1.70 1.76 1.98 1.96 2.00 2.04 2.07 2.04 1.91 1.65 1.40 1.37
1.43 1.61 1.62 1.57 1.42 1.30 1.36 1.49 1.64 1.88 1.98 1.95 2.11 2.31 2.44 2.73 2.79 2.92 2.80 2.82
2.77
C1907TS213_2 0.548 3.29 2.89 2.56 2.20 2.00 1.99 2.03 2.07 2.16 2.10 1.96 1.82 1.69 1.57 1.63 1.74 1.88 2.03 2.08 2.17
2.15 2.03 1.77 1.52 1.20 1.14 1.35 1.54 1.69 1.87 2.00 2.00 2.01 1.93 1.95 1.95 1.97 2.01 1.93 1.87
1.83 1.85 1.68 1.58 1.41 1.42 1.70 1.99 2.21 2.38 2.36 2.24 2.38 2.45 2.39 2.39 2.38 2.22 2.16 2.25
2.25
C1907TS413_2 0.547 3.27 3.01 2.79 2.44 2.31 2.37 2.41 2.37 2.48 2.19 1.82 1.63 1.54 1.41 1.56 1.73 1.76 1.81 1.79 1.76
1.67 1.70 1.63 1.55 1.44 1.46 1.61 1.76 1.86 2.00 2.15 2.10 2.09 1.96 1.83 1.63 1.43 1.28 1.19 1.20
1.32 1.49 1.48 1.58 1.66 1.72 1.91 2.03 2.05 2.18 2.15 2.04 2.07 2.04 1.99 2.26 2.61 3.25 3.58 3.82
3.78
C1907TS413_4 0.546 3.81 3.50 3.19 2.80 2.61 2.57 2.45 2.24 2.18 1.88 1.58 1.42 1.38 1.25 1.38 1.58 1.69 1.79 1.88 1.92
1.87 1.92 1.83 1.73 1.59 1.54 1.57 1.59 1.57 1.66 1.77 1.74 1.73 1.60 1.41 1.23 1.01 0.86 0.71 0.75
0.85 1.16 1.32 1.59 1.89 2.18 2.42 2.75 2.90 2.95 2.82 2.64 2.54 2.52 2.47 2.70 2.82 3.06 3.09 3.12
2.93
C1907TS240_4 0.546 4.52 4.06 3.51 2.79 2.34 2.11 1.89 1.64 1.53 1.25 1.03 0.98 0.96 0.87 0.98 1.11 1.13 1.39 1.66 1.95
2.15 2.19 1.87 1.58 1.28 1.04 0.95 0.91 0.99 1.11 1.38 1.49 1.60 1.70 1.84 1.83 1.78 1.79 1.78 1.90
2.03 2.17 2.00 1.94 1.90 1.88 2.00 2.29 2.53 2.82 2.93 2.90 3.05 3.22 3.24 3.29 3.12 3.01 3.06 3.20
3.36
C1907TS228_2 0.546 3.08 3.16 3.11 2.91 2.71 2.49 2.38 2.35 2.43 2.34 2.24 2.13 2.04 1.85 1.74 1.61 1.37 1.21 1.13 1.13
1.06 1.05 0.90 0.84 0.90 1.07 1.28 1.40 1.55 1.76 2.04 2.10 2.20 2.22 2.26 2.25 2.25 2.10 1.87 1.78
1.75 1.86 1.99 2.12 2.04 2.05 2.00 1.97 2.01 2.14 2.13 2.16 2.22 2.26 2.25 2.42 2.51 2.64 2.63 2.66
2.57
C1907TS240_3 0.545 4.05 3.76 3.45 2.98 2.63 2.49 2.29 1.97 1.82 1.53 1.28 1.10 0.98 0.72 0.75 0.84 0.85 1.07 1.28 1.43
1.52 1.50 1.24 1.07 0.91 0.68 0.62 0.64 0.67 0.78 1.13 1.28 1.42 1.57 1.73 1.75 1.86 1.99 2.00 2.08
2.24 2.41 2.38 2.44 2.41 2.36 2.50 2.65 2.85 3.11 3.27 3.32 3.48 3.41 3.28 3.23 3.07 3.07 3.11 3.23
3.32
C1907TS087_4 0.544 2.30 2.36 2.32 2.23 2.24 2.20 2.06 1.95 1.94 1.85 1.82 2.01 2.15 2.16 2.16 2.13 1.98 2.02 2.05 2.11
2.19 2.17 2.17 2.22 2.24 2.26 2.36 2.27 2.27 2.34 2.43 2.42 2.39 2.25 2.17 2.11 2.05 1.99 1.84 1.69
1.56 1.52 1.43 1.40 1.50 1.69 1.89 1.98 2.00 1.89 1.79 1.70 1.73 1.72 1.71 1.76 1.79 1.85 1.97 2.16
2.31
C1907TS073_5 0.543 3.97 3.60 3.22 2.77 2.56 2.50 2.50 2.38 2.28 1.99 1.80 1.70 1.73 1.79 1.95 2.01 1.97 1.92 1.80 1.70
1.52 1.38 1.23 1.21 1.26 1.25 1.25 1.30 1.34 1.47 1.74 1.80 1.85 1.84 1.82 1.80 1.75 1.72 1.71 1.74
1.82 1.96 1.90 1.78 1.64 1.64 1.77 1.93 2.04 2.13 2.19 2.26 2.45 2.56 2.57 2.68 2.85 3.08 3.15 3.17
3.14
C1907TS240_5 0.542 3.39 3.20 3.02 2.65 2.40 2.22 2.03 1.76 1.67 1.42 1.14 1.00 1.01 0.98 1.17 1.34 1.43 1.67 1.92 2.15
2.27 2.20 1.94 1.78 1.64 1.54 1.53 1.47 1.41 1.43 1.59 1.65 1.74 1.82 1.96 1.98 1.96 2.01 1.99 1.99
2.03 2.15 2.03 2.04 2.01 1.96 2.09 2.50 2.69 2.90 2.82 2.48 2.23 2.24 2.18 2.37 2.53 2.78 3.04 3.32
3.55
C1907TS414_2 0.541 2.48 2.33 2.16 1.96 2.04 2.27 2.47 2.58 2.72 2.50 2.27 2.22 2.15 2.04 2.09 2.12 2.00 1.97 1.86 1.77
1.65 1.59 1.46 1.45 1.42 1.39 1.43 1.46 1.47 1.69 2.03 2.21 2.33 2.41 2.43 2.42 2.36 2.24 2.01 1.80
1.71 1.65 1.45 1.38 1.36 1.35 1.46 1.58 1.69 1.78 1.82 1.86 2.06 2.19 2.28 2.45 2.59 2.86 3.35 3.84
4.18
C1907TS413_1 0.541 3.56 3.26 2.91 2.44 2.27 2.28 2.33 2.38 2.50 2.26 1.97 1.88 1.86 1.85 2.06 2.26 2.28 2.38 2.37 2.33
2.22 2.18 1.92 1.73 1.53 1.37 1.41 1.48 1.45 1.54 1.79 1.78 1.84 1.80 1.66 1.44 1.34 1.30 1.23 1.29
1.39 1.48 1.42 1.56 1.69 1.87 2.16 2.35 2.40 2.48 2.35 2.14 2.11 2.07 1.99 2.24 2.62 3.01 3.13 3.22
2.96
C1907TS228_4 0.541 3.23 3.31 3.26 3.04 2.82 2.60 2.47 2.44 2.52 2.43 2.33 2.22 2.12 1.95 1.84 1.71 1.45 1.27 1.15 1.10
0.99 0.94 0.71 0.63 0.73 0.91 1.17 1.30 1.47 1.70 2.00 2.08 2.23 2.26 2.33 2.35 2.35 2.20 1.97 1.87
1.87 2.00 2.11 2.26 2.21 2.20 2.14 2.10 2.12 2.24 2.25 2.30 2.34 2.36 2.34 2.48 2.56 2.68 2.68 2.69
2.61
C1907TS211_1 0.541 2.25 2.11 1.91 1.55 1.29 1.13 1.01 0.89 0.96 0.83 0.54 0.14 0.40 0.45 0.74 1.06 1.22 1.15 1.09 1.05
0.98 1.11 1.28 1.37 1.41 1.36 1.26 1.19 1.14 1.13 1.29 1.26 1.24 1.20 1.17 1.08 1.12 1.14 1.14 1.29
1.55 1.86 2.23 2.67 2.91 3.33 3.70 4.02 4.45 4.87 4.60 4.76 4.96 5.30 5.75 7.30 8.71 12.07 10.31 9.28
7.11
C1907TS413_5 0.540 2.91 2.84 2.74 2.56 2.49 2.49 2.45 2.29 2.24 1.96 1.67 1.58 1.59 1.54 1.77 2.01 2.07 2.10 2.03 1.92
1.87 1.95 1.88 1.84 1.78 1.77 1.88 1.98 1.96 2.03 2.12 2.04 2.02 1.93 1.81 1.69 1.51 1.41 1.31 1.32
1.34 1.46 1.32 1.30 1.33 1.44 1.67 1.95 2.17 2.40 2.43 2.32 2.28 2.25 2.22 2.54 2.79 3.25 3.49 3.76
3.77
C1907TS230_1 0.540 2.79 2.74 2.54 2.17 1.95 1.84 1.72 1.67 1.73 1.55 1.44 1.38 1.39 1.37 1.51 1.70 1.89 2.00 2.03 2.01
2.04 2.11 2.06 2.08 2.04 1.91 1.96 2.01 1.95 1.94 2.14 2.15 2.08 1.98 1.89 1.67 1.47 1.38 1.20 1.07
1.07 1.33 1.37 1.53 1.67 1.83 1.99 2.24 2.38 2.43 2.30 2.20 2.37 2.84 3.39 4.02 4.39 4.21 3.68 3.53
3.35
C1907TS213_4 0.540 2.99 2.70 2.45 2.21 2.07 2.10 2.14 2.07 2.06 1.96 1.84 1.80 1.82 1.76 1.83 1.96 2.08 2.21 2.29 2.32
2.25 2.15 1.92 1.72 1.46 1.41 1.56 1.77 1.94 2.15 2.32 2.29 2.25 2.17 2.10 1.91 1.81 1.75 1.61 1.58
1.61 1.57 1.38 1.39 1.34 1.47 1.79 2.04 2.25 2.47 2.51 2.53 2.66 2.73 2.77 2.83 2.77 2.57 2.32 2.25
2.16
C1907TS414_1 0.539 2.26 2.11 1.96 1.72 1.71 1.83 1.96 2.01 2.06 1.86 1.74 1.73 1.80 1.80 1.87 2.06 2.15 2.16 2.09 2.05
1.93 2.03 2.11 2.19 2.17 2.25 2.43 2.58 2.56 2.63 2.79 2.80 2.81 2.76 2.63 2.51 2.36 2.20 1.94 1.72
1.51 1.45 1.27 1.21 1.10 1.15 1.35 1.47 1.58 1.72 1.70 1.75 2.07 2.17 2.20 2.31 2.44 2.68 3.01 3.26
3.34
C1907TS413_3 0.539 3.67 3.47 3.19 2.82 2.61 2.60 2.57 2.52 2.50 2.15 1.84 1.69 1.69 1.67 1.86 1.97 1.90 1.90 1.85 1.77
1.75 1.82 1.63 1.47 1.26 1.08 1.15 1.26 1.29 1.41 1.58 1.57 1.55 1.52 1.42 1.32 1.25 1.31 1.27 1.36
1.46 1.65 1.61 1.73 1.90 2.10 2.42 2.67 2.67 2.61 2.45 2.22 2.22 2.37 2.54 2.99 3.46 4.00 3.99 4.07
3.92
C1907TS228_5 0.539 3.29 3.38 3.33 3.10 2.87 2.64 2.51 2.47 2.55 2.44 2.33 2.20 2.09 1.91 1.81 1.68 1.44 1.27 1.15 1.10
1.00 0.95 0.73 0.65 0.76 0.94 1.20 1.33 1.50 1.73 2.03 2.10 2.24 2.27 2.34 2.35 2.35 2.19 1.96 1.86
1.87 2.01 2.13 2.28 2.24 2.24 2.16 2.13 2.14 2.27 2.28 2.33 2.36 2.36 2.34 2.47 2.55 2.67 2.66 2.67
2.58
C1907TS215_1 0.539 2.36 2.28 2.22 2.07 2.01 2.11 2.24 2.24 2.24 1.99 1.80 1.70 1.69 1.72 1.82 1.89 2.00 2.09 2.06 2.07
1.99 2.02 2.11 2.29 2.39 2.48 2.43 2.36 2.29 2.19 2.03 1.82 1.70 1.63 1.68 1.71 1.62 1.55 1.47 1.46
1.50 1.63 1.59 1.66 1.70 1.84 2.01 2.11 2.10 2.12 2.07 2.12 2.43 2.79 2.93 3.03 2.82 2.62 2.48 2.56
2.59
C1907TS349_5 0.538 2.40 2.38 2.34 2.22 2.13 2.18 2.21 2.15 2.10 1.94 1.72 1.65 1.72 1.84 2.02 2.14 2.30 2.38 2.30 2.29
2.22 2.02 1.94 1.96 1.95 1.94 1.94 1.82 1.73 1.67 1.71 1.70 1.72 1.67 1.68 1.62 1.59 1.59 1.60 1.64
1.72 1.84 1.83 1.83 1.84 1.83 1.91 1.94 2.00 2.05 2.08 2.30 2.63 2.72 2.78 2.91 2.86 3.08 3.18 3.19
3.06
C1907TS240_2 0.538 3.98 3.84 3.59 3.13 2.77 2.64 2.44 2.17 2.02 1.71 1.35 1.16 1.06 0.94 1.09 1.29 1.39 1.62 1.82 1.96
2.04 1.95 1.65 1.49 1.41 1.32 1.34 1.29 1.27 1.30 1.46 1.50 1.52 1.55 1.78 1.95 2.06 2.24 2.27 2.23
2.30 2.41 2.20 2.11 2.02 1.89 2.03 2.39 2.61 2.87 2.78 2.40 2.20 2.20 2.19 2.48 2.77 3.16 3.32 3.54
3.61
C1907TS073_4 0.536 2.88 2.71 2.52 2.34 2.25 2.27 2.37 2.34 2.29 2.08 1.93 1.82 1.76 1.74 1.85 1.95 2.03 2.13 2.11 2.07
1.92 1.83 1.71 1.73 1.76 1.71 1.64 1.59 1.51 1.60 1.79 1.81 1.90 1.94 1.99 2.05 2.01 1.91 1.84 1.81
1.88 2.06 1.96 1.88 1.77 1.80 2.04 2.27 2.38 2.41 2.28 2.21 2.34 2.51 2.69 2.81 2.86 2.91 2.75 2.74
2.77
C1907TS228_1 0.534 3.33 3.42 3.36 3.13 2.89 2.65 2.51 2.47 2.53 2.40 2.27 2.13 2.00 1.82 1.73 1.60 1.36 1.21 1.11 1.11
1.05 1.02 0.83 0.78 0.88 1.08 1.34 1.46 1.61 1.81 2.09 2.15 2.29 2.33 2.41 2.41 2.39 2.23 1.99 1.92
1.94 2.08 2.19 2.34 2.31 2.32 2.31 2.31 2.32 2.41 2.38 2.38 2.40 2.41 2.38 2.56 2.69 2.87 2.84 2.82
2.67
C1907TS152_2 0.534 3.12 3.08 2.94 2.73 2.68 2.67 2.57 2.50 2.53 2.30 2.03 1.86 1.78 1.69 1.91 2.15 2.22 2.31 2.38 2.39
2.32 2.31 2.07 1.83 1.60 1.50 1.58 1.69 1.77 1.91 2.06 1.99 2.03 1.92 1.72 1.51 1.29 1.20 1.13 1.21
1.30 1.52 1.50 1.65 1.78 1.92 2.08 2.22 2.22 2.32 2.30 2.22 2.24 2.28 2.22 2.56 2.95 3.33 3.28 3.31
2.99
C1907TS073_1 0.534 3.13 2.83 2.51 2.16 2.06 2.06 2.10 2.07 2.02 1.87 1.75 1.77 1.85 1.93 2.05 2.12 2.08 2.09 2.03 1.96
1.76 1.63 1.49 1.47 1.50 1.51 1.52 1.66 1.81 2.04 2.33 2.38 2.33 2.22 2.15 2.04 1.88 1.80 1.68 1.60
1.70 1.88 1.89 1.90 2.10 2.30 2.45 2.56 2.62 2.47 2.35 2.24 2.19 2.15 2.16 2.36 2.65 3.01 3.26 3.50
3.47
C1907TS405_4 0.532 3.65 3.34 2.92 2.43 2.05 1.90 1.95 1.98 1.94 1.78 1.55 1.35 1.14 0.90 0.78 0.75 0.71 0.84 0.61 0.07
0.00 0.00 0.00 0.00 0.00 0.00 0.00 0.89 1.52 1.98 2.31 2.29 2.33 2.28 2.33 2.42 2.48 2.47 2.37 2.31
2.19 2.22 2.22 2.28 2.25 2.32 2.58 2.85 3.19 3.54 3.74 3.94 4.51 5.02 5.08 5.61 5.63 5.94 5.57 5.47
4.79
C1907TS359_1 0.530 4.88 4.26 3.88 3.28 2.91 2.82 2.69 2.38 2.25 1.92 1.66 1.48 1.37 1.26 1.34 1.44 1.58 1.70 1.54 1.33
1.03 0.67 0.00 0.00 0.00 0.23 0.75 0.99 1.16 1.43 1.71 1.96 2.27 2.39 2.38 2.29 2.16 2.03 1.85 1.68
1.52 1.59 1.70 2.12 2.56 3.01 3.42 3.61 3.44 3.32 3.11 2.90 2.91 2.97 3.06 3.26 3.29 3.35 3.25 3.25
3.24
C1907TS389_1 0.528 5.49 5.13 4.57 3.76 3.23 2.84 2.43 2.02 1.77 1.31 0.91 0.64 0.75 0.81 1.06 1.28 1.35 1.47 1.64 1.79
1.77 1.67 1.38 1.23 1.09 0.97 1.10 1.10 1.03 1.13 1.36 1.31 1.43 1.50 1.53 1.58 1.72 1.84 1.79 1.86
2.01 2.36 2.63 3.20 3.33 3.25 3.18 3.04 2.85 3.00 2.93 2.80 2.96 3.03 3.04 3.39 3.65 4.02 4.14 4.25
4.04
C1907TS211_5 0.528 2.90 2.89 2.84 2.70 2.59 2.59 2.56 2.48 2.40 2.16 1.95 1.89 1.88 1.85 1.88 1.88 1.79 1.72 1.55 1.37
1.24 1.19 1.21 1.51 1.82 1.97 1.93 1.72 1.43 1.32 1.42 1.51 1.61 1.72 1.89 2.04 2.14 2.12 1.95 1.75
1.61 1.68 1.76 1.88 1.93 1.98 2.14 2.34 2.54 2.77 2.82 2.76 2.95 3.16 3.30 3.74 3.98 4.03 3.79 3.68
3.37
C1907TS152_4 0.528 3.14 3.39 3.56 3.47 3.15 2.94 2.73 2.52 2.44 2.25 2.10 2.11 2.20 2.19 2.27 2.32 2.30 2.24 2.02 1.77
1.49 1.33 1.18 1.20 1.41 1.64 1.83 1.96 2.02 2.04 2.17 2.11 2.11 1.96 1.80 1.58 1.34 1.08 0.97 0.96
1.08 1.30 1.47 1.78 2.14 2.45 2.69 2.67 2.46 2.44 2.38 2.40 2.49 2.61 2.68 2.99 3.18 3.44 3.15 3.03
2.83
C1907TS258_2 0.527 3.40 3.47 3.43 3.46 3.42 3.32 3.06 2.78 2.49 2.21 2.11 2.18 2.33 2.46 2.55 2.55 2.61 2.71 2.64 2.58
2.57 2.45 2.33 2.33 2.14 1.86 1.89 1.85 1.79 1.92 2.12 1.98 1.92 1.88 1.83 1.87 2.04 2.06 1.88 1.72
1.55 1.46 1.28 1.23 1.17 1.07 1.21 1.39 1.52 1.68 1.83 1.78 1.80 1.83 1.86 2.01 2.35 2.66 2.88 3.13
3.26
C1907TS369_4 0.526 2.67 2.66 2.62 2.36 2.13 2.02 1.95 1.87 1.91 1.78 1.60 1.50 1.50 1.61 1.81 2.02 2.21 2.52 2.33 1.99
1.51 0.94 0.00 0.00 0.22 0.56 1.00 1.34 1.59 1.92 2.24 2.19 2.23 2.32 2.43 2.54 2.61 2.58 2.31 2.14
2.17 2.37 2.34 2.41 2.39 2.28 2.42 2.69 2.92 3.18 3.25 3.03 3.03 3.08 3.09 3.32 3.53 3.53 3.33 3.28
3.18
C1907TS345_1 0.526 2.64 2.42 2.19 1.93 1.84 2.00 2.10 2.12 2.25 2.20 2.23 2.28 2.28 2.14 2.08 2.02 1.97 2.00 2.13 2.37
2.45 2.39 2.36 2.43 2.53 2.54 2.36 2.00 1.64 1.55 1.62 1.61 1.59 1.67 1.62 1.66 1.62 1.56 1.38 1.38
1.41 1.51 1.48 1.59 1.55 1.71 1.91 2.24 2.66 3.13 3.34 3.65 3.63 3.58 3.45 3.34 3.09 3.05 2.84 2.80
2.67
C1907TS345_5 0.525 3.00 2.74 2.45 2.08 1.91 1.94 1.98 1.98 1.98 1.80 1.73 1.92 2.12 2.26 2.41 2.52 2.42 2.42 2.31 2.27
2.14 2.12 2.03 2.00 2.09 2.24 2.34 2.30 2.15 2.05 2.26 2.34 2.44 2.43 2.38 2.22 2.11 2.03 1.89 1.77
1.68 1.61 1.40 1.35 1.32 1.37 1.52 1.82 2.13 2.45 2.63 2.66 2.73 2.86 2.90 2.94 2.90 2.89 2.78 2.84
2.84
C1907TS258_5 0.524 2.96 2.89 2.74 2.68 2.83 3.13 3.31 3.26 3.02 2.71 2.39 2.31 2.37 2.38 2.43 2.53 2.50 2.49 2.43 2.43
2.30 2.27 2.11 2.07 2.01 1.97 1.97 1.94 1.82 1.84 2.01 2.06 2.14 2.20 2.24 2.24 2.22 2.16 1.94 1.75
1.66 1.63 1.40 1.25 1.21 1.21 1.43 1.72 1.86 1.91 1.98 1.89 1.88 1.90 1.96 2.14 2.46 2.64 2.79 2.89
2.92
C1907TS349_1 0.523 2.78 2.70 2.52 2.18 2.08 2.05 2.02 1.97 2.03 1.87 1.76 1.80 1.91 1.96 2.05 2.15 2.16 2.16 2.10 2.13
2.02 1.93 1.87 1.87 1.89 2.08 2.25 2.38 2.44 2.45 2.54 2.58 2.58 2.53 2.46 2.37 2.24 2.18 2.06 2.04
2.13 2.35 2.27 2.32 2.27 2.23 2.29 2.36 2.30 2.31 2.19 2.00 1.96 1.87 1.90 2.13 2.41 2.71 2.95 3.09
3.09
C1907TS123_3 0.522 3.19 3.17 3.08 2.88 2.68 2.69 2.75 2.50 2.33 1.93 1.58 1.31 1.25 1.05 1.05 1.15 1.38 1.61 1.68 1.75
1.60 1.43 1.32 1.49 1.53 1.60 1.71 1.73 1.75 1.93 2.23 2.24 2.27 2.28 2.31 2.22 2.21 2.17 2.06 2.00
2.00 2.07 2.02 2.15 2.26 2.38 2.57 2.83 3.10 3.30 3.34 3.37 3.50 3.76 3.94 3.76 3.40 2.95 2.60 2.48
2.43
C1907TS389_3 0.521 5.22 4.48 3.83 3.12 2.72 2.57 2.51 2.38 2.14 1.64 1.05 0.37 0.00 0.00 0.63 0.99 1.22 1.48 1.68 1.73
1.55 1.35 1.15 1.14 1.20 1.19 1.20 1.08 0.96 0.98 1.21 1.18 1.18 1.07 0.89 0.86 1.13 1.32 1.37 1.63
1.91 2.31 2.71 3.07 3.02 3.07 3.31 3.42 3.54 3.78 3.75 3.72 3.98 4.22 4.26 4.90 5.81 8.16 9.37 11.58
9.25
C1907TS369_2 0.521 2.14 2.19 2.28 2.28 2.43 2.55 2.45 2.36 2.43 2.27 2.02 1.94 1.97 2.03 2.18 2.30 2.29 2.28 2.24 2.23
2.11 1.83 1.56 1.61 1.55 1.48 1.61 1.54 1.43 1.57 1.88 1.83 1.81 1.75 1.83 1.83 1.93 1.95 1.81 1.71
1.78 1.94 1.86 1.83 1.83 1.91 2.22 2.65 2.87 3.02 2.97 2.91 3.10 3.39 3.52 3.75 3.78 3.76 3.61 3.53
3.41
C1907TS345_4 0.521 2.47 2.36 2.23 1.97 1.86 1.85 1.87 1.93 2.04 1.92 1.87 1.88 2.06 2.25 2.51 2.64 2.69 2.65 2.65 2.63
2.50 2.28 2.02 1.86 1.88 2.05 2.29 2.42 2.53 2.66 2.83 2.84 2.72 2.42 2.22 2.10 2.02 2.00 1.87 1.75
1.62 1.68 1.64 1.66 1.65 1.74 1.88 2.36 2.90 3.30 3.28 3.05 2.64 2.42 2.32 2.34 2.33 2.43 2.34 2.31
2.23
C1907TS369_3 0.520 3.30 3.22 2.97 2.74 2.63 2.62 2.65 2.65 2.69 2.48 2.25 2.23 2.17 2.01 2.07 2.13 1.96 1.89 1.73 1.49
1.18 1.08 0.97 1.00 1.07 1.13 1.22 1.27 1.40 1.62 1.91 2.03 2.13 2.18 2.28 2.36 2.44 2.48 2.41 2.37
2.54 2.73 2.59 2.47 2.32 2.13 2.21 2.36 2.49 2.65 2.66 2.64 2.65 2.56 2.53 2.75 2.91 3.22 3.33 3.40
3.33
C1907TS230_5 0.520 3.38 3.18 2.95 2.51 2.35 2.30 2.29 2.23 2.29 2.16 2.07 2.03 2.13 2.11 2.11 2.09 2.03 1.95 1.82 1.68
1.46 1.30 1.22 1.29 1.39 1.42 1.48 1.57 1.65 1.81 2.04 2.03 2.12 2.15 2.36 2.71 2.94 2.94 2.72 2.40
2.13 2.13 2.10 2.25 2.33 2.40 2.44 2.31 2.17 2.19 2.19 2.18 2.39 2.57 2.69 3.04 3.35 3.63 3.44 3.33
3.01
C1907TS230_4 0.519 3.38 3.16 2.89 2.42 2.10 1.96 1.81 1.74 1.88 1.83 1.73 1.79 1.82 1.78 1.95 2.07 2.18 2.45 2.56 2.61
2.60 2.35 2.08 1.92 1.69 1.52 1.55 1.54 1.60 1.82 2.00 1.99 1.97 1.89 1.81 1.85 1.90 1.97 1.90 1.88
1.86 1.87 1.82 1.90 1.96 2.14 2.32 2.40 2.42 2.44 2.44 2.61 2.85 3.11 3.23 3.60 4.07 4.52 4.27 4.16
3.65
C1907TS215_5 0.519 2.98 2.71 2.50 2.30 2.20 2.38 2.45 2.63 2.74 2.69 2.53 2.42 2.27 2.25 2.23 2.21 2.23 2.33 2.37 2.46
2.63 2.69 2.60 2.48 2.25 1.98 1.97 2.01 1.94 1.92 2.01 2.01 2.02 2.09 2.07 2.01 1.91 1.85 1.80 1.80
1.81 1.89 1.81 1.77 1.71 1.71 1.88 2.06 2.20 2.37 2.37 2.30 2.41 2.50 2.53 2.61 2.65 2.69 2.67 2.72
2.73
C1907TS345_2 0.517 2.81 2.81 2.72 2.48 2.38 2.50 2.41 2.37 2.40 2.14 1.93 2.03 2.18 2.20 2.35 2.46 2.40 2.34 2.24 2.14
1.98 1.96 1.88 1.97 2.08 2.25 2.51 2.64 2.77 2.93 3.16 3.10 2.97 2.76 2.73 2.58 2.38 2.21 1.92 1.76
1.62 1.54 1.38 1.35 1.29 1.45 1.68 2.00 2.28 2.49 2.34 2.11 1.94 1.82 1.92 2.33 2.76 3.02 3.12 3.04
2.85
C1907TS240_1 0.516 4.40 3.99 3.59 3.03 2.72 2.56 2.39 2.08 1.91 1.54 1.16 0.96 0.92 0.87 1.10 1.30 1.41 1.67 1.95 2.21
2.39 2.31 1.98 1.77 1.60 1.47 1.45 1.32 1.20 1.18 1.33 1.42 1.56 1.72 2.02 2.21 2.33 2.48 2.42 2.41
2.53 2.72 2.58 2.59 2.52 2.44 2.62 3.00 3.08 3.24 3.21 2.95 2.83 3.00 2.98 3.14 3.31 3.61 3.92 4.44
4.98
C1907TS215_3 0.515 3.25 3.07 2.85 2.49 2.33 2.34 2.34 2.42 2.55 2.35 2.24 2.27 2.32 2.31 2.40 2.39 2.32 2.33 2.37 2.38
2.26 2.23 2.20 2.20 2.28 2.47 2.54 2.55 2.49 2.45 2.40 2.27 2.17 2.09 2.00 1.92 1.79 1.62 1.46 1.41
1.40 1.47 1.46 1.45 1.42 1.51 1.74 2.05 2.40 2.73 2.86 2.81 2.78 2.82 2.80 2.77 2.75 2.77 2.83 3.03
3.26
C1907TS211_2 0.514 3.99 3.95 3.83 3.47 3.08 2.93 2.71 2.43 2.27 1.90 1.53 1.35 1.30 1.22 1.28 1.35 1.35 1.50 1.60 1.74
1.86 2.00 1.90 1.82 1.62 1.44 1.38 1.31 1.27 1.34 1.50 1.55 1.69 1.76 1.94 2.11 2.23 2.29 2.22 2.30
2.45 2.66 2.70 2.84 2.77 2.86 3.00 3.15 3.25 3.43 3.48 3.51 3.49 3.29 3.09 3.11 3.10 3.31 3.25 3.14
2.95
C1907TS215_4 0.513 3.74 3.28 2.91 2.51 2.31 2.36 2.51 2.62 2.59 2.35 2.17 2.03 2.00 2.07 2.10 2.11 2.17 2.29 2.28 2.33
2.28 2.31 2.34 2.55 2.77 3.02 3.16 3.05 2.90 2.82 2.83 2.78 2.71 2.46 2.28 2.15 1.97 1.90 1.74 1.63
1.56 1.59 1.49 1.47 1.44 1.48 1.66 1.82 1.96 2.03 2.06 2.02 2.14 2.26 2.34 2.52 2.75 2.95 3.00 3.05
2.98
C1907TS230_2 0.512 3.23 3.07 2.85 2.50 2.28 2.28 2.29 2.21 2.25 2.04 1.90 1.97 2.10 2.02 2.04 2.03 1.97 2.02 2.14 2.31
2.48 2.61 2.55 2.48 2.29 2.01 1.91 1.77 1.59 1.65 1.86 1.86 1.95 2.05 2.04 2.06 2.06 2.05 1.97 2.09
2.19 2.38 2.40 2.46 2.33 2.17 2.09 2.08 2.22 2.40 2.43 2.38 2.47 2.73 3.14 3.66 3.85 3.83 3.43 3.31
3.17
C1907TS131_3 0.512 2.19 2.13 2.07 1.84 1.67 1.48 1.37 1.28 1.32 1.23 1.14 1.09 1.08 1.10 1.22 1.35 1.65 2.11 2.47 2.79
2.85 2.67 2.40 2.32 2.39 2.52 2.58 2.52 2.43 2.35 2.43 2.38 2.38 2.29 2.30 2.38 2.45 2.44 2.35 2.29
2.17 2.19 2.16 2.22 2.19 2.27 2.50 2.64 2.70 2.80 2.65 2.46 2.58 2.72 2.79 3.42 4.21 5.42 6.00 6.45
5.54
C1907TS073_3 0.512 4.52 3.94 3.58 3.01 2.75 2.74 2.70 2.46 2.41 2.11 1.90 1.80 1.81 1.75 1.85 1.92 1.99 2.07 2.07 2.00
1.83 1.69 1.54 1.52 1.60 1.61 1.62 1.69 1.74 1.83 2.06 2.10 2.12 2.09 2.16 2.12 1.99 1.92 1.83 1.77
1.84 2.02 1.91 1.86 1.85 1.92 2.01 2.32 2.59 2.89 3.01 3.14 3.21 3.40 3.52 3.82 3.98 4.14 3.87 3.78
3.55
C1907TS247_1 0.511 4.00 3.77 3.48 3.03 2.72 2.68 2.67 2.69 2.69 2.58 2.51 2.50 2.45 2.38 2.30 2.08 1.84 1.67 1.39 1.14
1.03 0.85 0.65 0.69 0.78 0.90 1.05 1.13 1.19 1.33 1.48 1.52 1.54 1.47 1.39 1.59 1.89 2.22 2.43 2.49
2.32 2.31 2.23 2.25 2.21 2.24 2.46 2.67 2.85 3.10 3.10 2.97 3.11 3.46 3.79 4.74 5.75 6.95 6.15 5.93
5.07
C1907TS345_3 0.510 3.09 2.91 2.67 2.26 2.06 2.02 1.99 1.93 1.93 1.67 1.55 1.63 1.84 1.94 2.11 2.23 2.29 2.36 2.48 2.62
2.64 2.61 2.49 2.42 2.39 2.40 2.46 2.50 2.48 2.51 2.68 2.60 2.52 2.55 2.56 2.47 2.32 2.14 1.88 1.73
1.61 1.60 1.59 1.73 1.87 2.04 2.13 2.29 2.57 2.79 2.76 2.76 2.74 2.81 2.87 3.08 3.07 3.12 3.06 3.14
3.05
C1907TS258_1 0.509 3.37 3.50 3.56 3.74 3.90 4.02 3.98 3.59 3.18 2.79 2.55 2.56 2.63 2.63 2.64 2.58 2.49 2.45 2.34 2.28
2.13 1.96 1.74 1.68 1.61 1.61 1.67 1.69 1.70 1.81 1.99 2.02 2.05 2.07 2.12 2.11 2.14 2.18 2.01 1.91
1.87 1.79 1.58 1.52 1.44 1.42 1.67 2.14 2.50 2.73 2.82 2.65 2.50 2.62 2.67 2.81 2.84 2.78 2.65 2.66
2.61
C1907TS131_5 0.509 2.17 2.11 2.05 1.83 1.66 1.47 1.35 1.27 1.31 1.22 1.13 1.07 1.07 1.09 1.21 1.34 1.65 2.11 2.47 2.79
2.86 2.68 2.41 2.33 2.41 2.53 2.59 2.54 2.45 2.37 2.45 2.40 2.40 2.30 2.32 2.39 2.46 2.45 2.36 2.30
2.18 2.19 2.16 2.21 2.18 2.25 2.43 2.54 2.60 2.73 2.67 2.59 2.66 2.88 3.35 4.39 5.61 7.29 6.55 5.87
5.21
C1907TS131_2 0.508 2.18 2.10 2.03 1.81 1.64 1.45 1.35 1.27 1.31 1.22 1.12 1.07 1.06 1.08 1.21 1.34 1.65 2.11 2.46 2.79
2.86 2.68 2.41 2.33 2.41 2.53 2.59 2.54 2.45 2.37 2.45 2.40 2.40 2.30 2.32 2.39 2.46 2.45 2.36 2.30
2.19 2.20 2.17 2.21 2.17 2.25 2.48 2.63 2.74 2.89 2.77 2.61 2.66 2.85 3.23 4.31 5.58 7.81 7.18 6.46
5.40
C1907TS131_1 0.508 2.18 2.11 2.04 1.81 1.64 1.46 1.36 1.27 1.31 1.22 1.12 1.07 1.06 1.08 1.21 1.34 1.65 2.11 2.46 2.79
2.86 2.68 2.41 2.33 2.40 2.53 2.59 2.54 2.45 2.37 2.45 2.40 2.40 2.30 2.32 2.39 2.46 2.45 2.36 2.30
2.19 2.20 2.17 2.21 2.17 2.25 2.48 2.63 2.74 2.89 2.76 2.60 2.65 2.84 3.23 4.30 5.59 7.82 7.19 6.47
5.40
C1907TS456_1 0.505 5.22 4.63 3.84 3.02 2.51 2.23 2.08 1.94 1.87 1.68 1.58 1.62 1.69 1.72 1.86 2.01 2.06 2.13 2.08 2.11
2.05 2.05 2.22 2.63 3.00 3.17 2.92 2.42 1.96 1.77 1.78 1.72 1.71 1.71 1.72 1.74 1.67 1.55 1.40 1.36
1.39 1.52 1.55 1.67 1.82 2.09 2.46 3.00 3.83 4.73 5.09 5.11 4.74 4.22 3.74 3.54 3.18 3.08 3.03 3.15
3.12
C1907TS067_3 0.504 8.75 7.62 7.61 7.44 6.71 5.33 4.05 3.05 2.56 2.27 2.08 1.86 1.74 1.67 1.71 1.71 1.77 1.81 1.82 1.92
2.11 2.08 1.95 1.81 1.59 1.39 1.43 1.33 1.29 1.41 1.61 1.63 1.68 1.52 1.46 1.56 1.76 1.88 1.92 1.83
1.77 1.80 1.89 2.01 2.12 2.22 2.39 2.45 2.54 2.74 2.90 3.00 3.16 3.17 2.97 3.04 3.22 3.67 3.84 4.11
4.07
C1907TS182_3 0.503 3.45 3.24 3.00 2.62 2.35 2.14 1.93 1.66 1.53 1.37 1.29 1.36 1.53 1.57 1.69 1.81 1.78 1.73 1.69 1.60
1.46 1.39 1.26 1.33 1.47 1.55 1.61 1.57 1.42 1.42 1.54 1.51 1.49 1.41 1.38 1.32 1.31 1.32 1.33 1.58
1.92 2.34 2.71 3.08 3.17 3.44 3.73 3.95 4.25 4.64 4.54 4.46 4.76 5.25 5.94 7.69 9.11 11.64 10.29 9.48
7.78
C1907TS456_2 0.500 2.51 2.31 2.11 1.84 1.80 1.90 2.03 2.13 2.26 2.19 2.27 2.44 2.63 2.71 2.85 2.85 2.76 2.68 2.59 2.49
2.45 2.47 2.55 2.69 2.80 2.73 2.52 2.29 2.06 1.97 2.12 2.18 2.26 2.38 2.43 2.36 2.18 2.04 1.82 1.69
1.65 1.64 1.49 1.50 1.51 1.74 2.11 2.55 2.88 3.15 3.12 3.30 3.74 4.28 4.29 4.11 3.58 3.26 3.07 3.12
3.09
C1907TS405_5 0.499 6.59 5.95 5.15 4.39 3.73 3.46 3.25 2.98 2.78 2.59 2.40 2.36 2.33 2.15 2.02 1.86 1.70 1.64 1.47 1.24
0.94 0.67 0.51 0.83 1.22 1.53 1.73 1.79 1.73 1.75 1.87 1.84 1.82 1.78 1.83 1.90 1.95 1.91 1.86 1.88
1.95 2.11 2.15 2.18 2.16 2.23 2.47 2.66 2.85 3.06 3.07 3.14 3.60 4.03 4.15 4.80 5.02 5.37 5.06 4.98
4.23
C1907TS299_5 0.496 3.26 3.04 2.79 2.33 1.98 1.80 1.76 1.77 1.85 1.71 1.53 1.39 1.33 1.36 1.53 1.71 1.86 2.16 2.37 2.60
2.72 2.74 2.53 2.48 2.57 2.65 2.70 2.63 2.54 2.46 2.58 2.53 2.54 2.45 2.48 2.56 2.62 2.59 2.47 2.39
2.27 2.29 2.26 2.28 2.23 2.27 2.44 2.54 2.62 2.73 2.71 2.63 2.71 2.87 3.13 3.72 4.27 4.97 4.84 4.75
4.49
C1907TS196_1 0.495 4.12 3.70 3.26 2.63 2.14 1.86 1.66 1.50 1.42 1.25 1.12 1.08 1.09 1.31 1.69 2.07 2.42 2.83 2.86 2.84
2.74 2.66 2.48 2.60 2.88 3.11 3.20 3.12 2.94 2.70 2.65 2.53 2.48 2.28 2.17 2.00 1.79 1.61 1.46 1.35
1.24 1.31 1.31 1.66 2.08 2.52 2.95 3.19 3.17 3.16 3.26 3.28 3.65 3.86 3.97 4.17 4.40 4.93 4.91 4.99
4.54
C1907TS102_2 0.495 4.12 3.70 3.26 2.63 2.14 1.86 1.66 1.50 1.42 1.25 1.12 1.08 1.09 1.31 1.69 2.07 2.42 2.83 2.86 2.84
2.74 2.66 2.48 2.60 2.88 3.11 3.20 3.12 2.94 2.70 2.65 2.53 2.48 2.28 2.17 2.00 1.79 1.61 1.46 1.35
1.24 1.31 1.31 1.66 2.08 2.52 2.95 3.19 3.17 3.16 3.26 3.28 3.65 3.86 3.97 4.17 4.40 4.93 4.91 4.99
4.54
C1907TS389_2 0.493 5.68 5.64 5.22 4.39 3.92 3.56 3.06 2.60 2.28 1.73 1.26 0.95 0.91 0.80 0.94 1.16 1.29 1.46 1.65 1.78
1.73 1.71 1.55 1.49 1.42 1.35 1.40 1.43 1.40 1.47 1.63 1.60 1.64 1.57 1.50 1.46 1.42 1.57 1.57 1.58
1.71 2.15 2.34 2.89 3.16 3.21 3.26 3.51 3.70 4.25 4.60 4.62 4.92 5.43 6.09 8.19 11.16 13.83 9.20 7.85
6.26
C1907TS299_2 0.491 2.69 2.68 2.63 2.48 2.37 2.35 2.36 2.31 2.27 2.05 1.86 1.78 1.80 1.88 2.09 2.24 2.38 2.60 2.63 2.63
2.50 2.36 2.16 2.21 2.33 2.47 2.56 2.54 2.48 2.49 2.62 2.60 2.66 2.58 2.57 2.59 2.61 2.56 2.45 2.38
2.27 2.29 2.26 2.27 2.23 2.29 2.51 2.64 2.74 2.82 2.73 2.58 2.61 2.72 2.86 3.28 3.67 4.18 4.21 4.33
4.21
C1907TS210_4 0.491 6.02 5.71 4.84 3.92 3.41 3.20 2.97 2.73 2.41 1.94 1.63 1.56 1.60 1.60 1.67 1.72 1.75 1.74 1.48 1.18
0.75 0.00 0.00 0.44 0.81 1.36 1.89 2.25 2.40 2.67 2.63 2.53 2.47 2.33 2.31 2.34 2.36 2.39 2.35 2.39
2.29 2.32 2.28 2.32 2.25 2.34 2.59 2.75 2.91 3.22 3.32 3.33 3.65 3.85 4.13 5.24 6.28 7.50 6.90 6.15
5.12
C1907TS405_1 0.490 4.88 4.50 4.02 3.41 3.26 3.29 3.24 3.08 2.85 2.48 2.17 2.16 2.23 2.21 2.19 2.19 2.09 2.03 1.73 1.42
0.92 0.22 0.00 0.00 0.00 0.86 1.36 1.68 1.84 2.19 2.33 2.32 2.38 2.34 2.37 2.44 2.48 2.49 2.41 2.37
2.26 2.28 2.24 2.28 2.25 2.35 2.60 2.79 2.98 3.23 3.17 3.11 3.56 4.27 4.74 5.87 6.20 6.42 5.62 5.62
4.97
C1907TS456_3 0.489 3.08 3.05 2.90 2.79 2.73 2.67 2.49 2.41 2.36 2.29 2.24 2.32 2.45 2.52 2.61 2.71 2.71 2.71 2.62 2.58
2.40 2.35 2.37 2.39 2.41 2.49 2.58 2.54 2.48 2.52 2.70 2.74 2.83 2.78 2.69 2.58 2.47 2.38 2.22 2.09
2.08 2.17 2.11 2.10 2.05 2.00 2.12 2.30 2.51 2.68 2.69 2.70 2.87 2.94 2.97 3.03 2.92 2.92 2.95 3.07
3.12
C1907TS405_3 0.488 29.85 10.88 6.33 4.19 3.25 2.92 2.75 2.69 2.68 2.47 2.26 2.11 1.98 1.81 1.75 1.60 1.50 1.44 1.17 0.97
0.71 0.13 0.00 0.00 1.02 1.67 2.22 2.46 2.37 2.27 2.37 2.31 2.32 2.24 2.29 2.37 2.44 2.44 2.36 2.32
2.24 2.26 2.23 2.24 2.16 2.19 2.39 2.54 2.72 2.96 2.95 2.93 3.44 4.23 5.14 7.25 7.96 7.66 5.84 5.15
4.36
C1907TS404_2 0.488 3.23 3.31 3.31 3.10 2.80 2.41 2.15 1.97 1.95 1.83 1.71 1.60 1.58 1.60 1.79 1.98 2.11 2.30 2.35 2.35
2.27 2.19 2.09 2.15 2.31 2.48 2.62 2.56 2.48 2.46 2.56 2.56 2.59 2.43 2.38 2.34 2.33 2.42 2.54 2.76
3.02 3.16 3.02 2.92 2.82 2.84 2.95 3.04 3.01 2.95 2.87 2.91 3.23 3.80 4.28 4.31 3.80 3.23 2.76 2.58
2.49
C1907TS309_3 0.488 8.37 6.83 5.57 4.36 3.79 3.71 3.66 3.50 3.36 3.07 2.86 2.86 2.92 2.90 2.92 2.84 2.69 2.54 2.30 2.07
1.71 1.29 0.84 0.60 0.59 0.61 0.63 0.59 0.50 0.70 1.14 1.30 1.51 1.75 2.03 2.22 2.32 2.33 2.23 2.24
2.41 2.64 2.56 2.68 2.80 2.99 3.26 3.47 3.44 3.52 3.44 3.36 3.21 2.97 2.97 3.20 3.40 3.71 3.80 3.76
3.80
C1907TS131_4 0.488 2.74 2.74 2.69 2.54 2.42 2.38 2.37 2.31 2.28 2.07 1.92 1.88 1.92 2.02 2.24 2.43 2.61 2.87 2.93 2.97
2.85 2.66 2.39 2.31 2.38 2.50 2.57 2.51 2.42 2.34 2.42 2.38 2.38 2.29 2.31 2.40 2.46 2.45 2.35 2.29
2.16 2.17 2.14 2.19 2.16 2.23 2.47 2.61 2.68 2.78 2.63 2.44 2.49 2.55 2.67 3.29 3.91 4.93 5.45 5.67
5.24
C1907TS405_2 0.486 8.48 6.80 5.23 3.89 3.27 3.00 2.83 2.61 2.40 2.14 1.88 1.82 1.94 1.93 1.90 1.97 1.98 1.98 1.80 1.60
1.18 0.71 0.00 0.49 1.20 1.84 2.40 2.65 2.52 2.42 2.50 2.49 2.52 2.45 2.48 2.52 2.52 2.53 2.44 2.36
2.23 2.22 2.16 2.17 2.12 2.20 2.45 2.66 2.87 3.13 3.10 3.07 3.42 3.86 4.13 5.04 5.62 5.95 5.27 4.97
4.19
C1907TS278_3 0.486 5.02 4.80 4.37 3.74 3.15 2.86 2.70 2.52 2.48 2.38 2.43 2.33 2.15 1.83 1.56 1.41 1.54 1.72 1.82 1.90
1.86 1.85 1.87 2.17 2.40 2.35 2.16 1.98 1.80 1.97 2.28 2.24 2.13 2.11 2.17 2.37 2.57 2.62 2.43 2.22
2.01 2.02 1.98 2.05 2.13 2.22 2.31 2.50 2.80 3.18 3.60 4.08 4.55 4.86 4.64 4.60 4.53 4.68 4.30 4.26
3.81
C1907TS215_2 0.486 2.83 2.79 2.77 2.63 2.58 2.87 3.07 3.17 3.19 2.88 2.66 2.68 2.86 2.93 3.00 3.00 2.86 2.70 2.71 2.78
2.75 2.72 2.68 2.67 2.83 3.27 3.52 3.47 3.30 3.08 2.94 2.76 2.59 2.50 2.44 2.34 2.21 2.08 1.88 1.79
1.76 1.79 1.67 1.62 1.57 1.66 1.84 2.08 2.25 2.35 2.33 2.32 2.42 2.51 2.57 2.71 2.90 3.14 3.24 3.35
3.32
C1907TS158_3 0.486 5.02 4.80 4.37 3.74 3.15 2.86 2.70 2.52 2.48 2.38 2.43 2.33 2.15 1.83 1.56 1.41 1.54 1.72 1.82 1.90
1.86 1.85 1.87 2.17 2.40 2.35 2.16 1.98 1.80 1.97 2.28 2.24 2.13 2.11 2.17 2.37 2.57 2.62 2.43 2.22
2.01 2.02 1.98 2.05 2.13 2.22 2.31 2.50 2.80 3.18 3.60 4.08 4.55 4.86 4.64 4.60 4.53 4.68 4.30 4.26
3.81
C1907TS210_1 0.484 2.65 2.64 2.61 2.47 2.36 2.35 2.36 2.34 2.34 2.15 1.99 1.91 1.90 1.95 2.12 2.26 2.41 2.62 2.65 2.64
2.49 2.31 2.09 2.08 2.17 2.32 2.41 2.41 2.39 2.37 2.47 2.44 2.52 2.50 2.58 2.67 2.72 2.66 2.53 2.42
2.28 2.30 2.26 2.26 2.23 2.32 2.64 2.88 3.04 3.07 2.89 2.62 2.63 2.81 3.18 3.93 4.85 5.74 5.68 5.63
5.34
C1907TS152_5 0.484 5.80 5.58 4.94 4.14 3.34 2.84 2.64 2.41 2.29 2.06 1.91 1.95 2.07 2.10 2.19 2.28 2.46 2.86 3.20 3.43
3.42 2.98 2.33 1.80 1.35 1.08 1.21 1.36 1.58 1.87 2.23 2.42 2.57 2.59 2.64 2.59 2.46 2.34 2.12 1.94
1.92 2.03 2.02 2.17 2.31 2.56 2.82 3.09 3.24 3.33 3.20 3.16 3.21 3.38 3.49 3.75 3.80 3.81 3.45 3.32
3.06
C1907TS087_3 0.484 4.56 4.62 4.50 3.88 3.40 3.00 2.56 2.36 2.42 2.32 2.28 2.35 2.49 2.59 2.86 3.24 3.51 3.82 3.80 3.56
3.13 2.78 2.44 2.48 2.56 2.73 2.93 2.89 2.78 2.78 2.78 2.64 2.59 2.49 2.48 2.45 2.32 2.20 1.94 1.79
1.70 1.67 1.57 1.66 1.74 1.88 2.08 2.22 2.30 2.39 2.39 2.35 2.33 2.39 2.37 2.51 2.64 2.77 2.78 2.92
2.91
C1907TS299_3 0.481 2.79 2.76 2.70 2.52 2.38 2.35 2.34 2.31 2.33 2.17 2.04 1.97 1.96 1.99 2.16 2.31 2.49 2.72 2.77 2.78
2.68 2.52 2.30 2.27 2.38 2.49 2.58 2.55 2.51 2.45 2.57 2.53 2.54 2.45 2.49 2.57 2.63 2.60 2.48 2.39
2.28 2.30 2.27 2.28 2.23 2.27 2.45 2.56 2.65 2.78 2.76 2.72 2.82 2.97 3.23 3.92 4.78 6.17 6.23 6.13
5.57
C1907TS210_5 0.481 6.97 7.36 6.38 5.30 4.41 3.94 3.63 3.47 3.36 3.12 2.91 2.74 2.54 2.23 2.07 1.90 1.77 1.71 1.48 1.23
0.96 0.80 0.72 1.07 1.36 1.66 1.88 2.01 2.03 2.14 2.23 2.18 2.16 2.12 2.19 2.29 2.41 2.44 2.31 2.22
2.10 2.05 1.97 1.99 1.97 2.09 2.40 2.61 2.80 3.08 3.17 3.20 3.69 4.24 4.48 5.42 5.60 5.74 5.21 5.10
4.46
C1907TS456_5 0.479 3.65 3.86 3.81 3.55 3.19 2.82 2.61 2.41 2.28 2.04 1.92 1.88 2.06 2.25 2.53 2.76 2.86 2.76 2.62 2.51
2.43 2.47 2.63 2.80 2.97 3.00 3.01 2.95 2.97 3.09 3.21 3.02 2.90 2.75 2.71 2.63 2.43 2.18 1.93 1.79
1.82 1.95 1.91 1.97 1.96 1.89 1.92 2.01 2.28 2.80 3.24 3.53 3.70 3.45 3.22 3.28 3.26 3.39 3.41 3.48
3.39
C1907TS389_4 0.479 7.32 6.29 5.72 5.14 4.72 4.35 3.68 2.92 2.44 2.06 1.80 1.71 1.79 1.80 1.91 2.08 2.14 2.13 2.03 1.89
1.71 1.60 1.58 1.69 1.72 1.67 1.77 1.71 1.65 1.76 1.99 1.96 2.00 1.99 1.92 1.81 1.76 1.73 1.71 1.88
2.05 2.21 2.18 2.39 2.66 3.05 3.46 3.83 3.97 4.37 4.53 4.59 4.73 4.61 4.24 4.30 4.20 4.51 4.53 4.67
4.37
C1907TS230_3 0.479 3.63 3.58 3.49 3.40 3.27 3.33 3.27 3.18 2.91 2.53 2.34 2.32 2.31 2.34 2.38 2.41 2.60 2.89 3.09 3.26
3.34 3.21 2.92 2.69 2.49 2.37 2.48 2.44 2.34 2.34 2.42 2.30 2.35 2.42 2.44 2.44 2.39 2.28 2.22 2.20
2.18 2.16 1.96 1.95 1.99 2.12 2.31 2.54 2.71 2.99 2.99 2.90 2.89 2.95 3.12 3.46 3.52 3.34 2.95 2.73
2.57
C1907TS210_3 0.479 7.44 7.16 5.86 4.54 3.82 3.45 3.19 3.04 2.76 2.36 2.03 1.88 1.84 1.79 1.80 1.84 1.89 1.88 1.62 1.36
1.01 0.66 0.20 0.77 1.01 1.50 2.00 2.33 2.45 2.67 2.63 2.53 2.48 2.34 2.33 2.37 2.40 2.43 2.39 2.43
2.34 2.37 2.33 2.37 2.29 2.39 2.66 2.82 3.00 3.34 3.40 3.50 4.13 4.93 5.27 6.12 6.06 5.98 5.08 4.92
4.31
C1907TS301_1 0.478 3.53 3.39 3.25 3.01 2.88 2.91 2.97 2.96 2.99 2.78 2.62 2.59 2.47 2.32 2.27 2.08 1.88 1.76 1.56 1.32
1.31 1.48 1.70 2.13 2.69 3.01 3.13 2.95 2.69 2.48 2.52 2.50 2.55 2.40 2.37 2.35 2.38 2.42 2.39 2.33
2.24 2.34 2.37 2.60 2.96 3.41 3.72 3.85 3.64 3.37 3.05 2.77 2.57 2.42 2.39 2.86 3.59 4.61 5.02 5.22
4.54
C1907TS299_1 0.478 2.73 2.74 2.71 2.57 2.46 2.45 2.46 2.45 2.48 2.32 2.19 2.15 2.16 2.21 2.37 2.51 2.67 2.92 2.99 3.01
2.88 2.69 2.43 2.39 2.49 2.62 2.68 2.63 2.56 2.49 2.59 2.57 2.60 2.53 2.57 2.64 2.68 2.64 2.52 2.41
2.27 2.29 2.25 2.26 2.23 2.26 2.43 2.55 2.64 2.75 2.73 2.64 2.73 2.91 3.17 3.77 4.31 4.97 4.83 4.74
4.49
C1907TS044_1 0.478 3.53 3.39 3.25 3.01 2.88 2.91 2.97 2.96 2.99 2.78 2.62 2.59 2.47 2.32 2.27 2.08 1.88 1.76 1.56 1.32
1.31 1.48 1.70 2.13 2.69 3.01 3.13 2.95 2.69 2.48 2.52 2.50 2.55 2.40 2.37 2.35 2.38 2.42 2.39 2.33
2.24 2.34 2.37 2.60 2.96 3.41 3.72 3.85 3.64 3.37 3.05 2.77 2.57 2.42 2.39 2.86 3.59 4.61 5.02 5.22
4.54
C1907TS103_1 0.476 X X X X 3.62 3.72 3.69 3.35 2.81 2.41 2.11 2.08 2.20 2.27 2.42 2.50 2.53 2.63 2.55 2.48
2.55 2.69 2.81 2.94 2.97 2.86 2.85 2.90 2.96 2.93 3.00 2.92 2.88 2.94 3.20 3.45 3.41 3.19 2.80 2.44
2.22 2.14 2.06 2.03 2.07 2.18 2.43 2.55 2.69 2.78 2.69 2.51 2.51 2.44 2.50 2.70 2.96 3.15 3.24 3.29
X
C1907TS299_4 0.475 2.77 2.78 2.74 2.59 2.47 2.47 2.47 2.46 2.48 2.31 2.19 2.15 2.17 2.22 2.39 2.53 2.69 2.96 3.03 3.08
3.01 2.89 2.68 2.67 2.82 2.97 3.00 2.88 2.70 2.48 2.47 2.44 2.44 2.33 2.32 2.36 2.38 2.39 2.30 2.25
2.11 2.13 2.15 2.22 2.21 2.30 2.51 2.63 2.70 2.82 2.76 2.68 2.78 2.95 3.16 3.73 4.29 5.32 5.52 5.73
5.57
C1907TS258_4 0.475 3.67 3.86 3.73 3.57 3.36 3.33 3.23 3.10 2.81 2.46 2.21 2.28 2.47 2.71 2.93 3.03 3.03 3.02 2.89 2.91
3.02 2.99 2.78 2.69 2.44 2.24 2.28 2.32 2.27 2.32 2.39 2.25 2.18 2.18 2.24 2.24 2.24 2.23 2.09 1.99
1.95 1.94 1.77 1.79 1.90 2.12 2.40 2.59 2.57 2.54 2.52 2.52 2.72 3.08 3.48 4.31 5.02 4.90 4.35 4.07
3.78
C1907TS258_3 0.475 4.41 4.63 4.59 4.76 4.63 4.27 4.00 3.58 3.24 3.00 2.91 2.95 3.09 3.02 3.04 2.96 2.85 2.77 2.56 2.31
2.08 1.96 1.80 1.85 1.84 1.81 1.91 1.92 1.87 2.03 2.28 2.34 2.50 2.55 2.54 2.49 2.45 2.40 2.19 2.05
1.95 1.87 1.75 1.87 2.00 2.18 2.50 2.77 2.89 2.91 2.89 2.86 3.09 3.38 3.52 3.59 3.45 3.26 3.19 3.25
3.28
C1907TS404_3 0.473 3.19 3.37 3.44 3.24 2.91 2.42 2.09 1.90 1.88 1.76 1.62 1.51 1.48 1.52 1.67 1.83 1.99 2.28 2.51 2.75
2.82 2.77 2.53 2.50 2.58 2.71 2.89 2.92 2.87 2.85 3.05 3.00 2.99 2.81 2.74 2.66 2.64 2.62 2.51 2.58
2.67 2.80 2.81 2.90 2.90 3.20 3.45 3.61 3.69 3.52 3.09 2.83 2.95 3.29 3.87 4.37 4.27 3.80 3.43 3.26
3.16
C1907TS066_1 0.473 2.64 2.45 2.30 2.09 2.07 2.13 2.19 2.17 2.21 2.13 2.10 2.11 2.13 2.21 2.41 2.60 2.84 3.13 3.15 3.14
2.97 2.76 2.49 2.47 2.58 2.66 2.66 2.55 2.41 2.32 2.42 2.44 2.48 2.37 2.34 2.31 2.33 2.28 2.16 2.11
2.26 2.42 2.65 2.88 2.90 2.82 2.97 3.03 3.17 3.48 3.56 3.50 3.60 3.86 4.12 4.85 5.09 5.21 4.55 4.29
3.85
C1907TS182_2 0.471 5.85 5.79 5.30 4.48 3.90 3.44 3.14 3.00 2.96 2.77 2.57 2.31 2.20 2.08 2.04 2.05 2.01 1.72 1.31 1.16
0.88 0.76 0.70 0.63 0.33 0.36 0.70 1.02 1.36 1.68 2.09 2.22 2.45 2.50 2.73 2.85 2.93 2.96 2.92 2.82
2.87 3.16 3.42 3.70 3.66 3.78 4.13 4.50 4.94 5.43 4.64 4.32 4.41 4.25 3.98 4.22 4.02 4.31 4.48 4.69
4.49
C1907TS182_1 0.470 3.90 3.76 3.54 3.12 2.73 2.55 2.34 2.10 2.00 1.84 1.74 1.80 1.93 1.96 2.07 2.17 2.17 2.13 2.07 1.95
1.82 1.78 1.64 1.73 1.85 1.92 1.99 1.95 1.76 1.74 1.84 1.83 1.83 1.76 1.77 1.79 1.85 1.96 2.04 2.31
2.65 3.15 3.64 4.20 4.55 4.99 4.92 4.68 4.61 4.50 4.08 3.84 3.89 4.34 5.18 7.06 8.48 9.73 8.11 7.50
6.45
C1907TS369_1 0.468 3.01 2.96 2.89 2.71 2.60 2.61 2.65 2.67 2.72 2.52 2.36 2.30 2.31 2.40 2.64 2.82 2.96 3.15 3.08 2.96
2.71 2.50 2.29 2.33 2.45 2.57 2.65 2.63 2.60 2.63 2.78 2.78 2.84 2.77 2.77 2.77 2.74 2.71 2.59 2.48
2.33 2.30 2.22 2.22 2.17 2.23 2.48 2.70 2.84 2.96 2.79 2.55 2.55 2.72 2.95 3.67 4.38 5.66 5.89 6.20
5.75
C1907TS210_2 0.467 3.05 2.97 2.87 2.68 2.51 2.49 2.47 2.45 2.45 2.31 2.18 2.12 2.09 2.12 2.27 2.40 2.55 2.77 2.80 2.80
2.68 2.53 2.31 2.28 2.37 2.49 2.56 2.53 2.49 2.43 2.55 2.53 2.57 2.50 2.54 2.62 2.66 2.63 2.51 2.40
2.27 2.30 2.23 2.20 2.14 2.21 2.63 3.09 3.54 3.88 3.76 3.51 3.63 3.76 4.00 4.80 5.42 6.23 6.06 5.85
5.22
C1907TS309_1 0.466 3.26 3.20 3.14 2.98 2.88 2.82 2.72 2.63 2.56 2.44 2.34 2.27 2.19 2.24 2.42 2.64 2.88 3.17 3.16 3.12
3.00 2.78 2.41 2.18 2.10 2.03 1.99 1.85 1.70 1.57 1.63 1.57 1.63 1.64 1.76 1.83 1.91 1.92 1.87 1.86
1.94 2.11 2.29 2.57 2.84 3.17 3.57 3.82 4.12 4.56 4.93 5.55 6.21 6.21 5.57 5.77 5.62 6.15 5.85 5.80
5.16
C1907TS123_5 0.464 4.06 3.90 3.60 3.19 2.84 2.70 2.57 2.34 2.25 1.99 1.77 1.70 1.66 1.47 1.46 1.66 1.78 1.96 2.03 2.13
2.25 2.60 2.68 2.68 2.41 2.13 2.17 2.38 2.54 2.81 3.05 2.96 2.94 2.76 2.64 2.47 2.28 2.15 2.09 2.10
2.26 2.59 2.86 3.21 3.45 3.59 3.80 4.15 4.31 4.58 4.41 3.91 3.77 3.80 3.82 4.55 5.50 6.43 5.94 5.42
4.59
C1907TS123_4 0.464 4.06 3.90 3.60 3.19 2.84 2.70 2.57 2.34 2.25 1.99 1.77 1.70 1.66 1.47 1.46 1.66 1.78 1.96 2.03 2.13
2.25 2.60 2.68 2.68 2.41 2.13 2.17 2.38 2.54 2.81 3.05 2.96 2.94 2.76 2.64 2.47 2.28 2.15 2.09 2.10
2.26 2.59 2.86 3.21 3.45 3.59 3.80 4.15 4.31 4.58 4.41 3.91 3.77 3.80 3.82 4.55 5.50 6.43 5.94 5.42
4.59
C1907TS438_1 0.463 3.25 3.04 2.86 2.51 2.31 2.29 2.29 2.27 2.34 2.24 2.16 2.13 2.12 2.22 2.50 2.80 3.07 3.34 3.36 3.36
3.28 3.18 2.98 2.98 3.12 3.15 3.05 2.83 2.58 2.42 2.49 2.52 2.57 2.54 2.61 2.72 2.76 2.80 2.70 2.56
2.41 2.42 2.34 2.33 2.26 2.27 2.54 2.78 2.97 3.13 3.00 2.80 2.91 3.05 3.25 3.88 4.58 5.69 6.04 6.29
5.79
C1907TS123_1 0.462 2.66 2.76 2.80 2.82 2.81 2.89 2.86 2.81 2.86 2.70 2.42 2.43 2.53 2.48 2.67 2.77 2.70 2.72 2.76 2.86
3.11 3.40 3.41 3.29 2.92 2.51 2.31 2.19 2.06 2.12 2.40 2.49 2.57 2.66 2.64 2.58 2.58 2.60 2.39 2.24
2.08 2.08 1.92 1.96 2.00 2.16 2.50 3.01 3.40 3.88 4.12 4.24 4.84 4.98 4.45 4.34 4.24 4.13 4.18 4.31
4.06
C1907TS067_5 0.462 29.85 29.85 23.40 10.62 6.91 5.26 4.04 3.15 2.73 2.51 2.40 2.28 2.29 2.31 2.48 2.75 3.03 3.15 3.10 3.07
2.83 2.83 2.76 2.77 2.68 2.46 2.25 2.23 2.18 2.39 2.67 2.51 2.41 2.16 1.83 1.59 1.42 1.29 1.22 1.31
1.38 1.54 1.67 1.87 2.00 2.15 2.37 2.49 2.67 2.92 3.27 3.50 3.74 3.66 3.42 3.52 3.82 4.46 4.58 4.66
4.31
C1907TS067_2 0.462 29.85 29.85 23.40 10.62 6.91 5.26 4.04 3.15 2.73 2.51 2.40 2.28 2.29 2.31 2.48 2.75 3.03 3.15 3.10 3.07
2.83 2.83 2.76 2.77 2.68 2.46 2.25 2.23 2.18 2.39 2.67 2.51 2.41 2.16 1.83 1.59 1.42 1.29 1.22 1.31
1.38 1.54 1.67 1.87 2.00 2.15 2.37 2.49 2.67 2.92 3.27 3.50 3.74 3.66 3.42 3.52 3.82 4.46 4.58 4.66
4.31
C1907TS152_3 0.461 3.59 3.47 3.30 2.99 2.82 2.83 2.87 2.89 2.93 2.70 2.57 2.55 2.58 2.65 2.85 2.95 3.06 3.24 3.26 3.25
3.24 3.12 2.82 2.69 2.70 2.73 2.75 2.64 2.46 2.25 2.17 2.12 2.16 2.08 2.14 2.23 2.17 2.04 1.92 1.77
1.68 1.81 1.92 2.23 2.76 3.45 3.93 4.15 4.11 3.87 3.54 3.31 3.03 2.85 2.88 3.42 4.11 5.10 5.38 5.46
4.80
C1907TS438_4 0.460 4.06 3.86 3.65 3.25 3.04 2.97 2.96 2.93 2.95 2.79 2.76 2.80 2.83 2.87 2.94 2.94 2.97 3.10 3.12 3.13
3.00 2.87 2.63 2.63 2.80 2.91 2.88 2.72 2.52 2.42 2.52 2.50 2.54 2.47 2.49 2.56 2.63 2.63 2.54 2.44
2.30 2.31 2.28 2.33 2.32 2.35 2.51 2.60 2.66 2.80 2.74 2.60 2.64 2.70 2.82 3.42 4.05 4.98 5.11 5.12
4.65
C1907TS182_4 0.460 5.21 5.23 5.00 4.44 4.01 3.75 3.44 3.22 3.17 2.85 2.56 2.33 2.28 2.15 2.12 1.99 1.83 1.59 1.32 1.33
1.20 1.04 0.86 0.68 0.31 0.43 0.84 1.16 1.54 1.85 2.24 2.33 2.48 2.48 2.68 2.79 2.91 3.03 2.99 2.90
2.95 3.21 3.38 3.77 3.90 4.24 4.73 5.17 5.40 5.65 4.77 4.48 4.61 4.79 4.67 5.06 4.85 5.24 5.18 5.49
5.14
C1907TS067_4 0.457 11.82 10.73 10.85 9.47 7.34 5.41 4.03 3.20 2.85 2.61 2.51 2.42 2.35 2.35 2.44 2.42 2.40 2.41 2.34 2.45
2.52 2.59 2.64 2.65 2.50 2.42 2.33 2.18 2.13 2.15 2.21 2.08 2.02 1.87 1.80 1.90 2.04 2.02 1.92 1.84
1.77 1.91 2.06 2.23 2.36 2.47 2.69 2.83 2.97 3.30 3.78 4.06 4.30 4.22 3.77 3.76 4.00 4.68 4.98 5.42
5.29
C1907TS067_1 0.457 11.82 10.73 10.85 9.47 7.34 5.41 4.03 3.20 2.85 2.61 2.51 2.42 2.35 2.35 2.44 2.42 2.40 2.41 2.34 2.45
2.52 2.59 2.64 2.65 2.50 2.42 2.33 2.18 2.13 2.15 2.21 2.08 2.02 1.87 1.80 1.90 2.04 2.02 1.92 1.84
1.77 1.91 2.06 2.23 2.36 2.47 2.69 2.83 2.97 3.30 3.78 4.06 4.30 4.22 3.77 3.76 4.00 4.68 4.98 5.42
5.29
C1907TS490_1 0.456 3.46 3.76 3.80 3.81 3.60 3.46 3.29 3.07 2.76 2.38 2.10 1.99 1.95 1.84 1.88 1.89 1.94 2.12 2.40 2.74
3.14 3.31 3.22 3.11 3.14 3.55 4.15 4.27 4.08 3.74 3.40 3.11 2.87 2.51 2.29 2.20 2.09 2.01 1.81 1.67
1.62 1.97 2.50 3.30 4.12 5.16 5.73 6.27 6.73 6.50 5.61 4.64 3.75 3.12 2.77 2.62 2.50 2.40 2.22 2.04
1.93
C1907TS438_2 0.456 2.92 2.94 2.91 2.75 2.62 2.61 2.59 2.59 2.63 2.54 2.51 2.59 2.72 2.86 3.05 3.16 3.25 3.36 3.34 3.39
3.41 3.37 3.20 3.20 3.25 3.16 3.06 2.85 2.61 2.50 2.60 2.60 2.62 2.57 2.59 2.65 2.67 2.70 2.61 2.52
2.38 2.39 2.31 2.32 2.27 2.35 2.62 2.90 3.09 3.28 3.06 2.77 2.72 2.81 2.99 3.69 4.40 5.38 5.35 5.29
4.73
C1907TS438_5 0.455 4.02 3.91 3.77 3.41 3.14 3.02 2.88 2.78 2.78 2.64 2.58 2.61 2.71 2.83 3.01 3.09 3.16 3.26 3.28 3.29
3.26 3.19 2.97 2.91 3.00 3.03 3.01 2.88 2.72 2.63 2.72 2.69 2.65 2.49 2.43 2.49 2.59 2.66 2.60 2.56
2.49 2.55 2.51 2.50 2.36 2.30 2.44 2.57 2.68 2.85 2.79 2.60 2.57 2.58 2.68 3.26 3.88 4.91 5.22 5.37
4.92
C1907TS273_5 0.454 3.56 3.45 3.37 3.25 3.22 3.24 3.15 2.92 2.80 2.60 2.43 2.45 2.66 2.84 3.28 3.64 3.75 3.84 3.82 3.74
3.73 3.77 3.54 3.54 3.55 3.76 4.08 4.27 3.91 3.59 3.48 3.32 3.43 3.34 3.18 2.90 2.71 2.45 2.32 2.17
2.04 2.03 2.00 2.07 2.16 2.35 2.55 2.67 2.68 2.70 2.54 2.49 2.53 2.46 2.38 2.45 2.46 2.65 2.85 2.93
2.96
C1907TS054_3 0.452 4.46 4.89 4.97 4.83 4.39 3.93 3.56 3.36 3.24 2.99 2.64 2.55 2.60 2.64 2.79 2.98 2.89 2.85 2.77 2.76
2.60 2.46 2.28 2.45 2.68 2.92 3.04 2.95 2.77 2.84 3.13 3.18 3.11 2.92 2.91 2.86 2.73 2.67 2.43 2.27
2.20 2.27 2.23 2.50 2.81 3.05 3.21 3.21 3.10 3.10 2.98 2.81 2.80 2.64 2.48 2.72 3.03 3.47 3.88 4.19
3.95
C1907TS278_4 0.451 3.40 3.18 2.94 2.46 2.10 1.92 1.73 1.66 1.80 1.86 1.93 2.09 2.26 2.42 2.69 2.95 3.12 3.30 3.23 3.10
3.09 3.10 2.97 2.89 2.79 2.62 2.58 2.52 2.48 2.57 2.75 2.76 2.80 2.67 2.55 2.54 2.53 2.45 2.29 2.20
2.08 2.12 2.14 2.27 2.37 2.60 2.98 3.48 4.22 5.12 5.41 4.94 4.71 4.66 4.99 6.63 9.73 15.21 9.76 7.81
5.81
C1907TS158_4 0.451 3.40 3.18 2.94 2.46 2.10 1.92 1.73 1.66 1.80 1.86 1.93 2.09 2.26 2.42 2.69 2.95 3.12 3.30 3.23 3.10
3.09 3.10 2.97 2.89 2.79 2.62 2.58 2.52 2.48 2.57 2.75 2.76 2.80 2.67 2.55 2.54 2.53 2.45 2.29 2.20
2.08 2.12 2.14 2.27 2.37 2.60 2.98 3.48 4.22 5.12 5.41 4.94 4.71 4.66 4.99 6.63 9.73 15.21 9.76 7.81
5.81
C1907TS247_5 0.450 4.35 4.20 4.00 3.60 3.30 3.32 3.30 3.26 3.24 3.00 2.89 2.94 3.02 3.10 3.19 3.23 3.25 3.35 3.32 3.26
3.09 2.95 2.70 2.66 2.76 2.82 2.89 2.88 2.79 2.73 2.87 2.85 2.90 2.81 2.76 2.76 2.76 2.73 2.62 2.48
2.31 2.28 2.23 2.28 2.24 2.28 2.50 2.66 2.85 3.10 2.99 2.78 2.77 2.77 2.94 3.53 3.99 4.39 4.21 3.99
3.61
C1907TS369_5 0.449 2.78 2.70 2.51 2.27 2.36 2.42 2.43 2.60 2.83 2.70 2.65 2.84 2.97 3.01 3.19 3.22 3.05 2.99 2.95 3.02
2.92 2.72 2.57 2.53 2.31 2.26 2.40 2.31 2.31 2.56 2.88 2.98 3.12 3.14 3.10 2.98 2.93 2.82 2.59 2.42
2.40 2.40 2.23 2.19 2.18 2.37 2.75 3.34 3.95 4.39 4.67 4.73 4.78 4.62 4.67 4.66 4.99 5.17 5.36 5.44
5.51
C1907TS438_3 0.447 5.11 4.53 4.07 3.43 3.07 2.99 2.93 2.87 2.87 2.67 2.59 2.60 2.67 2.78 2.98 3.10 3.21 3.34 3.33 3.34
3.32 3.27 3.07 3.04 3.07 3.08 3.05 2.89 2.65 2.51 2.54 2.51 2.53 2.45 2.46 2.52 2.54 2.55 2.45 2.35
2.23 2.26 2.23 2.29 2.29 2.38 2.60 2.78 2.93 3.11 3.07 2.98 3.05 3.14 3.33 3.99 4.74 5.95 6.22 6.33
5.79
C1907TS247_4 0.447 3.46 3.48 3.43 3.22 3.03 2.96 2.92 2.90 2.94 2.80 2.74 2.79 2.89 3.02 3.22 3.35 3.44 3.54 3.48 3.39
3.28 3.15 2.94 2.89 2.93 2.91 2.88 2.73 2.57 2.50 2.63 2.71 2.81 2.77 2.77 2.76 2.73 2.71 2.60 2.48
2.33 2.33 2.25 2.26 2.23 2.26 2.53 2.77 2.94 3.09 3.04 2.92 3.12 3.38 3.63 4.31 4.95 5.82 5.66 5.56
5.01
C1907TS404_5 0.445 2.99 3.08 3.09 2.91 2.68 2.32 2.09 1.90 1.95 1.93 1.94 2.00 2.19 2.32 2.51 2.69 2.85 2.91 2.79 2.77
2.53 2.33 2.16 2.24 2.39 2.61 2.84 2.78 2.60 2.57 2.81 2.79 2.88 2.78 2.74 2.74 2.83 2.85 2.90 3.12
3.34 3.67 4.01 4.09 4.03 4.39 4.63 4.78 5.00 4.66 4.30 4.64 4.86 4.95 4.98 4.82 4.57 4.74 4.26 3.88
3.49
C1907TS087_5 0.445 3.68 3.57 3.38 3.12 2.97 2.87 2.70 2.46 2.27 1.98 1.88 1.96 2.19 2.46 2.95 3.37 3.61 3.77 3.74 3.67
3.64 3.62 3.53 3.59 3.65 3.68 3.78 4.08 4.57 4.80 4.72 3.98 3.30 2.81 2.69 2.71 2.77 2.68 2.52 2.41
2.30 2.37 2.46 2.66 2.78 3.01 3.32 3.44 3.39 3.34 3.10 2.87 2.83 2.74 2.68 2.87 3.04 3.29 3.40 3.49
3.35
C1907TS404_1 0.444 4.15 4.25 4.25 4.01 3.46 2.91 2.72 2.56 2.60 2.57 2.48 2.37 2.31 2.31 2.41 2.53 2.62 2.79 2.79 2.76
2.59 2.44 2.21 2.23 2.37 2.48 2.61 2.68 2.69 2.77 3.10 3.07 3.09 3.04 3.01 2.94 3.06 3.09 3.22 3.47
3.54 3.53 3.30 3.06 3.09 3.36 3.65 3.89 4.10 3.98 3.67 3.51 3.76 4.28 4.90 5.07 4.56 3.81 3.13 2.91
2.75
C1907TS247_2 0.444 4.36 3.99 3.62 3.09 2.76 2.69 2.67 2.67 2.62 2.38 2.14 2.00 1.88 1.96 2.20 2.48 2.77 3.11 3.13 3.15
3.19 3.26 3.24 3.36 3.52 3.61 3.65 3.44 3.22 3.10 3.18 3.12 3.13 2.98 2.94 2.93 2.91 2.85 2.68 2.58
2.43 2.38 2.26 2.24 2.22 2.44 2.87 3.21 3.36 3.41 3.17 2.92 3.01 3.27 3.64 4.59 5.67 7.29 6.76 6.28
5.46
C1907TS182_5 0.443 5.74 5.66 5.20 4.68 4.47 4.39 4.10 3.91 3.70 3.30 2.87 2.60 2.54 2.56 2.76 2.92 2.86 2.50 2.02 1.69
1.36 1.05 0.89 0.80 0.57 0.48 0.82 1.10 1.50 1.92 2.35 2.49 2.75 2.89 3.10 3.22 3.19 3.10 2.96 2.86
2.90 3.13 3.28 3.48 3.37 3.49 3.97 4.47 4.87 5.20 4.52 4.38 4.82 5.37 5.37 5.68 5.26 5.84 5.87 6.27
6.18
C1907TS247_3 0.442 4.30 4.20 4.07 3.71 3.48 3.39 3.24 3.09 2.99 2.75 2.62 2.58 2.51 2.46 2.46 2.40 2.43 2.62 2.69 2.82
3.02 3.14 3.07 3.21 3.39 3.36 3.30 3.05 2.78 2.62 2.74 2.78 2.92 2.90 2.97 3.03 3.01 2.94 2.77 2.59
2.39 2.36 2.25 2.28 2.28 2.35 2.65 2.93 3.19 3.50 3.56 3.38 3.44 3.53 3.60 4.21 4.79 5.65 5.71 5.84
5.33
C1907TS228_3 0.440 4.86 4.95 4.71 4.13 3.72 3.48 3.31 3.30 3.31 3.04 2.77 2.69 2.59 2.50 2.47 2.41 2.33 2.49 2.53 2.54
2.46 2.38 2.23 2.36 2.59 2.79 3.06 3.16 3.17 3.30 3.67 3.54 3.51 3.41 3.28 3.10 3.04 2.90 2.64 2.68
2.74 3.00 3.20 3.54 3.55 3.73 3.98 4.02 3.83 3.74 3.21 2.84 2.87 2.84 2.85 3.27 3.38 3.55 3.65 3.67
3.60
C1907TS003_1 0.440 5.31 5.33 5.17 4.75 4.31 4.28 4.66 4.69 4.42 3.69 3.08 2.79 2.85 2.99 3.16 3.23 3.16 3.13 2.96 2.85
2.69 2.61 2.49 2.57 2.75 3.23 3.58 3.70 3.55 3.17 2.86 2.67 2.48 2.36 2.36 2.24 2.08 2.00 1.81 1.77
1.87 2.11 2.20 2.64 3.04 3.37 3.71 3.87 3.60 3.54 3.31 2.97 2.99 3.03 3.02 3.35 3.56 3.81 3.93 4.05
3.93
C1907TS389_5 0.435 3.97 3.86 3.67 3.35 3.17 3.20 3.19 3.12 3.08 2.80 2.59 2.63 2.73 2.91 3.14 3.32 3.36 3.39 3.11 3.01
2.97 2.87 2.81 2.99 3.05 2.96 3.06 2.87 2.67 2.66 2.87 2.86 2.95 2.91 2.89 2.90 2.98 3.07 2.96 3.05
2.96 3.06 3.11 3.42 3.56 3.96 4.08 4.06 3.90 3.83 3.59 3.42 3.40 3.33 3.14 3.16 3.22 3.59 3.66 3.84
3.68
C1907TS278_1 0.428 2.47 2.29 2.11 1.75 1.47 1.37 1.38 1.40 1.53 1.51 1.42 1.43 1.48 1.53 1.67 1.83 2.16 2.64 2.99 3.27
3.40 3.23 3.02 2.97 2.93 2.84 2.81 2.71 2.63 2.57 2.65 2.65 2.68 2.61 2.66 2.80 2.84 2.82 2.78 2.98
3.24 3.72 4.16 4.82 5.36 6.13 7.33 8.50 9.97 18.48 29.85 29.85 29.85 29.85 18.55 16.01 13.10 14.28 8.89 7.65
6.17
C1907TS158_1 0.428 2.47 2.29 2.11 1.75 1.47 1.37 1.38 1.40 1.53 1.51 1.42 1.43 1.48 1.53 1.67 1.83 2.16 2.64 2.99 3.27
3.40 3.23 3.02 2.97 2.93 2.84 2.81 2.71 2.63 2.57 2.65 2.65 2.68 2.61 2.66 2.80 2.84 2.82 2.78 2.98
3.24 3.72 4.16 4.82 5.36 6.13 7.33 8.50 9.97 18.48 29.85 29.85 29.85 29.85 18.55 16.01 13.10 14.28 8.89 7.65
6.17
C1907TS123_2 0.423 4.24 4.10 3.82 3.36 3.08 3.26 3.38 3.48 3.57 3.24 2.88 2.91 2.99 3.04 3.20 3.40 3.56 3.94 4.07 4.01
3.60 3.22 2.83 2.77 2.80 3.02 3.23 3.32 3.25 3.40 3.65 3.71 3.74 3.54 3.40 3.32 3.20 3.08 2.88 2.75
2.67 2.61 2.43 2.59 2.81 3.07 3.40 3.62 3.60 3.62 3.50 3.35 3.39 3.47 3.47 3.56 3.74 4.27 4.44 4.64
4.48
C1907TS404_4 0.418 4.10 4.22 4.24 4.01 3.46 2.91 2.71 2.56 2.58 2.55 2.44 2.38 2.40 2.47 2.65 2.84 2.94 3.03 2.92 2.90
2.72 2.59 2.43 2.46 2.55 2.72 2.87 2.85 2.81 2.86 3.11 3.08 3.12 2.98 2.99 3.02 3.11 3.08 3.06 3.19
3.47 3.81 3.99 4.14 4.38 4.80 5.39 5.97 5.95 5.82 5.86 5.40 5.17 5.62 5.62 5.68 5.48 4.89 4.04 3.82
3.62
C1907TS278_5 0.411 3.25 3.28 3.24 3.01 2.77 2.66 2.67 2.78 2.99 2.94 2.84 2.79 2.84 2.92 3.10 3.24 3.32 3.31 3.11 2.89
2.56 2.34 2.19 2.20 2.28 2.38 2.45 2.47 2.52 2.61 2.82 2.80 2.82 2.76 2.83 2.92 3.03 2.98 2.82 2.78
2.80 3.06 3.39 4.00 4.80 5.78 6.96 8.17 8.85 9.05 8.14 6.87 6.10 6.01 5.96 7.15 8.56 11.59 9.71 9.33
7.15
C1907TS158_5 0.411 3.25 3.28 3.24 3.01 2.77 2.66 2.67 2.78 2.99 2.94 2.84 2.79 2.84 2.92 3.10 3.24 3.32 3.31 3.11 2.89
2.56 2.34 2.19 2.20 2.28 2.38 2.45 2.47 2.52 2.61 2.82 2.80 2.82 2.76 2.83 2.92 3.03 2.98 2.82 2.78
2.80 3.06 3.39 4.00 4.80 5.78 6.96 8.17 8.85 9.05 8.14 6.87 6.10 6.01 5.96 7.15 8.56 11.59 9.71 9.33
7.15
C1907TS103_2 0.411 3.23 3.16 3.06 2.83 2.41 2.30 2.35 2.54 2.85 3.04 2.91 2.89 2.95 3.01 3.14 3.18 3.22 3.39 3.45 3.54
3.35 3.06 2.65 2.47 2.49 2.59 2.66 2.68 2.73 2.81 3.17 3.35 3.54 3.58 3.80 3.92 3.86 3.68 3.43 3.33
3.39 3.71 3.99 4.52 5.11 6.13 7.65 8.66 8.95 8.99 9.00 8.21 6.55 4.79 3.58 3.11 3.01 3.39 3.69 3.96
3.94
C1907TS102_1 0.411 3.23 3.16 3.06 2.83 2.41 2.30 2.35 2.54 2.85 3.04 2.91 2.89 2.95 3.01 3.14 3.18 3.22 3.39 3.45 3.54
3.35 3.06 2.65 2.47 2.49 2.59 2.66 2.68 2.73 2.81 3.17 3.35 3.54 3.58 3.80 3.92 3.86 3.68 3.43 3.33
3.39 3.71 3.99 4.52 5.11 6.13 7.65 8.66 8.95 8.99 9.00 8.21 6.55 4.79 3.58 3.11 3.01 3.39 3.69 3.96
3.94
C1907TS347_1 0.410 4.12 3.99 3.82 3.37 3.17 3.09 3.07 3.05 3.22 2.99 2.86 2.90 3.08 3.27 3.73 4.07 4.08 4.15 3.90 3.76
3.48 3.31 3.05 3.08 3.30 3.50 3.58 3.39 3.21 3.19 3.59 3.63 3.82 3.70 3.86 3.90 3.81 3.59 3.27 3.06
2.95 3.02 2.93 2.99 2.97 2.97 3.19 3.45 3.64 3.95 3.90 3.68 3.78 3.94 3.96 4.64 4.76 5.12 4.73 4.53
4.05
C1907TS054_4 0.410 4.03 4.66 4.97 4.84 4.59 4.17 3.83 3.80 3.92 3.62 3.35 3.23 3.31 3.29 3.50 3.65 3.55 3.42 3.26 3.05
2.92 2.88 2.86 3.18 3.58 3.84 4.04 3.91 3.70 3.98 4.75 5.10 5.29 4.85 4.39 4.09 3.74 3.43 3.22 3.01
2.78 2.85 2.83 2.82 3.05 3.32 3.48 3.33 3.25 3.08 2.91 2.69 2.76 2.69 2.56 2.83 3.22 3.80 4.28 4.89
4.85
C1907TS054_1 0.405 3.99 3.86 3.70 3.44 3.40 3.66 3.91 3.98 4.09 3.66 3.22 3.00 3.06 3.16 3.42 3.57 3.53 3.40 3.20 3.12
2.95 2.83 2.71 3.02 3.50 3.80 3.94 3.71 3.26 3.18 3.38 3.42 3.61 3.67 3.77 3.92 4.08 4.04 3.78 3.63
3.33 3.18 3.19 3.26 3.13 3.13 3.27 3.50 3.74 4.07 4.00 3.64 3.69 3.91 4.00 4.56 4.97 5.36 5.13 5.10
4.68
C1907TS054_5 0.400 6.44 6.48 6.29 5.82 5.13 5.18 4.64 4.23 4.15 4.04 3.74 3.68 3.63 3.47 3.53 3.67 3.91 4.38 4.63 4.72
4.46 4.02 3.84 4.05 4.06 3.83 3.53 3.09 2.89 3.06 3.39 3.36 3.41 3.41 3.41 3.31 3.21 2.97 2.63 2.57
2.64 2.74 2.81 3.16 3.59 4.21 4.84 4.65 3.91 3.40 3.05 2.79 2.81 2.74 2.52 2.77 3.25 3.94 4.38 4.71
4.26
C1907TS003_3 0.398 5.66 5.90 5.69 5.45 5.12 4.69 4.39 4.09 3.79 3.42 3.29 3.23 3.24 3.26 3.37 3.42 3.48 3.50 3.50 3.54
3.40 3.35 3.20 3.10 3.13 3.20 3.13 3.11 3.04 2.99 3.16 3.14 3.12 3.04 3.04 3.01 2.94 2.75 2.40 2.17
1.92 1.85 1.88 2.11 2.37 2.62 2.92 3.45 4.30 5.55 6.85 7.39 7.43 7.90 8.13 10.96 13.11 17.20 10.53 8.54
6.17
C1907TS200_1 0.394 6.35 6.56 6.30 6.20 6.20 6.14 5.60 5.19 4.58 4.00 3.70 3.68 3.73 4.03 4.44 4.52 4.50 4.45 4.23 4.20
4.17 3.85 3.49 3.37 3.21 2.95 2.91 2.70 2.57 2.77 3.06 2.99 2.95 2.70 2.58 2.44 2.34 2.38 2.35 2.40
2.51 2.69 2.84 3.38 4.24 5.46 6.29 5.80 4.95 4.28 3.86 3.57 3.55 3.43 3.46 3.86 4.20 4.72 4.92 5.04
4.93
C1907TS179_1 0.394 6.35 6.56 6.30 6.20 6.20 6.14 5.60 5.19 4.58 4.00 3.70 3.68 3.73 4.03 4.44 4.52 4.50 4.45 4.23 4.20
4.17 3.85 3.49 3.37 3.21 2.95 2.91 2.70 2.57 2.77 3.06 2.99 2.95 2.70 2.58 2.44 2.34 2.38 2.35 2.40
2.51 2.69 2.84 3.38 4.24 5.46 6.29 5.80 4.95 4.28 3.86 3.57 3.55 3.43 3.46 3.86 4.20 4.72 4.92 5.04
4.93
C1907TS054_2 0.394 4.40 4.37 4.51 4.33 4.12 4.05 3.82 3.48 3.57 3.34 3.11 3.09 3.17 3.15 3.40 3.72 3.74 3.69 3.44 3.36
3.19 3.20 3.26 3.78 4.35 4.73 4.84 4.49 3.88 3.58 3.66 3.40 3.28 3.22 3.37 3.43 3.37 3.36 3.24 3.19
3.21 3.37 3.47 3.87 4.14 4.19 4.03 3.62 3.36 3.40 3.46 3.34 3.63 4.04 4.25 4.91 5.83 6.32 6.05 6.32
5.56
C1907TS273_4 0.391 3.09 3.40 3.70 3.89 3.92 4.19 4.47 4.53 4.66 4.17 3.95 4.10 4.57 4.77 4.72 4.23 3.95 3.85 4.07 4.83
5.34 5.37 5.13 4.72 4.45 4.42 4.39 4.14 3.97 3.90 3.95 3.73 3.42 3.11 2.97 2.84 2.71 2.73 2.56 2.50
2.54 2.66 2.59 2.85 3.35 4.06 4.71 4.86 4.63 4.43 4.41 4.57 5.01 4.62 4.06 3.86 3.55 3.49 3.47 3.50
3.32
C1907TS003_2 0.389 6.65 8.04 8.70 8.46 6.70 5.87 5.35 4.97 4.82 4.31 3.80 3.66 3.69 3.79 4.29 4.55 4.54 4.34 3.87 3.38
3.11 3.00 2.97 3.04 3.10 3.09 3.00 2.98 2.93 2.95 3.10 3.11 3.22 3.35 3.51 3.73 4.04 4.10 4.03 4.10
4.02 4.03 3.89 3.62 3.30 3.37 3.62 3.82 3.91 3.77 3.36 3.20 3.28 3.37 3.46 3.78 3.91 4.17 4.18 4.19
4.08
C1907TS278_2 0.381 5.10 4.48 3.89 3.22 2.86 2.79 2.71 2.69 2.65 2.53 2.58 2.68 2.76 2.85 2.95 3.04 3.24 3.49 3.59 3.63
3.53 3.37 3.13 3.10 3.24 3.55 4.11 4.24 4.07 3.92 3.82 3.56 3.62 3.55 3.59 3.69 3.67 3.56 3.27 3.10
3.02 3.18 3.32 3.82 4.57 5.75 6.94 8.17 9.53 12.23 12.46 10.76 9.30 7.95 6.95 7.13 7.04 7.54 6.75 6.64
6.13
C1907TS158_2 0.381 5.10 4.48 3.89 3.22 2.86 2.79 2.71 2.69 2.65 2.53 2.58 2.68 2.76 2.85 2.95 3.04 3.24 3.49 3.59 3.63
3.53 3.37 3.13 3.10 3.24 3.55 4.11 4.24 4.07 3.92 3.82 3.56 3.62 3.55 3.59 3.69 3.67 3.56 3.27 3.10
3.02 3.18 3.32 3.82 4.57 5.75 6.94 8.17 9.53 12.23 12.46 10.76 9.30 7.95 6.95 7.13 7.04 7.54 6.75 6.64
6.13
END



