PFRMAT QA
TARGET C1908x2
MODEL 2
QMODE 2
C1908x2TS215_5 0.523 4.167 4.231 3.806 3.241 3.123 3.270 2.691 2.534 1.980 2.044 2.009 1.996 1.774 1.882 1.993 2.357 2.261 2.186 2.738 2.933 2.304 2.511 3.096 3.600 3.921 4.186 3.686 2.988 2.989 2.645 2.346 2.348 2.704 2.826 3.119 3.134 3.077 3.205 3.480 2.724 3.166 3.436 4.089 3.526 4.103 3.218 2.919 2.474 2.618 2.682 2.484 2.820 2.510 2.298 2.043 1.939 2.179 2.199 2.034 2.319 2.802 3.241 3.522 2.998 2.828 2.448 2.160 2.310 1.949 1.799 1.775 2.130 2.431 2.657 3.423 3.619 3.614 4.003 3.713 3.079 2.633 2.247 1.784 1.834 2.028 2.337 2.592 2.743 2.698 2.584 2.724 2.574 2.290 2.464 2.473 2.556 2.570 2.203 2.321 1.923 2.158 2.326 3.094 3.718 3.631 4.954 4.913 4.879 5.021 4.299 4.486 3.656 3.196 2.336 2.146 2.013 2.110 2.022 2.199 2.265 2.301
C1908x2TS228_4 0.369 5.858 7.189 7.299 5.951 5.328 6.946 5.448 4.339 4.404 5.135 4.513 3.347 4.202 5.343 4.698 3.752 4.600 5.870 4.987 5.303 5.208 5.893 5.346 5.277 4.950 5.510 5.508 5.200 5.717 6.533 6.074 6.216 5.958 6.398 6.865 6.326 8.843 6.810 6.903 7.027 6.308 5.141 5.324 5.811 5.031 5.089 5.110 4.340 4.694 4.386 4.491 4.556 5.511 5.557 5.321 5.440 4.366 4.238 3.447 3.367 3.894 3.991 4.685 5.009 4.011 3.707 3.318 2.827 2.884 3.209 3.790 4.341 4.787 5.426 5.512 6.129 7.265 10.312 8.017 6.427 5.192 4.555 3.683 3.665 3.423 3.478 3.109 3.857 4.295 5.890 5.701 8.573 8.811 13.997 16.048 9.670 7.721 6.008 6.500 4.914 6.376 5.384 7.705 6.307 15.025 7.590 29.850 17.198 13.184 10.540 7.335 6.334 5.088 4.578 5.141 5.374 7.373 7.883 17.155 13.199 27.798
C1908x2TS404_1 0.322 29.850 29.850 29.850 18.583 16.323 17.672 11.352 11.194 9.031 9.096 8.101 6.755 6.498 6.007 6.270 5.445 5.026 4.656 4.775 4.810 4.347 4.637 4.687 4.421 4.856 4.169 6.062 5.257 9.874 9.012 11.912 11.332 12.944 9.888 7.594 7.697 6.759 7.515 7.386 7.883 8.667 10.870 9.973 13.217 12.786 14.514 15.513 11.793 8.431 5.111 5.813 4.034 5.291 5.493 7.347 8.950 8.507 7.318 8.216 29.850 14.686 29.850 29.850 29.850 17.138 8.225 7.484 5.844 6.615 5.929 7.705 10.351 12.626 29.850 13.016 29.850 29.850 29.850 29.850 16.635 7.335 5.309 5.085 4.876 5.836 4.792 5.990 5.483 9.598 6.161 9.496 7.470 8.579 6.156 5.960 7.194 4.853 4.905 4.441 4.560 4.761 5.019 6.077 11.723 29.850 29.850 29.850 29.850 17.330 8.495 6.074 6.637 10.485 8.644 6.034 5.532 4.884 5.160 4.335 4.189 3.892
C1908x2TS215_4 0.501 3.899 3.878 3.479 3.716 3.081 2.776 2.986 2.794 1.961 2.181 2.498 2.362 2.346 2.351 2.314 2.298 2.397 2.553 3.078 3.268 2.611 3.198 3.238 4.065 3.929 4.239 4.610 4.868 4.975 4.568 3.968 4.081 3.701 3.714 3.264 2.815 3.077 2.866 3.324 3.158 3.463 3.313 3.553 3.421 2.956 2.994 2.502 2.636 2.103 1.825 2.013 1.908 2.082 2.003 2.461 2.453 2.004 2.110 1.980 2.638 2.653 3.345 3.525 3.980 3.716 3.492 3.295 2.784 2.111 1.800 1.968 2.648 2.651 3.599 4.373 5.325 5.546 5.664 4.861 3.788 3.390 3.001 2.098 2.126 2.135 2.327 2.738 3.150 4.181 3.316 3.762 3.391 3.410 3.860 3.834 4.015 3.368 2.613 2.225 1.907 2.217 2.713 3.364 3.642 3.677 3.620 3.244 2.962 2.971 3.155 2.787 3.129 2.557 2.666 2.035 1.923 2.293 2.470 3.344 3.676 3.632
C1908x2TS049_4 0.300 29.850 29.850 29.850 29.850 29.850 29.850 29.850 29.850 14.537 18.419 21.788 17.776 10.585 9.592 10.265 8.632 8.176 8.864 5.153 6.510 5.538 5.788 5.932 5.562 5.823 5.883 6.561 5.577 6.844 6.315 6.828 6.702 5.973 5.730 6.680 6.009 5.989 8.355 7.068 19.466 9.854 9.199 7.106 9.399 8.832 10.341 16.382 29.850 29.850 29.850 29.850 16.676 11.961 9.078 7.017 6.973 7.891 6.489 5.619 6.060 5.437 5.705 5.135 5.085 4.963 4.680 5.357 5.166 6.597 7.838 10.346 21.728 29.850 29.850 27.286 29.850 29.850 29.850 29.850 16.879 16.693 10.047 11.174 8.203 9.841 6.325 6.488 6.207 5.649 11.067 8.509 8.480 29.850 10.564 11.167 8.486 7.284 9.480 6.761 9.125 7.662 12.698 8.129 10.979 21.932 10.013 14.939 25.926 11.590 18.727 9.926 13.804 14.059 17.357 9.746 11.007 9.201 12.750 29.850 29.850 14.236
C1908x2TS404_2 0.328 29.850 29.850 29.850 18.154 15.506 16.359 10.937 11.004 8.747 8.360 7.514 5.984 5.839 5.464 5.287 5.574 4.441 4.525 4.816 4.695 4.300 4.404 5.189 4.320 4.467 4.393 5.220 5.308 7.451 10.357 6.874 7.473 8.376 6.904 7.250 7.692 6.979 8.406 7.267 7.624 7.823 9.750 9.119 10.140 10.424 11.466 9.050 10.106 7.480 4.524 5.273 3.741 4.532 4.931 5.999 6.603 7.398 6.531 7.319 29.850 14.399 29.850 29.850 29.850 16.693 8.153 7.388 5.776 6.536 5.910 7.517 8.898 10.255 17.907 10.791 18.369 23.209 29.850 27.333 12.989 6.783 5.246 5.034 4.872 5.847 4.799 6.008 5.499 9.639 6.177 9.523 7.491 8.608 6.168 5.976 7.216 4.866 4.912 4.423 4.559 4.722 5.000 6.011 12.333 29.850 29.850 29.850 29.850 13.935 8.002 6.057 6.958 11.814 9.717 6.140 5.597 4.921 5.089 4.352 4.187 3.902
C1908x2TS049_2 0.271 6.556 11.590 29.850 9.416 25.409 11.861 15.729 11.320 7.475 9.259 5.481 5.864 7.178 6.206 6.639 4.839 8.668 5.218 11.319 9.356 10.551 8.997 9.368 11.425 12.999 7.864 9.381 8.341 9.782 11.981 22.975 29.850 16.177 18.088 14.042 11.498 9.827 9.886 15.132 18.457 29.850 21.739 29.850 29.850 29.850 29.850 29.850 29.850 29.850 29.850 29.850 6.225 5.643 4.157 3.900 3.289 4.709 5.859 4.260 4.668 7.383 7.632 5.258 6.125 8.727 8.275 29.850 12.309 29.850 15.404 29.850 18.764 29.850 18.375 12.219 11.684 10.424 19.665 15.022 29.850 29.850 29.850 29.850 29.850 29.850 29.850 29.850 29.850 29.850 29.850 29.850 12.716 18.913 12.081 29.850 29.850 29.850 29.850 29.850 29.850 29.850 20.319 29.850 29.850 29.850 29.850 29.850 29.850 29.850 29.850 29.850 29.850 29.850 29.850 29.850 29.850 29.850 29.850 29.850 29.850 29.850
C1908x2TS067_3 0.324 29.850 29.850 29.850 29.850 29.850 29.850 29.850 29.850 29.850 29.850 29.850 29.850 29.850 29.850 29.850 29.850 29.850 29.850 22.700 29.850 12.417 20.362 10.103 17.721 15.296 9.457 8.656 10.107 8.511 6.545 7.092 7.784 6.539 5.993 6.291 5.351 8.249 6.547 9.320 10.137 14.965 29.850 29.850 29.850 28.210 29.850 29.850 29.850 15.523 11.553 7.522 7.046 4.797 5.746 6.870 5.391 5.006 4.955 5.372 6.050 6.066 4.770 5.905 5.274 6.003 5.030 5.619 4.554 4.999 4.254 4.016 3.977 3.372 4.121 3.894 5.407 6.255 9.509 20.320 29.850 29.850 14.056 7.904 10.607 7.690 9.082 5.573 6.325 6.718 5.059 5.058 5.867 5.515 4.803 4.978 4.648 4.124 4.296 3.588 4.017 3.754 5.667 5.168 9.338 6.819 5.350 5.932 4.768 4.898 4.058 3.427 4.160 4.055 4.546 4.346 4.397 4.186 4.444 4.092 5.110 4.675
C1908x2TS389_3 0.426 6.450 7.220 5.390 5.626 5.491 4.322 4.583 4.365 4.037 3.482 3.870 4.258 3.810 3.737 4.140 4.264 4.233 4.269 4.281 4.044 4.289 4.443 4.457 4.208 4.077 4.275 4.304 4.938 4.390 4.080 4.238 3.993 4.012 3.677 3.698 4.046 4.282 4.392 4.995 4.336 4.788 4.226 3.480 3.454 3.274 3.265 3.258 3.125 3.823 3.251 3.469 3.223 3.526 3.149 3.534 3.803 3.227 3.088 2.677 2.795 3.006 3.331 3.148 3.491 3.276 3.203 3.266 2.798 2.574 2.573 2.670 3.161 3.735 4.587 4.983 6.792 10.875 9.548 6.280 4.916 4.344 3.725 3.307 2.936 2.839 2.802 2.931 3.584 3.658 4.136 4.325 4.532 5.760 4.914 5.753 4.955 4.750 4.266 3.414 2.957 3.232 3.424 4.281 4.577 6.486 8.051 15.959 13.837 9.379 6.545 7.074 4.968 4.071 3.323 3.315 3.540 4.254 4.825 5.261 5.294 6.932
C1908x2TS049_1 0.280 29.850 29.850 29.850 29.850 29.850 29.850 29.850 29.850 29.850 29.850 29.850 29.850 19.005 15.476 19.004 16.870 16.573 10.682 8.731 10.513 9.940 10.909 9.460 7.312 18.304 9.739 11.917 10.724 20.838 6.852 9.437 5.995 5.994 4.676 4.878 4.918 6.862 7.021 6.113 7.000 9.295 29.850 10.617 29.850 17.117 29.850 23.666 29.850 29.850 29.850 24.217 29.850 17.428 17.261 13.653 16.013 12.056 18.897 12.072 11.725 13.356 12.883 9.700 14.220 9.285 8.514 8.083 7.262 7.120 7.631 10.764 12.547 29.850 29.850 29.850 29.850 29.850 27.285 15.938 12.041 11.038 10.706 12.829 10.535 12.088 21.009 12.324 7.639 6.370 6.242 5.196 5.704 6.969 6.615 6.320 7.330 9.009 15.635 16.851 29.850 29.850 28.868 29.850 29.850 12.851 17.714 22.907 19.938 17.408 15.008 14.837 16.519 12.241 29.850 29.850 22.646 29.850 18.838 11.996 9.655 7.538
C1908x2TS228_3 0.440 3.852 4.161 4.822 3.888 3.692 3.668 2.754 2.693 3.140 2.495 2.547 3.373 3.296 3.324 4.327 5.011 4.268 4.984 4.251 3.432 3.174 2.531 2.625 2.953 2.767 2.784 3.065 3.215 3.594 3.591 3.983 3.736 3.194 3.266 2.935 2.703 2.665 2.684 2.827 2.798 2.663 3.182 3.359 3.855 3.318 2.970 3.030 2.971 3.957 4.021 5.013 5.250 6.772 6.650 5.018 4.518 3.744 3.252 3.018 3.001 3.244 3.582 3.982 3.561 3.963 3.061 3.455 2.933 3.259 3.099 3.606 4.127 4.264 4.907 6.034 6.592 8.162 6.514 6.715 7.117 5.471 5.307 4.251 3.741 3.519 3.323 2.831 3.094 3.041 4.099 4.394 4.762 4.519 5.244 6.183 4.938 4.495 3.806 2.440 2.298 2.923 3.401 4.122 6.941 10.457 16.154 23.009 8.580 8.917 12.362 7.011 4.456 3.728 2.953 2.258 2.350 2.802 4.041 5.109 7.136 6.609
C1908x2TS405_5 0.418 5.944 6.593 4.799 5.709 6.148 5.062 4.983 6.385 5.925 5.066 5.863 6.439 5.774 5.589 7.854 6.616 5.549 6.052 5.028 4.813 4.065 3.878 3.822 4.405 4.137 3.691 4.125 4.604 5.497 5.278 5.564 5.543 5.833 5.814 7.015 5.291 5.153 5.195 5.515 5.618 4.779 4.775 4.757 4.365 4.205 3.656 2.854 2.921 3.389 3.929 3.500 4.672 4.356 4.990 4.076 4.063 3.621 3.070 2.593 2.669 3.141 4.028 3.955 4.302 3.708 3.597 3.328 2.606 2.371 2.682 3.366 4.356 3.741 4.307 3.976 4.393 4.607 4.979 4.693 4.445 4.582 4.652 4.265 3.647 4.109 3.063 2.758 3.270 3.471 3.852 4.163 3.940 4.680 5.123 5.515 4.562 4.586 4.391 4.040 3.431 2.710 2.851 3.017 3.544 3.629 4.100 4.762 4.504 4.024 4.080 3.474 3.506 2.814 3.395 3.785 3.905 4.524 4.097 4.659 5.002 4.644
C1908x2TS067_4 0.294 29.850 29.850 29.850 29.850 29.850 29.850 29.850 29.850 29.850 29.850 29.850 29.850 29.850 29.850 29.850 29.850 29.850 29.850 13.119 8.501 8.978 8.736 7.686 8.944 9.613 7.861 6.769 11.387 7.734 7.228 7.910 9.664 7.505 8.718 9.675 9.512 17.430 29.850 29.850 29.850 29.850 29.850 29.850 29.850 29.850 29.850 29.850 29.850 29.850 23.457 11.752 8.671 6.230 7.090 8.779 7.910 5.939 9.194 10.755 9.370 8.729 7.914 12.447 13.644 8.332 11.129 5.900 6.217 6.115 5.652 5.120 5.137 5.464 6.182 6.544 9.089 10.553 21.955 29.850 29.850 29.850 29.850 13.737 29.305 15.435 13.196 7.784 10.096 9.577 6.848 6.473 9.247 7.745 6.492 6.296 5.115 4.914 5.502 5.187 5.835 5.499 8.128 6.992 18.902 12.850 9.763 15.610 7.136 7.597 6.126 5.568 5.849 5.285 5.315 4.352 4.100 4.214 4.453 4.156 5.276 5.529
C1908x2TS123_1 0.352 5.648 7.416 12.772 13.771 8.328 6.765 8.573 7.673 5.392 5.533 5.672 5.726 4.507 4.989 4.919 4.963 4.406 5.001 5.472 5.023 5.565 6.466 6.254 6.652 6.744 6.521 7.928 8.895 16.437 11.971 11.423 7.095 6.699 6.246 6.592 5.493 6.105 6.437 6.768 10.847 12.810 13.266 10.762 8.319 8.491 6.071 5.281 5.077 4.306 3.796 5.152 5.491 6.474 5.764 7.746 5.826 5.748 7.757 8.072 4.909 6.066 9.133 5.683 4.937 5.472 6.154 5.223 4.622 5.616 6.749 8.680 8.530 16.093 12.436 18.498 19.492 29.850 29.850 10.478 10.221 8.449 8.181 6.370 6.382 5.305 4.723 3.471 3.468 2.772 3.391 2.834 3.712 4.046 4.565 5.523 5.830 4.283 4.569 2.848 3.452 3.681 4.337 5.130 6.978 9.189 9.634 12.219 11.442 10.552 10.481 6.762 4.937 4.341 3.942 3.279 3.602 4.638 5.069 6.414 7.897 7.509
C1908x2TS404_4 0.319 29.850 29.850 29.850 17.906 15.659 16.673 11.016 10.636 8.679 8.821 7.657 6.499 6.260 5.793 6.115 5.225 4.911 4.831 5.152 4.637 4.454 5.120 5.054 4.928 5.169 4.683 6.451 6.112 7.933 29.850 14.363 12.415 13.917 10.698 7.414 7.874 6.616 7.126 7.909 8.201 8.799 10.698 10.036 13.885 13.470 16.220 18.375 16.687 8.032 5.619 5.564 4.603 5.048 5.509 6.902 9.665 8.835 7.123 8.253 29.850 14.699 29.850 29.850 29.850 17.167 8.233 7.510 5.870 6.729 6.043 7.891 11.213 12.655 29.850 13.078 29.850 29.850 29.850 29.850 17.659 7.351 5.322 5.105 4.888 5.858 4.795 5.994 5.487 9.612 6.162 9.500 7.472 8.589 6.157 5.963 7.199 4.858 4.908 4.444 4.562 4.759 5.022 6.084 12.017 29.850 29.850 29.850 29.850 29.850 9.195 6.174 6.704 10.753 8.662 6.037 5.536 4.883 5.161 4.337 4.189 3.896
C1908x2TS210_3 0.429 8.054 5.726 4.769 6.214 6.995 5.075 4.737 6.905 5.676 4.585 5.596 5.894 5.232 4.649 5.512 5.590 4.680 4.584 3.835 3.948 4.201 3.905 4.149 4.377 3.825 3.868 4.310 4.609 4.730 4.364 5.093 4.885 5.235 5.634 5.663 6.199 7.089 8.729 7.442 7.698 5.701 5.706 4.225 4.978 3.740 4.297 4.218 3.411 3.745 3.516 3.897 4.493 4.662 5.008 4.286 4.127 3.548 3.185 2.689 2.812 3.267 3.536 3.802 3.978 3.156 3.249 2.785 2.549 2.231 2.533 3.170 3.903 3.779 4.387 4.579 4.439 5.310 4.387 4.332 3.960 4.100 3.934 3.743 3.123 3.174 2.641 2.350 2.597 2.699 3.592 4.348 4.343 5.045 6.459 6.096 4.738 3.920 3.594 3.313 3.179 3.641 3.188 3.602 3.110 3.276 2.905 3.605 3.557 2.849 2.702 3.336 2.839 3.239 2.887 3.110 2.834 3.242 3.345 3.843 4.597 4.912
C1908x2TS389_2 0.465 4.619 6.052 4.180 4.192 3.994 3.919 3.478 3.299 3.309 2.845 2.589 2.645 2.655 2.542 2.407 2.542 2.514 2.810 2.659 2.352 2.521 2.707 2.584 2.717 2.668 2.888 2.800 3.191 3.298 3.073 3.614 3.095 2.860 2.707 2.902 2.606 2.768 2.537 3.048 2.980 2.790 3.293 3.491 3.550 3.563 3.272 3.217 3.167 3.378 2.889 3.096 3.028 3.341 2.999 3.309 3.398 3.036 2.938 2.711 3.336 3.340 3.776 3.986 4.336 3.711 3.639 3.785 3.168 3.040 2.621 2.733 2.993 3.248 4.167 4.466 5.007 5.982 6.211 4.578 4.147 3.471 3.531 2.960 2.894 3.104 3.393 3.706 3.842 4.132 4.492 4.401 4.485 4.852 5.198 5.666 4.986 5.077 4.306 3.642 3.090 2.961 2.802 3.678 3.818 4.127 5.908 6.490 5.518 6.555 4.254 4.468 3.331 2.848 2.441 2.907 3.154 3.866 4.606 4.717 5.660 5.984
C1908x2TS405_1 0.413 8.438 5.910 4.784 5.998 7.540 5.485 5.104 6.107 5.550 4.972 5.306 5.289 4.971 5.327 5.561 6.148 5.579 5.417 5.646 4.630 4.700 3.873 3.966 4.351 4.037 3.632 3.862 4.267 3.909 3.576 4.269 3.905 4.283 4.188 4.035 4.016 4.661 5.657 4.866 6.150 5.596 5.184 5.207 5.066 4.191 4.304 3.652 2.927 3.420 3.053 3.200 3.177 3.312 3.620 3.303 3.280 2.873 3.002 2.555 3.511 3.840 4.957 5.127 5.796 5.672 5.041 4.504 3.271 2.807 2.469 2.960 3.329 3.546 3.801 4.111 4.307 4.322 4.750 4.325 4.214 3.795 3.944 3.350 4.184 3.936 3.899 4.147 4.789 5.566 5.737 6.231 6.448 6.546 7.453 6.007 6.504 5.168 5.372 4.241 3.909 3.609 3.421 3.721 3.327 4.248 4.138 4.275 4.999 4.068 4.080 3.972 3.543 3.299 3.182 3.830 3.940 4.868 4.682 6.151 6.151 6.954
C1908x2TS405_4 0.421 6.718 8.942 5.588 9.161 8.178 7.182 6.418 8.792 8.477 6.666 8.148 11.327 7.772 7.025 14.662 10.519 9.065 7.112 5.310 4.729 4.372 3.888 4.396 4.578 3.683 3.935 4.848 5.043 4.473 3.875 4.016 3.637 3.679 4.146 4.388 4.998 8.607 10.864 9.010 7.759 5.873 4.765 4.256 3.916 3.236 3.058 3.102 2.647 3.231 3.273 3.243 3.800 4.015 4.327 4.014 3.798 3.530 2.884 2.315 2.520 2.532 3.346 3.616 3.683 3.325 3.075 2.623 2.180 2.177 2.559 3.176 3.978 3.791 4.296 4.167 4.251 4.396 4.522 4.156 4.161 4.118 3.662 3.467 3.588 3.392 3.021 2.483 2.905 2.710 3.865 4.365 4.811 5.059 7.093 6.722 5.784 4.890 4.315 4.048 3.501 3.263 2.883 3.092 3.333 3.629 3.805 4.369 4.603 4.699 3.791 3.504 3.229 2.970 2.870 3.560 3.559 4.317 4.185 4.572 5.042 5.187
C1908x2TS131_5 0.374 X X X X X X X X X X X X X X X 6.048 4.503 4.154 3.307 2.078 1.569 1.812 1.773 1.862 2.291 2.875 4.345 3.541 2.207 2.058 1.932 2.131 2.151 3.196 4.005 4.151 5.788 7.439 7.419 7.311 5.671 4.953 4.235 3.566 3.229 2.984 2.883 3.355 4.725 5.604 7.700 13.448 17.046 8.277 6.257 6.516 3.982 2.984 2.658 2.264 2.695 3.468 3.683 4.224 3.960 3.606 3.254 2.365 1.868 1.936 2.862 4.091 5.067 8.881 8.675 29.850 8.494 29.850 12.183 14.235 6.114 4.720 3.531 3.194 3.113 3.137 3.844 3.998 5.602 5.093 10.778 23.084 5.454 7.583 4.986 4.294 3.326 3.093 2.526 2.308 2.619 3.296 4.444 6.598 8.667 11.874 14.296 24.649 7.707 5.804 5.721 3.372 2.616 2.583 2.582 3.447 4.144 4.967 4.989 10.739 29.850
C1908x2TS389_5 0.450 5.163 5.641 3.971 4.187 4.593 4.038 3.606 3.704 3.574 3.149 3.148 3.357 3.324 3.383 3.645 3.513 3.381 4.253 3.551 3.654 3.262 3.330 2.934 3.111 3.351 3.305 2.938 3.529 3.438 3.114 3.678 3.249 3.427 3.161 3.280 3.160 3.311 3.285 3.507 3.437 3.465 3.609 3.284 3.421 3.220 3.232 3.139 2.912 3.447 2.958 3.112 2.957 3.415 3.254 3.361 3.513 3.001 3.001 2.444 2.932 3.034 3.370 3.288 3.527 3.195 2.987 2.972 2.495 2.698 2.429 2.667 2.958 3.347 4.289 4.801 5.771 7.937 8.038 4.944 4.520 3.853 3.580 3.101 2.839 3.117 3.184 3.408 3.676 3.775 4.534 3.865 4.536 5.602 4.847 6.731 5.287 5.509 4.381 3.793 3.092 2.961 3.043 3.668 4.092 5.120 6.023 8.081 8.959 6.337 5.615 5.073 3.708 3.321 2.992 3.112 3.403 4.031 5.206 5.730 6.126 6.554
C1908x2TS067_2 0.305 29.850 9.763 29.850 29.850 10.164 16.526 10.859 13.451 9.831 10.898 9.014 7.628 6.407 6.409 6.975 7.120 9.178 7.044 7.075 8.154 7.680 7.190 6.995 7.957 8.558 7.811 10.108 8.065 11.656 8.308 8.140 10.282 9.896 9.575 7.873 6.071 7.406 6.122 4.616 4.740 5.613 6.008 5.420 6.532 7.743 8.673 9.497 7.868 13.181 8.709 13.660 15.613 9.532 13.813 7.870 7.995 8.311 10.048 8.442 13.389 7.630 7.584 7.600 6.837 5.961 4.336 5.137 4.048 4.337 4.430 5.223 5.290 6.173 6.087 6.932 5.607 7.939 7.335 11.334 8.940 7.021 5.922 5.408 5.158 4.891 6.823 5.680 5.728 6.248 6.721 6.928 8.650 7.119 9.590 8.077 8.542 9.104 10.182 8.549 29.850 17.984 29.850 29.850 29.850 29.850 29.850 29.850 29.850 29.850 29.850 29.850 29.850 29.850 29.850 20.234 29.850 29.850 11.510 29.850 9.217 22.191
C1908x2TS123_4 0.365 8.779 8.632 13.182 16.791 11.321 8.094 11.282 10.049 9.447 7.795 6.749 7.110 6.151 6.885 7.220 6.484 8.827 7.929 6.838 6.684 7.318 7.127 6.329 6.468 6.140 6.339 5.788 5.664 5.722 4.665 3.837 3.711 4.235 4.859 5.459 4.819 9.360 16.190 16.640 10.045 12.797 9.747 7.560 5.526 4.927 4.151 4.414 3.696 5.120 5.641 5.965 6.398 6.448 6.338 5.432 4.552 4.226 4.940 4.690 5.208 5.888 7.094 6.266 5.416 6.517 5.170 5.519 5.015 4.628 4.775 4.733 4.330 4.944 4.096 3.872 4.940 6.244 4.643 6.224 4.488 5.662 4.430 3.851 3.348 3.311 3.144 3.861 4.014 5.139 7.982 9.222 6.951 8.551 5.844 6.154 5.266 4.171 3.573 2.805 2.736 3.048 4.033 5.428 6.432 9.052 29.850 29.850 29.850 29.850 29.850 8.245 7.074 4.805 3.861 2.549 2.506 2.932 3.213 3.816 3.707 3.976
C1908x2TS067_1 0.334 29.850 29.850 29.850 29.850 29.850 29.850 29.850 29.850 29.850 20.770 29.850 19.601 29.850 16.354 25.501 29.850 29.850 29.850 10.015 8.740 8.075 7.430 7.168 7.465 8.866 6.579 6.079 7.911 5.970 5.646 5.032 6.778 5.371 6.059 5.995 6.808 8.223 10.503 17.938 29.850 29.850 29.850 29.850 29.850 29.850 29.850 29.850 29.850 29.850 10.719 6.291 6.291 4.326 5.267 5.498 5.326 4.388 5.009 6.606 5.880 5.128 5.104 6.388 5.796 5.867 6.571 5.962 4.707 6.406 4.551 3.850 4.108 3.700 4.247 4.386 6.398 7.503 12.961 29.850 29.850 29.850 29.850 9.211 9.892 9.444 11.401 5.753 6.304 6.761 5.262 4.272 5.324 5.230 4.960 4.103 3.405 3.929 3.819 3.524 3.892 4.111 6.240 5.579 15.978 9.581 6.889 8.654 5.199 5.683 4.529 3.452 3.787 3.163 2.933 3.057 2.886 3.034 3.264 2.948 3.254 3.489
C1908x2TS131_4 0.409 X X X X X X X X X X X X X X X 3.829 4.383 3.546 3.702 3.615 3.350 3.276 2.944 2.931 2.843 3.140 3.313 3.419 2.866 2.485 2.502 2.685 2.614 2.921 3.066 3.169 3.316 3.728 3.589 3.795 3.563 2.948 3.133 2.859 2.792 2.962 3.059 3.164 3.855 3.730 4.089 4.280 3.869 4.010 3.971 3.917 3.822 2.782 2.948 2.596 3.112 3.253 3.517 3.517 3.573 3.360 3.470 3.189 2.906 3.137 3.364 3.747 3.866 4.523 3.955 4.624 4.137 4.464 4.557 4.651 4.612 4.501 3.568 3.433 3.243 2.787 3.052 3.123 3.692 3.604 4.093 4.477 3.627 4.019 3.776 3.285 3.034 2.566 2.239 2.187 2.176 3.262 3.731 4.333 4.780 5.551 5.324 4.697 4.666 4.406 4.178 3.302 2.276 2.304 2.243 3.409 3.412 3.592 3.707 4.019 4.430
C1908x2TS228_5 0.416 5.708 7.684 4.633 5.549 4.991 4.817 4.162 3.977 4.295 3.895 3.689 3.138 3.832 3.758 3.235 3.073 4.292 3.934 3.277 3.482 3.996 4.735 3.973 3.570 4.388 4.166 4.034 3.875 4.460 3.866 4.718 4.469 4.731 4.548 5.075 6.277 5.693 5.161 5.869 5.791 4.596 4.246 4.347 3.997 4.024 3.748 3.682 3.358 4.321 4.367 3.674 3.672 4.416 3.615 4.131 4.198 3.629 3.628 2.823 2.912 3.276 3.481 3.629 4.088 3.798 3.421 3.429 2.850 2.624 2.575 3.190 3.562 4.196 3.998 4.777 4.318 4.834 5.116 4.662 3.878 4.222 3.796 3.620 3.447 3.466 3.598 3.220 3.587 3.916 4.422 4.469 4.643 5.442 6.191 7.045 5.673 5.328 4.451 3.973 3.650 4.019 4.086 4.974 6.056 7.305 7.722 8.758 8.179 7.287 5.772 5.417 4.494 4.474 4.236 4.239 4.489 4.766 5.026 5.706 8.068 7.988
C1908x2TS026_1 0.306 6.092 29.850 12.798 29.850 29.850 29.850 29.850 29.850 29.850 29.850 29.850 23.793 16.699 18.875 29.850 29.362 17.493 29.850 29.850 24.025 29.850 21.920 29.850 29.850 29.850 14.358 13.430 9.190 5.249 5.472 4.832 4.994 4.135 4.910 4.838 5.607 5.814 7.043 7.941 14.343 9.337 7.499 8.129 6.985 8.347 13.287 29.850 10.245 29.850 29.850 29.850 29.850 29.850 29.850 29.850 29.850 29.850 29.850 29.850 20.346 8.054 5.899 4.646 3.736 4.549 5.106 4.424 6.281 5.273 5.873 6.638 8.742 10.033 26.893 29.850 29.850 29.850 18.856 24.674 9.237 8.298 7.755 8.536 8.784 9.968 29.850 9.245 6.956 5.796 5.359 4.717 6.008 5.066 5.405 4.518 3.901 3.731 4.214 3.571 4.247 4.376 6.085 7.355 11.386 15.765 27.778 29.850 12.814 19.403 19.139 14.769 9.884 6.164 6.007 4.226 5.199 4.088 4.332 4.376 4.408 4.317
C1908x2TS210_2 0.386 9.507 10.779 6.773 8.625 9.597 7.760 7.023 9.493 8.436 6.613 8.054 7.055 6.890 6.224 6.876 7.593 5.686 5.649 5.265 5.066 4.580 4.128 4.253 4.429 4.230 3.864 4.164 5.025 4.500 4.310 5.460 5.509 6.215 6.360 5.919 6.719 7.559 8.360 9.807 9.287 8.375 7.255 7.476 6.643 5.110 4.547 4.818 3.665 3.868 3.226 3.486 3.134 3.374 3.259 3.480 3.435 3.354 3.287 2.987 3.813 4.130 5.434 6.191 6.242 5.751 4.801 4.839 3.406 2.982 2.532 3.070 3.548 3.867 4.132 4.057 4.290 4.847 4.742 4.288 4.326 4.019 4.110 3.564 4.358 4.255 6.009 5.529 6.107 6.846 7.470 7.349 7.719 7.919 13.089 5.804 8.150 5.467 6.167 5.009 4.486 4.048 3.524 3.754 3.760 4.343 4.339 4.513 4.626 4.608 4.405 4.206 3.907 3.765 3.447 4.223 4.429 5.609 5.242 6.411 6.126 7.020
C1908x2TS131_1 0.388 X X X X X X X X X X X X X X X 2.974 2.906 2.824 2.759 2.480 2.488 2.752 3.154 3.893 4.570 4.355 5.920 5.434 3.875 3.104 2.828 2.485 2.301 2.638 3.005 3.177 3.271 3.244 3.536 3.326 3.105 3.281 3.227 3.125 2.815 3.238 3.791 3.288 4.791 4.844 5.178 5.101 5.489 5.920 5.191 4.745 4.251 4.100 2.917 2.664 2.680 2.679 3.031 2.868 2.900 2.748 2.647 2.533 2.451 3.036 3.496 4.281 5.114 5.489 5.185 6.076 5.295 7.501 7.070 7.351 6.197 7.083 5.041 4.494 3.971 3.887 3.535 3.169 3.234 3.420 3.378 4.171 3.803 4.481 3.895 3.501 2.856 2.473 2.261 2.657 2.932 5.032 7.277 21.817 27.152 29.850 29.850 7.853 8.927 7.830 6.901 4.584 3.338 2.771 2.423 2.948 3.135 3.311 3.634 3.882 4.566
C1908x2TS067_5 0.319 29.850 29.850 29.850 29.850 29.850 29.850 29.850 29.850 29.850 29.850 29.850 20.528 29.850 29.850 29.850 29.850 29.850 29.850 12.468 9.177 9.294 9.231 7.723 8.939 8.783 7.464 6.288 8.487 6.375 5.585 5.382 6.593 6.112 5.593 6.426 6.834 8.588 8.866 23.760 29.850 29.850 29.850 29.850 29.850 21.539 29.850 29.850 29.850 17.039 11.664 7.800 8.661 5.438 6.831 7.913 6.499 5.414 6.715 7.470 6.897 6.491 6.947 8.565 7.110 7.755 8.167 10.796 6.545 11.356 5.362 4.844 4.674 3.741 3.970 3.722 5.395 5.903 8.207 14.340 15.585 21.170 9.943 7.263 9.038 7.265 9.949 5.686 6.714 6.903 5.371 5.118 6.304 6.500 6.175 5.560 4.831 4.881 4.653 3.629 4.165 3.664 5.532 4.915 8.933 7.493 8.345 7.363 6.278 5.345 4.393 3.674 4.213 4.186 4.843 4.403 4.149 3.784 4.290 4.101 4.924 4.937
C1908x2TS073_3 0.400 12.204 8.012 5.959 6.973 6.611 6.665 6.092 4.811 4.521 4.948 4.020 3.764 4.321 4.109 3.205 3.302 3.837 4.023 3.349 3.588 3.833 4.036 4.043 3.954 3.666 3.370 3.126 3.530 3.351 3.825 3.905 4.874 5.326 5.814 5.014 5.026 4.626 4.573 5.194 5.877 8.565 6.670 9.892 11.940 7.250 6.238 5.353 5.322 4.251 3.836 3.718 3.688 4.706 4.584 4.959 4.449 3.787 3.861 4.738 4.327 3.801 4.909 5.659 4.554 4.826 4.947 4.586 4.331 3.904 3.963 4.502 4.293 4.911 5.077 4.979 6.202 4.803 6.383 5.633 5.522 4.432 4.416 4.334 4.044 3.968 4.482 4.157 4.230 4.305 3.913 3.499 3.515 3.040 3.236 3.525 4.097 4.062 4.382 4.157 4.133 4.299 4.394 4.748 5.986 5.533 7.206 7.371 5.923 7.027 6.108 6.287 6.363 4.632 4.740 4.197 4.485 4.686 4.353 4.474 4.154 3.406
C1908x2TS103_1 0.285 29.850 29.850 29.850 29.850 29.850 29.850 29.850 29.850 29.850 29.850 29.850 29.850 29.850 29.850 29.850 29.850 29.850 29.850 29.850 12.867 9.975 12.204 9.286 11.748 27.378 13.077 10.643 8.155 8.968 8.361 8.107 7.529 11.000 8.234 7.769 6.566 8.101 6.365 7.021 8.565 7.514 8.269 6.352 7.999 5.732 7.293 7.577 7.560 11.259 9.579 9.864 7.340 17.858 11.242 29.850 29.850 29.850 29.850 29.850 29.850 29.850 29.850 14.646 8.321 6.844 5.271 5.104 5.550 5.864 6.618 7.120 9.824 11.760 29.850 20.021 18.131 8.752 12.355 8.760 9.883 8.150 7.550 6.272 5.733 5.292 6.333 6.894 7.351 7.085 9.046 6.550 7.361 7.698 6.354 5.378 4.593 4.839 5.165 6.009 6.194 8.138 11.562 15.968 18.286 29.850 29.850 29.850 29.850 15.757 8.540 7.697 6.774 6.044 5.831 6.702 6.030 7.342 9.735 20.970 11.419 10.241
C1908x2TS073_5 0.447 6.747 6.457 8.116 5.746 6.743 6.539 5.072 4.837 4.494 5.340 4.261 4.114 3.912 3.552 3.308 3.412 3.447 3.436 3.110 2.759 2.804 2.840 3.055 3.174 3.111 3.485 3.508 3.632 3.964 4.240 4.954 4.518 5.066 3.896 3.997 3.183 3.211 3.191 3.507 3.569 3.887 4.283 3.948 3.903 3.543 4.080 4.648 3.939 3.603 3.578 3.479 3.243 3.381 3.188 2.972 3.062 2.980 2.918 3.187 3.192 3.156 3.212 3.828 3.653 3.665 3.359 3.275 3.080 2.828 2.650 2.838 2.904 3.432 3.862 3.904 3.930 4.191 4.132 3.928 3.739 3.653 3.738 3.380 2.933 2.732 3.115 3.349 3.609 3.992 3.889 4.479 4.322 4.434 4.318 3.810 3.502 3.330 3.200 3.031 3.180 3.455 3.832 3.884 4.561 4.299 4.772 5.309 4.607 4.354 4.217 4.203 3.984 4.701 3.835 3.701 3.393 3.544 3.413 3.510 3.698 3.570
C1908x2TS103_3 0.283 29.850 29.850 29.850 29.850 29.850 29.850 29.850 29.850 29.850 29.850 29.850 29.850 29.850 29.850 29.850 29.850 29.850 29.850 29.850 29.850 29.850 29.850 29.850 29.850 29.850 12.761 29.850 14.737 18.958 11.188 15.490 29.850 8.818 7.781 7.433 6.662 7.902 9.104 29.020 8.462 15.370 11.172 9.831 8.336 6.595 9.188 8.078 26.469 12.698 21.765 15.625 29.850 8.919 9.963 8.333 8.093 11.578 9.970 14.549 29.850 25.681 29.850 29.850 14.397 12.962 8.659 10.633 7.998 13.374 11.921 29.850 29.850 12.515 21.368 9.150 17.322 9.264 12.529 8.158 8.193 8.442 6.547 7.155 7.441 11.656 8.917 5.426 3.970 5.274 5.486 5.028 4.111 3.922 3.189 3.859 3.708 4.311 6.191 5.396 6.979 6.784 7.032 7.629 8.899 7.676 9.236 11.751 10.379 13.913 8.850 X X X X X X X X X X X
C1908x2TS389_1 0.461 5.337 6.040 4.412 4.483 4.573 3.743 3.701 3.387 3.145 2.648 2.565 2.693 2.556 2.615 2.447 2.639 2.586 2.616 2.778 2.730 2.721 2.728 2.647 2.829 2.877 2.905 3.084 3.253 3.129 2.985 3.119 3.028 2.872 2.726 2.806 2.650 2.751 2.668 3.092 2.976 2.790 3.284 3.318 3.471 3.559 3.164 2.975 3.061 3.557 3.125 3.365 3.108 3.419 3.212 3.330 3.575 3.133 2.915 2.604 2.955 3.433 3.747 3.970 4.639 3.952 3.808 3.849 3.022 2.874 2.627 2.673 3.075 3.431 4.475 4.694 5.112 7.189 6.983 5.267 4.234 3.834 3.579 2.981 3.111 3.381 3.266 3.613 3.821 4.223 4.665 5.040 5.130 5.504 6.064 5.673 5.310 5.180 4.425 3.384 2.834 2.649 2.734 3.713 3.660 4.872 6.063 9.420 7.815 5.792 4.349 3.518 3.108 2.841 2.324 2.678 2.914 3.557 4.559 4.950 5.840 6.024
C1908x2TS210_4 0.421 6.718 8.942 5.588 9.161 8.178 7.182 6.418 8.792 8.477 6.666 8.148 11.327 7.772 7.025 14.662 10.519 9.065 7.112 5.310 4.729 4.372 3.888 4.396 4.578 3.683 3.935 4.848 5.043 4.473 3.875 4.016 3.637 3.679 4.146 4.388 4.998 8.607 10.864 9.010 7.759 5.873 4.765 4.256 3.916 3.236 3.058 3.102 2.647 3.231 3.273 3.243 3.800 4.015 4.327 4.014 3.798 3.530 2.884 2.315 2.520 2.532 3.346 3.616 3.683 3.325 3.075 2.623 2.180 2.177 2.559 3.176 3.978 3.791 4.296 4.167 4.251 4.396 4.522 4.156 4.161 4.118 3.662 3.467 3.588 3.392 3.021 2.483 2.905 2.710 3.865 4.365 4.811 5.059 7.093 6.722 5.784 4.890 4.315 4.048 3.501 3.263 2.883 3.092 3.333 3.629 3.805 4.369 4.603 4.699 3.791 3.504 3.229 2.970 2.870 3.560 3.559 4.317 4.185 4.572 5.042 5.187
C1908x2TS405_3 0.429 8.054 5.726 4.769 6.214 6.995 5.075 4.737 6.905 5.676 4.585 5.596 5.894 5.232 4.649 5.512 5.590 4.680 4.584 3.835 3.948 4.201 3.905 4.149 4.377 3.825 3.868 4.310 4.609 4.730 4.364 5.093 4.885 5.235 5.634 5.663 6.199 7.089 8.729 7.442 7.698 5.701 5.706 4.225 4.978 3.740 4.297 4.218 3.411 3.745 3.516 3.897 4.493 4.662 5.008 4.286 4.127 3.548 3.185 2.689 2.812 3.267 3.536 3.802 3.978 3.156 3.249 2.785 2.549 2.231 2.533 3.170 3.903 3.779 4.387 4.579 4.439 5.310 4.387 4.332 3.960 4.100 3.934 3.743 3.123 3.174 2.641 2.350 2.597 2.699 3.592 4.348 4.343 5.045 6.459 6.096 4.738 3.920 3.594 3.313 3.179 3.641 3.188 3.602 3.110 3.276 2.905 3.605 3.557 2.849 2.702 3.336 2.839 3.239 2.887 3.110 2.834 3.242 3.345 3.843 4.597 4.912
C1908x2TS405_2 0.386 9.507 10.779 6.773 8.625 9.597 7.760 7.023 9.493 8.436 6.613 8.054 7.055 6.890 6.224 6.876 7.593 5.686 5.649 5.265 5.066 4.580 4.128 4.253 4.429 4.230 3.864 4.164 5.025 4.500 4.310 5.460 5.509 6.215 6.360 5.919 6.719 7.559 8.360 9.807 9.287 8.375 7.255 7.476 6.643 5.110 4.547 4.818 3.665 3.868 3.226 3.486 3.134 3.374 3.259 3.480 3.435 3.354 3.287 2.987 3.813 4.130 5.434 6.191 6.242 5.751 4.801 4.839 3.406 2.982 2.532 3.070 3.548 3.867 4.132 4.057 4.290 4.847 4.742 4.288 4.326 4.019 4.110 3.564 4.358 4.255 6.009 5.529 6.107 6.846 7.470 7.349 7.719 7.919 13.089 5.804 8.150 5.467 6.167 5.009 4.486 4.048 3.524 3.754 3.760 4.343 4.339 4.513 4.626 4.608 4.405 4.206 3.907 3.765 3.447 4.223 4.429 5.609 5.242 6.411 6.126 7.020
C1908x2TS345_4 0.534 4.027 4.543 3.923 3.432 3.041 2.365 2.703 2.488 1.985 1.972 2.351 2.092 1.987 2.236 2.410 2.360 2.437 2.717 2.666 2.777 2.711 2.465 2.589 2.821 2.642 2.394 2.634 2.868 2.570 2.188 2.160 1.940 2.005 1.990 2.129 2.408 2.608 3.002 3.381 2.905 2.934 3.024 2.963 2.814 2.687 2.696 2.794 2.842 2.725 2.647 2.656 2.695 2.589 2.495 2.458 2.383 2.281 2.209 2.391 2.352 2.102 2.485 2.432 2.411 2.342 2.659 2.534 2.408 2.558 3.194 3.745 3.954 4.029 3.584 3.909 3.944 4.692 5.243 5.391 5.143 4.075 2.886 2.618 2.310 1.960 1.862 1.688 1.858 1.918 2.326 2.110 2.481 2.633 2.557 2.507 2.429 2.297 2.068 1.775 1.709 1.583 1.768 2.001 2.398 3.321 3.773 4.461 4.794 3.460 3.644 2.705 2.652 1.890 1.781 1.614 1.729 1.879 2.003 2.178 2.354 2.461
C1908x2TS123_2 0.269 7.200 10.366 11.489 12.081 9.529 29.850 9.801 12.804 29.850 11.869 12.652 8.125 12.854 9.016 11.994 12.153 12.155 16.719 25.423 29.850 22.852 29.850 29.850 29.850 18.283 11.603 8.885 7.942 8.817 8.673 11.598 12.468 15.035 24.492 15.872 23.736 29.850 29.850 29.850 29.850 29.850 29.850 29.850 29.850 29.850 29.850 29.850 29.850 29.850 17.139 5.649 7.552 5.147 7.769 8.257 26.468 29.850 29.850 29.850 29.850 18.092 14.219 10.103 9.487 10.128 9.077 9.075 14.432 10.846 24.215 26.042 29.850 29.850 22.430 29.850 20.686 29.850 11.823 29.850 28.383 29.850 29.850 29.850 23.480 29.850 20.090 9.897 15.492 15.064 13.216 13.378 8.926 12.382 8.959 10.683 10.118 13.679 22.479 21.710 29.850 17.424 29.850 27.411 27.076 29.850 29.850 29.850 19.259 9.607 9.660 8.582 13.211 14.152 13.813 11.453 17.454 15.939 12.127 12.046 13.687 7.644
C1908x2TS215_1 0.482 2.962 3.169 2.813 3.129 3.224 3.168 2.714 3.299 3.336 2.793 2.923 3.417 3.135 2.787 3.083 3.419 3.324 3.022 3.002 2.737 2.516 2.732 2.800 2.945 2.747 3.074 3.209 3.107 3.141 3.379 3.080 3.244 3.401 3.490 3.704 3.614 3.453 3.337 3.281 3.483 3.209 3.769 3.432 3.602 3.478 3.556 2.880 2.999 2.845 2.956 2.828 3.340 3.027 2.912 2.483 2.638 2.565 2.395 2.596 2.725 3.095 3.087 3.096 2.995 2.874 2.888 2.728 2.822 2.910 2.495 2.562 2.503 2.767 3.088 3.515 3.392 3.680 4.239 3.880 4.152 3.590 3.240 2.566 2.589 2.526 2.412 2.615 3.088 3.412 3.682 3.976 4.737 3.908 4.283 4.617 4.369 3.427 3.188 2.464 2.652 3.127 3.376 3.825 3.947 4.299 4.295 4.519 4.272 4.397 4.729 4.392 4.410 3.884 3.556 2.717 2.769 2.931 3.281 4.180 3.798 4.186
C1908x2TS103_2 0.350 6.067 4.835 4.412 4.586 5.363 5.437 3.846 3.903 4.572 3.973 3.771 3.670 4.023 3.718 3.721 3.644 4.058 3.806 4.153 4.258 3.890 4.445 4.259 4.615 4.953 5.711 5.392 5.279 6.688 6.337 6.751 6.637 7.460 6.135 6.087 5.156 4.673 3.869 4.764 4.664 5.900 5.814 7.633 8.191 9.920 6.923 6.687 6.799 11.365 27.014 29.850 18.882 14.398 11.413 8.283 7.679 5.683 5.897 6.000 5.662 5.004 5.091 5.338 4.592 4.801 4.487 4.997 5.387 6.308 6.976 5.557 5.249 6.548 6.009 5.582 4.669 4.760 4.768 3.802 5.028 6.175 5.961 6.989 8.280 8.649 12.414 10.137 7.067 5.506 5.272 4.671 4.655 4.845 5.557 5.782 8.238 5.786 5.477 5.893 8.968 14.425 12.085 9.853 11.029 8.226 10.901 13.404 29.850 29.850 29.850 29.556 29.850 11.226 8.163 5.787 7.480 9.725 9.699 18.303 15.196 17.799
C1908x2TS210_1 0.413 8.438 5.910 4.784 5.998 7.540 5.485 5.104 6.107 5.550 4.972 5.306 5.289 4.971 5.327 5.561 6.148 5.579 5.417 5.646 4.630 4.700 3.873 3.966 4.351 4.037 3.632 3.862 4.267 3.909 3.576 4.269 3.905 4.283 4.188 4.035 4.016 4.661 5.657 4.866 6.150 5.596 5.184 5.207 5.066 4.191 4.304 3.652 2.927 3.420 3.053 3.200 3.177 3.312 3.620 3.303 3.280 2.873 3.002 2.555 3.511 3.840 4.957 5.127 5.796 5.672 5.041 4.504 3.271 2.807 2.469 2.960 3.329 3.546 3.801 4.111 4.307 4.322 4.750 4.325 4.214 3.795 3.944 3.350 4.184 3.936 3.899 4.147 4.789 5.566 5.737 6.231 6.448 6.546 7.453 6.007 6.504 5.168 5.372 4.241 3.909 3.609 3.421 3.721 3.327 4.248 4.138 4.275 4.999 4.068 4.080 3.972 3.543 3.299 3.182 3.830 3.940 4.868 4.682 6.151 6.151 6.954
C1908x2TS003_1 0.275 29.850 29.850 29.850 15.381 18.732 10.813 10.601 7.125 9.287 9.201 7.496 9.446 10.950 9.625 8.168 6.748 9.037 6.283 10.338 9.586 10.307 11.398 9.714 9.961 13.374 11.245 11.301 11.255 15.881 20.892 19.607 17.475 11.418 7.879 8.724 7.356 6.645 7.916 8.892 9.441 4.819 6.462 5.089 6.422 7.061 9.165 8.809 8.884 8.338 8.908 10.783 10.066 11.311 9.731 11.359 10.770 12.769 9.038 11.340 14.022 22.407 12.714 9.663 10.909 9.136 14.617 13.210 18.507 12.583 9.933 20.465 9.021 13.132 21.954 10.618 11.734 9.515 11.369 8.589 13.935 16.100 20.957 29.850 29.850 29.850 29.850 11.511 29.778 29.850 16.675 29.850 29.850 14.547 29.850 28.539 29.850 29.850 29.850 29.850 29.850 24.130 27.858 29.850 23.644 29.850 12.838 19.137 19.574 29.850 29.850 29.850 29.850 29.850 29.850 29.850 29.850 29.850 29.850 29.850 29.850 29.850
C1908x2TS389_4 0.442 4.788 5.357 4.327 4.108 4.146 3.935 3.894 3.631 3.529 3.243 3.158 3.353 3.351 3.272 3.497 3.247 3.492 3.617 3.621 3.450 3.381 3.820 3.620 3.594 3.574 3.656 3.549 3.854 3.868 3.419 3.887 3.675 3.625 3.286 3.857 3.674 4.060 3.618 3.743 4.197 4.025 3.933 3.852 3.772 3.791 3.521 3.578 3.206 3.355 3.182 3.093 3.042 3.162 3.062 3.198 3.247 3.103 3.229 2.831 3.439 3.640 3.707 4.168 4.244 3.763 3.688 3.810 3.225 3.209 3.034 3.320 3.457 3.515 3.812 3.938 4.031 4.729 4.765 4.011 3.877 3.920 3.896 3.550 3.590 3.586 3.774 3.840 3.866 4.073 4.367 4.496 4.459 4.759 5.286 5.340 4.809 4.995 4.372 3.727 3.254 3.511 3.577 3.673 4.045 4.692 5.007 5.658 6.607 6.679 4.631 4.230 3.751 3.683 3.255 3.379 3.310 3.755 4.611 4.726 5.299 5.820
C1908x2TS215_3 0.494 4.424 5.300 4.754 4.503 4.117 3.634 3.887 3.504 2.685 2.712 2.800 2.325 1.982 2.108 2.306 2.139 1.985 2.157 2.596 2.441 2.424 2.915 3.205 3.445 3.072 3.565 3.974 4.524 5.115 4.263 2.917 2.458 2.707 2.979 2.851 2.603 2.698 2.733 2.899 2.980 3.157 3.094 3.889 4.299 4.094 3.296 3.010 2.984 3.070 2.434 2.868 2.343 2.395 2.192 2.442 2.547 2.597 2.366 2.346 2.764 3.638 4.103 4.907 5.196 4.836 4.432 3.885 2.672 2.239 2.060 1.928 2.184 2.765 3.538 4.338 5.483 6.416 6.664 6.599 4.715 3.915 3.726 2.454 2.289 1.729 1.893 1.748 1.991 2.091 2.197 2.315 2.493 2.568 2.580 2.678 2.684 2.396 2.243 1.932 1.786 1.988 2.369 3.017 4.244 5.139 6.342 9.912 15.932 8.602 8.134 7.081 5.356 3.790 3.320 2.734 1.816 2.011 2.138 2.124 2.348 3.184
C1908x2TS345_1 0.507 2.867 3.032 3.078 2.792 3.001 2.310 2.835 2.893 2.297 2.582 2.853 2.687 2.652 3.075 2.708 2.851 2.739 3.373 2.968 2.711 3.172 3.669 2.757 2.933 3.522 3.572 3.122 2.677 2.552 2.645 2.541 2.637 2.713 2.808 2.577 2.453 2.575 2.545 2.338 2.500 2.749 2.645 2.554 2.672 2.543 2.438 2.822 2.795 2.263 2.491 2.092 2.268 2.300 2.436 2.554 2.717 2.894 2.710 2.890 2.913 2.652 2.689 3.019 2.966 2.716 2.548 2.439 2.393 2.326 2.133 2.467 3.119 3.366 3.826 4.250 4.719 5.566 5.827 4.100 4.144 2.954 2.251 1.967 1.948 2.357 2.215 2.595 2.846 3.674 4.218 4.095 3.949 3.082 3.252 2.595 2.471 2.235 2.058 1.919 2.146 2.677 3.074 3.722 4.906 5.315 6.654 7.710 7.266 8.409 6.098 4.913 4.497 3.426 3.016 2.515 2.212 2.057 2.064 1.975 2.112 2.329
C1908x2TS404_5 0.337 29.850 24.722 14.402 9.708 9.835 9.307 6.905 7.029 6.463 5.751 5.197 5.373 5.108 4.363 3.990 4.916 4.273 3.457 4.266 4.772 3.662 3.576 5.116 4.120 4.201 3.843 6.359 4.654 10.749 7.423 9.142 6.903 9.028 6.446 6.155 5.404 5.000 5.258 4.635 4.841 5.533 6.545 6.496 7.454 8.931 9.247 11.513 9.889 8.178 5.045 5.795 4.028 5.296 5.518 7.110 8.034 8.056 7.206 8.214 29.850 14.523 29.850 29.850 29.850 16.731 8.199 7.477 5.832 6.570 5.866 7.666 9.713 12.526 29.850 10.924 13.121 13.710 16.536 22.235 15.710 7.869 5.608 5.197 5.042 5.849 4.874 5.988 5.484 9.585 6.168 9.484 7.480 8.575 6.160 5.963 7.185 4.853 5.157 4.629 4.811 5.311 5.368 6.550 11.040 18.225 11.426 15.205 12.620 10.566 7.812 6.060 6.558 9.634 8.476 6.425 5.779 5.283 5.739 4.796 4.988 4.087
C1908x2TS073_2 0.435 3.761 3.933 4.175 3.961 3.939 4.281 4.167 4.469 4.455 4.454 4.288 4.703 4.245 4.577 4.285 4.051 4.810 4.573 4.488 3.988 4.272 4.024 3.372 3.720 4.457 4.869 4.490 7.519 5.055 8.622 6.866 6.528 5.610 5.463 4.012 3.478 3.364 3.421 3.180 3.033 2.905 3.089 3.083 3.063 3.350 3.532 3.818 3.961 4.169 5.775 4.424 5.895 4.805 4.192 4.389 4.020 3.670 3.108 3.221 3.408 3.073 2.858 3.187 3.259 3.073 2.908 2.772 2.811 2.398 2.161 2.451 2.503 3.595 4.825 5.145 6.948 5.680 7.460 6.068 6.027 4.645 3.675 2.965 2.755 2.400 2.613 2.815 3.158 3.437 3.418 3.610 3.219 3.342 3.223 3.343 3.424 3.794 3.503 3.412 3.110 3.681 3.701 3.969 4.781 6.199 6.557 8.003 7.323 7.133 6.551 5.699 4.401 3.729 3.927 3.627 3.353 3.797 3.415 4.371 3.818 3.785
C1908x2TS215_2 0.419 7.125 5.572 4.985 4.473 5.085 5.035 4.324 4.767 5.263 4.748 4.384 5.211 5.874 4.865 5.310 5.684 6.137 5.136 5.057 4.509 3.671 3.616 3.364 3.293 4.008 3.497 3.866 4.033 4.085 3.822 4.129 4.637 3.807 3.580 4.011 3.449 3.562 4.390 3.936 5.419 5.596 5.532 6.137 5.716 4.464 4.043 2.600 2.843 3.104 4.001 4.753 5.352 6.879 8.019 5.859 5.254 3.591 3.092 2.710 3.244 3.816 4.773 5.796 6.517 6.075 4.574 4.400 3.390 2.876 3.057 3.020 4.246 4.132 4.875 5.356 6.155 7.849 6.330 5.746 5.237 4.030 3.151 2.473 3.017 2.872 2.808 3.153 3.877 3.916 4.609 5.651 5.509 5.696 5.135 5.425 4.399 3.444 3.283 2.675 2.553 3.053 3.311 4.411 5.143 5.591 5.317 5.196 4.935 5.586 5.281 5.466 3.963 3.788 3.420 3.035 3.091 2.683 2.714 3.245 4.071 3.224
C1908x2TS228_1 0.389 7.045 7.277 4.874 5.620 6.062 5.009 4.793 4.740 5.241 4.672 4.387 4.662 4.835 4.187 4.093 4.688 4.278 3.706 4.368 4.177 4.016 4.012 3.940 4.086 4.165 4.127 3.923 4.538 4.874 4.241 5.368 4.247 4.843 4.274 4.674 4.425 4.342 4.307 3.968 3.984 4.389 4.390 5.384 5.398 4.943 4.056 3.948 2.975 3.660 3.273 3.650 3.141 3.893 4.087 3.828 3.956 3.404 3.431 2.838 3.750 4.553 5.417 6.767 8.100 6.174 5.417 5.093 3.495 3.040 2.556 3.882 3.515 4.169 4.480 4.773 5.042 5.043 5.441 5.101 5.036 4.729 4.374 4.562 4.476 4.317 4.863 5.105 5.691 6.971 7.941 8.903 12.401 12.168 10.241 12.797 9.152 7.769 7.200 6.142 5.057 5.379 5.099 5.279 5.158 4.959 5.372 5.029 5.241 5.347 5.806 5.425 5.451 5.782 5.955 7.362 5.988 8.743 7.427 29.850 13.538 17.201
C1908x2TS179_1 0.287 19.279 13.375 29.850 9.721 9.725 10.653 7.682 9.646 8.869 10.397 8.886 6.875 7.207 9.813 7.681 6.380 9.014 10.994 9.441 14.575 7.182 10.076 6.770 6.230 7.601 7.195 5.807 6.609 5.523 7.777 6.852 8.165 8.795 8.663 8.501 8.630 9.803 9.922 11.928 29.850 17.985 24.099 29.850 29.850 29.850 19.243 29.850 11.317 17.471 7.834 7.747 5.998 6.619 6.620 8.587 13.260 29.850 29.850 29.850 29.850 21.313 29.850 23.900 12.387 10.045 7.750 8.782 20.276 21.073 29.850 29.850 29.850 29.850 9.273 6.993 5.060 4.799 4.368 6.498 6.151 15.661 29.850 29.850 29.850 29.850 29.850 10.239 8.956 8.034 8.132 9.159 8.118 10.198 11.391 9.384 7.449 8.911 10.346 19.806 21.495 29.850 21.881 29.850 29.850 10.842 18.306 12.441 17.886 11.411 9.572 12.414 14.232 14.709 16.108 29.850 29.850 11.227 13.009 14.662 26.751 10.496
C1908x2TS131_3 0.399 X X X X X X X X X X X X X X X 6.502 7.120 4.837 4.125 3.151 2.861 2.591 2.319 2.392 2.448 2.651 2.920 2.482 2.104 1.873 2.084 2.493 2.699 3.403 4.153 4.503 5.233 5.536 7.451 5.098 6.139 4.150 4.261 3.648 3.247 3.035 2.724 2.957 3.959 4.596 4.816 5.191 4.981 4.520 3.721 3.620 2.831 2.879 2.597 2.724 3.153 3.982 4.828 6.830 8.494 5.777 4.439 3.301 2.812 2.456 2.557 3.025 3.306 3.264 3.471 3.573 3.957 6.221 4.057 4.505 3.729 3.685 3.203 2.904 3.041 3.002 3.435 3.474 3.989 4.134 5.477 5.723 4.874 5.564 4.653 3.687 3.163 2.841 2.078 2.074 2.149 2.546 3.246 3.535 4.390 6.177 7.688 5.514 5.469 4.356 3.364 2.896 2.285 2.388 2.204 3.172 3.291 3.914 4.146 5.449 5.443
C1908x2TS073_1 0.414 3.722 4.542 4.607 3.613 4.092 5.268 4.683 5.259 5.109 5.494 5.455 5.432 4.910 4.690 4.648 4.342 4.570 4.812 3.884 4.198 4.302 4.559 4.887 4.462 4.244 5.339 4.739 5.059 5.130 5.616 6.697 5.897 5.117 5.276 4.059 4.421 3.937 4.725 4.261 3.648 3.862 4.858 4.488 4.786 4.547 5.706 6.873 6.075 7.375 9.894 5.857 10.200 5.936 6.297 4.512 5.481 4.999 4.120 3.875 4.902 3.689 3.480 4.445 3.508 2.767 2.739 2.633 2.426 2.636 2.598 3.253 3.721 4.519 5.771 6.934 28.124 8.588 29.850 11.274 7.092 5.219 4.517 3.884 2.952 3.201 2.934 2.821 2.791 2.511 2.713 2.995 2.539 2.090 2.624 2.034 2.221 2.906 2.953 3.464 3.334 4.228 4.017 4.127 5.335 8.119 8.212 29.804 12.395 9.265 8.183 5.870 5.400 5.065 4.661 4.663 3.660 3.742 3.022 3.231 2.285 2.230
C1908x2TS270_1 0.465 3.718 3.653 3.318 3.367 3.439 3.101 3.221 3.353 2.922 2.888 3.162 3.406 3.040 3.660 3.816 3.918 4.155 3.931 4.656 4.530 4.708 4.230 4.364 4.243 4.183 3.881 3.826 4.116 3.373 3.054 2.576 2.490 2.646 2.781 3.313 3.393 3.951 4.584 5.224 5.419 4.738 5.479 4.070 4.126 3.752 3.195 3.196 3.029 2.739 2.879 3.231 3.454 3.249 3.935 3.251 3.595 2.989 2.874 2.785 3.021 3.297 3.622 4.828 4.334 4.524 4.047 3.822 3.087 2.887 2.786 2.912 3.220 3.395 3.530 3.477 3.477 3.567 3.506 3.609 3.225 3.277 3.082 2.985 2.993 2.948 3.067 2.896 3.058 3.036 3.744 3.440 4.030 3.591 3.799 3.809 3.609 3.251 3.048 2.588 2.463 2.275 2.773 3.120 3.756 4.283 4.834 5.519 4.380 5.167 5.730 3.670 3.974 2.919 2.512 2.262 2.331 2.525 2.950 3.302 3.383 3.629
C1908x2TS123_5 0.365 8.779 8.632 13.182 16.791 11.321 8.094 11.282 10.049 9.447 7.795 6.749 7.110 6.151 6.885 7.220 6.484 8.827 7.929 6.838 6.684 7.318 7.127 6.329 6.468 6.140 6.339 5.788 5.664 5.722 4.665 3.837 3.711 4.235 4.859 5.459 4.819 9.360 16.190 16.640 10.045 12.797 9.747 7.560 5.526 4.927 4.151 4.414 3.696 5.120 5.641 5.965 6.398 6.448 6.338 5.432 4.552 4.226 4.940 4.690 5.208 5.888 7.094 6.266 5.416 6.517 5.170 5.519 5.015 4.628 4.775 4.733 4.330 4.944 4.096 3.872 4.940 6.244 4.643 6.224 4.488 5.662 4.430 3.851 3.348 3.311 3.144 3.861 4.014 5.139 7.982 9.222 6.951 8.551 5.844 6.154 5.266 4.171 3.573 2.805 2.736 3.048 4.033 5.428 6.432 9.052 29.850 29.850 29.850 29.850 29.850 8.245 7.074 4.805 3.861 2.549 2.506 2.932 3.213 3.816 3.707 3.976
C1908x2TS123_3 0.365 8.779 8.632 13.182 16.791 11.321 8.094 11.282 10.049 9.447 7.795 6.749 7.110 6.151 6.885 7.220 6.484 8.827 7.929 6.838 6.684 7.318 7.127 6.329 6.468 6.140 6.339 5.788 5.664 5.722 4.665 3.837 3.711 4.235 4.859 5.459 4.819 9.360 16.190 16.640 10.045 12.797 9.747 7.560 5.526 4.927 4.151 4.414 3.696 5.120 5.641 5.965 6.398 6.448 6.338 5.432 4.552 4.226 4.940 4.690 5.208 5.888 7.094 6.266 5.416 6.517 5.170 5.519 5.015 4.628 4.775 4.733 4.330 4.944 4.096 3.872 4.940 6.244 4.643 6.224 4.488 5.662 4.430 3.851 3.348 3.311 3.144 3.861 4.014 5.139 7.982 9.222 6.951 8.551 5.844 6.154 5.266 4.171 3.573 2.805 2.736 3.048 4.033 5.428 6.432 9.052 29.850 29.850 29.850 29.850 29.850 8.245 7.074 4.805 3.861 2.549 2.506 2.932 3.213 3.816 3.707 3.976
C1908x2TS049_5 0.321 8.174 5.853 9.478 7.617 6.437 12.606 7.537 7.723 11.244 10.407 6.386 8.496 12.329 6.520 5.432 6.522 12.641 7.441 29.850 11.785 13.444 9.971 14.725 11.083 11.597 10.585 13.195 10.437 10.654 13.558 10.522 7.798 6.165 5.263 3.610 3.168 3.142 3.748 4.760 5.502 9.071 13.031 21.311 15.268 9.473 10.893 8.761 15.385 6.060 5.186 5.048 5.630 5.714 7.105 9.923 8.749 7.540 7.748 8.216 14.311 8.295 7.488 10.602 9.418 8.273 16.583 27.876 29.850 18.859 29.850 19.313 11.903 13.901 5.382 3.263 3.454 2.296 2.552 3.313 3.693 5.619 4.343 6.291 4.328 4.079 4.192 4.137 4.137 3.454 4.018 3.798 4.779 5.295 5.210 6.959 12.366 16.385 29.850 29.850 29.850 29.850 29.850 22.707 29.850 11.808 29.850 11.990 15.435 9.309 6.177 7.578 7.182 10.374 23.752 29.850 29.850 29.850 29.850 29.850 29.850 29.850
C1908x2TS049_3 0.317 10.638 20.928 9.354 10.895 9.872 6.958 9.578 10.204 9.916 8.515 11.612 9.650 9.788 9.376 10.407 9.151 8.287 9.202 8.056 9.266 8.229 7.022 7.347 8.899 8.247 8.575 9.252 7.721 9.467 12.533 7.733 9.063 6.316 4.848 4.971 3.415 4.273 5.010 6.124 6.645 8.662 14.725 29.850 29.850 29.850 29.850 29.850 29.850 29.850 29.850 29.850 29.850 14.893 10.982 8.728 8.290 7.491 6.171 5.786 5.591 5.329 4.363 4.526 4.636 4.341 4.116 3.607 4.265 4.763 4.549 6.893 6.621 8.784 13.576 9.248 10.726 13.816 12.020 11.698 12.682 9.487 7.460 10.862 7.265 11.467 8.239 7.078 6.616 5.561 6.989 5.280 5.597 5.445 5.324 5.432 5.174 4.935 5.068 5.822 5.506 6.229 7.613 8.795 11.347 10.725 11.396 10.181 15.234 10.496 23.072 9.448 29.850 7.129 7.765 7.105 5.767 5.771 5.685 4.900 5.241 4.799
C1908x2TS131_2 0.410 X X X X X X X X X X X X X X X 4.257 3.954 3.148 2.750 2.368 2.121 2.398 2.936 3.288 3.082 3.823 3.784 3.301 2.834 2.270 2.388 2.082 2.059 2.421 2.882 3.402 3.683 4.488 4.505 3.939 3.762 3.456 3.142 2.637 2.503 2.599 2.894 2.913 4.201 4.802 5.581 6.814 5.959 6.561 5.426 5.231 3.791 3.410 2.489 2.267 2.323 2.715 3.240 3.480 3.051 2.822 2.666 2.438 2.240 2.693 2.980 3.706 4.548 4.248 5.034 4.933 5.853 7.465 5.750 5.767 4.514 4.515 3.797 3.196 3.092 2.713 2.925 2.800 3.631 3.594 4.518 4.666 3.932 4.636 3.884 3.325 2.405 2.158 1.975 2.169 2.250 2.985 3.719 4.298 4.487 5.673 8.355 6.441 5.507 5.044 3.681 3.302 2.309 2.097 2.031 2.572 2.736 3.107 3.742 4.423 4.448
C1908x2TS345_3 0.527 8.737 7.070 5.613 7.421 5.253 4.723 3.825 4.206 3.399 2.833 2.823 2.400 2.190 2.071 2.230 2.147 2.195 2.418 2.450 2.489 2.692 2.806 2.675 2.669 2.723 2.684 2.669 2.672 2.708 2.722 2.636 2.617 2.499 2.539 2.435 2.226 2.203 2.313 2.397 2.448 2.901 3.645 3.123 2.792 3.030 2.517 2.632 2.218 2.123 2.160 2.169 2.351 2.438 2.540 2.692 2.636 2.450 2.505 2.684 2.482 2.281 2.619 2.474 2.775 2.555 2.476 2.269 2.110 2.041 2.184 2.346 2.364 2.886 2.626 2.912 2.706 2.856 2.852 2.777 2.854 2.564 2.716 2.539 2.851 2.573 1.993 1.907 1.983 2.032 2.066 1.791 1.883 1.997 1.875 1.997 2.269 2.054 2.137 1.800 1.965 2.253 2.686 3.111 3.723 3.312 3.817 4.026 4.255 3.967 5.199 4.484 4.520 3.616 3.434 2.161 2.388 1.934 2.264 2.229 2.806 2.984
C1908x2TS345_5 0.487 4.690 4.288 3.993 4.030 3.685 3.322 3.403 3.606 2.994 2.444 3.458 3.512 2.924 2.798 3.523 4.019 3.044 2.973 2.838 2.796 2.599 2.751 2.815 2.430 2.416 2.551 2.646 2.425 2.382 2.280 2.295 2.072 2.224 2.211 2.371 2.672 2.659 2.348 2.288 2.036 2.250 2.020 2.152 2.019 2.240 1.976 2.260 2.160 2.565 3.057 4.060 4.502 5.076 4.571 5.528 4.452 4.514 3.993 3.583 3.839 3.708 3.728 4.514 3.972 4.205 4.161 4.278 4.321 4.239 4.297 3.975 3.951 4.479 4.427 5.556 4.815 8.633 5.407 4.573 3.659 3.703 3.206 3.372 3.389 3.139 3.770 3.439 3.315 3.446 3.809 3.207 3.054 3.092 2.746 2.622 2.389 2.482 2.837 2.639 2.537 2.760 2.602 3.331 3.287 4.821 4.288 6.198 5.579 4.894 4.193 3.747 2.955 2.284 2.040 1.970 1.967 2.057 2.234 2.129 2.230 2.189
C1908x2TS210_5 0.418 5.944 6.593 4.799 5.709 6.148 5.062 4.983 6.385 5.925 5.066 5.863 6.439 5.774 5.589 7.854 6.616 5.549 6.052 5.028 4.813 4.065 3.878 3.822 4.405 4.137 3.691 4.125 4.604 5.497 5.278 5.564 5.543 5.833 5.814 7.015 5.291 5.153 5.195 5.515 5.618 4.779 4.775 4.757 4.365 4.205 3.656 2.854 2.921 3.389 3.929 3.500 4.672 4.356 4.990 4.076 4.063 3.621 3.070 2.593 2.669 3.141 4.028 3.955 4.302 3.708 3.597 3.328 2.606 2.371 2.682 3.366 4.356 3.741 4.307 3.976 4.393 4.607 4.979 4.693 4.445 4.582 4.652 4.265 3.647 4.109 3.063 2.758 3.270 3.471 3.852 4.163 3.940 4.680 5.123 5.515 4.562 4.586 4.391 4.040 3.431 2.710 2.851 3.017 3.544 3.629 4.100 4.762 4.504 4.024 4.080 3.474 3.506 2.814 3.395 3.785 3.905 4.524 4.097 4.659 5.002 4.644
C1908x2TS228_2 0.388 8.622 8.600 5.289 5.393 5.838 5.024 4.067 3.786 4.570 3.896 3.317 3.470 3.848 3.568 3.167 3.519 4.001 3.697 3.384 4.067 4.679 5.111 4.822 4.702 4.181 4.764 4.755 4.304 4.343 4.529 4.471 5.125 5.423 6.196 7.001 6.987 6.240 7.084 7.073 8.274 7.034 6.141 6.438 5.654 5.238 4.649 4.332 4.006 4.414 4.177 5.072 3.944 4.397 3.471 4.077 3.619 3.922 3.575 3.337 3.774 4.164 5.134 6.502 5.863 6.214 4.989 4.902 3.475 3.752 3.188 3.573 3.335 3.605 3.311 3.277 2.963 2.864 3.647 4.099 4.312 3.814 5.246 4.657 6.373 5.918 5.008 5.772 5.595 6.339 6.074 6.546 7.121 7.389 7.769 8.512 6.248 6.623 5.255 4.650 4.426 5.000 4.645 5.295 5.966 7.334 6.810 8.331 13.020 8.633 10.057 6.124 4.585 4.258 4.191 4.719 4.958 6.185 6.580 9.953 11.853 29.850
C1908x2TS345_2 0.554 2.941 2.786 2.817 2.451 2.390 2.682 2.150 2.011 2.332 2.253 1.868 2.051 2.292 2.047 2.124 2.218 2.283 2.090 2.097 2.270 1.915 1.968 2.318 2.253 2.130 2.285 2.439 2.578 2.567 2.402 2.296 2.698 2.828 2.933 3.651 2.951 2.477 2.500 2.266 2.337 2.460 2.428 2.400 2.654 2.633 2.462 1.996 2.280 2.653 2.832 3.026 2.831 2.715 2.455 2.157 2.024 2.016 1.986 1.966 2.252 2.167 2.015 2.331 2.507 2.424 2.235 2.149 1.889 2.113 2.125 2.497 2.465 3.045 2.870 2.831 2.675 3.102 2.895 2.739 3.162 3.151 3.054 2.816 2.396 2.457 2.183 2.215 2.187 1.930 1.781 1.834 2.041 1.962 2.022 2.371 2.016 1.895 1.815 1.848 1.874 1.949 2.177 2.345 2.451 3.045 3.105 4.564 3.370 3.579 3.629 2.529 2.847 1.983 2.066 2.169 1.996 1.969 2.046 2.612 2.628 2.902
C1908x2TS432_1 0.440 4.024 4.052 2.912 2.884 3.927 3.303 2.667 2.781 4.171 3.780 3.179 3.780 4.440 4.444 4.851 4.457 4.364 4.470 5.699 5.035 4.408 3.718 4.002 3.975 3.487 3.590 3.339 3.551 2.801 2.773 2.736 2.925 3.390 4.003 3.958 4.703 5.788 6.221 7.821 7.943 7.027 6.352 6.773 5.571 4.167 3.260 3.395 2.875 2.546 2.986 2.927 3.078 2.793 2.822 2.987 3.245 2.624 2.113 1.915 2.551 3.188 4.089 4.444 5.352 4.800 4.403 3.776 2.701 1.943 1.284 1.380 1.361 1.761 2.913 3.708 3.810 5.034 6.857 5.788 4.452 3.746 3.622 2.855 3.100 2.637 3.618 3.588 3.821 4.372 4.357 4.618 4.250 4.174 4.135 4.187 4.815 4.724 4.666 4.274 3.808 4.085 4.200 4.271 4.940 5.119 5.920 8.983 7.059 7.604 6.177 7.602 5.830 5.115 4.984 4.697 4.404 4.947 4.010 4.841 4.126 4.360
C1908x2TS404_3 0.316 29.850 29.850 29.850 18.656 14.748 16.247 10.770 10.479 8.997 8.459 7.534 6.815 6.469 5.911 7.183 6.577 5.681 5.552 6.840 6.732 5.909 6.910 8.141 6.284 6.799 7.363 10.023 10.004 11.714 12.903 11.961 10.134 10.131 8.690 6.631 6.861 6.059 6.596 7.110 7.168 7.309 8.546 8.119 9.979 10.681 14.556 14.899 11.089 8.650 5.147 5.963 4.040 5.250 5.558 7.313 8.685 8.385 7.273 7.942 29.850 14.523 29.850 29.850 29.850 16.807 8.203 7.463 5.889 6.629 5.919 7.896 9.522 11.439 23.799 11.458 18.802 27.043 29.850 29.850 14.391 7.250 5.461 5.186 4.973 5.862 4.877 5.997 5.488 9.621 6.172 9.524 7.492 8.602 6.168 5.968 7.197 4.859 5.158 4.602 4.813 5.308 5.334 6.345 11.411 29.850 29.850 29.850 29.850 10.564 7.298 5.917 6.416 9.547 8.990 6.381 5.732 5.346 5.692 4.827 4.990 4.092
C1908x2TS073_4 0.385 7.452 8.400 8.315 13.569 13.130 11.788 14.865 17.566 9.980 8.558 8.521 8.346 7.608 5.430 4.456 4.915 5.475 4.247 3.557 3.949 4.161 4.339 3.353 2.998 3.710 4.398 3.478 4.138 5.161 5.669 5.223 5.240 4.564 5.778 5.625 7.153 6.136 5.822 6.771 7.026 5.187 5.410 7.673 7.335 7.683 12.312 10.465 8.322 10.369 6.348 6.277 5.835 7.386 5.643 6.525 6.155 5.901 4.561 6.505 7.059 4.642 5.183 6.239 9.566 4.837 4.298 3.576 3.337 3.782 3.781 5.464 4.871 5.909 5.249 5.108 4.985 4.874 4.687 4.337 4.720 4.148 4.479 4.711 4.182 3.785 3.955 3.078 4.039 4.248 4.354 5.651 5.617 7.960 4.909 4.631 4.495 3.868 3.829 2.772 3.193 3.066 3.900 3.645 4.445 4.533 4.424 4.946 4.430 4.214 4.202 4.036 4.041 3.785 2.829 2.942 2.668 3.274 3.471 4.831 4.868 6.492
C1908x2TS026_2 0.355 29.850 29.850 29.850 29.850 29.850 29.850 29.850 29.850 29.850 29.850 29.850 29.850 29.850 29.850 29.850 20.321 29.850 29.850 11.547 7.058 29.850 29.850 29.850 29.850 29.850 8.888 6.057 4.552 4.141 3.669 3.601 3.663 3.600 3.600 3.319 3.504 3.971 4.604 5.216 6.144 6.109 5.818 4.866 5.597 5.706 6.984 5.936 8.257 10.191 14.627 29.850 17.240 11.784 8.590 7.206 15.650 29.850 7.674 6.969 4.418 3.807 3.637 2.920 3.084 3.535 4.523 3.522 4.223 4.235 5.406 4.627 5.436 4.854 5.285 5.711 5.374 7.814 6.197 6.511 5.905 5.943 6.332 6.257 6.953 9.707 6.601 7.944 4.752 4.611 4.472 4.128 5.538 5.049 4.937 4.070 3.658 3.464 3.261 2.920 2.944 2.767 3.125 3.361 5.372 5.569 8.492 8.793 12.754 6.988 5.392 5.611 3.902 3.240 2.940 3.076 3.008 3.347 3.438 3.598 3.375 3.523
END
