PFRMAT QA
TARGET C1903x2
MODEL 2
QMODE 2
C1903x2TS073_5 0.245 15.0 12.232 11.9 11.84 12.397 13.259 14.225 13.909 13.312 14.38 13.718 12.757 12.494 11.973 11.346 11.154 11.721 11.076 10.754 10.819 10.546 
10.189 10.896 11.524 10.795 11.069 12.141 11.614 11.523 12.443 13.323 13.508 13.972 14.441 14.099 14.827 14.657 14.076 12.504 12.206 13.539 14.745 
15.0 14.653 14.682 13.539 11.407 8.902 7.897 7.896 7.933 9.359 7.926 7.733 6.817 8.308 8.93 7.611 8.533 9.212 8.576 8.255 8.612 
8.729 8.554 8.301 9.99 10.516 10.614 10.398 10.892 11.975 11.445 11.316 12.757 13.193 13.272 12.549 13.383 14.548 13.742 13.713 13.5 11.692 
11.565 10.508 9.913 9.804 9.544 9.136 7.988 8.033 8.008 8.519 7.51 7.168 7.266 6.286 5.835 6.006 6.44 6.408 6.185 6.634 8.272 
8.092 8.23 10.431 10.497 9.843 9.988 10.035 9.233 9.155 9.833 9.247 7.426 6.58 6.726 6.328 7.02 8.421 8.463 8.367 8.772 10.801 
10.544 9.918 10.923 9.58 8.718 9.325 10.161 10.757 10.508 10.262 10.851 9.746 9.769 9.523 9.483 8.016 10.074 10.266 9.39 10.023 11.494 
10.588 9.451 11.729 11.476 10.361 10.416 12.739 10.874 11.965 10.637 9.747 8.544 9.483 8.684 8.802 8.527 8.904 8.068 8.59 9.292 9.517 
9.836 10.958 10.933 10.701 10.952 12.144 13.139 13.085 11.743 10.897 11.24 10.762 9.624 9.288 8.78 8.635 8.311 7.393 7.259 6.238 6.503 
6.911 8.616 8.916 9.703 11.346 12.02 13.213 12.974 13.613 14.542 14.094 13.632 13.556 14.438 11.147 11.283 11.707 12.382 12.332 10.728 9.516 
9.164 9.16 8.552 8.345 8.331 8.621 8.585 7.951 8.927 7.984 7.75 8.585 8.114 7.649 7.192 6.843 7.337 5.572 4.872 4.435 4.408 
3.918 3.902 3.754 3.572 4.22 4.036 4.538 4.12 3.939 4.398 4.334 5.139 4.636 4.366 4.793 3.865 5.187 4.682 4.687 5.112 5.437 
5.537 6.181 6.705 6.788 6.819 6.83 8.133 8.32 8.388 8.629 8.925 8.736 9.269 10.35 8.89 8.612 10.658 10.031 8.974 11.472 10.792 
10.085 11.218 12.67 10.989 10.458 10.229 9.866 10.701 9.312 9.358 8.896 8.012 6.572 6.3 6.199 6.464 6.354 
C1903x2TS215_1 0.367 15.0 10.509 11.001 11.028 11.936 11.279 12.003 12.993 11.613 11.497 11.176 11.768 9.726 8.444 8.8 9.12 7.906 7.125 9.104 8.939 7.562 
7.686 10.27 9.093 8.452 10.337 10.942 9.808 10.081 11.37 10.728 9.946 11.218 10.808 10.815 11.287 9.342 10.602 10.193 8.593 8.858 8.558 
8.566 7.999 7.748 6.953 6.31 5.602 4.583 4.304 6.61 6.576 6.461 6.953 6.825 8.988 8.795 7.183 6.772 8.337 8.262 7.507 8.891 
7.47 7.165 6.383 5.906 5.428 6.052 6.211 5.829 5.399 4.546 3.804 3.707 3.881 4.194 4.697 4.903 6.711 7.593 7.135 6.391 5.37 
5.209 4.84 4.457 4.499 4.444 4.22 4.227 4.746 5.044 4.58 4.375 4.216 4.913 4.299 5.247 6.812 6.633 7.102 7.876 8.087 10.181 
9.28 8.95 10.915 11.639 11.37 12.155 11.621 13.178 12.86 11.584 12.871 12.409 11.187 10.994 11.797 11.669 10.16 10.562 12.058 11.626 10.324 
11.085 12.613 12.043 10.989 11.808 11.891 11.687 12.671 11.871 12.056 11.012 11.542 9.98 9.917 8.96 8.097 8.596 8.192 6.202 6.184 7.379 
6.497 5.114 5.788 4.951 4.431 3.92 5.154 4.8 6.091 5.733 6.859 7.174 7.943 7.693 8.385 8.294 7.383 7.591 7.227 8.011 6.965 
9.685 10.904 11.129 11.285 11.646 12.594 13.056 13.378 11.662 11.543 12.044 10.916 9.155 8.501 8.826 7.976 7.196 5.593 5.552 4.714 5.243 
5.182 5.977 6.796 7.871 9.95 9.948 10.776 12.005 12.06 14.325 13.103 12.081 12.945 12.337 9.543 9.457 8.827 8.592 7.32 6.078 5.228 
4.873 4.509 4.168 4.172 3.706 3.612 3.536 3.104 3.282 3.229 3.116 3.295 3.257 3.526 3.512 3.011 3.222 3.084 3.046 3.255 3.261 
3.403 3.875 4.18 4.073 4.476 4.323 3.997 3.42 3.338 3.979 5.373 5.866 5.745 5.647 5.747 4.527 5.777 5.022 4.763 4.771 4.826 
4.361 4.17 4.211 4.178 4.725 4.19 4.638 5.198 5.025 4.832 5.53 4.641 4.982 6.025 5.354 4.647 5.311 6.059 5.917 5.264 5.647 
6.222 6.087 6.047 4.774 5.723 5.282 4.863 5.057 4.434 5.024 4.234 3.881 3.663 2.995 3.91 4.355 5.864 
C1903x2TS073_1 0.252 15.0 12.642 12.8 12.495 13.071 13.642 14.412 13.948 13.461 13.705 13.516 13.352 12.105 10.97 11.0 11.905 11.283 10.09 11.316 12.876 10.955 
10.205 13.263 13.464 11.55 12.061 13.74 12.714 11.182 12.215 12.567 10.679 10.493 12.501 11.837 10.297 10.179 11.054 10.842 10.307 11.203 11.549 
12.476 11.886 10.561 9.522 9.392 7.613 6.693 7.896 7.908 7.399 6.291 6.277 7.449 8.124 9.521 9.652 10.664 9.638 9.902 9.473 9.604 
9.051 8.908 8.371 8.566 8.218 9.088 8.225 8.875 8.791 8.451 9.681 10.738 10.812 11.607 13.283 13.707 13.86 13.527 12.222 12.181 12.301 
11.617 12.109 11.295 11.596 10.752 10.707 8.476 8.823 8.747 9.095 8.223 7.813 7.641 7.935 7.803 7.207 6.582 7.118 7.709 6.865 7.951 
7.569 7.556 8.424 7.327 7.535 7.174 7.727 7.243 6.717 7.416 7.501 5.691 5.957 5.954 5.779 5.672 6.711 7.284 6.282 7.175 9.145 
8.946 8.778 9.742 9.61 7.728 7.704 8.986 9.454 11.502 11.376 10.229 9.148 9.162 9.057 8.006 7.595 8.543 8.399 7.231 7.91 8.742 
7.725 6.902 9.071 8.896 7.883 8.157 10.984 9.633 9.847 8.577 8.627 7.962 8.338 7.464 8.233 8.46 8.379 8.347 7.591 8.484 8.41 
8.825 9.747 9.672 8.858 8.92 8.94 8.583 8.205 7.276 7.803 7.394 7.31 5.705 6.796 5.739 5.365 5.505 5.292 6.054 6.308 7.133 
7.287 8.068 9.07 9.827 11.945 11.483 13.048 14.824 14.982 15.0 15.0 15.0 15.0 12.862 11.212 11.249 10.492 10.485 10.491 9.886 9.88 
10.28 9.039 8.87 8.791 8.514 8.689 8.729 8.262 9.197 8.973 8.653 8.197 7.97 9.929 9.013 7.684 9.009 8.514 7.532 7.214 7.278 
6.743 6.861 7.0 6.983 7.762 7.93 7.412 7.33 6.365 7.3 7.179 7.796 8.328 7.844 7.975 8.367 10.094 9.66 8.662 8.014 7.037 
6.792 5.45 5.126 4.672 4.696 4.067 4.562 5.191 5.584 6.247 7.107 7.81 8.249 9.021 9.773 8.545 8.862 10.414 9.121 8.026 8.943 
8.835 8.471 8.658 8.448 8.517 7.834 8.739 8.524 8.45 8.862 8.17 7.716 7.818 7.059 7.283 7.078 7.627 
C1903x2TS067_5 0.152 15.0 11.235 11.333 11.483 12.361 12.758 13.325 13.624 13.569 14.715 14.552 14.412 14.34 14.191 14.179 13.92 13.833 14.634 14.735 14.041 13.368 
13.933 14.325 12.955 13.156 13.585 13.716 13.801 13.961 13.764 13.964 14.679 14.833 14.376 14.478 14.114 13.132 10.615 10.735 11.077 10.756 12.022 
12.858 11.926 12.222 10.499 10.512 10.884 10.786 10.432 9.831 9.4 9.421 9.451 9.907 11.059 11.481 11.851 13.122 10.842 9.556 11.094 11.887 
9.854 10.586 11.526 11.43 10.713 11.747 12.436 13.685 12.682 12.158 12.573 13.107 12.817 13.306 13.198 13.745 13.574 12.733 11.817 11.558 11.606 
11.508 10.818 10.282 9.498 8.579 8.233 7.69 7.381 5.453 5.445 6.191 5.223 4.864 6.105 7.452 7.726 8.829 8.872 10.275 11.21 12.675 
10.91 11.693 13.831 13.833 15.0 13.803 13.498 14.28 14.578 13.964 13.912 13.365 13.412 12.512 12.906 12.786 12.561 12.968 13.528 12.929 13.187 
11.861 11.873 12.275 12.174 11.59 10.87 10.375 10.854 12.322 13.408 13.092 11.685 11.762 11.364 11.112 12.706 11.954 12.528 11.869 14.383 12.785 
10.467 9.746 12.874 9.7 9.657 10.453 12.093 8.404 10.035 10.682 10.249 8.84 9.785 10.84 11.14 10.548 12.513 13.723 12.533 13.204 13.489 
15.0 14.945 14.944 14.777 14.485 14.617 15.0 15.0 15.0 15.0 15.0 15.0 15.0 14.808 14.824 14.869 15.0 15.0 15.0 15.0 15.0 
15.0 15.0 15.0 15.0 15.0 15.0 15.0 15.0 15.0 15.0 15.0 15.0 15.0 14.981 13.082 14.218 15.0 15.0 15.0 15.0 15.0 
15.0 15.0 15.0 15.0 15.0 15.0 15.0 15.0 15.0 15.0 15.0 15.0 15.0 15.0 15.0 15.0 15.0 15.0 15.0 14.731 14.125 
13.112 11.044 13.03 12.242 10.811 11.99 10.222 8.892 8.187 7.639 8.577 8.134 7.975 8.145 9.023 8.823 11.743 9.429 9.297 9.861 9.617 
10.122 9.83 10.497 9.967 10.947 10.166 12.182 12.886 12.131 11.395 11.108 11.312 11.703 11.961 11.767 11.614 11.177 10.959 11.041 10.512 10.934 
11.764 12.58 10.796 10.191 11.354 10.318 11.544 13.139 13.588 14.228 15.0 13.702 14.984 13.99 13.493 13.586 13.711 
C1903x2TS131_4 0.359 12.49 9.111 8.835 9.762 9.894 8.827 9.182 10.297 8.459 7.816 7.281 6.38 5.519 4.807 4.777 4.406 4.304 3.879 3.666 3.653 3.339 
3.293 3.15 3.092 3.012 3.036 3.249 3.42 3.702 4.066 4.109 4.366 5.349 6.119 5.634 5.934 6.019 7.625 7.806 7.995 9.166 8.238 
9.313 7.773 5.986 5.486 6.194 4.955 7.864 7.897 8.255 8.296 8.006 8.024 8.439 9.121 9.578 10.33 9.752 8.164 8.353 7.041 7.681 
6.738 6.582 5.966 6.453 5.428 5.336 5.06 5.404 5.882 5.379 5.256 6.204 7.059 7.487 8.972 11.479 11.471 11.409 12.657 11.445 10.519 
9.745 10.915 9.519 8.693 8.455 8.649 7.962 7.984 8.027 8.574 7.244 7.26 8.002 6.635 6.993 7.574 7.805 8.191 8.868 9.675 9.417 
8.015 7.527 7.621 5.782 5.887 5.864 5.833 5.97 6.421 6.143 6.146 6.18 7.985 8.046 7.365 7.695 8.813 7.857 8.015 9.511 10.498 
7.001 7.29 10.782 8.963 7.533 6.489 6.839 6.63 6.008 4.591 5.276 5.378 4.457 4.66 4.027 3.961 4.103 4.242 4.151 4.393 3.87 
4.063 3.747 4.318 4.559 5.691 5.585 7.624 6.088 9.089 9.555 10.761 9.159 8.824 8.445 10.671 9.113 8.842 10.459 10.039 9.168 10.748 
14.257 12.657 11.079 11.801 11.688 11.357 12.281 12.228 12.224 11.423 11.852 12.402 11.888 10.035 9.824 10.454 10.308 8.996 9.825 9.817 9.115 
8.855 9.826 11.369 10.998 10.996 11.732 12.555 12.454 13.074 14.757 14.207 12.894 13.169 13.05 9.733 10.011 9.967 10.088 11.004 11.168 9.492 
10.407 11.188 10.396 8.911 9.933 10.481 9.59 8.177 9.757 9.202 7.498 8.653 9.265 9.017 8.056 7.922 9.521 7.905 7.094 6.994 7.163 
4.657 5.654 5.122 5.379 4.795 5.333 4.561 4.18 3.839 4.285 4.054 4.902 4.323 4.833 5.212 4.475 6.288 5.497 4.444 4.107 4.093 
4.024 3.619 4.03 4.131 4.219 3.74 4.298 5.057 4.744 4.656 5.15 4.344 4.322 5.567 5.177 3.985 4.218 5.084 6.07 4.683 4.729 
5.831 5.517 5.096 4.395 4.847 5.219 5.677 6.263 4.482 4.592 4.645 5.035 4.919 5.335 5.299 5.481 6.737 
C1903x2TS103_1 0.228 15.0 12.58 11.686 10.72 11.462 11.432 12.152 12.275 10.599 10.794 11.09 9.643 9.612 8.979 8.671 8.35 8.536 7.791 8.861 8.854 8.432 
8.042 9.363 10.027 9.087 8.896 10.266 9.876 9.729 9.526 9.895 10.373 11.493 9.76 9.24 8.979 8.992 8.711 8.754 8.427 8.326 8.343 
8.495 7.586 6.088 5.662 5.815 4.478 3.867 4.505 4.484 4.285 4.179 4.648 4.994 6.066 5.878 7.014 7.202 8.391 9.333 9.699 9.503 
9.18 10.932 10.142 8.868 9.094 10.888 9.682 9.661 9.905 9.383 10.167 11.366 12.496 12.427 13.001 14.588 14.441 14.542 14.488 14.606 13.606 
10.95 11.792 10.629 9.001 8.132 8.355 8.088 7.047 6.943 6.691 6.939 6.046 6.81 7.479 6.879 7.665 8.467 8.411 9.477 10.675 10.987 
9.866 10.624 12.71 13.337 13.931 12.481 11.848 12.156 12.308 11.879 11.533 9.816 8.482 6.849 6.046 5.67 5.521 4.925 4.086 4.085 4.179 
5.094 6.58 8.119 8.015 8.574 8.663 9.183 9.688 10.708 11.338 12.976 11.622 9.825 10.342 9.511 8.742 8.812 9.317 8.678 9.073 9.161 
9.518 9.953 11.165 13.581 15.0 15.0 15.0 13.703 12.891 11.976 11.976 9.399 9.469 9.43 10.227 8.903 9.32 9.42 8.735 8.912 10.791 
12.925 11.469 12.362 13.414 13.273 13.893 14.91 14.976 15.0 15.0 15.0 15.0 15.0 14.796 13.894 14.0 13.649 12.664 13.316 11.915 12.193 
12.226 14.225 14.309 13.867 14.029 14.114 14.262 14.317 14.353 14.938 13.416 14.28 14.695 11.969 11.065 12.144 13.094 12.925 13.873 14.512 14.691 
13.447 12.85 14.099 13.192 12.546 13.824 13.547 11.342 11.146 12.259 9.574 9.581 9.999 9.159 8.685 7.672 9.115 8.262 8.407 8.667 7.771 
7.038 6.905 7.686 7.383 7.629 9.337 9.879 9.413 9.779 9.669 11.026 10.049 9.734 9.426 10.356 7.909 8.35 7.463 7.246 7.706 7.179 
6.856 7.293 7.962 7.662 8.387 8.516 10.868 10.028 10.149 8.002 7.578 7.438 7.452 7.842 8.041 7.388 7.497 9.163 8.21 7.762 8.48 
9.241 8.347 7.719 7.143 8.301 7.203 7.289 8.996 8.343 8.689 8.963 7.451 10.314 8.401 10.167 12.038 11.912 
C1903x2TS389_3 0.307 14.465 8.336 8.485 9.156 10.211 10.461 10.609 11.926 11.761 11.703 10.985 12.316 11.644 10.126 10.611 11.838 10.565 8.993 10.621 11.421 9.37 
9.378 13.353 13.761 12.789 13.639 15.0 14.547 13.464 13.714 13.34 13.319 13.846 13.465 11.364 11.105 8.104 7.698 7.611 7.637 7.9 8.137 
7.767 6.472 5.739 5.186 4.916 4.395 3.641 7.766 7.902 6.478 6.525 6.873 7.219 8.909 9.221 9.86 9.81 9.601 9.13 7.349 7.866 
8.387 7.126 6.555 7.115 5.756 5.613 5.947 6.417 6.864 6.37 6.667 7.381 7.156 7.437 9.211 11.003 11.175 11.586 12.448 11.969 11.594 
11.596 12.89 12.24 11.894 11.182 11.255 10.174 9.945 9.69 10.736 9.198 8.264 9.425 9.364 8.408 8.984 7.599 8.765 9.499 11.403 12.842 
10.253 9.559 9.867 8.418 7.578 7.651 8.65 7.801 7.421 8.522 8.76 7.467 7.741 9.621 8.739 8.632 9.113 10.45 9.747 8.849 11.875 
10.94 9.145 11.558 12.479 11.641 9.346 9.129 8.054 7.252 7.995 6.797 5.985 5.093 4.606 5.111 4.539 5.099 6.347 4.825 5.23 5.174 
4.878 4.305 5.875 5.257 5.448 6.346 10.219 8.462 10.05 9.696 9.706 8.605 8.442 7.97 8.279 8.07 7.577 6.795 6.726 6.011 6.372 
8.419 8.863 9.231 9.467 10.107 10.912 13.493 14.405 14.975 15.0 14.693 14.482 14.062 11.668 11.843 12.426 11.572 10.01 11.723 9.986 9.758 
10.406 12.426 13.236 12.808 13.743 14.192 14.398 14.656 14.865 15.0 14.82 14.749 14.653 13.451 10.253 11.573 11.273 11.42 13.071 11.4 10.84 
10.715 10.661 10.456 9.137 9.205 10.375 10.055 8.374 9.268 10.42 9.309 7.895 8.373 7.799 7.476 6.033 6.677 5.592 4.83 4.175 4.342 
3.952 4.602 4.099 3.874 4.022 4.574 4.051 4.059 3.931 4.858 4.06 4.503 4.857 5.346 5.581 4.537 5.76 4.938 4.351 4.189 4.944 
4.623 4.073 4.423 4.512 4.43 3.857 4.049 4.947 4.78 5.177 5.914 4.685 4.3 5.22 5.067 3.903 4.093 5.16 5.004 4.01 4.603 
4.772 4.537 4.617 4.866 5.643 5.328 5.387 5.716 4.646 5.001 4.805 4.424 4.417 4.494 4.822 4.643 5.645 
C1903x2TS389_5 0.313 14.878 8.576 8.659 9.078 10.35 10.605 10.519 11.94 11.896 11.989 11.252 12.608 11.774 10.292 10.733 11.887 10.527 8.862 10.47 11.219 9.164 
9.223 13.39 13.736 12.756 13.718 15.0 14.231 13.25 13.452 13.179 13.033 13.516 13.246 11.284 10.22 7.74 7.054 7.105 7.076 7.31 7.361 
7.079 5.866 5.378 4.835 4.781 4.34 3.755 3.762 5.935 5.862 5.937 6.499 6.324 8.78 8.867 9.379 9.187 9.118 8.812 7.12 7.932 
8.166 7.215 6.862 7.471 5.775 5.881 6.186 6.727 7.341 6.621 6.528 7.26 6.96 7.151 8.261 9.918 10.439 10.989 11.913 11.047 10.822 
10.572 12.199 11.814 11.983 10.744 10.648 9.403 8.78 8.668 8.823 7.34 7.805 8.502 7.719 7.635 8.245 8.415 8.853 9.701 9.984 10.304 
8.647 8.463 8.803 7.476 7.564 7.552 8.629 8.048 7.302 8.087 8.223 6.926 7.075 9.265 8.65 8.627 8.817 10.03 9.45 9.095 11.388 
10.523 9.306 11.605 12.572 11.846 9.824 9.46 8.728 7.754 8.822 8.377 7.028 6.04 5.423 5.569 4.728 5.293 6.618 5.023 5.438 5.203 
4.728 4.318 5.969 5.408 5.273 5.516 8.9 6.983 9.337 9.011 9.298 8.128 8.055 7.189 7.806 7.396 6.974 5.457 5.65 4.839 6.168 
7.51 8.486 8.686 8.988 9.412 10.504 13.081 14.268 14.889 15.0 14.804 14.844 14.455 12.346 12.197 12.869 12.16 10.323 12.225 10.153 9.658 
10.726 13.052 13.798 13.317 14.081 14.584 14.536 14.741 14.943 15.0 14.931 14.792 14.645 13.562 10.369 11.688 11.438 11.668 13.036 11.588 11.186 
10.689 10.391 10.462 9.32 9.117 10.136 10.573 8.588 9.432 10.038 9.267 7.82 8.468 7.759 7.505 6.237 7.092 6.066 5.416 4.63 4.966 
4.078 4.584 4.129 4.119 4.297 4.586 4.264 4.03 3.824 4.332 4.052 4.466 4.762 5.427 5.66 4.801 5.813 5.36 4.665 4.479 5.017 
4.274 3.747 4.053 3.979 4.12 3.646 4.029 4.829 4.6 4.727 5.483 4.349 4.172 5.284 5.383 3.891 4.266 5.231 4.818 3.946 4.233 
4.873 4.599 4.273 4.15 5.2 5.424 5.624 6.122 4.94 5.315 4.965 5.044 4.701 4.808 5.58 5.658 6.669 
C1903x2TS228_2 0.337 15.0 11.777 11.668 11.459 12.273 12.319 12.636 12.682 12.681 12.582 11.667 11.696 11.692 10.428 10.328 10.822 9.983 8.823 10.231 11.627 10.261 
9.803 13.243 14.138 12.997 12.943 13.865 13.747 12.797 12.512 12.122 11.502 10.182 11.073 11.969 9.566 8.634 9.125 8.936 7.671 7.396 6.945 
6.066 5.097 4.66 4.22 4.373 4.127 4.037 4.076 4.174 4.034 3.791 3.511 3.463 3.728 3.87 3.941 3.98 4.261 4.867 4.97 5.79 
4.896 5.283 6.135 5.016 4.751 5.702 6.442 7.246 7.701 7.014 6.904 8.492 7.971 8.909 12.286 12.97 12.015 13.203 14.029 12.762 12.631 
13.683 14.171 13.301 12.58 11.589 11.516 10.004 9.42 9.62 9.941 8.404 7.908 9.604 7.854 8.326 8.788 7.782 9.074 10.278 10.466 9.513 
8.9 7.665 8.747 7.214 7.499 7.88 8.094 7.348 7.177 7.484 5.571 4.376 4.107 3.751 3.504 3.419 3.23 3.261 3.179 2.938 3.126 
3.117 3.515 3.559 3.924 5.372 6.289 6.759 7.755 7.404 6.202 6.012 5.804 4.759 4.803 5.246 5.173 5.905 6.046 4.834 5.089 4.667 
4.511 4.141 4.628 4.184 4.243 3.897 6.148 5.569 8.856 9.672 11.738 9.565 9.728 10.348 11.454 10.479 10.291 11.414 11.446 10.516 11.367 
13.887 13.647 13.435 12.64 12.989 13.226 13.49 13.852 13.336 12.096 11.259 11.418 11.025 9.448 9.056 8.781 8.521 7.237 7.784 6.443 6.872 
6.438 7.299 8.01 8.621 9.694 11.299 11.217 12.265 13.04 14.613 14.242 14.731 15.0 14.343 11.795 11.988 12.29 11.733 13.665 12.138 10.76 
12.546 12.372 10.998 9.629 10.689 11.44 11.123 8.697 10.193 10.935 8.588 8.388 9.299 10.309 8.725 8.315 9.94 8.653 7.259 7.635 7.671 
5.739 6.555 5.632 6.352 5.47 6.185 5.108 5.026 5.245 4.763 4.186 5.315 5.292 6.244 6.66 6.384 7.855 7.072 6.066 5.757 7.079 
7.147 5.404 5.741 5.14 5.107 4.124 4.937 5.545 5.244 5.408 5.397 4.622 4.233 5.29 4.505 3.396 3.65 4.344 4.436 3.984 4.313 
4.531 4.26 4.491 4.907 6.031 5.281 5.284 5.952 4.684 4.659 4.977 4.481 4.236 4.231 4.774 4.536 5.373 
C1903x2TS123_2 0.261 15.0 12.371 12.593 12.101 12.523 12.509 13.268 12.157 11.863 12.249 10.999 11.549 11.175 9.777 9.864 10.869 9.863 8.419 10.044 10.687 8.251 
7.591 10.101 9.975 8.663 9.656 10.982 9.388 9.113 9.896 10.061 7.885 8.554 9.21 7.749 7.481 8.078 7.286 7.256 7.493 6.762 6.588 
6.15 5.185 4.961 4.429 4.591 4.737 4.13 4.449 5.624 5.869 6.3 5.631 5.772 6.448 6.193 5.369 6.283 7.017 7.46 8.489 8.596 
7.714 8.032 7.812 8.189 7.933 7.775 7.027 7.91 8.815 8.132 8.488 8.363 8.886 8.184 8.12 7.661 7.673 7.796 7.792 7.28 7.259 
7.165 7.28 7.092 7.216 6.446 6.002 5.984 5.418 5.846 6.207 6.164 6.039 5.933 6.051 6.629 6.598 6.749 6.957 7.503 8.024 9.16 
9.48 9.747 12.166 11.952 14.009 12.253 10.97 13.004 13.792 12.155 12.267 12.739 12.284 11.615 11.736 11.649 10.585 10.936 12.733 12.917 11.067 
12.038 13.193 13.214 11.969 12.74 10.392 9.273 9.197 9.919 10.224 10.186 9.582 9.434 8.938 7.623 8.352 9.217 8.315 7.935 9.153 8.839 
7.568 7.754 8.976 7.724 8.265 9.319 10.225 7.678 8.244 9.05 8.788 8.195 8.052 7.208 7.38 6.668 6.476 4.959 6.095 6.155 7.041 
7.815 8.564 8.671 8.783 8.995 10.423 11.982 13.182 12.015 12.743 12.011 12.35 11.431 10.632 10.248 11.331 13.012 11.642 11.733 12.152 13.579 
13.142 13.365 14.26 14.931 15.0 13.762 14.248 14.215 12.967 14.178 12.935 13.263 11.381 11.827 10.582 11.694 13.953 15.0 15.0 15.0 15.0 
15.0 13.675 12.37 12.293 11.197 10.426 9.825 8.931 9.039 7.181 6.955 7.115 6.918 6.104 5.932 5.196 5.926 5.938 4.419 4.328 4.078 
3.707 4.1 4.208 4.177 5.043 6.58 7.466 8.953 8.003 8.315 8.119 7.704 8.269 8.172 8.994 8.275 8.648 8.285 8.636 7.901 8.007 
8.073 7.78 7.778 7.537 8.455 7.485 8.132 9.487 8.938 9.586 8.47 6.717 7.614 7.763 6.976 7.218 7.747 7.544 6.947 6.968 7.295 
7.321 7.637 8.363 7.721 8.08 7.945 8.704 9.589 9.911 10.408 11.322 11.51 13.412 12.892 12.545 12.65 11.382 
C1903x2TS215_2 0.371 13.938 9.186 8.941 9.282 9.617 9.904 10.751 10.807 10.605 12.691 12.241 12.058 9.6 10.163 12.467 11.099 9.096 9.958 11.311 9.995 9.109 
10.167 11.583 9.909 9.296 11.303 11.762 9.85 10.467 11.687 11.816 10.568 11.128 11.12 9.243 7.806 8.037 8.687 7.785 7.545 7.279 6.649 
5.972 4.831 4.807 4.051 4.009 3.865 4.045 4.074 4.023 3.767 3.699 3.81 3.887 4.395 5.035 5.738 6.03 8.07 7.883 8.275 9.249 
8.347 8.487 8.57 8.085 8.308 10.104 9.986 9.824 9.942 10.722 10.886 11.363 12.856 13.132 12.218 13.019 14.221 13.395 12.617 13.291 13.256 
11.944 11.029 11.425 8.938 6.953 6.665 5.958 6.054 5.728 4.981 4.897 4.487 4.45 4.322 4.523 5.366 6.052 6.769 7.253 6.559 7.851 
8.132 8.323 9.062 10.281 9.134 8.162 7.077 7.02 6.456 5.795 4.623 3.817 3.71 3.423 3.385 3.256 3.152 3.09 2.93 3.005 3.298 
3.312 3.991 6.023 5.603 5.754 6.372 7.607 7.511 7.376 6.162 5.749 5.451 4.694 5.424 5.63 5.085 5.738 6.891 5.156 5.428 5.309 
5.141 4.297 4.864 4.65 4.623 3.942 6.034 5.283 7.284 8.489 9.904 9.488 9.824 8.608 10.371 9.162 8.538 8.017 6.494 5.507 6.742 
10.275 9.656 9.646 10.868 10.537 10.083 9.969 9.766 7.877 8.302 6.135 6.494 6.209 5.838 5.265 4.806 3.966 3.584 3.834 3.49 3.698 
3.702 4.458 4.554 5.303 6.997 6.91 7.184 7.922 8.175 9.045 10.157 10.856 11.118 11.241 10.133 11.295 11.484 12.305 13.039 10.694 10.319 
11.623 11.017 9.172 8.951 8.977 8.32 8.652 7.719 8.042 7.243 6.107 5.662 5.003 5.116 5.069 4.473 4.205 3.698 3.459 3.476 3.538 
3.281 3.495 3.667 3.674 4.109 4.542 4.382 5.063 5.47 6.331 7.32 7.069 7.694 7.798 8.341 8.474 9.704 10.124 10.696 8.985 9.901 
9.342 8.908 8.737 8.472 6.463 5.485 5.969 5.734 5.613 5.832 6.034 5.299 4.522 4.982 5.348 4.373 4.008 5.233 4.68 3.778 4.633 
5.481 5.244 4.974 4.538 6.265 5.079 4.917 5.08 4.582 5.011 5.019 4.154 3.773 3.763 3.945 4.382 6.024 
C1903x2TS044_1 0.249 15.0 10.89 10.96 11.435 12.199 12.026 13.309 12.92 12.165 13.089 12.845 11.133 10.151 10.757 10.537 9.162 9.638 10.376 10.221 9.081 9.504 
10.499 10.473 10.447 11.458 11.881 11.718 11.604 12.172 12.93 13.587 14.468 14.962 15.0 15.0 15.0 14.522 12.732 12.473 12.716 13.202 14.208 
14.494 13.706 12.44 11.699 11.593 6.659 7.829 7.896 7.896 7.266 6.134 5.302 5.26 6.834 8.115 8.282 8.234 7.434 6.642 5.472 5.513 
5.065 4.334 4.414 4.294 4.798 4.891 4.347 4.179 4.008 3.363 3.213 3.179 3.19 3.439 3.748 4.207 4.519 5.544 6.465 6.599 7.155 
7.902 8.234 7.683 8.275 9.034 10.422 10.083 8.437 9.375 11.046 9.602 8.437 10.146 11.086 9.038 10.069 9.886 10.825 10.976 12.553 14.337 
11.557 11.009 11.783 12.632 14.314 13.475 11.741 13.207 14.29 12.851 12.41 12.789 13.43 12.582 12.732 13.581 12.471 11.765 12.934 14.005 12.901 
11.808 13.033 13.969 11.995 11.591 9.906 9.855 9.336 10.486 10.046 10.907 11.78 10.521 9.287 8.97 9.476 11.236 10.889 10.736 11.707 10.409 
9.786 10.996 13.566 11.096 12.83 14.028 14.556 11.234 10.685 8.846 8.367 7.477 7.322 6.674 6.764 6.698 5.782 4.807 4.05 3.87 3.941 
4.941 5.487 6.788 7.377 7.668 8.484 9.977 10.858 11.869 12.582 11.534 11.693 12.435 10.235 10.396 11.297 10.741 8.429 9.878 8.757 9.429 
9.715 11.529 12.693 12.67 13.6 13.006 14.387 15.0 15.0 15.0 15.0 14.445 12.12 12.105 9.308 10.492 11.375 10.915 10.611 11.042 10.107 
9.849 10.042 9.989 8.593 8.966 9.567 9.662 7.829 9.931 9.9 8.817 9.297 10.386 10.864 10.859 8.127 10.465 8.702 8.545 8.739 8.395 
7.263 7.364 7.643 7.452 6.752 6.979 6.56 5.58 6.178 7.332 8.13 8.06 7.902 8.189 8.616 7.928 8.686 7.069 6.035 5.577 6.255 
5.588 4.439 4.62 4.344 4.493 3.732 4.135 4.971 4.873 4.834 5.098 4.19 4.764 6.579 6.06 5.404 6.288 7.594 7.056 7.384 9.299 
9.255 10.494 11.565 11.584 11.903 15.0 15.0 15.0 15.0 15.0 15.0 15.0 15.0 15.0 15.0 15.0 15.0 
C1903x2TS123_5 0.199 15.0 11.096 11.365 11.426 12.653 12.174 13.251 13.608 13.139 13.763 12.69 12.402 10.084 9.314 9.821 10.059 8.885 8.353 10.435 10.535 8.43 
8.636 11.193 10.822 9.03 11.141 13.053 10.855 10.326 11.803 11.933 9.195 9.771 11.246 9.655 8.895 8.536 8.896 7.856 7.223 7.289 7.077 
6.856 5.803 5.258 4.899 5.291 4.427 3.924 5.791 5.413 4.882 4.757 4.469 5.007 5.69 6.094 6.509 6.742 7.666 8.249 8.471 10.119 
10.831 13.292 13.505 12.616 11.889 12.876 11.868 11.13 11.297 10.32 10.018 9.004 8.644 8.716 8.722 8.127 8.949 8.617 8.499 8.196 8.49 
8.178 8.217 7.782 7.612 6.395 6.863 6.467 6.288 5.95 6.468 6.438 6.048 6.659 7.085 6.198 7.083 7.535 7.646 8.406 9.928 12.006 
11.012 10.712 12.06 11.79 13.748 11.965 11.91 12.438 12.132 12.706 13.285 11.882 11.414 12.445 13.172 12.42 11.748 12.878 13.394 12.676 11.588 
12.604 14.136 13.681 13.635 14.194 13.558 13.345 13.15 13.588 14.313 13.965 14.263 12.917 11.28 12.33 12.143 11.726 9.802 9.517 10.011 10.382 
8.769 8.064 9.393 8.057 8.109 8.028 12.087 9.021 9.722 10.798 10.699 8.607 8.862 9.549 10.24 9.428 10.763 11.181 10.086 10.81 13.359 
14.402 13.358 14.579 14.639 13.407 13.118 12.922 13.041 12.095 12.449 12.505 12.331 10.937 9.811 10.497 10.198 9.977 9.625 10.388 9.101 9.314 
9.506 11.198 11.444 11.211 12.38 12.784 12.604 13.73 14.457 15.0 15.0 15.0 14.808 14.862 11.489 13.61 14.716 15.0 15.0 15.0 15.0 
15.0 14.824 14.381 12.853 12.52 12.693 12.341 9.245 10.022 10.703 9.032 8.14 8.156 8.351 8.039 7.496 7.782 7.788 6.93 6.905 7.21 
6.794 7.023 7.498 7.027 7.461 9.211 10.258 11.303 10.543 10.896 10.181 9.357 11.244 10.161 11.696 11.855 13.891 14.008 13.399 12.975 12.788 
12.864 12.391 12.268 12.077 11.363 10.797 14.376 14.488 14.397 14.866 15.0 15.0 15.0 15.0 15.0 15.0 15.0 15.0 15.0 15.0 15.0 
15.0 15.0 15.0 15.0 15.0 14.846 15.0 15.0 15.0 15.0 15.0 14.504 15.0 13.893 13.177 14.114 13.542 
C1903x2TS131_1 0.355 15.0 9.894 10.102 10.528 10.832 10.748 12.489 11.987 10.77 10.587 10.335 8.25 7.108 6.456 6.247 5.336 5.118 4.84 4.554 4.227 3.723 
3.597 3.382 3.339 3.208 3.255 3.616 3.903 4.039 4.13 3.977 4.14 4.571 4.277 4.179 4.567 5.866 6.219 7.404 7.516 7.793 8.532 
8.919 8.444 7.825 7.726 8.615 8.094 7.896 7.897 8.339 9.792 9.961 9.981 10.69 11.134 11.764 11.56 12.016 10.608 9.854 8.656 9.315 
8.487 7.947 8.045 8.316 7.51 6.832 5.857 6.134 6.616 5.397 4.996 5.134 5.778 6.967 8.94 11.087 11.538 11.16 12.585 11.441 11.099 
10.68 11.41 9.878 9.009 8.939 8.922 8.288 8.335 8.178 8.876 7.88 7.688 8.663 7.48 7.933 7.998 7.929 7.347 8.086 7.487 7.284 
6.873 6.675 7.014 5.248 5.316 5.251 5.263 5.177 5.402 5.381 4.995 4.298 5.394 5.448 5.781 6.001 7.174 5.971 7.034 9.154 10.64 
7.456 8.128 11.246 9.66 8.17 7.385 7.028 6.967 5.991 4.538 5.074 5.119 4.06 4.075 3.726 3.814 3.846 4.191 4.051 4.368 3.724 
3.799 3.524 3.969 3.999 4.734 4.61 6.242 4.901 8.131 9.084 10.241 8.927 8.554 8.259 10.159 8.95 8.838 10.039 9.687 8.507 10.01 
13.118 11.816 10.549 10.952 10.788 10.026 10.684 10.431 10.538 10.228 10.503 10.347 9.854 9.21 9.01 9.628 9.355 8.177 8.566 7.694 7.702 
6.992 8.485 9.44 8.845 9.407 10.818 11.063 10.191 11.692 12.327 11.73 11.737 13.382 13.382 10.528 11.301 10.603 10.537 11.796 10.919 9.831 
11.306 11.647 10.082 9.385 10.16 10.689 9.569 9.091 11.7 9.966 8.102 9.372 9.537 8.883 8.319 8.049 9.139 8.075 7.641 8.169 8.231 
6.185 7.295 7.195 7.215 6.407 7.031 6.539 5.88 6.035 5.441 6.083 6.189 5.795 5.308 5.949 4.565 6.148 5.544 4.252 4.107 4.61 
4.413 4.116 4.66 4.651 4.627 3.944 4.192 5.013 5.083 5.365 6.271 5.275 4.944 5.684 5.589 4.575 4.533 5.281 5.277 4.088 4.199 
4.57 4.243 4.126 3.868 4.782 4.819 5.401 5.798 4.771 4.368 3.934 3.878 3.477 3.279 3.512 3.742 4.642 
C1903x2TS123_4 0.199 15.0 11.096 11.365 11.426 12.653 12.174 13.251 13.608 13.139 13.763 12.69 12.402 10.084 9.314 9.821 10.059 8.885 8.353 10.435 10.535 8.43 
8.636 11.193 10.822 9.03 11.141 13.053 10.855 10.326 11.803 11.933 9.195 9.771 11.246 9.655 8.895 8.536 8.896 7.856 7.223 7.289 7.077 
6.856 5.803 5.258 4.899 5.291 4.427 3.924 5.791 5.413 4.882 4.757 4.469 5.007 5.69 6.094 6.509 6.742 7.666 8.249 8.471 10.119 
10.831 13.292 13.505 12.616 11.889 12.876 11.868 11.13 11.297 10.32 10.018 9.004 8.644 8.716 8.722 8.127 8.949 8.617 8.499 8.196 8.49 
8.178 8.217 7.782 7.612 6.395 6.863 6.467 6.288 5.95 6.468 6.438 6.048 6.659 7.085 6.198 7.083 7.535 7.646 8.406 9.928 12.006 
11.012 10.712 12.06 11.79 13.748 11.965 11.91 12.438 12.132 12.706 13.285 11.882 11.414 12.445 13.172 12.42 11.748 12.878 13.394 12.676 11.588 
12.604 14.136 13.681 13.635 14.194 13.558 13.345 13.15 13.588 14.313 13.965 14.263 12.917 11.28 12.33 12.143 11.726 9.802 9.517 10.011 10.382 
8.769 8.064 9.393 8.057 8.109 8.028 12.087 9.021 9.722 10.798 10.699 8.607 8.862 9.549 10.24 9.428 10.763 11.181 10.086 10.81 13.359 
14.402 13.358 14.579 14.639 13.407 13.118 12.922 13.041 12.095 12.449 12.505 12.331 10.937 9.811 10.497 10.198 9.977 9.625 10.388 9.101 9.314 
9.506 11.198 11.444 11.211 12.38 12.784 12.604 13.73 14.457 15.0 15.0 15.0 14.808 14.862 11.489 13.61 14.716 15.0 15.0 15.0 15.0 
15.0 14.824 14.381 12.853 12.52 12.693 12.341 9.245 10.022 10.703 9.032 8.14 8.156 8.351 8.039 7.496 7.782 7.788 6.93 6.905 7.21 
6.794 7.023 7.498 7.027 7.461 9.211 10.258 11.303 10.543 10.896 10.181 9.357 11.244 10.161 11.696 11.855 13.891 14.008 13.399 12.975 12.788 
12.864 12.391 12.268 12.077 11.363 10.797 14.376 14.488 14.397 14.866 15.0 15.0 15.0 15.0 15.0 15.0 15.0 15.0 15.0 15.0 15.0 
15.0 15.0 15.0 15.0 15.0 14.846 15.0 15.0 15.0 15.0 15.0 14.504 15.0 13.893 13.177 14.114 13.542 
C1903x2TS073_3 0.268 15.0 12.67 12.633 12.178 12.141 13.645 14.02 13.728 12.967 13.573 13.169 11.069 10.595 9.924 9.272 9.512 10.655 9.429 9.772 10.834 10.228 
8.978 10.065 12.069 10.196 9.615 11.254 10.752 10.454 10.413 10.853 9.676 9.274 8.308 7.333 8.659 8.483 9.589 8.844 8.771 8.979 8.782 
9.256 7.497 5.925 5.182 5.154 3.882 4.472 7.896 7.902 8.964 9.691 10.495 11.006 12.416 12.682 13.219 12.838 11.167 10.282 8.925 9.056 
9.403 9.005 8.344 8.603 9.052 8.877 8.726 9.996 9.463 9.197 9.865 10.922 10.997 12.377 13.508 13.92 14.73 14.542 14.659 13.894 14.119 
13.384 13.71 11.108 10.673 10.833 10.028 8.945 8.886 8.664 8.992 8.467 7.986 8.146 7.637 7.307 6.912 7.001 7.185 7.4 7.446 9.04 
9.77 8.622 8.469 7.638 6.909 7.367 7.233 7.043 7.125 6.914 7.111 6.415 6.227 7.127 6.909 7.857 8.787 9.535 10.15 10.683 12.444 
12.575 11.412 13.029 12.017 11.762 10.166 10.076 9.134 9.413 8.718 8.192 7.709 7.903 6.557 6.856 6.398 7.08 7.062 6.507 7.891 8.965 
8.173 6.83 7.155 7.808 8.044 8.179 10.586 9.487 10.893 9.348 8.247 7.791 8.231 8.099 7.838 7.676 7.49 6.491 6.166 5.66 5.767 
7.566 8.081 7.994 8.293 8.967 9.298 9.836 11.034 8.799 9.091 9.521 10.45 8.991 8.591 8.497 8.916 8.528 7.523 7.516 7.349 7.309 
7.103 7.257 7.713 8.14 9.329 9.821 11.312 14.138 14.65 15.0 15.0 15.0 15.0 13.028 10.694 10.733 10.778 10.743 11.007 10.887 9.672 
9.248 9.694 9.889 8.931 8.954 10.364 9.974 8.033 8.79 9.146 8.288 8.217 7.201 7.367 6.672 5.659 5.955 5.448 5.154 4.72 5.377 
4.768 5.287 4.973 4.553 4.321 4.059 4.223 3.687 3.705 4.802 4.352 5.275 5.321 6.028 7.478 7.216 8.741 8.187 7.997 8.278 7.782 
7.318 6.521 5.598 5.329 5.521 4.898 5.699 7.254 7.166 7.766 7.667 7.549 7.76 9.235 7.67 7.698 7.996 8.073 7.754 7.704 8.331 
8.63 10.043 9.546 8.686 9.617 7.974 8.191 7.519 7.289 8.086 7.878 7.854 7.873 7.232 6.687 6.336 6.86 
C1903x2TS389_2 0.327 15.0 11.522 10.908 11.361 11.849 12.338 12.242 12.952 13.081 13.196 12.504 13.233 13.219 12.169 11.672 11.863 11.832 10.864 12.414 13.077 12.702 
12.723 14.726 14.36 13.675 14.313 15.0 14.536 13.639 13.286 13.592 13.42 13.969 13.158 13.186 12.305 10.727 10.546 10.121 9.165 9.0 9.336 
9.124 8.277 7.491 7.326 6.204 4.676 4.042 7.896 7.96 7.22 7.044 6.878 6.557 8.106 8.52 8.135 9.934 10.278 8.711 8.636 8.769 
9.483 8.82 7.867 8.507 8.176 7.465 7.415 8.238 8.569 8.096 8.443 9.005 7.578 7.465 8.814 10.354 10.195 11.25 13.081 11.1 11.272 
11.407 12.584 11.857 11.046 9.921 9.526 7.961 7.654 7.384 7.306 5.037 5.523 5.933 4.832 4.746 5.142 5.525 6.082 6.416 6.151 7.23 
7.219 7.231 7.526 7.006 7.71 7.369 7.401 7.703 7.445 7.727 6.129 5.451 5.212 5.166 4.98 4.402 5.477 6.519 6.343 5.529 6.4 
4.988 4.071 4.767 5.135 6.281 6.281 6.739 6.521 5.832 5.908 5.766 5.462 4.884 5.014 5.948 5.078 6.326 7.015 5.638 6.013 6.052 
5.692 4.711 7.149 6.211 6.023 7.115 11.146 8.785 10.101 9.746 8.967 8.198 8.52 7.875 8.525 8.446 8.007 7.764 7.701 8.369 8.736 
10.133 9.916 10.146 10.002 9.712 10.566 11.799 13.584 13.479 14.328 14.641 14.805 14.907 12.75 12.328 12.524 12.345 10.204 10.916 9.343 8.565 
8.68 10.268 11.817 10.903 11.286 11.931 12.269 11.363 12.007 12.577 12.164 10.722 10.704 10.44 9.597 11.184 11.032 10.984 12.971 12.515 11.251 
11.933 12.211 11.503 10.153 9.759 10.705 10.111 7.177 7.419 7.347 6.009 5.544 6.013 6.092 5.146 4.046 4.343 4.024 3.624 3.574 3.529 
3.369 3.48 3.453 3.693 3.911 4.438 3.849 3.584 3.584 3.896 3.823 4.7 4.893 5.684 6.455 5.912 7.408 6.304 5.614 5.274 5.146 
5.096 4.366 4.808 4.781 4.782 4.011 4.082 4.805 4.609 4.97 5.714 4.579 4.087 4.873 4.519 3.542 4.02 4.657 4.359 3.639 3.615 
3.937 4.033 4.029 4.002 4.857 4.491 4.851 5.615 5.331 5.785 4.947 5.121 5.044 4.816 5.246 5.747 6.601 
C1903x2TS067_1 0.188 12.914 8.927 8.986 9.847 10.846 10.568 10.376 12.52 12.101 12.042 11.772 13.057 11.35 10.046 11.199 11.589 9.811 9.861 12.544 11.503 9.66 
10.949 13.845 12.118 11.68 14.208 14.86 13.778 12.86 13.392 14.012 13.649 14.39 14.191 14.296 13.537 11.507 9.894 10.594 10.845 12.043 13.281 
14.773 14.018 14.539 15.0 14.536 12.571 11.455 7.815 7.896 6.916 5.499 5.261 5.339 6.283 7.082 5.923 4.907 5.782 6.352 6.333 6.702 
6.825 6.458 7.471 7.729 8.132 9.045 9.114 10.272 9.213 8.894 9.694 9.684 9.922 11.165 12.097 12.483 12.89 14.248 14.077 14.104 12.158 
12.147 12.297 9.721 9.235 8.855 8.571 8.316 8.179 8.209 8.47 7.727 7.058 7.544 7.288 6.274 6.557 7.197 7.022 7.798 8.336 10.353 
8.941 9.393 9.86 9.902 10.018 11.527 10.685 11.633 13.972 14.228 13.203 12.654 13.455 12.643 10.793 11.057 11.952 11.016 10.83 12.133 12.08 
11.137 11.515 13.256 12.232 11.075 10.97 10.715 10.224 9.76 10.751 10.546 9.769 9.82 8.855 7.585 6.818 6.693 6.889 5.592 6.353 6.633 
5.962 5.385 5.465 5.573 6.114 5.362 6.76 7.297 7.616 7.876 8.366 8.281 8.624 9.488 10.764 10.687 12.082 12.228 13.735 13.315 11.8 
13.718 13.098 11.763 10.493 10.858 11.713 11.541 11.128 11.561 13.119 11.827 10.145 10.674 11.068 9.435 9.907 10.78 9.912 9.682 9.752 10.156 
9.888 10.305 12.086 12.929 12.501 12.823 13.268 13.75 12.861 14.495 14.798 15.0 14.743 13.974 11.453 13.933 15.0 15.0 15.0 15.0 15.0 
15.0 15.0 15.0 15.0 14.974 15.0 15.0 14.712 14.872 15.0 15.0 15.0 15.0 15.0 15.0 15.0 15.0 15.0 14.763 14.735 14.272 
14.15 12.369 14.385 13.436 11.601 13.14 11.113 11.157 10.726 10.315 9.887 9.411 8.693 8.104 8.892 9.09 11.634 10.133 10.876 11.869 11.709 
11.393 11.135 11.384 11.287 11.227 10.223 12.412 13.581 13.616 12.678 12.199 12.386 12.323 12.806 11.932 11.744 12.136 12.207 11.939 11.531 12.325 
12.652 13.527 12.743 11.454 12.253 11.195 12.591 14.26 14.988 15.0 15.0 14.977 15.0 14.505 14.447 14.676 14.359 
C1903x2TS215_3 0.356 15.0 10.44 9.451 8.731 9.086 8.459 9.792 9.101 7.675 8.122 6.877 5.87 5.354 5.434 6.162 5.376 5.244 5.072 5.314 4.431 4.189 
4.532 5.365 6.91 7.281 9.216 9.979 8.001 7.712 9.603 8.795 8.21 8.089 8.498 6.928 7.259 6.717 8.533 7.861 7.564 7.87 7.814 
6.77 5.725 5.34 5.077 4.708 4.334 4.15 3.969 3.799 3.504 3.286 3.105 3.119 3.315 3.995 3.872 4.409 5.082 5.796 6.561 6.868 
6.949 7.754 8.877 9.161 8.343 9.446 9.835 9.774 10.376 9.728 10.124 12.171 11.215 11.541 13.738 14.951 13.921 12.875 13.302 13.134 11.43 
11.732 9.754 9.071 8.928 8.424 9.211 9.294 8.579 9.551 10.902 9.334 8.422 9.358 11.373 8.449 8.066 8.436 8.412 8.39 8.333 10.22 
10.21 9.484 10.57 11.582 13.393 12.059 11.797 11.573 13.745 13.739 12.328 12.497 13.458 12.286 10.441 11.022 10.47 9.091 9.197 9.502 9.511 
8.362 9.575 10.802 9.582 9.321 9.372 9.696 9.311 8.613 8.828 8.653 7.39 5.355 6.253 6.087 5.136 5.564 6.746 5.027 5.084 5.768 
5.68 4.829 5.525 5.786 6.4 5.885 9.344 7.953 9.404 9.659 10.065 9.548 9.38 8.717 8.902 9.241 9.132 7.652 7.895 7.827 6.167 
7.31 10.584 10.423 9.733 10.384 11.447 11.223 9.883 8.523 8.502 7.658 7.553 6.511 6.375 5.762 5.829 6.232 4.966 5.0 3.666 4.301 
4.517 5.061 5.776 6.776 7.761 9.396 9.619 10.389 10.303 12.354 11.04 11.083 11.767 10.989 9.696 11.317 11.262 12.87 11.949 9.002 9.367 
10.486 8.879 7.834 7.486 6.952 5.889 5.112 4.215 4.486 4.076 3.688 3.705 3.47 4.046 3.58 3.227 3.303 3.208 3.144 3.51 3.39 
3.494 3.854 4.349 4.507 5.199 5.29 5.319 5.302 5.268 5.876 6.893 6.922 7.04 6.951 6.389 4.968 5.622 5.24 5.353 4.332 5.092 
4.41 4.501 4.607 4.765 5.201 4.703 5.404 6.971 7.195 7.113 6.029 5.544 4.708 5.345 6.227 6.403 4.629 6.246 5.877 4.218 4.709 
5.572 5.501 4.634 3.94 5.392 4.881 5.906 5.309 5.18 4.11 3.913 3.941 3.666 3.368 3.649 4.256 6.193 
C1903x2TS123_3 0.215 15.0 10.775 11.15 11.457 12.558 12.891 14.126 13.96 13.813 14.927 14.893 14.718 14.538 14.448 14.225 14.243 13.85 14.368 14.966 14.881 15.0 
15.0 15.0 15.0 15.0 15.0 15.0 15.0 14.684 14.098 13.921 13.734 13.9 14.321 13.681 12.789 13.299 10.112 9.684 10.151 11.015 10.786 
11.524 12.161 12.386 11.487 10.397 6.709 7.896 7.896 7.897 9.641 10.076 10.205 10.073 12.601 12.982 13.033 14.015 13.373 11.836 11.354 10.829 
9.163 9.67 9.317 9.127 7.485 7.589 7.553 8.27 8.166 8.165 7.819 7.533 6.278 6.178 6.848 6.406 7.133 7.917 7.853 7.117 6.87 
6.684 5.674 5.78 6.219 5.451 5.347 5.549 5.464 4.958 4.845 5.181 4.976 4.688 5.091 5.903 5.669 5.531 6.357 6.477 7.597 8.931 
7.5 8.069 9.305 10.024 8.869 9.539 10.336 10.126 9.565 11.375 11.177 9.604 9.704 11.418 11.781 10.981 10.916 12.386 13.632 12.828 11.789 
12.519 12.792 11.336 10.806 12.707 9.82 8.912 8.346 7.714 7.309 7.953 7.354 6.985 5.849 5.799 6.578 7.068 7.91 9.287 9.403 7.653 
8.476 9.758 10.688 10.321 12.487 13.87 11.458 11.221 12.631 12.718 13.23 12.412 12.088 11.003 10.791 10.84 9.824 12.058 10.452 9.795 10.317 
11.883 9.479 9.185 10.211 9.081 8.809 9.489 9.863 11.447 11.357 11.962 10.458 11.796 9.593 9.491 9.032 9.66 8.212 10.472 9.179 9.172 
9.055 10.631 10.214 10.204 10.649 11.661 11.662 11.633 11.777 11.779 10.77 11.141 10.429 10.806 9.944 11.186 12.542 13.162 13.825 13.373 12.395 
12.947 13.63 11.179 10.62 10.932 11.962 10.595 10.14 12.497 10.556 8.754 10.038 10.874 9.757 8.874 8.764 10.105 8.561 8.428 9.704 9.416 
7.506 7.69 9.078 8.021 8.422 10.481 11.204 11.916 11.521 9.673 11.625 9.736 10.995 10.196 11.274 10.254 10.225 10.77 10.934 10.053 9.929 
10.806 10.464 10.706 10.546 9.574 8.709 10.439 10.216 9.936 9.206 8.803 8.748 9.051 9.511 8.603 8.265 7.803 8.383 8.21 7.647 7.932 
8.546 8.986 8.493 8.573 9.639 8.771 9.09 9.613 9.164 8.818 8.539 8.404 9.695 9.851 9.771 12.09 10.161 
C1903x2TS003_1 0.157 15.0 11.775 12.113 11.761 12.908 12.786 14.252 13.211 12.524 13.888 13.445 12.924 11.553 11.842 12.145 11.867 11.394 12.306 13.175 13.221 13.998 
14.511 15.0 15.0 15.0 15.0 15.0 14.899 13.946 13.407 13.641 13.929 13.774 14.395 14.204 12.904 12.999 11.474 10.588 9.967 11.311 12.523 
12.137 12.026 12.571 12.477 12.683 11.903 12.197 11.334 9.099 12.666 12.335 12.29 13.696 13.992 14.8 14.936 14.542 13.535 12.156 11.648 12.331 
12.601 13.025 14.094 14.36 13.755 14.2 13.908 14.044 13.484 13.393 13.957 14.621 15.0 15.0 15.0 15.0 15.0 15.0 15.0 15.0 15.0 
15.0 14.74 12.874 12.503 12.561 12.865 12.119 11.379 13.113 12.811 10.382 9.76 11.761 10.873 9.659 8.945 8.461 8.01 8.135 7.963 8.181 
7.968 8.254 9.944 10.02 12.171 12.998 12.794 12.568 13.11 12.257 12.915 12.459 13.202 12.565 12.538 12.617 13.685 13.954 13.187 12.396 11.795 
12.386 12.998 13.139 12.365 13.484 11.743 11.086 11.884 13.12 12.692 12.23 12.128 12.243 11.513 11.217 10.323 10.792 10.477 10.481 11.315 11.986 
11.938 12.906 14.007 14.279 14.076 15.0 14.624 13.115 13.321 13.507 13.713 13.018 12.891 12.216 12.568 11.255 11.308 11.53 11.885 12.179 12.492 
13.879 13.616 14.348 13.942 14.208 14.313 14.703 14.92 15.0 15.0 14.898 14.481 14.645 14.626 14.315 14.262 14.38 13.725 14.467 13.796 12.966 
13.036 12.649 13.722 13.353 13.784 13.732 13.791 14.531 14.425 14.579 14.17 12.553 11.02 9.986 8.506 8.857 9.235 9.682 9.837 9.14 9.16 
9.864 9.657 10.535 11.064 11.284 11.752 13.484 12.557 12.135 11.676 11.168 10.028 9.953 9.734 11.228 11.224 13.81 13.012 10.487 9.702 9.624 
9.451 8.598 8.839 8.775 8.54 8.711 8.77 9.643 9.56 8.21 9.84 9.204 9.693 8.475 9.165 8.884 10.167 8.287 8.912 8.826 8.959 
8.731 9.432 10.424 10.855 10.02 8.574 9.709 9.519 9.659 10.374 10.503 11.383 10.541 9.335 9.263 9.735 8.92 9.239 9.957 10.225 9.147 
10.716 10.983 12.179 10.943 11.541 9.167 9.382 9.594 9.625 9.34 10.444 9.31 12.042 10.071 10.106 10.723 11.153 
C1903x2TS215_4 0.361 15.0 9.773 9.792 9.744 10.141 8.826 8.631 9.122 7.0 6.38 6.426 5.391 4.834 4.699 5.027 4.828 4.468 4.189 4.785 4.867 4.642 
4.439 5.622 6.408 6.86 8.071 10.214 8.233 8.7 9.808 9.606 9.447 10.219 10.846 11.592 9.829 7.646 7.908 7.129 7.062 7.112 7.107 
6.805 5.351 4.723 4.309 4.308 4.079 3.98 3.869 4.573 4.765 5.229 5.287 4.882 5.585 6.408 6.597 7.002 7.04 6.628 6.025 7.205 
5.929 6.467 6.021 5.342 4.57 5.221 5.267 4.916 5.181 5.516 4.432 4.23 4.731 5.945 4.975 5.41 8.99 10.268 8.749 8.133 8.442 
7.254 6.925 5.944 6.919 6.576 7.223 6.773 7.066 7.417 7.416 6.594 6.553 7.055 6.125 6.834 7.817 7.944 8.325 8.397 8.834 9.132 
9.247 9.241 11.14 10.769 10.364 11.141 11.738 11.57 12.97 13.26 12.984 10.748 11.923 11.508 10.012 10.032 10.942 10.69 8.457 9.783 11.09 
6.703 6.931 10.936 10.781 9.286 8.376 8.376 8.021 7.046 5.597 5.941 5.455 3.982 4.351 5.108 5.319 6.024 8.545 7.346 7.698 7.716 
8.069 7.747 9.051 9.737 10.932 8.008 10.66 7.516 8.984 7.772 8.032 7.279 7.975 7.157 7.493 8.207 8.068 7.402 6.589 7.713 7.67 
9.023 11.146 11.251 10.488 10.67 11.39 13.248 13.868 12.812 12.711 13.265 13.96 11.193 9.798 10.865 10.138 9.049 8.586 10.009 7.48 6.253 
5.281 7.312 7.439 8.101 9.419 9.327 9.372 9.974 10.051 10.122 12.263 14.499 12.847 10.486 9.744 10.097 9.358 8.803 7.494 5.677 4.918 
4.289 4.139 4.071 3.986 3.432 3.392 3.447 2.978 3.145 3.129 3.234 3.629 3.898 4.717 4.898 4.165 4.978 5.207 4.83 4.902 5.075 
5.14 5.931 6.53 6.459 6.406 6.615 6.081 5.933 4.782 5.004 5.199 5.214 5.368 4.659 4.626 3.972 4.623 4.258 4.157 4.338 4.991 
5.197 5.085 4.948 5.117 6.137 5.187 6.105 6.832 7.735 8.976 9.762 9.269 10.199 9.872 9.862 8.075 7.619 8.03 8.072 6.881 7.304 
8.289 8.022 7.305 6.321 7.243 5.229 5.489 4.71 3.626 3.521 3.367 3.227 3.096 2.67 3.188 3.85 4.878 
C1903x2TS121_1 0.193 15.0 12.117 12.535 11.678 11.863 12.601 13.073 12.508 12.431 13.321 13.186 11.441 10.882 11.234 10.217 9.41 9.87 9.239 9.458 9.448 9.506 
9.066 9.22 10.376 9.739 10.744 10.912 11.315 12.024 11.574 11.805 10.601 11.723 11.258 10.265 10.694 8.867 7.717 8.446 8.255 7.569 7.84 
9.424 8.719 7.461 6.707 7.575 4.647 3.935 7.896 7.897 8.568 8.55 8.94 8.262 9.008 12.33 11.669 10.82 11.651 11.03 11.291 12.298 
12.366 11.992 12.292 11.423 9.531 9.583 9.213 9.145 8.892 8.713 8.908 9.436 9.509 9.586 11.164 13.806 13.778 13.474 14.137 14.521 13.409 
10.359 10.91 10.978 9.378 8.68 9.305 8.967 7.934 8.626 10.032 9.626 8.634 10.469 10.647 10.031 9.096 8.454 8.844 9.236 8.787 10.347 
9.199 9.035 10.334 12.15 12.861 12.837 11.853 13.526 13.414 12.016 11.881 11.947 11.533 11.173 11.315 11.145 10.774 10.101 10.14 9.907 9.09 
7.629 8.605 9.243 9.258 9.347 9.459 9.007 9.11 9.445 10.6 11.949 13.37 11.204 10.015 11.928 13.064 11.293 10.47 11.321 11.871 9.159 
8.169 8.406 10.884 8.726 8.333 8.136 10.885 7.739 8.903 9.81 9.248 8.152 8.774 8.646 9.825 9.766 11.271 11.817 11.387 11.805 10.865 
12.897 12.007 13.64 12.868 11.856 12.396 13.277 13.948 12.414 13.442 14.408 14.259 12.697 12.893 13.376 12.427 12.796 13.345 12.953 11.221 11.506 
11.526 11.773 11.926 12.701 13.538 12.212 11.819 13.56 12.863 13.042 13.698 14.867 13.224 12.205 10.729 12.451 13.879 13.121 14.159 14.687 13.185 
10.687 11.062 11.206 9.706 9.002 8.795 8.94 6.964 7.789 7.411 8.183 8.944 9.068 9.054 11.003 11.083 11.847 10.274 9.579 9.92 10.341 
10.44 9.351 9.523 8.286 8.825 8.826 10.171 10.967 10.305 10.299 10.116 9.491 9.684 8.693 9.25 8.635 8.542 8.235 9.282 9.492 9.625 
10.393 11.547 11.176 10.186 11.519 10.063 11.442 11.644 12.094 12.733 13.343 13.962 13.307 12.657 9.229 9.369 9.52 9.056 9.01 8.954 8.756 
9.461 12.402 13.029 9.344 9.869 8.787 9.387 10.861 10.874 9.493 10.303 10.425 10.798 8.271 9.848 9.042 15.0 
C1903x2TS067_2 0.188 12.914 8.927 8.986 9.847 10.846 10.568 10.376 12.52 12.101 12.042 11.772 13.057 11.35 10.046 11.199 11.589 9.811 9.861 12.544 11.503 9.66 
10.949 13.845 12.118 11.68 14.208 14.86 13.778 12.86 13.392 14.012 13.649 14.39 14.191 14.296 13.537 11.507 9.894 10.594 10.845 12.043 13.281 
14.773 14.018 14.539 15.0 14.536 12.571 11.455 7.815 7.896 6.916 5.499 5.261 5.339 6.283 7.082 5.923 4.907 5.782 6.352 6.333 6.702 
6.825 6.458 7.471 7.729 8.132 9.045 9.114 10.272 9.213 8.894 9.694 9.684 9.922 11.165 12.097 12.483 12.89 14.248 14.077 14.104 12.158 
12.147 12.297 9.721 9.235 8.855 8.571 8.316 8.179 8.209 8.47 7.727 7.058 7.544 7.288 6.274 6.557 7.197 7.022 7.798 8.336 10.353 
8.941 9.393 9.86 9.902 10.018 11.527 10.685 11.633 13.972 14.228 13.203 12.654 13.455 12.643 10.793 11.057 11.952 11.016 10.83 12.133 12.08 
11.137 11.515 13.256 12.232 11.075 10.97 10.715 10.224 9.76 10.751 10.546 9.769 9.82 8.855 7.585 6.818 6.693 6.889 5.592 6.353 6.633 
5.962 5.385 5.465 5.573 6.114 5.362 6.76 7.297 7.616 7.876 8.366 8.281 8.624 9.488 10.764 10.687 12.082 12.228 13.735 13.315 11.8 
13.718 13.098 11.763 10.493 10.858 11.713 11.541 11.128 11.561 13.119 11.827 10.145 10.674 11.068 9.435 9.907 10.78 9.912 9.682 9.752 10.156 
9.888 10.305 12.086 12.929 12.501 12.823 13.268 13.75 12.861 14.495 14.798 15.0 14.743 13.974 11.453 13.933 15.0 15.0 15.0 15.0 15.0 
15.0 15.0 15.0 15.0 14.974 15.0 15.0 14.712 14.872 15.0 15.0 15.0 15.0 15.0 15.0 15.0 15.0 15.0 14.763 14.735 14.272 
14.15 12.369 14.385 13.436 11.601 13.14 11.113 11.157 10.726 10.315 9.887 9.411 8.693 8.104 8.892 9.09 11.634 10.133 10.876 11.869 11.709 
11.393 11.135 11.384 11.287 11.227 10.223 12.412 13.581 13.616 12.678 12.199 12.386 12.323 12.806 11.932 11.744 12.136 12.207 11.939 11.531 12.325 
12.652 13.527 12.743 11.454 12.253 11.195 12.591 14.26 14.988 15.0 15.0 14.977 15.0 14.505 14.447 14.676 14.359 
C1903x2TS073_2 0.255 14.316 10.252 10.734 11.166 11.113 11.381 12.852 12.899 11.387 13.289 12.879 10.916 10.613 11.265 11.312 9.862 11.12 11.505 10.674 10.776 12.396 
12.474 11.397 12.302 13.467 11.916 11.789 12.952 12.51 10.715 12.034 12.302 13.752 14.308 13.324 11.258 11.732 10.198 9.763 10.263 12.137 14.264 
13.805 11.953 11.149 10.293 10.879 8.954 7.897 7.896 8.224 9.393 9.292 9.07 9.605 11.844 11.54 11.595 12.076 11.437 9.438 8.511 8.711 
7.696 7.578 6.536 7.431 6.22 7.133 7.766 8.074 8.002 8.041 7.995 7.92 8.265 8.96 10.472 11.829 12.45 12.393 12.336 11.251 13.262 
12.532 12.504 11.507 11.179 10.765 10.366 8.091 8.598 8.393 8.999 8.131 8.072 7.737 8.078 7.798 8.127 8.916 10.435 11.813 11.304 11.785 
10.277 8.734 10.973 9.148 8.266 8.225 8.477 8.749 8.307 8.824 8.82 7.659 7.821 8.44 7.905 8.11 9.104 9.248 9.561 10.891 11.052 
9.98 10.753 10.909 11.103 11.224 10.841 10.788 10.825 10.371 11.212 11.648 9.886 10.027 9.953 9.129 8.902 9.617 9.693 8.681 9.265 10.509 
9.5 8.852 10.761 10.828 10.448 10.347 12.867 11.529 10.591 7.837 8.309 7.345 8.075 7.434 7.487 8.108 8.06 6.879 6.508 7.741 7.87 
8.813 9.98 11.26 10.878 9.535 10.762 10.442 10.918 9.624 9.535 8.95 9.22 7.841 9.001 8.72 8.296 7.973 7.913 8.557 8.191 9.099 
9.382 10.294 11.28 11.16 12.368 13.377 12.815 12.795 13.036 12.456 11.29 12.804 12.077 13.375 9.682 10.231 10.684 10.311 10.046 10.034 10.082 
9.738 8.899 8.784 8.57 9.238 10.005 10.005 9.347 10.619 10.26 9.036 9.086 8.723 7.573 7.762 6.728 6.978 5.76 4.96 4.772 4.623 
4.466 4.445 4.651 4.602 4.966 5.252 5.556 5.554 5.236 6.044 6.424 5.903 6.046 5.264 6.053 5.436 6.535 5.153 5.285 5.588 5.821 
5.303 4.238 4.223 4.153 4.318 3.957 4.443 5.538 5.786 5.638 6.334 6.157 6.896 7.448 8.042 6.959 7.286 7.665 7.335 7.449 7.652 
8.031 7.9 8.111 7.42 8.046 7.57 8.014 7.629 6.807 6.296 6.747 5.331 5.283 4.817 5.661 5.916 7.317 
C1903x2TS228_1 0.354 15.0 9.5 9.678 10.27 10.952 11.23 12.108 11.983 11.79 13.021 12.575 11.49 11.588 10.566 9.414 9.978 10.668 9.061 9.583 11.288 10.669 
10.11 13.058 13.947 12.465 11.281 12.97 13.43 11.299 10.235 9.104 7.901 7.445 6.86 7.623 7.305 6.74 6.0 6.828 6.81 6.982 6.643 
6.292 5.224 4.585 4.413 4.956 4.496 3.927 3.817 4.723 4.534 4.237 4.249 4.413 5.186 5.74 6.65 5.616 6.302 7.093 7.06 7.584 
6.819 6.005 6.133 5.294 5.368 6.91 6.904 7.687 7.776 6.697 6.825 7.214 7.273 7.589 10.026 11.462 10.963 12.281 12.787 11.17 10.38 
11.062 10.932 9.897 9.438 7.862 8.66 7.63 7.416 7.923 7.933 6.775 6.919 7.779 6.346 5.281 5.688 5.541 5.511 7.075 8.132 9.352 
8.652 8.454 10.083 9.233 8.994 8.984 9.422 8.77 8.218 9.034 7.26 5.727 4.58 4.369 3.809 3.411 3.151 2.974 2.838 2.703 2.684 
2.744 2.734 3.185 3.182 3.693 4.134 5.108 4.7 3.872 3.694 3.833 3.744 3.464 3.553 3.775 3.603 3.834 4.12 4.032 4.163 4.112 
4.203 4.262 4.641 4.47 4.572 4.44 6.395 6.505 9.623 10.009 11.494 10.026 10.265 10.433 12.134 10.939 10.574 10.535 10.553 8.744 9.862 
12.599 11.434 11.471 11.265 11.714 12.382 13.851 13.453 13.726 12.55 11.203 11.137 10.46 8.915 8.071 8.102 8.495 7.717 8.66 7.749 8.318 
7.291 9.021 9.134 9.288 9.866 11.511 11.035 12.242 13.227 14.196 13.97 14.206 15.0 14.467 12.3 12.635 12.497 11.681 13.652 11.994 11.327 
12.543 12.133 11.05 10.008 11.064 11.904 11.267 9.02 10.777 11.184 8.359 8.686 9.583 10.343 8.544 8.332 9.935 8.639 7.08 7.135 7.476 
5.148 6.446 5.366 6.215 5.428 5.968 4.831 4.319 3.929 4.531 4.481 5.235 5.263 6.083 5.976 5.637 6.853 6.709 5.891 5.705 6.421 
5.037 4.062 4.051 3.947 4.335 3.693 4.561 5.052 4.603 4.722 5.053 4.386 4.265 5.421 5.106 3.908 4.04 5.17 5.37 4.107 3.696 
3.473 3.453 3.786 3.302 4.109 4.137 5.356 6.47 5.694 5.88 6.677 6.021 5.345 5.334 6.495 5.857 6.706 
C1903x2TS067_4 0.152 15.0 11.235 11.333 11.483 12.361 12.758 13.325 13.624 13.569 14.715 14.552 14.412 14.34 14.191 14.179 13.92 13.833 14.634 14.735 14.041 13.368 
13.933 14.325 12.955 13.156 13.585 13.716 13.801 13.961 13.764 13.964 14.679 14.833 14.376 14.478 14.114 13.132 10.615 10.735 11.077 10.756 12.022 
12.858 11.926 12.222 10.499 10.512 10.884 10.786 10.432 9.831 9.4 9.421 9.451 9.907 11.059 11.481 11.851 13.122 10.842 9.556 11.094 11.887 
9.854 10.586 11.526 11.43 10.713 11.747 12.436 13.685 12.682 12.158 12.573 13.107 12.817 13.306 13.198 13.745 13.574 12.733 11.817 11.558 11.606 
11.508 10.818 10.282 9.498 8.579 8.233 7.69 7.381 5.453 5.445 6.191 5.223 4.864 6.105 7.452 7.726 8.829 8.872 10.275 11.21 12.675 
10.91 11.693 13.831 13.833 15.0 13.803 13.498 14.28 14.578 13.964 13.912 13.365 13.412 12.512 12.906 12.786 12.561 12.968 13.528 12.929 13.187 
11.861 11.873 12.275 12.174 11.59 10.87 10.375 10.854 12.322 13.408 13.092 11.685 11.762 11.364 11.112 12.706 11.954 12.528 11.869 14.383 12.785 
10.467 9.746 12.874 9.7 9.657 10.453 12.093 8.404 10.035 10.682 10.249 8.84 9.785 10.84 11.14 10.548 12.513 13.723 12.533 13.204 13.489 
15.0 14.945 14.944 14.777 14.485 14.617 15.0 15.0 15.0 15.0 15.0 15.0 15.0 14.808 14.824 14.869 15.0 15.0 15.0 15.0 15.0 
15.0 15.0 15.0 15.0 15.0 15.0 15.0 15.0 15.0 15.0 15.0 15.0 15.0 14.981 13.082 14.218 15.0 15.0 15.0 15.0 15.0 
15.0 15.0 15.0 15.0 15.0 15.0 15.0 15.0 15.0 15.0 15.0 15.0 15.0 15.0 15.0 15.0 15.0 15.0 15.0 14.731 14.125 
13.112 11.044 13.03 12.242 10.811 11.99 10.222 8.892 8.187 7.639 8.577 8.134 7.975 8.145 9.023 8.823 11.743 9.429 9.297 9.861 9.617 
10.122 9.83 10.497 9.967 10.947 10.166 12.182 12.886 12.131 11.395 11.108 11.312 11.703 11.961 11.767 11.614 11.177 10.959 11.041 10.512 10.934 
11.764 12.58 10.796 10.191 11.354 10.318 11.544 13.139 13.588 14.228 15.0 13.702 14.984 13.99 13.493 13.586 13.711 
C1903x2TS049_2 0.132 15.0 13.006 13.074 12.696 12.989 13.241 13.997 14.157 13.952 14.856 15.0 15.0 15.0 15.0 15.0 15.0 14.731 15.0 15.0 15.0 15.0 
15.0 15.0 14.943 14.574 14.924 14.427 13.652 12.533 12.702 12.644 12.232 12.804 13.906 13.461 13.823 12.357 12.643 12.218 13.004 14.169 15.0 
14.217 13.961 14.235 13.006 11.488 10.842 11.293 12.017 13.012 13.474 13.339 13.7 14.544 15.0 15.0 15.0 15.0 14.996 13.41 13.22 12.481 
12.089 13.546 13.988 14.641 14.32 14.459 13.928 14.198 13.561 12.901 13.455 14.067 13.601 13.774 13.539 12.905 14.165 12.879 13.565 11.65 10.216 
9.905 9.561 9.075 8.721 8.705 10.218 9.712 9.657 9.601 12.427 11.907 11.056 14.237 13.582 10.702 9.91 9.161 8.82 9.538 10.0 10.847 
9.268 9.271 10.184 10.334 10.896 11.1 11.763 13.97 13.527 13.83 13.449 13.52 13.381 13.243 13.095 13.566 14.07 14.213 14.83 14.951 15.0 
15.0 15.0 15.0 15.0 15.0 14.67 14.747 15.0 15.0 15.0 15.0 15.0 15.0 15.0 15.0 15.0 14.949 14.277 14.497 14.202 13.011 
12.852 13.01 12.182 12.221 13.731 14.299 15.0 14.749 14.577 14.062 14.05 12.517 12.487 11.078 13.051 12.245 12.392 12.043 9.495 10.584 10.142 
10.881 10.725 12.257 12.354 12.064 12.509 14.497 14.887 15.0 15.0 15.0 14.312 13.336 12.267 11.372 11.351 11.535 11.135 11.139 9.511 9.114 
8.672 9.083 8.577 8.286 8.043 7.657 7.922 8.207 8.802 9.572 10.562 12.36 11.632 12.127 11.201 12.427 13.687 15.0 15.0 15.0 15.0 
15.0 15.0 15.0 15.0 14.636 14.352 14.338 14.154 15.0 15.0 15.0 15.0 15.0 15.0 15.0 15.0 15.0 15.0 15.0 15.0 15.0 
14.687 12.941 13.334 12.221 12.886 13.005 12.915 12.639 11.844 10.67 11.237 10.341 11.929 12.03 13.429 13.098 14.228 13.034 13.283 13.556 11.823 
11.54 11.646 12.732 12.265 13.002 12.379 14.879 14.244 14.513 13.976 13.132 13.662 13.986 14.817 14.956 14.903 15.0 15.0 15.0 15.0 15.0 
14.925 15.0 15.0 15.0 15.0 13.828 14.046 14.287 14.594 15.0 15.0 15.0 15.0 14.522 14.013 14.369 14.476 
C1903x2TS389_1 0.323 15.0 9.233 9.614 9.426 10.478 11.315 12.004 11.153 11.474 12.183 11.159 11.959 12.379 10.922 10.628 11.178 11.088 9.89 11.166 12.365 11.322 
11.526 13.889 14.196 13.294 13.827 14.96 14.699 13.875 13.934 13.693 14.234 14.111 13.871 13.304 13.222 10.193 9.958 9.508 9.269 9.29 10.069 
9.178 8.431 8.036 7.414 6.175 5.055 4.424 3.952 5.622 5.794 5.75 5.899 6.355 7.827 6.876 6.51 7.287 7.367 6.815 6.849 7.363 
7.497 6.644 6.46 6.505 5.175 5.407 5.734 6.806 7.114 6.633 6.805 7.535 6.248 6.773 8.89 9.601 10.088 12.254 12.881 11.172 11.138 
12.279 12.907 11.255 10.967 10.252 9.81 9.311 8.843 8.641 9.225 7.898 7.15 7.048 5.493 6.021 5.973 5.853 6.024 6.813 6.291 7.634 
6.328 6.414 5.991 5.455 5.327 5.388 5.054 4.962 4.692 4.64 3.722 3.304 2.984 3.06 3.174 3.086 3.199 3.09 3.146 3.003 3.4 
3.331 3.925 4.999 5.511 7.027 7.564 9.16 9.508 9.127 9.34 8.92 8.005 5.775 5.689 5.774 5.189 6.754 7.466 5.378 5.485 4.936 
5.416 4.276 5.548 6.2 6.941 4.712 7.879 6.203 7.973 8.189 8.954 8.088 7.858 6.508 7.258 7.319 6.98 5.711 6.845 7.043 6.92 
8.29 9.653 10.829 10.202 10.65 11.811 13.665 14.407 14.276 14.88 14.564 14.55 13.994 11.726 11.787 12.265 11.531 9.831 11.484 10.073 9.364 
9.604 12.341 12.854 11.957 13.503 14.091 13.884 13.454 13.875 13.765 12.01 13.414 13.374 10.944 9.341 10.135 9.817 9.955 11.084 9.723 9.047 
9.778 10.161 9.917 8.778 9.367 10.078 9.389 7.687 9.758 10.199 8.2 8.189 9.301 10.555 8.842 8.078 9.962 8.616 7.038 7.285 6.562 
5.188 5.913 5.387 6.843 6.072 7.104 6.33 5.966 6.351 6.445 5.663 6.674 6.057 6.739 7.767 7.231 8.262 6.995 5.942 5.056 5.44 
5.279 4.362 4.533 4.409 4.409 3.695 3.922 4.809 4.464 4.685 5.354 4.161 3.98 4.666 4.627 3.789 4.041 4.866 4.737 3.842 4.413 
4.653 4.543 4.848 4.525 5.854 6.087 6.168 7.347 6.33 7.397 7.718 8.106 6.762 5.754 6.407 7.674 9.911 
C1903x2TS067_3 0.188 12.914 8.927 8.986 9.847 10.846 10.568 10.376 12.52 12.101 12.042 11.772 13.057 11.35 10.046 11.199 11.589 9.811 9.861 12.544 11.503 9.66 
10.949 13.845 12.118 11.68 14.208 14.86 13.778 12.86 13.392 14.012 13.649 14.39 14.191 14.296 13.537 11.507 9.894 10.594 10.845 12.043 13.281 
14.773 14.018 14.539 15.0 14.536 12.571 11.455 7.815 7.896 6.916 5.499 5.261 5.339 6.283 7.082 5.923 4.907 5.782 6.352 6.333 6.702 
6.825 6.458 7.471 7.729 8.132 9.045 9.114 10.272 9.213 8.894 9.694 9.684 9.922 11.165 12.097 12.483 12.89 14.248 14.077 14.104 12.158 
12.147 12.297 9.721 9.235 8.855 8.571 8.316 8.179 8.209 8.47 7.727 7.058 7.544 7.288 6.274 6.557 7.197 7.022 7.798 8.336 10.353 
8.941 9.393 9.86 9.902 10.018 11.527 10.685 11.633 13.972 14.228 13.203 12.654 13.455 12.643 10.793 11.057 11.952 11.016 10.83 12.133 12.08 
11.137 11.515 13.256 12.232 11.075 10.97 10.715 10.224 9.76 10.751 10.546 9.769 9.82 8.855 7.585 6.818 6.693 6.889 5.592 6.353 6.633 
5.962 5.385 5.465 5.573 6.114 5.362 6.76 7.297 7.616 7.876 8.366 8.281 8.624 9.488 10.764 10.687 12.082 12.228 13.735 13.315 11.8 
13.718 13.098 11.763 10.493 10.858 11.713 11.541 11.128 11.561 13.119 11.827 10.145 10.674 11.068 9.435 9.907 10.78 9.912 9.682 9.752 10.156 
9.888 10.305 12.086 12.929 12.501 12.823 13.268 13.75 12.861 14.495 14.798 15.0 14.743 13.974 11.453 13.933 15.0 15.0 15.0 15.0 15.0 
15.0 15.0 15.0 15.0 14.974 15.0 15.0 14.712 14.872 15.0 15.0 15.0 15.0 15.0 15.0 15.0 15.0 15.0 14.763 14.735 14.272 
14.15 12.369 14.385 13.436 11.601 13.14 11.113 11.157 10.726 10.315 9.887 9.411 8.693 8.104 8.892 9.09 11.634 10.133 10.876 11.869 11.709 
11.393 11.135 11.384 11.287 11.227 10.223 12.412 13.581 13.616 12.678 12.199 12.386 12.323 12.806 11.932 11.744 12.136 12.207 11.939 11.531 12.325 
12.652 13.527 12.743 11.454 12.253 11.195 12.591 14.26 14.988 15.0 15.0 14.977 15.0 14.505 14.447 14.676 14.359 
C1903x2TS049_5 0.11 15.0 12.642 12.954 12.735 13.436 13.137 14.215 13.749 13.038 14.316 13.546 13.589 13.467 13.56 13.01 12.73 12.991 14.333 13.687 13.288 13.691 
14.204 14.432 13.867 14.379 13.853 14.041 13.96 14.057 14.538 14.367 14.604 14.919 15.0 14.853 14.941 14.431 13.89 12.453 12.339 13.965 14.852 
15.0 14.534 15.0 14.717 13.262 12.338 11.072 7.897 11.255 13.004 13.162 14.337 14.241 14.428 14.814 15.0 14.832 14.188 11.65 11.137 11.595 
10.341 12.106 11.923 12.772 13.009 13.842 14.623 15.0 15.0 15.0 15.0 15.0 15.0 15.0 15.0 15.0 15.0 15.0 15.0 15.0 15.0 
15.0 15.0 15.0 15.0 14.863 14.929 15.0 14.428 14.3 15.0 14.833 14.305 14.793 15.0 13.326 12.2 11.49 12.234 13.419 14.035 15.0 
13.994 13.931 15.0 15.0 15.0 15.0 14.953 15.0 15.0 15.0 15.0 15.0 15.0 15.0 14.719 14.01 14.16 14.492 14.154 13.809 14.554 
14.757 14.737 15.0 15.0 15.0 14.792 14.593 14.395 14.932 15.0 14.948 15.0 15.0 15.0 15.0 15.0 15.0 15.0 15.0 15.0 14.687 
14.913 15.0 15.0 15.0 15.0 15.0 15.0 14.846 14.693 14.555 15.0 14.895 15.0 15.0 15.0 15.0 15.0 15.0 15.0 15.0 15.0 
15.0 15.0 15.0 15.0 14.775 14.807 15.0 15.0 15.0 15.0 15.0 15.0 15.0 15.0 15.0 15.0 15.0 15.0 15.0 15.0 14.667 
13.708 14.243 13.996 13.77 14.587 13.843 14.908 15.0 15.0 15.0 15.0 15.0 15.0 14.153 11.867 12.605 13.218 14.434 14.134 14.865 14.671 
15.0 14.482 15.0 14.973 15.0 15.0 15.0 15.0 15.0 15.0 15.0 15.0 15.0 15.0 15.0 15.0 15.0 15.0 15.0 15.0 15.0 
14.896 13.712 13.392 13.366 13.211 14.167 13.106 12.657 11.553 11.07 9.759 7.934 8.075 8.685 10.397 12.183 13.329 12.478 13.132 13.132 13.494 
13.666 14.292 14.394 14.483 14.258 13.915 15.0 14.672 14.698 14.729 14.099 14.681 14.643 15.0 15.0 15.0 15.0 15.0 15.0 15.0 15.0 
15.0 15.0 15.0 15.0 14.927 13.885 14.043 14.859 14.77 15.0 15.0 15.0 15.0 15.0 15.0 14.433 14.6 
C1903x2TS049_1 0.114 15.0 12.599 12.858 12.627 12.615 13.209 13.918 13.248 11.877 14.654 14.812 15.0 15.0 15.0 15.0 14.336 13.97 14.423 14.703 14.593 14.552 
14.785 14.454 13.941 13.472 13.551 13.973 13.298 12.314 12.858 13.509 13.323 13.507 14.09 13.291 13.365 13.678 12.097 11.322 11.418 14.342 15.0 
15.0 15.0 15.0 14.997 14.012 13.14 13.147 12.654 12.283 13.393 13.838 14.393 14.581 14.786 14.846 15.0 15.0 15.0 14.297 13.603 13.659 
13.03 14.072 14.741 15.0 15.0 14.598 14.749 14.526 15.0 15.0 15.0 15.0 15.0 15.0 15.0 15.0 15.0 15.0 15.0 15.0 15.0 
15.0 15.0 15.0 15.0 15.0 15.0 15.0 15.0 15.0 15.0 12.42 12.25 12.572 12.294 12.594 10.737 10.854 10.492 11.017 11.245 13.207 
11.623 11.726 14.006 14.236 15.0 14.069 14.391 14.979 15.0 14.622 15.0 14.736 14.846 14.195 14.002 14.181 14.617 14.863 15.0 15.0 15.0 
15.0 15.0 15.0 15.0 15.0 15.0 14.465 14.766 15.0 15.0 15.0 15.0 15.0 15.0 15.0 15.0 15.0 15.0 15.0 15.0 14.56 
13.863 14.777 14.342 13.982 13.845 14.276 14.473 13.776 14.62 14.756 14.541 11.891 12.131 11.699 13.432 13.735 14.43 15.0 14.593 14.82 14.859 
15.0 15.0 15.0 15.0 15.0 15.0 15.0 15.0 15.0 15.0 15.0 15.0 15.0 14.874 14.047 14.235 14.751 15.0 14.949 14.881 15.0 
15.0 15.0 15.0 14.899 15.0 14.807 15.0 15.0 14.684 14.904 14.702 14.421 13.377 14.101 12.147 13.376 14.262 15.0 15.0 15.0 15.0 
15.0 15.0 15.0 14.518 14.102 15.0 15.0 15.0 15.0 15.0 15.0 14.909 15.0 15.0 14.811 14.213 15.0 15.0 15.0 14.957 15.0 
14.954 11.959 11.964 11.176 11.668 12.495 11.36 11.407 10.831 10.607 10.448 9.367 9.314 8.27 9.999 10.573 11.976 12.59 13.795 12.926 11.992 
11.067 10.838 10.911 10.185 9.414 10.156 13.78 12.773 12.06 12.695 12.586 14.488 14.755 15.0 14.888 15.0 15.0 15.0 15.0 15.0 15.0 
15.0 15.0 15.0 15.0 15.0 14.616 14.664 14.848 15.0 15.0 15.0 15.0 15.0 14.984 14.557 14.631 14.284 
C1903x2TS228_5 0.306 15.0 11.206 11.26 11.493 12.322 12.792 13.421 13.817 13.787 14.548 14.369 14.31 13.777 13.117 12.059 12.318 11.877 10.614 11.939 13.354 12.179 
12.131 14.517 14.77 13.973 13.313 14.427 14.031 13.084 13.114 13.056 12.776 11.038 12.045 13.464 11.494 9.65 8.591 8.31 7.944 7.628 7.849 
7.402 6.098 4.861 4.513 4.69 4.108 3.669 4.002 3.913 5.182 5.041 5.777 5.512 6.141 6.464 6.668 6.852 7.517 7.75 7.595 8.65 
7.837 6.868 7.199 7.428 7.031 6.827 7.521 8.259 8.278 7.881 7.285 9.756 9.335 9.527 12.569 13.409 12.543 13.138 14.794 13.987 13.639 
14.105 15.0 13.699 13.248 11.149 10.833 9.054 8.974 8.677 9.084 8.516 8.248 9.913 9.621 9.391 9.183 8.209 9.573 9.227 10.62 11.422 
9.621 9.819 9.03 8.194 8.646 8.436 7.759 6.764 6.882 6.315 5.167 4.566 4.807 4.924 4.699 4.445 4.264 4.241 3.499 3.308 3.34 
3.415 3.425 3.746 4.085 5.618 6.345 7.16 7.027 6.544 6.958 6.56 5.979 6.08 6.7 5.895 5.665 7.52 7.877 6.048 7.151 7.301 
6.808 6.425 7.363 6.94 8.088 8.019 11.497 10.485 11.668 11.327 11.262 9.512 9.115 9.152 11.702 9.71 8.82 9.682 8.566 7.895 8.887 
13.05 10.774 10.793 11.901 11.671 11.311 12.072 11.249 11.989 11.352 10.594 10.487 10.773 8.959 8.829 8.731 9.105 8.002 8.977 6.117 6.307 
6.906 6.81 6.836 6.731 9.054 11.301 9.975 11.085 13.031 14.184 13.163 13.412 14.412 13.562 10.47 10.25 10.213 9.582 9.16 8.63 7.972 
8.276 7.908 8.722 8.265 8.566 8.908 9.23 7.827 9.425 8.969 7.479 8.247 9.125 9.303 8.322 8.346 9.445 8.537 7.75 8.231 8.498 
6.076 7.359 6.196 6.427 5.439 5.994 5.038 4.54 3.89 4.615 4.415 4.483 4.675 4.378 4.598 4.029 5.948 5.368 4.508 4.359 4.867 
4.485 4.373 4.828 4.605 4.603 4.257 4.389 5.27 5.541 6.285 6.677 6.324 7.986 9.276 8.351 7.947 8.812 9.232 8.136 7.307 7.993 
7.449 6.27 6.125 5.482 5.9 5.655 5.644 6.022 4.746 4.159 3.884 4.094 3.993 4.312 5.354 6.34 6.915 
C1903x2TS389_4 0.333 14.642 9.256 9.285 9.389 10.197 10.976 12.023 11.026 11.129 12.132 10.978 11.419 11.64 10.236 9.822 10.608 10.509 9.172 10.27 11.998 10.88 
10.785 13.784 14.134 12.622 13.364 14.763 14.265 12.914 13.042 12.076 12.579 12.955 12.356 12.883 12.041 10.469 10.765 9.625 9.522 9.511 9.959 
8.962 8.304 8.248 7.623 6.448 5.3 4.992 3.982 5.956 6.224 6.244 6.353 6.697 8.284 7.271 6.77 8.086 7.986 7.061 7.097 7.62 
7.607 6.824 6.465 6.797 5.487 5.802 5.896 6.735 7.026 6.331 6.583 8.005 6.662 6.884 8.928 9.73 10.132 12.145 12.982 11.453 11.496 
12.389 13.129 11.213 10.783 10.14 9.658 9.245 8.752 8.5 8.938 7.791 6.801 7.778 6.19 6.428 5.996 6.57 6.375 7.977 7.403 10.276 
7.374 7.766 7.013 6.181 5.816 5.834 5.429 5.241 4.854 4.795 3.834 3.49 3.215 3.172 3.261 3.161 3.195 3.11 3.095 2.969 3.229 
3.18 3.704 4.601 4.899 6.348 7.126 8.758 9.367 8.821 8.763 8.477 7.645 5.451 5.61 5.823 5.3 7.151 7.479 5.36 5.474 4.845 
4.992 3.98 4.862 4.947 5.186 3.731 5.792 4.622 6.193 6.251 8.22 7.369 7.395 6.339 7.002 7.197 6.616 5.934 6.644 6.575 6.675 
8.23 9.35 10.434 9.781 10.398 11.439 13.547 14.273 14.275 14.652 14.459 14.506 13.779 11.431 11.677 12.166 11.421 9.697 11.347 9.435 8.776 
8.293 11.393 11.64 10.236 12.311 13.335 12.912 12.786 12.948 12.588 10.768 11.492 12.603 10.223 8.981 9.784 9.659 9.985 10.731 9.828 8.786 
9.774 10.496 9.986 8.824 9.25 9.892 9.009 7.508 8.893 9.174 7.45 7.885 8.705 9.868 8.238 7.808 9.334 8.438 6.88 7.247 7.242 
5.382 6.196 5.795 6.803 5.965 6.629 5.719 5.522 5.603 5.898 5.369 6.296 6.317 6.926 7.34 6.431 7.206 6.051 5.204 4.403 4.772 
4.413 4.005 4.242 4.29 4.401 3.793 4.126 4.844 4.756 5.43 5.852 4.706 4.354 4.951 4.961 3.906 4.232 4.927 4.722 3.581 3.307 
3.964 3.842 4.189 3.752 4.773 4.783 5.148 6.046 5.495 6.096 6.022 6.309 5.316 4.934 5.99 7.079 8.744 
C1903x2TS228_4 0.341 15.0 12.668 12.619 12.123 12.898 13.084 13.858 12.497 12.335 14.052 12.916 12.746 13.077 12.757 11.661 11.86 12.137 10.894 11.375 12.877 12.229 
12.106 14.173 14.898 14.114 13.555 14.483 14.538 13.5 12.728 11.927 10.36 8.599 7.859 8.942 7.929 6.887 5.291 5.389 5.522 5.184 4.536 
4.69 4.186 4.067 4.213 4.573 4.294 4.514 5.164 5.355 5.163 4.949 5.105 5.171 5.881 6.267 6.374 6.078 6.603 7.023 7.098 7.883 
7.359 6.577 7.04 5.952 5.876 6.736 7.37 7.522 7.856 6.381 6.52 7.805 7.908 7.905 10.682 11.389 11.088 12.459 13.287 12.095 11.869 
13.497 13.302 11.86 11.49 10.591 11.462 9.445 8.976 9.465 10.168 8.498 8.84 10.649 8.771 8.529 8.513 6.536 7.674 9.001 9.541 9.957 
8.775 8.542 9.575 7.921 7.509 7.843 8.03 6.728 5.439 5.763 4.905 4.116 3.67 3.625 3.45 3.176 3.01 2.983 2.847 2.692 2.771 
2.856 3.031 3.515 3.751 4.41 5.367 6.175 7.289 7.855 8.286 7.865 7.091 7.107 6.224 6.021 5.148 5.588 5.381 5.003 5.348 5.4 
4.946 5.124 5.694 5.105 5.448 6.164 8.279 7.72 10.24 11.491 12.783 10.294 9.899 10.183 11.656 9.939 10.4 10.15 9.794 8.92 10.124 
12.665 10.607 11.127 12.284 12.254 12.212 13.994 13.872 13.362 11.652 10.908 11.19 11.09 9.645 9.112 9.285 9.304 8.914 9.229 8.733 9.182 
8.856 10.034 10.324 10.343 10.751 12.547 12.264 13.387 14.24 15.0 15.0 15.0 15.0 14.893 12.544 12.502 12.216 11.678 12.67 11.179 10.841 
11.863 11.763 10.902 9.761 10.867 11.571 11.144 8.814 10.224 10.768 8.252 8.752 9.359 10.312 8.575 8.588 10.185 8.829 7.288 7.479 7.562 
5.981 6.578 5.462 5.666 5.104 5.667 4.341 4.109 3.861 3.823 3.678 4.107 4.629 5.161 5.64 4.77 5.739 5.157 4.362 4.406 4.929 
4.482 3.728 4.049 3.955 4.133 4.039 4.126 4.74 4.271 4.227 4.44 3.966 3.77 4.65 4.198 3.396 3.656 4.589 4.612 3.839 3.538 
3.744 3.694 3.83 3.34 4.094 3.993 4.872 5.617 4.502 4.573 4.3 4.107 3.976 3.938 4.84 5.193 5.967 
C1903x2TS049_3 0.134 15.0 13.007 13.435 13.387 13.909 14.417 14.847 14.255 14.388 15.0 15.0 15.0 15.0 15.0 15.0 15.0 15.0 15.0 15.0 15.0 15.0 
15.0 15.0 14.892 14.88 14.734 14.42 14.19 13.629 13.947 13.354 12.537 12.424 12.354 11.048 11.381 11.441 10.195 10.179 10.427 11.173 13.27 
14.365 13.533 13.675 12.531 11.31 10.251 9.091 8.856 10.234 10.455 10.876 11.452 12.833 13.454 14.251 14.344 14.621 13.841 12.322 11.958 11.99 
12.616 13.911 14.719 14.63 14.506 14.714 15.0 15.0 15.0 15.0 15.0 15.0 15.0 15.0 15.0 15.0 15.0 15.0 15.0 15.0 15.0 
15.0 15.0 15.0 15.0 15.0 15.0 15.0 14.017 13.941 14.553 11.498 9.787 10.815 9.865 8.915 8.765 8.213 8.17 8.657 8.312 8.502 
7.478 8.035 9.909 10.352 11.324 10.019 9.721 9.437 9.738 10.345 10.343 10.343 11.498 11.918 12.273 13.219 13.249 13.572 14.865 14.396 13.803 
14.059 13.952 13.374 14.037 14.608 13.756 13.502 13.479 14.832 15.0 15.0 15.0 15.0 15.0 15.0 15.0 14.576 14.26 13.691 13.5 11.442 
10.047 9.716 10.066 9.35 11.618 11.464 10.96 11.342 12.887 13.54 15.0 14.556 14.976 15.0 15.0 15.0 15.0 15.0 15.0 15.0 14.894 
15.0 14.691 14.718 13.542 13.506 14.096 15.0 15.0 15.0 15.0 15.0 15.0 15.0 15.0 15.0 15.0 15.0 15.0 15.0 15.0 15.0 
14.628 14.693 13.977 13.887 13.154 11.749 12.017 11.825 12.301 13.681 14.324 14.312 13.608 11.666 10.285 11.437 10.979 13.579 13.174 12.853 11.223 
11.151 9.48 9.481 9.399 8.888 9.647 10.603 11.096 13.714 14.708 13.799 14.729 14.577 14.775 14.375 14.055 15.0 14.883 14.719 14.716 14.521 
14.057 11.19 11.995 10.27 11.551 11.425 11.495 10.808 12.316 11.98 13.169 11.911 12.674 11.627 12.377 12.602 13.313 12.018 11.828 10.708 10.828 
10.592 11.379 10.862 9.765 10.562 10.332 12.896 11.218 11.503 12.762 11.574 12.666 12.973 12.647 11.235 11.926 12.024 13.162 11.672 11.353 11.073 
11.456 12.837 13.413 13.257 14.008 13.543 14.499 15.0 15.0 15.0 15.0 14.668 15.0 14.582 15.0 13.472 13.946 
C1903x2TS301_1 0.249 15.0 10.89 10.96 11.435 12.199 12.026 13.309 12.92 12.165 13.089 12.845 11.133 10.151 10.757 10.537 9.162 9.638 10.376 10.221 9.081 9.504 
10.499 10.473 10.447 11.458 11.881 11.718 11.604 12.172 12.93 13.587 14.468 14.962 15.0 15.0 15.0 14.522 12.732 12.473 12.716 13.202 14.208 
14.494 13.706 12.44 11.699 11.593 6.659 7.829 7.896 7.896 7.266 6.134 5.302 5.26 6.834 8.115 8.282 8.234 7.434 6.642 5.472 5.513 
5.065 4.334 4.414 4.294 4.798 4.891 4.347 4.179 4.008 3.363 3.213 3.179 3.19 3.439 3.748 4.207 4.519 5.544 6.465 6.599 7.155 
7.902 8.234 7.683 8.275 9.034 10.422 10.083 8.437 9.375 11.046 9.602 8.437 10.146 11.086 9.038 10.069 9.886 10.825 10.976 12.553 14.337 
11.557 11.009 11.783 12.632 14.314 13.475 11.741 13.207 14.29 12.851 12.41 12.789 13.43 12.582 12.732 13.581 12.471 11.765 12.934 14.005 12.901 
11.808 13.033 13.969 11.995 11.591 9.906 9.855 9.336 10.486 10.046 10.907 11.78 10.521 9.287 8.97 9.476 11.236 10.889 10.736 11.707 10.409 
9.786 10.996 13.566 11.096 12.83 14.028 14.556 11.234 10.685 8.846 8.367 7.477 7.322 6.674 6.764 6.698 5.782 4.807 4.05 3.87 3.941 
4.941 5.487 6.788 7.377 7.668 8.484 9.977 10.858 11.869 12.582 11.534 11.693 12.435 10.235 10.396 11.297 10.741 8.429 9.878 8.757 9.429 
9.715 11.529 12.693 12.67 13.6 13.006 14.387 15.0 15.0 15.0 15.0 14.445 12.12 12.105 9.308 10.492 11.375 10.915 10.611 11.042 10.107 
9.849 10.042 9.989 8.593 8.966 9.567 9.662 7.829 9.931 9.9 8.817 9.297 10.386 10.864 10.859 8.127 10.465 8.702 8.545 8.739 8.395 
7.263 7.364 7.643 7.452 6.752 6.979 6.56 5.58 6.178 7.332 8.13 8.06 7.902 8.189 8.616 7.928 8.686 7.069 6.035 5.577 6.255 
5.588 4.439 4.62 4.344 4.493 3.732 4.135 4.971 4.873 4.834 5.098 4.19 4.764 6.579 6.06 5.404 6.288 7.594 7.056 7.384 9.299 
9.255 10.494 11.565 11.584 11.903 15.0 15.0 15.0 15.0 15.0 15.0 15.0 15.0 15.0 15.0 15.0 15.0 
C1903x2TS215_5 0.39 15.0 11.093 10.957 10.488 9.962 9.387 10.265 9.894 8.679 8.009 7.223 6.285 5.277 4.999 4.782 4.484 4.258 3.99 3.964 3.879 3.504 
3.366 3.262 3.454 3.348 4.22 5.316 5.147 5.894 6.89 7.286 7.57 9.101 10.022 8.273 6.813 8.02 7.674 8.087 6.808 6.416 5.824 
5.302 4.252 4.169 3.661 3.842 3.78 3.862 3.852 3.918 3.675 3.366 3.161 3.284 3.495 4.086 4.105 4.779 5.375 6.448 6.329 7.975 
7.421 8.613 9.365 10.693 8.81 9.539 10.65 10.306 9.826 10.518 10.87 10.238 10.606 12.478 13.531 14.334 14.734 13.48 12.66 12.493 11.472 
9.826 8.257 7.44 6.595 6.289 5.406 5.781 5.332 5.466 5.201 4.944 4.566 5.036 4.55 5.209 5.737 5.589 5.183 6.217 5.712 7.427 
5.466 6.489 6.285 5.394 6.043 6.554 5.771 6.342 5.003 5.327 4.835 4.08 4.175 4.666 4.604 4.543 5.223 6.6 7.261 7.727 8.659 
6.005 4.586 6.165 6.455 6.671 6.421 6.643 5.203 4.746 4.397 4.605 4.551 4.155 4.081 4.207 4.006 4.591 5.799 5.38 5.745 5.578 
5.875 4.812 5.731 6.718 8.313 7.874 10.789 9.561 10.414 10.444 11.042 10.072 9.847 8.836 9.628 8.899 9.057 9.421 9.9 9.96 9.582 
12.475 14.074 13.695 13.007 13.34 14.308 15.0 15.0 15.0 15.0 14.615 14.577 14.158 11.821 11.559 12.087 11.006 10.356 11.469 10.542 10.025 
10.929 11.233 10.773 10.495 12.181 12.219 11.503 11.246 10.843 11.357 12.147 13.037 13.083 12.361 10.605 12.271 13.192 13.744 12.243 10.8 10.811 
10.142 7.452 7.692 8.0 6.639 5.7 5.101 3.899 4.2 3.841 3.536 3.568 3.564 4.042 4.076 3.591 4.012 4.076 3.778 3.406 3.558 
3.658 3.724 3.764 3.585 3.883 3.724 3.728 3.41 3.131 3.822 4.069 4.56 5.28 5.114 5.557 4.826 5.933 5.619 4.799 5.23 6.027 
5.111 5.223 5.484 5.338 5.475 4.81 4.857 5.133 5.258 5.621 5.55 5.952 5.523 5.574 6.093 6.384 5.034 6.163 5.968 5.041 5.648 
6.955 7.101 6.09 5.498 6.984 5.262 5.4 5.757 5.288 5.757 5.095 4.329 3.483 3.166 3.496 4.455 5.524 
C1903x2TS123_1 0.207 15.0 11.771 11.747 11.39 11.211 10.966 11.207 12.196 11.868 12.839 12.112 12.888 11.391 10.468 10.944 11.693 9.989 8.991 11.063 11.412 9.028 
9.188 12.567 12.384 10.319 11.708 13.726 11.789 10.192 11.395 11.648 9.785 11.348 12.825 11.35 11.054 12.666 12.32 10.742 10.2 10.02 10.821 
10.487 10.104 9.261 8.603 7.514 7.282 3.675 7.897 8.026 6.732 6.66 6.025 5.537 6.826 6.712 7.681 7.999 7.917 7.289 8.194 9.624 
9.753 11.27 11.269 11.265 9.478 12.138 11.329 10.036 10.641 9.927 10.225 9.885 10.277 10.657 10.287 9.93 10.865 11.262 10.538 9.923 11.048 
9.874 9.619 9.297 8.972 7.736 7.726 7.457 6.953 6.257 6.654 6.566 6.234 6.307 6.648 6.482 6.91 7.73 8.486 9.601 11.238 12.966 
10.445 10.267 12.631 13.732 15.0 14.833 14.77 15.0 14.661 14.943 14.995 13.799 12.936 12.96 13.213 12.946 12.551 13.301 14.006 13.181 12.325 
12.365 12.835 10.576 10.642 11.782 10.586 11.167 12.169 13.496 12.573 12.418 11.154 8.579 9.273 8.083 7.011 7.131 7.451 6.426 6.934 7.036 
6.601 5.683 7.28 8.112 8.838 7.971 10.863 8.911 9.002 9.045 9.805 9.363 8.968 9.225 11.668 10.302 10.166 10.692 12.007 11.589 12.453 
14.411 14.866 15.0 14.428 14.043 14.355 15.0 15.0 15.0 15.0 15.0 15.0 14.386 12.821 12.761 11.719 10.984 10.235 10.988 8.493 8.449 
8.18 9.294 9.553 9.64 10.273 10.752 11.121 10.956 12.19 12.053 12.574 12.4 13.077 11.721 10.541 12.657 14.871 15.0 15.0 15.0 15.0 
14.897 14.427 14.366 12.386 11.547 12.259 11.873 9.226 10.51 9.269 8.344 8.868 9.043 8.281 8.223 7.748 7.932 7.837 7.741 7.594 8.05 
7.346 7.366 7.732 7.717 8.014 10.859 10.65 11.531 10.154 10.245 10.202 9.099 9.097 8.924 9.224 8.281 9.824 8.971 8.009 8.171 8.952 
8.718 7.276 7.401 6.638 6.979 6.074 7.95 8.228 8.46 9.294 10.048 11.971 11.683 12.189 11.736 9.416 9.207 9.009 9.02 8.871 8.159 
8.603 9.3 8.927 8.37 10.18 8.8 8.311 9.453 10.923 10.633 12.091 9.946 11.055 9.891 9.858 11.087 10.992 
C1903x2TS049_4 0.14 15.0 13.179 13.73 13.952 14.62 14.74 15.0 15.0 14.796 15.0 15.0 15.0 15.0 15.0 15.0 14.697 14.147 14.746 15.0 15.0 15.0 
15.0 15.0 15.0 15.0 14.968 15.0 15.0 14.904 14.757 14.677 14.979 15.0 15.0 15.0 15.0 15.0 15.0 14.162 14.294 15.0 15.0 
15.0 15.0 14.838 14.387 13.764 12.218 12.461 8.783 12.395 13.222 12.451 12.584 13.3 13.192 13.237 12.479 11.681 8.57 7.434 7.424 6.859 
6.815 7.378 7.373 7.171 7.183 8.003 7.717 8.456 8.862 9.244 10.142 10.109 9.733 9.167 8.754 8.692 9.385 9.941 10.565 11.677 13.333 
13.572 14.71 15.0 14.881 15.0 15.0 15.0 15.0 14.953 15.0 15.0 14.946 15.0 15.0 14.906 14.157 13.701 13.834 13.454 13.308 13.719 
10.107 9.526 9.162 8.621 8.45 7.798 8.022 8.027 7.312 7.722 7.695 7.729 8.168 8.31 8.867 9.074 9.717 9.752 10.95 11.019 10.128 
9.013 10.045 10.693 9.458 9.461 9.075 8.553 8.558 9.162 8.902 9.815 9.226 9.695 10.982 12.57 14.026 13.877 11.791 10.558 11.656 10.538 
10.475 9.844 10.757 10.126 10.878 10.0 12.132 11.767 14.347 14.489 15.0 14.891 14.422 14.455 15.0 14.719 14.769 14.963 14.535 14.988 14.738 
15.0 15.0 15.0 15.0 14.485 14.227 15.0 15.0 15.0 15.0 15.0 15.0 15.0 14.791 15.0 15.0 15.0 15.0 15.0 15.0 14.999 
14.683 14.661 14.692 14.947 15.0 15.0 15.0 15.0 15.0 15.0 15.0 15.0 15.0 15.0 13.577 14.431 15.0 15.0 15.0 15.0 15.0 
15.0 15.0 15.0 15.0 15.0 15.0 15.0 15.0 15.0 15.0 15.0 15.0 15.0 15.0 15.0 15.0 15.0 15.0 15.0 15.0 15.0 
15.0 14.59 14.696 13.972 13.408 13.965 12.572 11.838 10.832 9.42 9.576 9.248 10.535 10.403 13.301 13.463 13.811 12.783 13.167 12.912 11.409 
10.498 10.453 9.881 9.15 9.867 9.869 13.675 13.681 13.802 14.484 13.891 14.511 15.0 15.0 15.0 15.0 15.0 15.0 15.0 15.0 15.0 
15.0 15.0 15.0 15.0 15.0 14.088 14.08 13.945 14.44 14.725 14.82 14.467 14.957 14.575 14.567 13.563 14.082 
C1903x2TS131_5 0.313 15.0 12.838 12.899 12.275 12.048 12.489 12.988 11.913 10.428 10.467 9.324 8.403 6.95 6.605 6.706 6.165 5.703 5.75 5.189 4.736 3.685 
3.45 3.258 3.275 3.135 3.338 3.723 3.617 3.839 4.481 4.3 4.477 4.993 5.843 5.793 6.679 7.98 7.657 7.661 7.731 8.258 10.366 
10.19 10.736 9.653 7.678 8.92 7.742 7.881 7.897 7.923 8.755 9.109 8.854 9.617 10.664 11.569 11.585 12.493 10.738 10.012 8.801 9.652 
8.526 8.122 7.991 8.26 7.178 6.979 6.076 6.622 6.812 6.13 5.69 6.147 7.389 8.036 9.356 11.857 11.644 11.24 11.784 11.302 11.069 
11.547 11.065 10.397 9.463 9.129 9.489 8.999 8.788 9.149 9.605 8.338 8.457 9.291 8.406 7.763 6.802 6.78 6.472 7.901 8.512 8.531 
8.098 7.728 7.734 6.808 7.118 7.088 7.04 6.975 7.233 7.635 7.639 6.887 8.424 8.611 7.844 8.506 9.653 8.244 8.238 10.337 11.402 
8.428 8.415 11.562 9.062 7.642 6.873 6.642 6.602 5.477 4.314 4.773 4.999 4.114 4.197 3.976 3.993 4.104 4.295 4.31 4.629 4.025 
4.297 4.313 5.084 5.611 6.727 6.605 8.784 7.208 9.89 9.939 11.091 9.183 9.032 8.507 10.632 9.255 8.658 9.538 9.269 8.07 9.266 
12.611 11.131 9.806 10.205 10.228 10.047 10.96 11.066 11.418 11.19 11.074 11.374 11.316 9.558 9.177 9.841 9.522 8.312 8.507 7.158 6.771 
7.155 8.405 9.455 8.701 9.284 10.703 10.477 10.999 11.398 13.261 11.459 11.299 12.658 11.863 9.063 9.436 9.383 9.427 9.033 9.012 8.39 
8.762 7.997 8.215 8.312 8.978 9.259 8.689 7.55 9.728 9.031 7.553 8.98 9.762 9.152 8.516 8.523 9.962 8.773 8.194 9.078 8.766 
6.517 7.655 7.486 6.988 6.253 6.706 6.012 5.369 5.573 6.375 6.767 7.302 7.426 8.324 8.86 8.409 9.542 8.875 8.308 6.645 6.527 
7.156 6.375 6.025 5.598 5.395 4.249 4.441 5.386 5.264 5.287 5.765 4.982 4.745 5.394 5.144 4.405 4.851 5.604 5.686 6.052 5.725 
6.192 5.851 5.939 5.105 6.07 5.987 6.569 7.694 7.218 7.393 7.171 6.618 6.558 6.014 7.361 8.063 7.933 
C1903x2TS131_2 0.358 15.0 10.646 10.563 10.84 11.519 11.652 12.381 12.147 10.732 10.488 9.833 8.154 7.064 6.269 6.261 5.291 5.177 4.912 4.721 4.353 3.647 
3.441 3.294 3.172 3.061 3.185 3.561 3.549 3.866 4.238 3.903 4.169 4.439 4.59 4.714 5.66 7.305 7.351 8.652 8.706 9.62 8.946 
9.83 8.5 7.461 6.335 6.551 4.103 7.896 7.896 7.902 8.304 8.458 9.163 8.673 9.532 11.14 11.291 11.227 10.314 9.635 8.374 8.533 
7.348 6.677 6.37 6.794 6.4 6.35 5.726 6.308 6.812 6.149 5.757 6.621 7.741 8.162 9.804 12.222 11.907 11.55 12.284 11.962 12.196 
12.0 12.494 10.226 9.649 9.206 9.186 8.493 8.634 8.471 9.135 7.578 7.605 8.115 7.325 8.114 7.211 6.866 6.42 7.429 7.283 6.99 
6.791 6.13 6.472 5.145 5.512 5.732 6.211 6.183 6.386 6.262 5.594 5.598 7.364 8.144 7.279 7.805 8.665 7.809 7.888 9.744 11.256 
8.191 8.479 11.312 9.366 7.863 7.132 7.141 6.957 5.852 4.328 4.793 4.927 4.026 4.147 3.812 3.862 3.958 4.133 4.045 4.375 3.93 
4.011 3.833 4.266 4.326 4.938 4.444 6.204 6.217 8.139 9.096 10.255 8.804 8.269 7.767 9.568 8.401 7.792 8.861 9.336 7.951 8.826 
12.74 11.103 10.069 10.303 10.399 10.281 10.789 10.892 10.911 10.455 10.678 10.894 10.018 9.021 8.542 9.196 8.842 7.626 7.7 6.363 5.887 
5.887 7.134 8.512 8.331 9.019 11.003 10.692 10.717 11.413 13.068 11.875 11.339 12.775 13.304 9.39 10.001 9.85 9.74 9.802 9.599 9.014 
9.477 8.967 8.497 8.086 7.961 8.441 8.229 7.554 8.974 8.713 7.858 8.151 8.555 8.214 7.695 6.997 8.457 6.907 6.128 5.583 6.003 
4.408 5.221 4.684 5.291 4.959 6.24 6.006 5.38 4.811 5.478 5.121 6.138 6.004 5.676 6.393 5.175 6.784 5.749 4.92 4.606 4.778 
4.698 4.442 4.724 4.522 4.664 3.859 4.095 4.935 4.955 5.249 5.998 4.902 4.734 5.64 5.457 4.447 4.957 5.946 5.805 4.974 4.762 
4.983 4.759 4.904 4.455 5.221 5.567 5.125 5.448 4.834 5.173 4.434 4.779 4.266 4.15 4.603 4.957 5.231 
C1903x2TS073_4 0.215 15.0 11.618 11.81 11.807 12.111 11.946 13.301 11.971 11.429 12.214 11.708 12.607 12.331 12.02 12.081 12.237 12.039 12.467 12.572 12.954 13.504 
14.258 14.27 14.591 14.808 14.803 14.747 14.743 14.516 14.305 14.682 14.746 14.895 15.0 14.994 14.428 13.701 12.167 10.848 11.774 12.388 12.686 
13.713 13.002 11.79 10.981 11.241 5.797 7.896 7.896 7.896 8.631 8.623 8.528 8.974 9.903 11.748 11.383 11.441 11.492 10.292 9.174 9.826 
10.197 9.997 8.837 9.471 8.969 8.865 8.543 9.7 9.288 9.147 10.067 12.104 12.199 12.454 13.63 14.413 14.701 14.548 14.158 13.829 12.521 
12.284 10.831 10.145 10.199 10.626 9.576 9.411 8.925 8.888 9.099 9.148 8.679 9.246 7.863 9.987 8.993 9.665 9.381 10.323 10.719 10.907 
9.448 8.89 10.761 9.651 8.48 8.699 8.64 9.503 8.845 8.637 9.151 7.917 7.662 7.714 7.491 7.076 7.917 8.614 8.526 8.699 9.62 
9.846 9.795 10.858 10.742 11.24 10.749 11.241 11.04 12.871 12.244 11.861 11.495 12.029 12.442 9.636 8.786 9.397 9.466 7.878 8.228 9.622 
8.532 7.065 8.658 7.571 7.05 7.522 11.001 9.484 9.304 7.324 7.84 7.096 7.872 6.796 6.998 7.66 7.904 7.632 7.15 8.42 9.05 
9.551 9.988 11.454 11.977 10.707 11.814 12.083 12.649 11.289 10.58 10.706 11.531 10.544 9.735 9.555 9.477 8.978 8.432 9.034 8.575 9.888 
10.095 10.475 11.562 12.383 12.981 12.992 13.054 14.428 14.34 15.0 15.0 14.994 13.221 11.579 9.297 10.385 10.975 12.174 11.001 10.196 9.105 
9.406 9.664 9.032 8.825 9.2 9.279 8.888 8.545 9.232 9.181 9.245 9.121 8.324 8.744 8.618 7.538 8.452 7.766 7.194 6.565 6.874 
5.654 6.769 6.266 6.783 6.769 7.519 7.818 8.161 7.244 7.48 7.483 7.591 8.029 7.83 7.949 7.751 9.125 8.716 9.469 9.018 9.388 
8.483 8.204 8.154 7.952 7.813 6.977 7.815 7.431 7.574 7.625 8.183 8.245 9.526 11.121 9.647 8.435 9.263 10.671 9.075 8.31 9.377 
9.622 9.164 9.052 8.97 9.39 8.799 8.622 9.131 8.703 8.553 7.943 7.406 7.818 7.514 7.59 5.973 6.851 
C1903x2TS121_2 0.157 15.0 12.772 13.28 12.453 13.628 12.983 13.31 11.263 10.805 12.301 11.926 12.245 12.597 12.96 13.346 13.086 13.249 13.901 14.591 14.268 14.869 
15.0 15.0 15.0 14.875 15.0 13.982 13.38 13.09 12.591 14.208 13.778 14.562 15.0 12.801 13.635 13.665 9.558 9.814 10.249 9.976 9.551 
11.588 10.721 8.705 8.509 8.629 4.084 6.361 7.896 7.896 8.902 10.091 10.008 8.655 9.642 11.988 12.944 11.995 11.303 9.954 9.639 10.888 
11.022 11.188 11.434 9.798 9.33 10.804 9.366 9.53 9.719 9.154 9.831 11.044 11.832 10.926 11.194 12.169 12.724 11.464 12.69 12.508 11.278 
9.392 11.661 9.07 8.407 8.553 8.222 7.818 7.272 8.054 8.767 8.416 7.757 11.312 13.09 13.214 12.366 10.785 10.58 10.741 10.397 11.011 
10.033 9.545 10.108 10.646 10.547 10.939 11.086 12.028 11.291 11.291 12.161 11.308 11.316 12.209 11.978 11.487 11.29 10.943 10.754 10.783 10.756 
9.739 10.567 11.342 10.878 11.186 11.391 11.589 11.609 13.555 14.116 15.0 15.0 15.0 14.988 14.543 14.458 14.014 12.338 12.472 13.518 11.842 
10.232 10.781 12.375 9.827 10.487 11.9 12.329 9.516 10.704 11.28 9.861 9.686 10.448 10.754 11.432 11.548 13.363 13.678 14.5 14.324 14.822 
15.0 15.0 15.0 14.633 13.453 14.158 15.0 14.801 14.436 15.0 15.0 14.791 13.986 14.013 13.473 12.441 13.321 13.334 13.547 11.315 11.452 
12.461 13.125 13.757 14.428 14.8 13.982 13.54 15.0 14.69 14.679 14.568 15.0 14.701 14.083 12.385 13.925 14.952 15.0 15.0 15.0 15.0 
14.692 14.444 13.505 11.902 11.714 12.069 10.916 10.59 12.75 11.431 10.315 9.505 10.19 10.451 11.734 11.914 13.294 12.167 11.498 12.483 13.272 
13.995 12.151 10.501 9.425 9.661 11.29 11.991 11.056 11.233 11.813 9.883 9.466 10.221 9.285 9.311 8.721 8.832 8.88 10.206 11.134 11.353 
12.288 12.991 11.607 11.039 10.9 9.045 9.96 11.673 12.29 11.415 12.286 13.132 12.905 12.562 12.818 13.099 14.908 15.0 14.459 13.716 14.62 
13.762 15.0 14.432 15.0 13.925 11.222 10.993 11.676 11.517 10.818 12.852 13.3 12.167 11.106 12.706 12.633 15.0 
C1903x2TS228_3 0.325 15.0 10.63 10.647 10.911 12.025 12.622 13.125 13.521 13.444 14.31 14.126 13.766 13.264 12.565 11.5 11.444 11.743 10.617 11.229 12.399 11.711 
11.171 13.857 14.729 13.837 13.326 14.368 14.553 13.584 12.261 12.231 12.186 10.781 10.65 11.83 10.103 8.783 8.023 8.139 7.357 7.084 6.652 
5.941 4.818 4.111 3.952 3.874 3.761 3.839 3.878 3.851 3.713 3.506 3.603 3.256 3.915 3.719 3.902 3.934 4.979 4.741 5.098 5.088 
4.76 4.296 4.329 4.305 4.21 5.004 5.081 5.912 6.496 5.189 5.353 5.864 6.572 7.383 10.103 11.85 11.29 12.257 14.099 12.498 11.797 
12.855 13.316 11.508 10.384 8.681 8.587 7.88 7.617 7.546 7.31 6.548 6.804 7.024 6.494 6.885 6.447 5.99 6.034 7.085 6.697 6.118 
5.568 5.823 5.957 4.834 4.825 5.186 5.263 5.222 4.332 4.658 5.296 4.662 5.888 6.186 6.015 7.032 7.76 7.585 6.294 6.653 6.394 
4.49 5.153 6.419 5.972 6.728 7.698 8.71 8.617 8.141 7.856 7.351 6.903 5.544 5.695 5.492 5.378 7.464 7.775 6.243 7.486 7.64 
6.836 6.182 8.048 7.729 6.867 7.943 10.686 8.463 9.15 9.116 9.853 8.685 8.584 8.313 10.258 8.574 7.923 8.103 8.625 7.226 7.702 
11.952 11.209 10.394 11.384 11.826 11.782 13.214 12.298 11.858 11.059 10.041 10.434 9.868 9.43 9.132 9.065 8.772 8.168 8.5 6.88 7.078 
6.914 7.64 7.656 8.638 10.352 11.599 11.292 12.869 14.339 15.0 15.0 15.0 15.0 15.0 12.712 13.473 12.235 13.102 14.275 11.728 10.819 
12.874 12.856 11.331 9.646 10.782 11.88 11.471 8.83 10.441 11.303 8.497 8.562 9.61 9.86 8.434 8.196 9.475 8.58 7.265 7.747 7.753 
5.698 6.67 5.678 6.341 5.095 5.299 4.252 3.854 3.487 4.038 4.522 4.848 5.092 5.651 5.699 4.92 6.165 5.458 4.918 4.928 5.765 
5.682 4.598 4.918 4.711 4.677 3.915 4.456 5.119 4.888 5.106 5.264 4.797 4.731 5.991 6.331 5.38 5.942 7.175 7.439 7.255 7.871 
9.168 9.68 11.046 8.688 7.977 7.385 6.5 6.907 6.131 6.506 5.765 4.929 4.566 4.946 6.051 5.87 6.373 
C1903x2TS131_3 0.37 11.954 9.227 8.869 9.616 9.283 8.646 8.847 9.563 8.496 7.966 7.534 6.9 5.627 5.282 5.233 4.619 4.418 4.186 3.95 3.798 3.493 
3.342 3.194 3.141 3.017 3.121 3.262 3.228 3.428 3.737 3.749 3.465 3.937 3.593 3.868 4.238 4.946 5.771 6.864 7.651 9.841 7.592 
8.164 6.198 6.405 5.119 5.944 4.327 4.308 7.897 8.024 7.422 7.557 7.593 8.186 9.128 10.511 10.989 10.589 9.939 9.248 9.316 8.667 
8.069 7.643 7.354 7.496 6.381 6.073 5.065 5.951 6.228 5.354 5.236 6.092 7.397 8.185 9.6 11.542 11.581 11.726 13.279 11.779 11.567 
11.792 12.243 10.489 9.523 9.492 9.249 8.644 8.675 8.379 9.152 7.787 7.608 8.338 7.076 7.167 7.485 7.34 7.261 9.519 9.148 8.762 
7.362 6.561 6.936 5.274 5.43 5.627 6.192 6.565 7.099 6.645 6.04 6.118 7.037 7.615 7.068 7.384 8.189 7.333 7.422 8.652 10.222 
6.978 7.472 10.552 8.477 7.344 6.413 6.642 6.771 5.769 4.306 4.822 4.863 4.054 4.083 3.696 3.801 3.956 4.231 4.062 4.282 3.697 
3.98 3.806 4.431 4.594 5.608 5.124 7.409 5.757 8.97 9.324 10.396 9.0 8.869 8.225 10.928 9.325 8.706 9.337 8.821 8.282 9.56 
13.872 12.293 10.857 11.467 11.485 11.399 12.289 12.682 13.25 13.66 12.929 12.517 13.05 10.795 10.036 10.651 10.478 9.142 9.78 9.247 8.913 
8.971 9.911 11.46 11.478 11.692 12.472 12.626 13.416 13.158 14.455 14.195 13.097 12.05 12.997 9.357 10.597 10.41 10.371 11.086 11.431 9.352 
10.123 10.785 10.383 8.793 9.842 10.237 9.231 7.639 8.976 8.646 6.878 7.795 8.399 8.643 7.862 7.572 8.903 7.423 6.495 6.767 6.92 
5.085 5.721 5.444 5.882 5.115 5.392 5.055 4.764 4.764 5.346 4.685 5.678 5.746 5.573 6.025 4.647 6.501 5.479 5.07 4.42 4.523 
4.449 3.891 4.297 4.546 4.315 3.868 4.293 4.755 4.368 4.031 4.816 3.905 3.866 4.368 3.852 3.031 3.616 4.356 4.455 3.98 3.93 
4.42 3.953 3.853 3.394 4.104 3.788 3.712 4.433 3.667 4.011 3.886 4.204 4.274 4.907 5.599 6.087 6.869 
END
