PFRMAT QA
TARGET C1908x2
MODEL 2
QMODE 2
C1908x2TS067_5 0.1912 15.000 15.000 15.000 15.000 15.000 15.000 15.000 15.000 15.000 15.000 15.000 15.000 15.000 13.043 9.817 8.816 12.326 10.298 9.565 12.359 10.205 10.008 8.429 7.615 8.048 7.392 9.872 11.212 11.085 10.662 10.421 11.816 10.356 8.765 9.918 10.933 11.590 11.599 11.734 11.064 11.818 11.425 9.518 9.201 10.301 10.240 10.104 8.568 8.482 8.290 7.812 7.882 7.072 10.000 8.481 6.715 6.075 5.846 6.307 5.970 6.452 5.590 5.589 5.877 5.636 6.136 8.091 7.272 6.257 4.870 4.496 3.982 4.031 4.113 4.070 4.254 4.752 5.414 5.759 6.755 7.188 6.995 9.547 9.153 10.392 11.506 15.000 14.250 14.158 11.100 12.311 10.497 8.824 8.658 7.315 7.786 7.177 6.155 5.345 5.049 4.668 4.601 5.044 5.858 6.115 6.505 8.247 8.892 7.926 8.423 8.685 7.748 9.489 11.228 12.796 15.000 14.354 14.800 14.133 15.000 15.000
C1908x2TS067_4 0.181823 15.000 15.000 15.000 15.000 15.000 15.000 15.000 15.000 15.000 15.000 15.000 15.000 15.000 13.253 10.451 8.743 12.314 10.929 10.998 14.839 12.080 12.112 11.748 9.863 10.410 9.783 12.827 13.739 14.977 13.302 15.000 15.000 12.091 15.000 15.000 15.000 15.000 15.000 15.000 15.000 15.000 15.000 15.000 15.000 15.000 15.000 15.000 13.186 12.511 12.477 13.709 11.687 10.147 14.120 10.581 8.120 8.214 7.348 7.556 6.884 7.311 6.138 6.558 6.258 6.446 7.198 9.359 10.264 8.008 6.690 5.661 4.958 5.359 5.139 4.882 5.099 5.555 5.769 6.134 7.532 8.193 7.977 11.248 9.834 11.475 14.522 15.000 15.000 15.000 13.373 14.454 13.216 10.320 9.752 9.129 8.886 9.182 6.441 5.205 5.457 4.731 4.771 5.594 6.246 6.949 7.162 8.532 8.791 8.747 8.653 8.429 8.157 9.231 10.633 12.472 15.000 13.737 14.837 13.392 14.851 15.000
C1908x2TS215_2 0.470668 5.732 4.681 3.843 3.048 3.579 3.610 3.408 2.811 3.373 3.497 3.713 2.869 2.932 2.457 2.311 2.248 2.585 3.214 3.685 2.912 2.840 3.420 3.352 3.966 4.910 4.240 4.629 3.891 2.745 2.685 2.261 2.506 3.177 2.990 2.499 2.093 2.079 1.692 2.006 1.560 2.570 2.712 1.556 1.596 1.310 1.796 1.373 1.638 1.607 2.082 3.252 3.399 3.717 3.341 2.355 1.581 1.433 1.144 1.462 1.349 1.627 2.534 1.771 2.472 2.654 3.043 3.223 2.241 2.417 3.036 3.293 3.079 3.082 3.700 4.114 4.480 3.836 3.800 3.146 3.184 2.233 1.441 1.541 1.108 1.338 1.542 1.448 1.045 1.258 1.355 2.752 1.863 2.330 2.557 3.065 2.371 2.347 2.105 2.635 2.270 1.707 1.852 2.158 2.395 3.639 3.512 3.476 3.645 3.382 3.672 3.486 3.218 2.645 2.212 2.532 1.979 1.824 1.814 2.226 2.587 3.661
C1908x2TS103_2 0.243461 4.974 3.679 3.981 3.741 3.071 3.059 3.183 2.839 2.895 2.952 2.971 2.867 2.951 3.107 3.096 2.952 3.075 3.240 3.658 3.674 3.799 3.890 4.500 4.674 6.377 6.349 7.670 8.967 7.798 8.331 9.161 9.827 10.625 11.213 11.493 9.773 10.109 10.690 10.444 9.817 8.585 7.284 7.636 6.635 6.737 5.996 5.349 5.388 5.601 5.785 5.993 4.852 4.732 4.555 4.329 4.087 4.243 4.368 5.710 5.282 5.833 5.337 5.867 5.951 6.005 6.194 6.440 6.409 7.553 9.519 10.086 10.066 13.354 13.923 13.520 12.454 15.000 15.000 15.000 15.000 12.164 10.231 9.039 8.410 9.893 10.203 10.746 11.056 7.985 7.567 7.070 6.278 6.138 5.206 5.498 4.389 4.226 3.306 3.135 2.739 3.294 4.081 4.480 4.747 5.684 7.282 8.640 11.639 9.704 9.711 9.191 8.147 8.116 6.552 5.760 6.741 6.644 7.792 9.434 14.380 15.000
C1908x2TS404_3 0.229906 15.000 13.723 11.651 10.672 10.127 10.063 9.375 10.332 9.268 8.554 8.449 8.237 7.291 6.660 6.774 7.319 6.732 6.992 10.449 7.897 7.197 6.281 5.916 6.590 7.283 7.580 9.424 8.778 6.381 5.963 4.632 5.870 6.263 6.862 6.211 6.220 6.127 8.530 8.676 9.503 8.255 6.825 6.592 5.063 5.472 4.967 4.697 5.349 5.806 8.084 8.782 8.339 7.813 8.149 8.121 7.480 7.934 7.326 8.811 8.092 9.372 9.004 9.777 10.142 11.758 10.914 10.861 7.985 6.214 5.847 5.048 4.247 3.616 3.997 3.952 4.564 4.872 4.982 5.121 4.911 5.511 4.605 4.823 4.228 4.872 5.015 6.564 6.899 7.804 8.381 8.756 8.712 7.302 7.355 7.317 5.437 4.969 4.253 4.083 3.856 3.198 3.476 3.656 4.154 5.531 6.429 8.753 10.058 9.728 9.385 8.502 9.598 9.791 11.883 14.759 15.000 10.484 10.050 8.106 10.536 13.953
C1908x2TS345_3 0.541548 6.656 4.361 4.883 4.002 2.928 3.363 3.190 2.889 1.852 1.628 1.558 1.684 1.308 1.228 1.383 1.359 1.404 1.651 1.890 2.070 2.439 2.808 2.262 2.566 3.138 2.572 3.497 2.892 2.677 1.840 1.387 1.568 1.655 2.156 1.858 1.559 1.777 2.231 2.456 2.898 2.753 3.098 2.813 1.574 1.012 1.038 0.775 0.923 0.833 1.215 1.322 3.285 3.545 4.137 1.295 3.184 3.036 3.591 4.929 2.692 4.903 3.923 5.877 5.305 3.640 2.902 2.009 1.369 1.266 1.499 0.963 1.364 1.793 2.095 1.495 2.814 3.166 3.473 3.297 2.842 2.508 1.811 2.116 1.413 2.102 1.392 1.194 0.858 0.786 0.852 1.097 1.239 1.175 1.113 1.535 1.006 0.921 0.911 0.716 0.753 0.934 1.090 1.397 1.846 2.751 2.913 3.955 3.667 3.843 3.783 3.191 2.234 1.955 2.211 1.973 1.813 1.467 1.534 2.073 2.410 3.486
C1908x2TS131_3 0.383976677686 X X X X X X X X X X X X X X X 8.777 6.526 7.548 8.027 6.096 6.178 4.663 4.559 4.602 4.421 5.086 4.808 4.932 4.619 2.762 2.731 2.327 2.548 3.385 2.835 3.361 3.786 4.322 4.124 3.485 3.165 3.139 3.239 2.778 2.942 2.886 2.755 2.990 3.140 4.062 4.625 4.271 3.556 3.480 2.906 2.406 1.956 1.863 1.991 1.832 2.356 2.212 3.075 3.566 3.311 3.307 3.025 1.773 1.855 2.148 2.150 3.095 3.217 3.170 3.797 4.179 4.274 4.182 4.246 3.768 2.920 3.447 3.342 3.662 3.242 2.840 1.847 1.550 1.528 1.952 2.555 2.287 2.281 2.463 2.696 1.661 1.294 0.920 0.904 0.877 0.991 1.259 1.396 2.454 2.723 3.601 3.743 3.951 3.451 3.994 3.363 3.353 3.366 3.421 3.142 3.110 3.141 3.819 4.753 6.096 7.118
C1908x2TS345_2 0.471068 3.688 3.815 1.649 1.388 1.422 2.501 1.864 1.722 1.054 1.067 1.035 1.253 1.281 1.001 1.377 1.898 2.624 2.499 2.837 2.985 3.389 3.310 2.832 3.665 4.321 3.642 4.038 4.230 3.540 3.605 3.573 3.118 4.369 3.599 2.519 1.741 1.456 1.911 2.738 3.626 2.513 1.852 1.291 1.284 1.333 1.208 1.731 2.119 2.356 3.060 4.419 3.140 4.105 3.505 3.709 2.269 2.388 2.430 3.051 1.384 2.340 3.536 4.174 4.680 3.620 4.505 4.582 4.228 3.468 2.618 1.605 1.787 3.388 2.578 3.926 4.212 4.647 4.875 4.570 5.492 6.591 5.108 2.758 2.284 3.022 3.853 2.115 1.234 1.108 0.945 2.056 2.216 1.711 2.244 1.268 1.189 1.266 0.894 0.701 0.621 0.686 0.694 0.731 0.908 1.218 1.457 2.437 3.380 2.807 1.860 1.673 1.103 1.015 0.919 0.952 0.792 0.921 0.929 1.095 1.935 2.262
C1908x2TS404_2 0.240839 15.000 15.000 12.991 12.649 6.364 6.737 6.156 4.954 4.708 4.566 4.277 5.034 4.495 4.718 4.534 4.476 4.360 4.438 6.329 5.671 5.383 4.594 4.442 4.797 5.056 4.670 4.624 4.675 4.060 3.918 3.258 4.591 5.004 5.535 5.944 5.592 6.062 8.154 8.679 9.115 7.661 7.268 6.677 5.340 6.846 5.891 5.480 6.344 6.644 8.994 10.340 9.182 9.610 9.147 8.067 7.569 8.224 8.129 11.426 11.322 11.762 11.540 11.784 12.330 13.686 11.616 10.932 8.318 6.302 6.015 4.846 3.874 3.404 3.529 3.608 3.968 4.546 4.403 4.463 4.218 4.699 3.939 4.144 3.912 4.439 4.631 5.869 6.538 7.401 8.068 8.049 8.383 7.345 7.548 7.908 5.153 4.673 3.873 3.641 3.279 2.963 3.203 3.632 4.007 5.116 5.948 7.855 8.569 8.879 8.838 8.749 10.168 11.313 13.049 15.000 15.000 9.736 9.519 8.827 12.866 15.000
C1908x2TS215_4 0.538467 3.564 2.641 1.775 1.399 1.106 1.232 1.138 1.028 0.719 1.256 1.325 1.123 1.478 1.222 1.250 1.623 2.083 2.052 2.639 2.055 1.569 1.505 1.712 1.574 2.024 1.910 3.279 2.558 2.491 1.715 1.551 1.992 1.991 4.727 4.919 2.711 2.639 3.220 3.576 3.263 2.604 3.094 2.429 2.331 2.437 2.177 1.891 1.743 1.775 2.033 3.398 3.828 3.690 3.354 2.566 1.489 1.711 1.375 1.826 1.202 1.605 1.591 1.549 2.359 2.500 2.869 2.172 1.976 1.631 1.217 1.647 1.567 1.356 1.709 1.880 3.480 3.314 3.147 1.846 2.055 1.237 0.908 1.174 0.944 1.041 1.185 1.140 1.077 1.272 1.423 2.574 2.659 2.846 2.666 2.448 1.384 1.090 0.960 0.833 0.859 0.839 0.922 1.032 1.568 1.993 2.784 3.719 3.480 2.497 2.030 1.804 2.241 2.101 2.555 2.568 2.676 2.310 1.975 2.476 2.402 3.901
C1908x2TS103_3 0.164384545455 8.110 6.146 6.497 6.879 8.321 11.744 11.887 11.903 12.077 12.454 13.525 12.519 12.756 10.540 11.356 8.790 7.792 13.017 11.204 9.509 7.478 8.055 9.266 10.501 10.419 9.932 10.843 9.173 8.867 8.495 8.107 10.179 10.663 9.660 9.847 8.737 8.042 9.796 9.694 8.955 9.039 7.158 6.519 5.326 5.892 4.963 3.956 4.261 5.332 6.208 6.548 8.037 10.513 11.146 7.214 6.476 7.183 7.234 8.143 9.694 11.091 14.643 14.927 14.446 15.000 15.000 15.000 13.425 12.405 11.406 12.225 12.184 12.118 11.892 10.899 12.548 10.552 12.169 13.808 15.000 15.000 11.556 10.746 8.141 8.820 10.332 11.590 9.839 8.619 8.661 9.612 8.925 9.548 9.862 10.633 8.422 7.293 7.014 6.291 5.591 4.984 5.673 6.394 6.965 6.738 6.294 7.303 10.117 10.204 10.738 X X X X X X X X X X X
C1908x2TS123_1 0.351457 7.139 4.712 4.728 4.798 4.059 3.988 3.915 4.011 3.591 3.703 3.563 3.520 3.391 3.719 3.767 3.820 3.934 3.917 4.308 4.445 4.539 4.617 4.440 4.811 5.753 6.156 6.430 5.684 5.606 6.397 6.188 6.854 6.825 7.015 6.872 6.026 6.502 6.824 7.459 7.431 6.919 6.860 6.081 5.591 5.801 5.774 5.430 4.806 4.956 4.703 5.338 5.495 5.533 5.334 6.259 5.896 5.893 5.513 7.042 5.295 6.112 5.990 6.587 6.535 6.086 6.071 5.837 6.259 6.089 6.608 6.515 7.032 7.922 8.197 8.379 8.029 7.304 8.076 6.604 6.930 5.960 5.949 5.362 4.551 4.827 4.804 3.901 3.431 2.873 2.466 3.074 3.284 3.113 3.679 3.354 2.469 2.105 1.531 1.326 1.360 1.368 1.755 1.582 1.761 2.573 3.304 3.735 4.073 3.048 2.924 1.904 2.312 2.228 2.351 2.104 1.592 1.538 1.290 1.447 1.946 2.348
C1908x2TS073_4 0.33399 15.000 9.148 8.171 8.515 8.324 6.262 5.425 4.834 4.477 4.420 4.347 4.447 4.786 4.285 3.280 3.494 3.455 3.387 3.791 4.017 4.211 5.148 4.935 4.910 4.489 4.088 4.525 5.094 5.780 5.518 5.874 5.678 5.292 5.720 6.140 5.249 5.226 5.738 5.928 6.188 4.765 4.828 4.627 4.362 3.838 3.911 3.155 4.180 3.858 4.205 4.313 4.348 5.093 5.451 5.526 5.438 5.332 5.873 5.738 5.438 5.618 5.029 5.629 6.041 5.831 5.840 5.629 5.231 4.296 4.138 3.821 4.053 5.197 6.283 4.918 4.706 4.441 4.579 4.301 4.594 5.205 4.767 5.204 3.794 4.381 3.309 3.238 3.087 3.870 3.709 5.140 5.255 4.670 4.375 3.192 2.966 2.433 2.063 2.298 1.840 2.868 2.313 2.987 2.989 3.853 4.788 5.224 6.136 6.035 6.651 5.839 6.115 6.330 6.811 6.142 6.985 5.472 5.639 5.888 6.679 9.247
C1908x2TS073_5 0.259942 15.000 15.000 12.828 12.780 11.804 10.485 8.512 9.840 9.756 9.826 7.290 8.299 7.581 5.806 5.528 5.422 5.125 6.521 5.711 5.337 5.544 5.489 5.091 4.789 4.857 4.660 5.662 7.323 7.846 7.164 8.167 9.511 8.960 7.318 6.648 5.731 7.009 7.304 8.106 9.064 10.062 10.212 8.286 6.053 6.397 6.927 7.761 7.805 6.847 5.957 6.027 6.152 6.804 6.008 6.675 6.291 7.537 6.462 6.542 4.512 4.514 4.185 4.903 5.144 5.080 4.979 5.617 4.871 4.011 4.699 4.302 4.239 4.434 4.920 4.762 5.145 5.216 5.136 5.141 4.884 5.179 4.183 4.860 4.370 4.970 5.212 5.020 4.675 4.545 4.539 4.872 4.472 3.803 3.569 4.323 2.403 2.954 2.341 2.395 1.826 1.890 1.860 2.531 3.202 3.346 3.974 4.299 5.155 4.707 4.582 4.997 5.317 4.799 4.910 4.110 4.658 4.444 4.381 4.525 4.715 7.445
C1908x2TS405_2 0.429206 4.445 3.749 4.015 3.666 3.226 3.799 3.911 4.110 4.082 4.216 4.549 4.731 4.332 4.281 4.606 4.886 5.617 6.423 8.032 6.737 6.652 6.576 6.235 5.743 6.713 7.500 7.756 7.446 6.319 6.101 5.281 5.515 5.906 6.015 5.807 5.637 5.236 5.899 6.518 5.697 5.594 4.849 4.597 3.966 2.958 2.512 2.382 2.104 1.582 3.147 3.808 3.637 4.093 3.302 2.447 1.934 1.730 1.634 1.997 1.662 1.895 2.454 2.373 3.036 3.230 2.708 3.288 2.710 2.602 2.600 2.898 2.887 2.891 3.178 3.016 4.257 4.489 4.568 4.017 3.177 2.897 2.500 3.194 3.113 2.949 3.224 3.943 3.314 3.214 3.481 4.332 4.424 4.307 4.709 4.025 3.345 2.774 2.366 1.794 1.634 1.193 1.254 1.319 1.485 1.578 1.942 2.487 2.779 2.536 2.107 1.987 1.767 1.486 2.025 1.986 1.849 1.517 1.512 1.910 2.563 3.417
C1908x2TS389_3 0.435522 3.629 4.504 4.595 3.940 3.544 3.751 3.588 3.099 2.771 2.615 3.071 3.147 3.068 3.316 3.375 3.192 3.307 3.172 3.323 3.344 3.467 3.888 3.083 2.841 3.731 4.254 4.889 6.067 4.790 5.135 4.484 4.782 4.538 5.683 5.776 5.507 5.301 5.288 5.329 5.612 5.117 4.789 4.723 4.368 4.377 3.986 3.179 3.275 2.920 3.746 4.097 3.761 4.020 3.476 2.948 2.759 2.826 2.479 3.050 2.007 2.391 2.456 3.513 3.600 4.077 3.690 3.631 2.966 2.696 3.350 3.495 3.314 3.792 4.176 4.198 4.771 4.983 4.716 4.560 3.946 3.512 4.310 4.440 4.168 5.050 4.807 4.529 4.009 4.005 3.798 4.196 3.984 3.523 3.290 2.675 2.072 1.674 1.459 1.383 1.147 1.378 1.384 1.907 2.063 2.264 2.390 2.898 3.284 2.350 2.358 2.344 2.012 1.567 1.701 1.874 1.631 1.598 1.933 2.218 2.740 3.490
C1908x2TS228_4 0.329158 4.395 5.475 4.753 4.126 4.076 4.122 3.837 3.881 3.807 3.621 3.567 3.444 3.088 2.961 2.697 2.689 2.962 3.562 3.610 3.325 3.561 3.601 3.836 3.717 4.571 4.785 6.338 6.282 4.813 5.597 6.155 5.681 6.162 5.395 5.430 5.392 5.106 6.826 8.378 8.050 5.964 5.311 5.002 5.345 5.341 4.748 4.781 4.389 4.785 5.243 5.210 5.290 4.515 4.785 4.752 4.019 3.271 3.157 3.566 3.087 3.067 3.938 3.148 3.739 3.893 3.451 4.070 3.416 3.746 4.300 4.521 4.542 4.479 4.907 4.477 5.262 5.232 5.845 5.498 5.053 5.341 4.797 5.092 4.782 5.831 5.225 4.851 4.127 4.450 4.501 4.649 4.151 3.955 4.243 4.360 3.926 3.905 3.609 3.687 3.870 3.882 3.986 4.155 4.235 4.572 4.627 5.283 5.073 4.613 5.111 4.937 4.832 4.992 4.647 5.278 5.085 5.312 5.704 5.655 7.763 8.969
C1908x2TS228_1 0.419733 3.560 4.574 3.872 3.617 3.164 3.542 3.137 2.678 2.205 2.260 2.468 2.077 2.099 2.148 1.917 1.917 2.290 2.973 3.311 3.035 3.392 3.021 3.071 2.953 3.117 3.480 4.006 4.690 5.284 4.518 4.035 3.821 4.196 5.774 5.701 5.336 5.410 5.259 5.212 5.049 4.880 4.563 3.620 3.431 3.207 3.048 2.779 2.779 2.677 3.256 3.230 3.546 2.962 3.090 2.750 2.104 1.901 1.680 2.261 1.467 1.826 1.734 2.521 2.900 2.667 2.963 2.592 2.254 1.882 1.954 2.988 2.925 3.259 3.426 4.333 5.372 4.994 5.653 5.053 4.820 4.233 4.169 3.990 3.980 4.184 4.443 4.161 3.568 4.023 3.866 4.887 4.526 4.551 4.680 4.575 4.007 3.434 2.490 2.771 2.348 2.348 2.742 3.549 3.503 3.676 4.338 4.569 4.196 3.946 4.563 3.931 4.479 3.676 4.118 3.287 3.027 3.563 4.201 4.663 4.763 5.205
C1908x2TS345_1 0.55295 3.955 3.382 2.340 1.733 1.488 2.101 1.406 1.066 0.752 0.838 1.269 1.039 0.907 0.856 1.345 1.102 1.356 1.241 1.395 1.306 1.480 1.592 1.478 1.439 1.540 1.937 2.051 3.187 3.592 3.219 2.224 2.200 2.372 1.655 1.805 1.451 2.494 3.320 3.766 4.417 3.962 4.860 5.598 5.342 5.887 6.843 5.641 5.852 5.430 4.444 4.167 4.633 4.545 4.241 3.934 3.585 3.644 3.952 3.019 1.248 1.764 2.014 2.799 3.026 2.531 2.175 2.165 2.162 1.172 0.914 1.021 0.832 0.891 1.570 1.686 2.174 1.890 1.203 1.027 0.963 0.973 0.825 0.776 0.781 0.768 0.790 1.110 1.050 1.827 2.593 3.194 2.445 1.309 1.562 1.259 0.790 0.637 0.478 0.472 0.384 0.503 0.612 0.669 0.796 1.250 1.781 2.530 3.665 3.368 2.078 1.849 1.517 1.024 0.982 1.039 0.849 0.724 0.912 1.105 1.867 3.131
C1908x2TS049_3 0.233563 4.350 4.147 3.994 3.343 3.103 3.388 3.236 3.065 3.050 2.963 3.249 3.258 3.004 3.325 3.242 3.349 3.424 3.747 4.417 4.235 5.117 5.337 5.273 5.070 5.333 5.402 5.837 7.336 8.413 8.599 10.001 14.115 14.167 13.152 11.019 14.302 13.591 15.000 15.000 15.000 15.000 15.000 15.000 15.000 15.000 14.327 15.000 15.000 14.319 10.690 8.515 6.992 5.683 7.560 9.374 7.912 10.322 7.780 8.276 4.284 5.557 5.265 5.046 5.027 5.344 5.820 6.121 6.436 6.205 6.035 6.135 4.974 4.963 5.173 5.674 5.961 5.442 6.296 6.329 6.967 6.398 6.654 6.108 5.936 6.594 6.843 6.212 6.342 5.902 6.582 7.600 6.237 5.988 6.640 6.010 5.017 4.564 3.852 4.622 5.417 5.551 5.614 5.695 5.683 5.690 6.014 5.124 5.193 5.251 5.341 4.894 4.859 4.791 4.354 4.412 4.028 3.933 3.108 4.883 5.244 6.698
C1908x2TS049_5 0.226885 5.252 4.969 4.574 3.766 3.600 3.860 3.661 3.370 3.184 3.168 3.112 3.133 3.189 3.192 3.190 3.402 3.665 4.518 4.912 4.572 4.400 4.622 4.140 4.399 5.023 5.555 8.071 7.851 6.717 6.908 7.028 11.223 10.794 9.594 8.483 7.955 6.903 7.174 7.071 6.191 6.772 5.734 6.095 5.928 5.947 6.082 5.958 6.029 5.997 6.109 6.466 5.911 5.985 5.246 5.570 4.681 4.458 4.128 4.852 4.593 4.680 4.751 5.506 5.992 6.607 6.229 6.167 5.872 5.212 5.650 5.313 6.430 6.253 6.575 6.835 7.162 7.795 8.051 8.433 7.800 8.591 8.844 8.453 7.968 8.966 9.127 8.509 9.311 7.763 7.518 9.377 9.980 9.200 10.975 8.507 8.216 8.133 8.108 7.554 7.536 6.545 6.958 6.179 6.086 6.597 7.282 8.121 8.846 8.162 8.448 7.855 8.307 8.736 8.389 8.571 8.637 8.804 9.417 9.203 11.641 14.592
C1908x2TS389_5 0.41094 3.814 5.408 5.506 4.616 3.778 3.810 3.556 3.236 3.044 3.029 3.182 3.223 2.913 3.152 3.094 2.727 3.041 3.258 3.592 3.313 3.327 3.660 3.414 3.950 4.740 5.201 5.428 5.756 5.050 4.963 4.613 4.957 4.257 5.144 5.155 4.771 4.921 4.923 4.769 5.038 4.759 4.572 4.273 3.880 3.739 3.332 2.615 3.189 2.968 3.598 3.855 3.726 3.956 3.607 2.672 2.153 2.014 1.947 2.971 1.660 2.081 1.739 2.421 2.714 2.579 2.606 2.513 2.163 1.632 2.189 2.618 2.915 3.453 4.159 4.304 5.177 4.901 4.884 4.532 4.563 4.303 4.437 4.151 4.220 5.121 5.168 4.952 4.368 4.431 4.357 4.596 4.157 3.698 4.141 3.011 2.324 1.834 1.429 1.382 1.065 1.269 1.519 1.605 1.976 2.325 2.813 3.325 3.586 2.968 2.641 2.599 2.254 1.733 2.091 2.019 1.631 1.598 1.688 2.001 2.457 3.758
C1908x2TS049_4 0.192155 15.000 15.000 14.296 12.693 10.268 8.558 8.416 7.013 6.283 5.835 6.223 6.072 5.359 4.980 4.783 4.686 4.778 5.152 5.450 4.752 5.210 5.064 4.739 4.908 5.502 5.704 6.460 6.276 7.606 7.887 8.110 9.565 9.653 8.381 7.766 6.857 7.365 7.554 7.553 8.998 9.237 9.195 9.371 8.060 7.235 7.285 7.659 7.211 7.157 7.041 7.590 7.425 7.331 6.656 7.831 6.975 6.382 6.193 7.282 6.173 7.186 5.555 5.718 6.515 6.198 6.732 8.917 11.661 12.127 10.611 11.194 12.500 15.000 15.000 13.026 11.688 12.237 14.834 15.000 15.000 15.000 15.000 15.000 11.319 12.530 11.158 10.293 10.707 11.068 10.684 10.053 9.550 8.526 7.536 5.907 4.921 4.354 3.755 4.818 5.478 6.000 6.376 6.806 6.713 6.590 7.530 7.926 8.230 9.383 9.381 8.287 8.085 8.394 9.454 8.842 8.476 7.398 7.428 7.100 8.909 15.000
C1908x2TS389_4 0.452651 3.724 5.462 5.190 4.698 3.708 3.710 3.376 2.956 2.682 2.683 3.107 3.127 2.773 2.850 2.733 2.390 2.532 2.702 3.405 3.376 2.944 2.926 2.649 2.753 3.221 3.442 3.635 4.218 4.538 4.673 4.091 4.808 4.284 4.882 4.700 4.560 4.760 4.828 4.127 4.522 4.660 4.400 4.047 3.077 2.698 2.723 2.542 2.719 2.920 3.515 3.678 4.015 3.388 3.559 3.026 2.813 2.315 2.191 1.953 1.703 2.013 1.963 3.234 3.284 2.593 2.681 2.557 2.095 1.586 1.850 2.089 1.757 2.840 3.544 4.429 5.230 5.084 5.181 4.695 4.562 4.013 4.508 4.332 4.262 4.718 4.894 4.857 4.259 4.479 4.426 4.947 4.527 3.987 4.024 3.550 2.518 2.111 1.503 1.398 1.117 1.315 1.500 1.675 2.030 2.170 2.349 3.096 3.275 2.742 2.611 2.541 1.978 1.714 1.728 2.009 1.577 1.707 1.774 1.990 2.396 3.271
C1908x2TS405_3 0.376064 7.293 8.881 6.075 5.325 4.491 5.147 5.339 4.726 4.565 4.531 5.006 5.161 5.113 4.812 4.514 4.964 5.356 6.593 7.484 6.918 6.410 5.828 5.642 5.184 6.147 6.374 6.326 6.473 5.574 5.725 5.319 6.446 6.872 7.226 6.961 6.420 6.052 6.341 6.151 5.943 5.228 5.035 4.865 3.270 2.929 2.664 2.081 2.334 2.034 2.789 3.406 4.001 3.989 3.627 3.529 2.590 2.410 2.145 2.612 1.662 2.114 2.009 2.362 2.824 2.947 2.647 2.545 2.506 2.576 3.150 3.282 3.607 3.387 3.706 3.188 4.079 4.695 5.515 4.869 5.192 4.921 5.119 5.368 4.512 4.916 5.017 5.374 4.450 4.349 3.811 4.225 3.444 3.136 3.661 3.165 3.124 2.157 1.637 1.357 1.111 1.237 1.208 1.597 1.926 2.059 2.323 2.933 2.877 2.735 2.047 2.326 2.269 1.962 2.738 2.812 2.824 2.684 2.132 3.077 3.925 5.086
C1908x2TS049_1 0.238206 13.458 12.129 11.280 7.627 5.941 5.235 5.068 4.367 3.865 3.605 3.326 3.386 3.351 3.198 3.219 3.311 3.569 3.849 3.972 4.415 4.314 3.825 3.925 4.014 4.048 4.287 4.341 4.143 4.692 5.470 4.914 5.163 5.408 5.680 5.920 6.340 6.978 7.484 8.598 8.459 8.963 8.149 7.903 7.276 6.341 6.790 7.205 7.414 7.203 7.592 7.609 6.226 5.625 5.421 6.828 6.056 5.778 5.689 5.753 5.160 6.106 5.742 5.501 6.186 6.601 7.183 7.078 9.448 10.089 10.576 10.610 11.163 12.146 15.000 15.000 15.000 15.000 15.000 15.000 15.000 15.000 15.000 15.000 13.254 13.215 12.744 11.626 9.546 7.981 9.010 9.682 10.647 8.926 10.826 9.512 8.428 7.603 7.543 6.989 7.207 6.944 7.401 7.973 7.677 9.594 10.143 9.505 8.719 8.983 12.044 10.585 8.978 9.077 8.666 8.939 8.564 8.257 9.101 10.494 13.148 15.000
C1908x2TS123_3 0.237894 13.351 12.129 11.281 12.462 8.646 7.713 7.326 7.414 7.692 8.366 8.410 9.017 11.312 9.849 9.398 10.433 9.423 10.022 11.927 11.825 12.114 13.987 12.870 12.590 11.796 12.686 14.778 11.969 9.899 10.473 8.646 10.663 9.660 8.712 7.642 6.743 7.992 9.939 11.409 10.535 12.641 11.889 9.349 7.640 7.029 7.302 7.350 7.941 7.828 10.319 9.648 11.456 12.018 14.793 11.655 11.555 12.397 11.218 11.723 9.179 9.974 9.413 12.725 11.358 9.580 9.529 10.855 7.703 7.174 8.220 6.866 6.259 6.329 5.806 6.127 5.782 7.170 6.440 6.689 7.015 5.206 4.654 4.422 4.518 4.688 4.844 4.874 5.027 4.313 5.130 5.264 4.952 4.535 4.540 4.052 3.252 2.778 2.480 2.129 1.774 2.038 2.150 2.361 2.715 3.686 4.429 5.055 5.487 5.503 6.272 5.049 4.940 4.085 4.731 4.669 4.468 4.216 4.273 4.440 5.538 5.942
C1908x2TS210_5 0.388201 3.660 5.214 4.073 4.071 3.651 4.129 3.880 3.667 3.686 3.551 3.692 3.758 3.786 3.547 4.060 4.040 4.463 5.817 6.343 6.424 5.949 5.722 6.299 5.807 7.455 7.244 8.633 7.970 8.126 8.939 8.224 9.582 9.856 9.493 8.840 7.080 6.307 6.762 6.071 5.450 5.142 4.612 4.265 3.220 2.906 2.865 2.674 2.749 3.000 3.718 4.178 4.337 4.061 3.648 3.554 2.787 2.609 2.372 2.662 1.953 2.054 2.505 2.113 2.344 2.353 2.170 2.802 2.438 2.448 2.824 3.002 2.996 2.950 3.304 2.796 3.461 3.820 3.943 3.200 3.305 3.328 3.867 4.002 3.797 3.791 3.743 3.940 3.214 3.034 2.834 3.270 3.059 3.212 3.662 3.569 3.547 2.281 1.689 1.340 1.376 1.541 1.756 2.123 2.465 2.929 3.888 4.038 4.535 3.657 3.416 2.817 2.611 2.301 2.669 2.937 2.760 2.781 2.419 2.941 4.032 4.558
C1908x2TS215_1 0.456052 4.100 4.467 3.072 2.326 2.378 3.000 2.549 1.910 2.503 2.622 2.465 2.447 2.598 1.670 2.256 1.974 2.523 3.025 4.264 3.093 3.218 3.650 3.127 2.826 2.637 3.321 3.802 3.519 3.443 5.547 5.616 4.926 5.146 5.101 4.625 3.627 4.277 4.389 3.847 4.540 3.129 3.245 3.859 3.516 3.603 2.601 2.464 2.698 2.090 2.844 3.270 3.336 3.231 3.081 2.912 2.391 1.932 1.695 2.032 2.583 2.848 3.271 3.908 3.844 3.835 4.389 4.527 4.166 2.879 3.028 3.197 3.339 2.662 2.989 2.526 3.443 3.904 3.274 3.258 3.445 3.348 2.979 3.109 2.010 2.696 2.315 2.661 2.615 3.026 3.836 5.067 3.276 2.755 4.176 1.998 1.512 1.049 1.003 0.769 0.801 0.844 0.838 0.873 1.190 1.093 1.986 2.833 3.247 3.097 2.349 2.107 1.907 1.865 2.522 2.319 1.804 1.881 1.662 1.819 2.444 3.317
C1908x2TS067_2 0.18849 15.000 15.000 12.240 14.222 11.268 11.722 10.309 9.810 9.270 9.760 10.090 14.383 14.952 12.248 11.060 10.764 9.173 8.259 7.743 7.148 7.072 7.586 8.429 10.017 9.414 8.249 8.027 6.822 7.598 8.991 7.737 8.141 8.039 7.087 7.080 7.347 6.510 6.487 9.731 10.719 9.130 7.061 7.233 7.435 9.594 8.047 8.486 7.021 10.025 9.402 11.140 8.401 8.642 15.000 10.512 8.915 9.298 7.672 8.023 7.496 6.773 7.742 8.801 10.151 10.520 13.058 14.785 14.541 12.839 11.292 10.353 10.986 13.297 14.002 11.148 12.272 12.599 10.866 10.291 10.390 11.206 11.310 11.324 9.557 10.797 12.945 13.049 13.115 12.385 12.195 15.000 10.491 9.244 9.763 11.859 10.822 9.144 9.814 10.163 11.614 9.647 10.181 9.694 9.375 8.666 8.604 9.207 11.440 11.765 10.957 9.629 8.680 9.168 9.999 10.987 11.632 10.760 11.266 10.988 13.981 15.000
C1908x2TS131_4 0.311041669421 X X X X X X X X X X X X X X X 15.000 14.501 14.457 11.522 7.759 6.805 5.922 4.242 5.200 5.237 5.143 6.026 5.272 3.697 4.351 3.734 3.744 3.775 3.785 3.761 3.444 3.698 4.206 4.257 3.622 3.567 3.642 3.671 3.579 4.017 3.800 3.496 3.998 3.879 4.147 4.281 3.653 4.230 3.777 4.329 4.066 3.914 4.147 4.487 3.986 4.592 5.053 6.048 6.716 5.816 5.471 6.895 4.913 4.255 5.476 4.588 6.256 6.554 7.390 6.358 7.718 6.690 6.668 6.155 6.135 5.492 6.022 5.118 4.806 4.279 3.504 2.090 1.754 1.677 2.164 3.153 2.672 2.680 2.336 2.487 1.591 1.636 1.169 0.965 1.334 1.371 1.668 1.692 2.593 3.189 3.611 4.192 4.353 3.816 5.231 4.449 4.312 4.126 3.833 4.081 3.733 4.014 4.242 5.499 6.691 7.088
C1908x2TS228_5 0.426676 3.356 3.772 3.607 3.613 3.294 3.103 2.813 2.677 2.511 2.103 2.566 2.648 2.871 2.954 3.065 2.750 3.149 3.484 4.075 3.987 4.290 4.548 4.769 4.946 5.762 5.459 6.205 6.684 5.876 5.832 5.169 5.376 5.393 5.770 5.760 5.702 5.703 5.436 4.664 5.164 4.839 4.747 4.177 3.452 2.557 3.157 2.699 2.641 2.494 3.270 3.473 3.427 2.935 3.287 2.987 2.211 1.664 1.725 2.171 1.337 1.758 1.935 1.450 1.734 1.532 1.782 2.018 1.672 1.462 1.926 2.440 2.220 2.667 3.298 3.598 4.379 4.361 4.654 4.169 4.056 3.495 3.659 3.557 4.126 4.719 4.122 4.315 3.526 3.612 3.462 3.901 3.591 2.962 3.567 4.129 3.101 2.514 1.993 1.876 1.752 1.822 2.262 2.173 2.681 3.260 4.310 4.395 4.698 4.186 3.974 3.453 2.961 3.131 2.759 2.963 2.324 2.301 2.949 3.968 4.628 5.372
C1908x2TS073_2 0.361574 10.272 10.658 7.995 7.564 5.296 5.069 4.892 5.424 4.664 4.488 5.088 5.173 4.848 4.527 4.775 4.979 5.033 4.800 4.655 5.152 5.443 5.877 5.564 5.342 5.600 5.602 6.807 7.573 8.147 8.339 8.742 9.218 8.667 8.586 7.320 5.870 5.789 5.969 6.297 6.730 6.600 6.356 6.161 6.018 5.852 6.161 5.306 5.721 5.005 5.259 5.193 5.118 5.199 5.267 5.124 5.046 4.821 4.744 4.074 2.749 3.267 3.538 4.845 5.793 4.646 5.241 5.343 5.333 5.007 4.587 4.542 4.551 4.409 5.013 4.866 5.482 4.694 4.378 3.554 3.495 3.981 3.421 4.879 3.820 4.113 4.674 4.678 4.060 3.846 3.859 4.483 4.487 3.410 3.121 2.791 2.315 1.479 1.225 1.085 0.934 1.028 1.203 1.332 1.424 1.743 1.941 2.341 2.622 1.822 1.750 2.005 2.388 1.755 2.444 2.453 1.707 1.823 1.832 2.206 2.578 3.971
C1908x2TS179_1 0.345493 5.637 4.379 4.017 3.300 3.675 3.679 3.403 3.184 3.189 2.960 2.998 3.191 3.074 3.503 2.987 3.126 3.347 3.601 3.514 3.533 3.378 3.353 3.466 3.196 3.543 3.824 4.352 4.283 3.383 3.227 3.227 3.639 3.704 3.916 3.990 3.678 4.397 4.917 5.246 5.421 4.637 4.584 4.273 3.869 3.798 3.973 4.087 4.765 4.297 4.937 4.599 4.352 4.250 4.634 4.770 4.514 4.261 3.688 3.910 3.566 3.561 3.800 4.489 5.423 5.240 6.278 6.316 6.082 5.082 6.253 5.602 5.440 5.394 5.909 5.819 6.352 6.731 5.973 5.936 6.522 6.256 6.032 5.172 5.316 4.927 4.543 4.362 4.291 4.448 4.123 4.705 4.008 3.775 3.791 3.953 4.473 3.832 3.618 3.682 3.780 4.307 3.785 3.532 3.431 3.962 4.737 5.994 5.651 5.040 4.792 3.977 4.198 4.776 4.493 5.999 4.144 4.732 4.168 4.672 4.551 5.101
C1908x2TS215_3 0.599793 3.705 3.489 3.367 3.066 2.460 3.093 2.321 1.734 0.986 1.318 1.589 1.331 1.034 0.993 1.093 1.044 1.211 1.285 1.436 1.259 1.631 1.539 1.369 1.680 2.002 1.934 2.717 2.764 2.063 1.839 2.352 2.730 3.959 3.360 3.933 3.235 3.055 4.236 4.499 4.495 4.448 4.242 3.410 2.015 2.038 1.801 1.790 1.633 1.655 1.777 2.652 3.293 3.388 3.262 2.511 1.596 1.623 1.227 1.670 1.081 1.385 1.647 1.566 2.280 2.283 2.665 2.995 2.315 1.184 1.284 1.188 1.348 1.304 1.316 1.501 1.622 2.285 1.794 1.445 1.458 1.047 1.032 1.149 1.164 1.581 1.015 1.228 1.034 0.855 0.929 1.980 2.207 1.863 2.885 1.899 1.127 1.081 0.849 0.527 0.549 0.637 0.596 0.792 1.017 1.436 1.999 2.864 3.767 3.356 3.395 2.820 2.203 1.541 1.076 1.120 0.784 0.922 0.995 1.687 2.279 3.432
C1908x2TS389_1 0.437214 3.811 5.774 5.953 5.072 4.190 3.873 3.487 3.180 3.111 2.942 3.298 3.563 3.557 3.496 3.420 3.186 3.598 3.390 3.719 3.046 4.301 4.219 3.899 3.814 3.403 4.533 4.809 4.589 4.548 4.399 3.935 4.430 3.558 4.410 3.330 2.881 3.237 3.574 3.189 3.900 3.935 3.395 3.439 2.782 2.578 2.355 2.279 2.416 2.224 2.808 3.009 3.346 2.959 3.407 2.727 2.139 1.983 1.973 2.563 1.546 1.647 1.611 2.210 2.714 2.426 2.379 2.413 2.349 1.739 2.336 2.796 3.383 3.743 4.333 4.501 5.131 5.872 5.202 4.852 4.498 4.066 4.453 4.507 4.607 5.113 5.042 4.657 4.242 4.345 4.213 4.687 4.328 4.068 4.022 3.111 2.497 1.957 1.750 1.668 1.429 1.592 1.642 1.994 2.200 2.529 3.010 3.269 3.252 2.419 2.182 2.524 2.285 1.770 1.966 1.987 1.704 1.815 1.937 2.262 2.825 3.761
C1908x2TS123_5 0.242669 13.182 11.897 11.212 12.063 8.408 7.605 7.185 7.220 7.459 8.119 8.331 8.808 11.146 9.790 9.357 10.364 9.260 9.924 11.742 11.809 12.148 13.238 12.824 11.944 11.318 12.127 13.259 10.586 8.748 9.476 7.854 9.663 8.892 8.208 7.354 6.438 8.071 9.908 11.324 10.592 12.598 11.947 9.563 7.786 7.329 7.461 7.559 8.178 8.123 11.087 10.240 12.080 12.679 15.000 12.007 11.997 12.682 11.604 12.050 9.112 9.882 9.281 12.479 11.347 9.549 9.451 10.928 7.712 7.130 8.202 6.790 6.158 6.170 5.747 5.947 5.307 6.573 5.876 6.355 6.661 4.912 4.383 4.124 4.045 4.595 4.530 4.173 4.221 3.660 4.325 4.864 4.345 4.098 4.133 3.536 2.749 2.312 2.101 1.681 1.315 1.707 1.847 2.228 2.580 3.600 4.375 4.993 5.368 5.362 6.718 5.369 5.323 4.460 5.251 5.152 4.944 4.710 4.830 5.033 6.049 6.332
C1908x2TS345_4 0.597885 3.732 2.242 1.546 0.674 1.193 1.098 1.053 0.942 0.703 0.679 0.745 0.878 0.885 0.942 1.220 1.238 1.493 1.635 2.367 2.107 1.979 1.784 1.992 1.929 2.348 2.626 2.584 2.221 1.567 1.490 1.089 1.295 1.327 1.444 1.518 1.666 1.772 2.680 4.852 4.074 3.937 4.514 5.403 6.654 8.044 6.901 8.753 9.189 10.250 6.482 6.281 5.759 5.685 3.955 3.574 3.934 4.278 3.475 3.950 2.459 3.032 2.834 3.259 3.019 2.544 3.236 3.276 3.951 1.924 1.707 1.541 1.109 1.665 2.498 3.076 3.371 2.851 2.782 2.434 2.440 1.256 0.944 0.781 0.891 1.176 0.748 0.975 0.825 0.782 0.879 1.000 1.163 1.141 1.148 1.270 1.006 0.834 0.746 0.648 0.641 0.661 0.688 0.815 0.916 1.329 1.609 2.104 2.288 1.709 1.618 1.317 1.212 1.135 1.100 1.085 0.911 1.134 1.188 1.402 1.987 1.967
C1908x2TS131_2 0.466033818182 X X X X X X X X X X X X X X X 8.305 6.394 7.084 6.567 5.734 6.087 3.475 3.643 4.031 3.264 4.833 4.254 3.556 2.455 1.697 1.557 1.256 1.255 1.880 2.219 2.786 2.558 3.308 2.823 3.109 2.711 2.954 2.324 1.992 1.689 1.497 1.462 1.452 1.379 2.045 2.245 2.758 2.653 2.957 2.711 2.194 2.083 1.696 1.644 1.373 1.515 2.721 2.158 2.487 1.727 2.464 2.320 1.985 1.643 1.475 1.589 1.395 2.111 1.477 1.879 2.041 2.338 3.385 3.590 3.063 2.732 3.263 2.308 2.629 1.641 2.014 1.940 1.139 1.189 1.167 2.388 1.641 1.552 1.544 1.229 1.087 0.935 0.720 0.709 0.802 0.945 1.191 1.333 1.918 3.224 3.497 3.835 4.306 3.578 3.926 2.573 3.115 2.351 2.095 2.155 2.025 1.598 2.070 1.997 4.095 3.955
C1908x2TS067_1 0.18908 15.000 15.000 15.000 15.000 15.000 15.000 15.000 15.000 15.000 15.000 15.000 15.000 15.000 15.000 14.390 12.049 15.000 12.729 12.203 15.000 12.133 11.663 9.566 9.086 9.284 9.171 11.538 11.990 12.501 12.031 11.966 13.182 11.247 9.185 10.852 13.475 14.606 14.823 15.000 15.000 15.000 15.000 15.000 13.915 15.000 14.544 13.509 10.956 10.188 10.219 11.268 10.247 9.232 13.826 10.202 7.860 8.120 6.905 7.340 6.687 7.299 6.216 5.845 6.143 6.122 6.825 8.621 8.849 7.228 6.202 5.507 4.700 4.728 4.587 4.512 4.956 5.277 5.921 5.948 6.852 7.174 7.412 10.315 8.745 10.798 11.579 15.000 13.834 13.083 10.452 11.925 9.911 8.307 7.603 6.224 6.619 6.143 5.424 4.721 4.659 4.286 4.153 4.648 5.170 5.526 5.833 7.213 7.274 6.843 7.115 7.415 6.905 8.273 9.303 11.054 12.975 12.145 12.151 11.790 13.748 15.000
C1908x2TS131_5 0.33853246281 X X X X X X X X X X X X X X X 9.184 6.435 6.896 6.586 6.122 6.404 5.045 5.218 5.040 4.164 4.773 4.680 3.865 3.124 2.905 2.591 2.115 2.789 3.362 3.230 3.700 3.731 4.221 3.919 3.600 3.766 3.673 3.918 3.294 3.355 3.130 2.782 2.485 2.268 2.854 3.777 4.018 4.075 4.428 3.976 3.798 2.859 2.449 2.135 2.504 3.001 3.454 3.087 4.211 4.054 4.488 4.636 3.589 3.843 5.099 4.951 7.214 7.330 7.900 7.199 7.436 7.084 6.501 6.070 5.328 5.126 4.721 4.435 4.878 4.393 4.290 2.426 2.162 2.195 2.245 2.606 2.520 1.914 2.555 2.655 1.747 1.466 1.184 1.051 1.151 1.290 1.493 1.778 2.523 3.050 3.791 3.834 4.096 3.429 4.609 3.734 3.757 3.741 3.507 3.767 3.656 3.668 3.784 4.493 5.711 6.441
C1908x2TS405_5 0.388201 3.660 5.214 4.073 4.071 3.651 4.129 3.880 3.667 3.686 3.551 3.692 3.758 3.786 3.547 4.060 4.040 4.463 5.817 6.343 6.424 5.949 5.722 6.299 5.807 7.455 7.244 8.633 7.970 8.126 8.939 8.224 9.582 9.856 9.493 8.840 7.080 6.307 6.762 6.071 5.450 5.142 4.612 4.265 3.220 2.906 2.865 2.674 2.749 3.000 3.718 4.178 4.337 4.061 3.648 3.554 2.787 2.609 2.372 2.662 1.953 2.054 2.505 2.113 2.344 2.353 2.170 2.802 2.438 2.448 2.824 3.002 2.996 2.950 3.304 2.796 3.461 3.820 3.943 3.200 3.305 3.328 3.867 4.002 3.797 3.791 3.743 3.940 3.214 3.034 2.834 3.270 3.059 3.212 3.662 3.569 3.547 2.281 1.689 1.340 1.376 1.541 1.756 2.123 2.465 2.929 3.888 4.038 4.535 3.657 3.416 2.817 2.611 2.301 2.669 2.937 2.760 2.781 2.419 2.941 4.032 4.558
C1908x2TS228_2 0.415594 3.734 3.570 3.844 4.022 3.766 3.770 3.275 3.216 3.038 3.248 3.356 3.553 3.509 3.492 3.339 3.145 3.414 4.194 4.244 4.022 4.458 4.980 5.131 5.369 5.718 6.158 7.169 8.058 7.273 7.308 6.488 7.861 7.724 6.909 6.254 5.803 6.159 6.508 7.684 7.157 6.175 5.062 4.779 4.901 4.349 4.473 4.376 5.178 4.125 5.062 5.002 4.808 4.467 3.969 4.106 2.784 2.904 2.047 2.634 1.706 2.325 2.964 2.659 3.285 3.123 3.159 3.068 2.149 1.702 2.678 3.148 2.901 3.377 3.608 4.137 4.493 4.671 4.439 3.869 3.629 2.706 2.494 2.778 2.773 2.748 3.587 3.703 3.339 3.769 3.733 3.959 3.637 3.288 3.383 2.995 2.564 2.030 1.642 1.758 1.256 1.359 1.639 1.847 1.955 2.465 3.725 3.949 4.390 3.954 3.448 2.930 2.727 2.582 2.396 2.292 1.864 1.833 2.281 3.085 3.882 4.704
C1908x2TS123_4 0.232776 13.255 12.512 11.308 12.739 9.052 7.917 7.609 7.415 7.722 8.295 8.586 9.024 11.470 10.130 9.669 10.486 9.394 9.851 11.879 11.407 12.009 13.718 12.355 11.638 11.089 11.995 12.644 10.355 8.706 9.264 8.102 9.677 8.911 7.733 7.168 6.415 7.567 8.885 10.237 9.405 10.986 10.569 8.280 6.833 6.779 7.397 7.233 7.719 7.290 8.881 8.211 9.870 11.657 14.211 11.626 11.403 12.412 11.422 11.580 9.216 9.690 9.697 12.701 10.998 9.034 9.456 10.160 7.547 7.070 8.039 6.723 6.074 6.085 5.727 5.816 5.650 6.834 6.043 6.439 6.792 5.106 4.376 4.266 4.504 4.563 4.940 5.129 5.396 4.505 5.326 5.663 5.187 4.760 4.820 4.433 3.546 3.015 2.701 2.513 2.008 2.181 2.340 2.640 3.058 4.016 4.703 5.343 5.971 5.952 6.797 6.103 5.692 5.146 5.577 4.959 5.124 5.022 5.101 5.170 6.864 7.320
C1908x2TS405_1 0.404733 4.831 7.693 5.655 6.111 5.168 5.705 5.538 5.373 5.332 5.208 5.694 5.992 5.482 4.906 5.579 5.473 6.407 6.670 7.931 7.272 6.501 5.942 6.910 5.905 5.974 7.330 8.034 7.565 6.563 6.623 5.995 6.082 6.148 6.499 6.799 6.493 6.423 6.620 6.683 6.003 5.893 4.773 4.513 3.999 3.386 3.648 3.170 3.208 2.395 3.603 4.270 4.483 4.466 3.952 3.282 2.661 2.784 1.989 2.646 1.898 2.293 3.057 2.900 3.352 3.562 3.117 3.962 3.013 2.807 3.077 3.540 3.397 3.640 4.031 3.830 5.016 5.420 5.274 4.593 4.050 3.851 3.241 3.681 3.595 3.662 3.901 4.373 3.843 4.021 4.085 4.889 4.674 4.195 4.806 4.308 3.813 3.133 2.332 1.860 2.050 1.693 1.746 2.044 2.339 2.264 2.421 2.775 2.984 2.696 2.276 2.346 2.345 2.039 2.512 2.532 2.404 2.106 1.788 2.696 3.638 3.996
C1908x2TS026_1 0.269008 15.000 15.000 15.000 15.000 15.000 15.000 15.000 15.000 14.030 12.783 11.835 13.914 12.554 12.003 11.757 10.823 12.159 13.397 14.107 10.286 11.194 9.370 8.707 7.961 9.679 8.882 8.706 7.732 6.301 6.124 5.100 6.288 7.656 6.548 6.611 6.543 7.527 8.563 10.367 10.998 11.599 9.342 11.929 7.880 9.271 12.265 14.649 14.234 13.436 9.579 9.934 10.284 10.875 11.727 11.383 9.429 7.850 6.913 7.156 4.287 4.323 4.424 5.457 4.663 5.445 6.206 6.699 5.495 4.470 4.551 3.572 3.021 3.165 3.589 4.577 5.045 5.115 6.149 5.708 5.438 6.355 4.013 6.244 5.857 9.150 9.756 9.072 6.759 6.687 7.118 9.218 9.080 6.827 6.415 4.925 4.127 3.396 2.537 1.927 2.223 2.151 2.663 2.656 3.135 3.714 4.313 4.422 4.668 3.774 3.817 3.788 3.368 3.119 3.672 3.802 3.867 3.991 4.008 3.703 3.862 3.720
C1908x2TS103_1 0.183541 14.317 10.762 15.000 15.000 15.000 13.968 15.000 15.000 15.000 15.000 15.000 15.000 15.000 15.000 15.000 15.000 15.000 14.021 14.334 15.000 11.710 11.533 14.221 12.175 12.387 11.754 12.657 10.695 9.499 9.589 8.797 10.229 9.463 9.073 8.287 7.827 6.213 6.214 7.311 7.288 8.030 8.282 7.426 6.876 5.865 5.818 6.013 6.268 6.245 6.367 7.354 8.767 8.634 9.323 12.140 11.448 13.486 15.000 13.288 10.905 12.151 15.000 14.001 15.000 15.000 15.000 15.000 15.000 14.255 12.684 11.126 10.960 10.311 9.473 10.589 8.514 8.123 7.781 7.963 8.163 9.194 8.355 8.787 7.694 7.805 9.439 10.857 9.505 8.731 9.224 10.844 9.041 8.658 8.649 9.313 8.661 8.777 7.052 6.705 6.074 5.505 6.728 5.546 6.009 6.678 8.115 8.226 10.477 8.115 6.373 6.321 6.904 7.164 6.476 6.607 6.097 6.556 7.616 9.062 9.714 15.000
C1908x2TS067_3 0.18856 15.000 15.000 15.000 15.000 15.000 15.000 15.000 15.000 15.000 15.000 15.000 15.000 15.000 15.000 15.000 15.000 15.000 15.000 15.000 15.000 15.000 15.000 12.461 12.425 12.710 11.153 14.713 15.000 14.610 14.273 12.966 14.897 12.616 9.955 10.982 13.326 12.994 12.057 12.545 13.743 15.000 15.000 14.532 12.140 13.728 12.400 11.266 10.239 10.406 9.337 9.860 9.414 8.180 12.800 9.882 8.087 8.513 7.453 7.593 7.091 7.837 6.211 6.086 6.406 5.977 6.443 8.535 8.739 7.283 5.935 5.036 4.467 4.397 4.297 4.163 4.657 5.145 5.630 5.672 6.722 10.892 10.468 11.332 9.815 11.412 12.204 15.000 14.895 14.102 10.941 11.926 10.945 8.697 7.598 6.802 7.129 6.388 5.675 4.596 4.614 4.255 4.166 4.966 5.246 5.532 6.165 7.363 7.526 7.082 7.357 7.587 7.377 8.727 9.474 10.950 13.274 12.826 13.235 11.983 13.461 15.000
C1908x2TS215_5 0.504871 3.980 2.848 3.098 2.406 2.047 1.881 1.926 1.846 1.678 1.438 2.182 1.781 1.252 1.103 1.277 1.269 1.274 1.160 1.360 1.441 1.784 2.019 2.430 3.446 4.172 3.945 6.584 6.849 4.759 4.476 4.599 5.674 5.311 5.462 4.981 3.486 3.753 2.834 3.257 2.427 1.668 2.165 1.789 2.022 2.167 1.689 1.481 1.624 1.229 2.382 1.963 2.616 2.215 3.399 3.985 2.785 1.993 1.611 2.241 1.370 1.892 1.706 2.776 2.968 2.390 3.352 3.414 2.610 1.784 1.827 1.770 1.812 1.554 1.587 2.112 3.537 2.568 1.687 1.493 1.337 1.205 1.209 1.189 1.141 1.604 1.445 1.362 1.153 1.712 1.913 3.062 1.838 2.242 2.243 2.227 1.243 0.947 0.830 0.648 0.653 0.726 0.797 0.912 0.893 1.164 1.731 2.056 2.552 1.946 1.567 1.636 1.623 1.460 1.831 2.027 1.680 1.411 1.424 1.753 2.274 3.512
C1908x2TS073_3 0.313289 15.000 11.554 8.811 8.955 8.317 8.093 6.783 6.994 5.416 4.920 4.664 4.756 4.510 4.836 4.563 4.672 4.486 4.023 4.127 3.542 3.853 3.981 4.179 4.453 5.383 5.726 5.888 6.241 6.936 6.620 6.495 8.008 7.964 8.503 7.519 5.978 6.060 6.109 6.112 6.251 6.042 5.696 5.627 5.119 5.072 5.282 4.898 5.309 4.719 5.238 5.201 4.602 4.970 5.073 4.364 4.752 4.953 5.504 5.762 4.087 4.959 4.919 5.741 5.264 4.744 5.226 4.881 5.143 4.522 4.595 3.989 3.982 4.316 4.827 4.472 5.373 4.796 3.816 3.079 3.281 3.386 2.333 3.140 2.378 3.748 4.554 4.341 3.735 4.038 4.995 5.487 6.027 5.719 4.934 3.796 3.628 2.840 2.253 1.654 1.395 1.515 1.446 1.116 1.643 1.678 2.773 3.698 4.238 2.795 3.605 4.934 4.795 4.337 4.446 3.967 4.235 3.939 4.775 5.739 6.102 7.754
C1908x2TS228_3 0.389445 3.433 3.284 3.035 2.670 2.318 2.616 2.056 2.114 1.669 1.966 2.006 1.652 1.570 1.423 1.306 2.215 2.589 3.193 3.464 3.420 3.853 3.827 3.639 3.442 3.930 4.189 5.032 4.328 4.684 4.995 5.099 5.964 5.927 6.435 6.479 6.526 6.704 7.275 10.020 9.474 9.540 7.187 5.558 5.525 4.976 4.696 3.875 4.145 3.982 4.018 3.953 3.961 3.880 4.241 3.483 3.358 3.264 3.313 2.242 2.781 3.307 3.677 4.229 4.833 4.897 4.953 4.376 3.777 4.430 4.269 4.280 4.687 4.505 4.546 5.213 5.343 5.086 4.825 4.116 4.020 3.581 3.158 2.741 2.339 2.315 2.512 2.462 2.440 2.223 2.675 3.111 3.338 2.727 3.681 4.043 3.678 3.025 2.468 2.375 2.861 2.883 3.602 3.721 4.089 4.418 4.898 5.478 6.338 5.775 5.133 4.701 4.380 4.335 4.001 3.362 3.055 2.957 2.869 4.297 5.080 6.453
C1908x2TS003_1 0.166467 15.000 15.000 15.000 15.000 15.000 15.000 15.000 15.000 15.000 15.000 15.000 15.000 15.000 13.362 11.972 9.836 10.247 9.741 9.949 7.982 7.154 5.971 6.630 6.710 7.857 6.981 8.780 7.738 5.810 6.107 6.458 7.479 7.351 8.591 8.266 7.625 7.785 8.386 9.855 9.648 8.600 7.957 7.799 6.269 8.369 9.569 11.667 12.761 12.243 9.133 7.808 8.764 10.444 11.254 10.978 11.263 11.388 12.183 11.092 8.346 7.994 9.892 12.892 13.225 10.060 9.815 11.428 12.408 11.492 11.873 11.454 11.120 11.546 15.000 13.820 13.750 15.000 15.000 15.000 15.000 15.000 14.609 14.246 11.528 12.366 11.585 14.025 15.000 15.000 14.288 14.390 15.000 14.582 13.546 15.000 13.386 11.746 14.954 12.992 10.418 9.027 10.555 11.024 10.973 12.330 15.000 15.000 15.000 15.000 15.000 15.000 15.000 15.000 15.000 15.000 15.000 15.000 15.000 15.000 15.000 15.000
C1908x2TS210_4 0.381111 9.968 14.427 11.252 10.279 7.889 9.376 9.841 8.745 7.468 7.062 7.063 7.873 7.627 6.269 7.204 7.408 7.990 10.384 12.225 9.348 8.986 8.517 8.753 8.848 8.422 9.450 9.944 8.496 6.350 6.034 5.609 5.893 6.120 6.650 6.668 6.025 5.910 6.255 5.693 5.182 4.737 3.912 3.625 3.442 2.855 2.553 2.277 1.993 1.916 2.712 3.605 3.845 4.082 3.455 2.946 2.385 2.248 1.747 2.121 1.631 1.666 2.611 2.403 3.014 3.136 2.915 3.432 2.793 2.630 3.047 3.147 3.137 3.022 3.377 2.864 3.460 4.105 4.304 3.816 4.395 3.880 4.551 3.959 4.288 5.012 5.023 5.469 4.609 4.575 3.987 4.559 3.877 3.628 3.900 3.794 3.292 2.848 2.462 2.164 2.228 1.952 2.140 2.364 2.519 2.595 2.715 3.301 3.325 2.997 2.482 2.309 2.347 2.218 2.570 3.122 2.914 2.576 2.318 2.355 3.236 3.956
C1908x2TS432_1 0.41966 4.831 3.369 3.675 2.846 2.839 3.598 3.576 3.710 2.782 3.313 3.668 3.581 2.250 2.149 2.186 2.299 2.463 3.273 3.519 3.107 3.882 3.425 3.190 2.962 3.053 2.926 3.064 3.993 3.303 3.054 3.424 3.567 4.254 4.598 4.330 3.744 4.045 4.808 5.002 4.103 4.426 4.116 2.935 2.477 2.291 2.423 2.211 2.190 2.394 2.917 3.045 3.266 3.178 3.214 2.911 1.980 1.768 1.691 1.258 1.800 1.948 3.213 3.146 4.190 4.548 4.599 4.461 4.458 3.997 3.872 2.822 2.106 2.593 2.765 2.818 3.195 3.368 3.812 3.762 4.014 3.409 3.459 2.858 3.196 4.222 4.273 4.363 4.097 4.672 4.026 4.398 3.894 4.022 3.814 4.157 3.520 3.161 2.411 2.142 2.047 1.373 1.258 1.381 1.475 1.740 2.248 2.676 3.127 2.682 2.659 2.862 2.616 2.689 3.387 3.273 2.980 3.113 3.542 4.558 4.708 5.846
C1908x2TS131_1 0.343100975207 X X X X X X X X X X X X X X X 11.637 10.556 13.398 12.870 10.639 10.100 6.570 6.536 6.022 6.216 5.924 5.868 5.304 4.515 4.397 4.189 4.106 3.566 4.158 4.336 4.195 4.022 4.234 3.942 4.070 3.782 3.815 3.441 3.261 3.553 3.284 2.427 2.442 2.215 2.656 2.846 3.155 3.029 3.202 2.536 2.095 1.817 1.606 1.588 1.328 1.545 1.613 2.693 3.151 3.080 2.554 2.620 2.043 2.346 2.801 2.728 3.377 4.061 4.036 5.253 5.461 5.294 5.777 5.515 4.663 4.150 4.220 4.119 4.553 4.578 5.306 4.221 3.261 2.874 2.832 3.817 3.053 2.670 2.947 3.208 2.363 2.303 1.728 1.592 1.672 2.028 2.789 2.962 3.904 4.506 5.328 5.355 5.861 4.950 5.714 4.551 4.468 4.124 3.734 4.003 3.467 3.514 3.619 3.759 4.298 6.009
C1908x2TS389_2 0.418511 3.721 5.671 5.541 4.643 3.756 3.758 3.547 3.338 3.179 3.072 3.422 3.414 3.177 3.289 3.214 2.910 3.095 3.032 3.320 3.158 3.229 3.596 3.602 3.800 4.310 5.192 4.975 5.252 5.123 5.185 4.644 5.218 4.605 5.266 5.005 4.810 4.853 4.841 4.566 4.671 4.617 4.439 4.220 3.817 3.632 3.396 2.915 3.163 2.842 3.415 3.867 3.681 3.704 3.300 2.852 2.816 2.487 2.301 2.844 1.914 1.919 2.219 3.054 2.986 2.996 2.855 2.645 2.172 1.677 2.691 3.255 3.386 3.915 4.265 4.854 5.609 5.776 5.483 4.933 4.868 4.421 4.565 4.367 4.317 5.384 5.005 4.821 4.082 4.148 4.043 4.268 3.962 3.710 3.586 2.970 2.348 1.811 1.641 1.575 1.403 1.518 1.585 1.852 2.424 2.916 2.886 3.351 3.700 3.210 3.296 2.869 2.655 2.446 2.300 2.389 1.799 1.863 1.959 2.295 3.332 3.604
C1908x2TS270_1 0.469241 3.890 4.398 4.203 4.355 4.055 3.901 3.666 3.553 3.304 3.173 3.105 3.350 3.031 2.986 2.577 2.798 2.894 3.366 3.418 3.478 3.533 2.972 2.990 2.593 3.758 3.447 3.889 4.364 3.047 3.246 3.195 3.192 3.673 3.745 4.255 2.672 3.339 4.043 4.682 4.707 4.827 4.174 3.760 3.001 2.745 2.546 2.165 2.059 1.520 2.113 2.563 3.216 3.133 2.659 2.691 1.788 1.852 1.484 2.203 1.761 1.833 2.953 3.383 3.881 4.303 4.159 3.849 3.004 2.443 2.399 2.643 2.958 2.808 3.133 2.858 3.490 3.513 3.831 3.475 3.109 3.098 3.705 3.871 3.451 3.916 3.961 3.682 3.264 3.205 3.062 3.343 3.042 3.153 2.883 2.262 1.683 1.433 1.624 1.195 0.925 0.894 0.810 1.093 1.387 2.539 2.633 3.284 3.567 3.307 2.760 2.102 2.206 1.968 2.170 2.013 2.013 1.808 1.902 3.049 2.258 3.408
C1908x2TS404_4 0.239478 15.000 15.000 13.455 13.582 9.500 9.616 8.818 7.344 6.568 4.201 3.980 4.017 4.770 4.272 4.087 3.917 3.876 4.257 6.430 5.192 4.989 4.591 4.505 4.957 5.437 5.323 5.778 5.862 4.659 4.415 3.725 5.041 6.127 6.727 6.803 6.588 6.902 9.621 10.215 11.857 9.517 7.991 7.850 5.751 6.238 5.167 5.187 6.574 6.530 8.807 9.736 9.400 10.343 10.656 9.024 7.878 8.950 9.010 12.280 10.673 11.285 11.369 11.962 11.592 12.551 11.060 10.400 8.258 6.223 5.696 4.700 3.766 3.259 3.704 3.599 4.100 4.633 4.775 4.960 4.633 5.346 4.311 4.761 4.343 4.501 4.917 6.598 7.864 8.876 10.027 9.132 9.212 7.526 7.709 7.577 5.071 4.362 3.638 3.225 3.035 2.853 3.015 3.240 3.544 4.934 6.237 8.249 9.341 9.443 8.795 8.139 9.531 10.176 11.566 14.013 14.044 8.999 9.262 8.269 10.861 14.588
C1908x2TS210_2 0.440738 4.394 3.673 3.936 3.616 3.148 3.713 3.820 4.033 4.003 4.167 4.415 4.589 4.252 4.234 4.461 4.753 5.468 6.242 7.755 6.614 6.534 6.494 6.168 5.716 6.581 7.241 7.477 7.176 6.187 5.885 5.157 5.329 5.634 5.659 5.549 5.459 5.089 5.642 6.303 5.446 5.407 4.693 4.415 3.586 2.622 2.121 2.298 1.912 1.536 3.039 3.630 3.784 4.148 3.341 2.435 1.912 1.709 1.639 1.977 1.674 1.907 2.479 2.426 3.149 3.273 2.759 3.318 2.741 2.591 2.551 2.823 2.846 2.825 3.100 2.905 4.235 4.426 4.527 3.963 3.206 2.830 2.469 3.211 3.158 2.828 3.363 3.793 3.107 3.032 3.132 4.311 4.474 4.272 4.635 3.975 3.297 2.598 2.101 1.729 1.461 1.256 1.199 1.269 1.344 1.523 1.858 2.414 2.717 2.471 2.070 1.832 1.502 1.401 1.757 1.735 1.665 1.480 1.500 1.855 2.484 3.359
C1908x2TS210_3 0.385627 6.218 7.928 5.944 5.131 4.145 4.890 5.214 4.527 4.330 4.277 4.766 5.049 4.807 4.524 4.519 4.891 5.290 6.642 7.382 6.698 6.323 5.490 5.393 5.013 6.156 6.220 6.037 6.165 5.375 5.498 5.322 6.335 6.718 7.044 6.920 6.307 5.883 6.280 6.159 5.795 5.086 4.914 4.638 2.999 2.676 2.455 1.936 2.149 1.884 2.602 3.263 3.873 3.828 3.428 3.418 2.440 2.270 1.912 2.376 1.520 1.909 1.923 2.277 2.725 2.793 2.591 2.492 2.424 2.570 3.114 3.217 3.562 3.356 3.653 3.082 4.009 4.635 5.534 4.810 5.281 4.918 5.073 5.312 4.484 4.879 4.994 5.354 4.435 4.405 3.977 4.393 3.583 3.170 3.632 3.104 3.034 2.067 1.581 1.359 1.094 1.152 1.113 1.431 1.646 1.985 2.363 2.905 2.906 2.639 1.979 2.266 2.172 1.903 2.671 2.748 2.748 2.628 2.059 3.055 3.892 4.946
C1908x2TS026_2 0.26503 15.000 15.000 15.000 15.000 15.000 15.000 15.000 15.000 15.000 15.000 13.091 12.583 12.547 10.171 9.344 10.041 11.861 14.056 15.000 9.456 9.078 7.247 7.595 7.184 8.471 7.810 7.461 7.254 6.368 5.813 4.958 5.670 7.214 6.328 6.385 6.477 7.364 8.048 9.366 11.116 10.835 8.820 11.770 7.862 9.000 12.386 15.000 14.877 12.795 9.492 10.122 9.727 11.758 12.446 12.108 9.315 8.595 7.025 6.632 4.248 4.215 4.714 5.354 4.556 5.051 6.207 6.750 5.529 4.364 4.320 3.716 3.213 3.352 3.865 4.799 5.227 5.707 6.659 6.282 5.874 6.516 4.472 6.386 6.500 8.908 9.430 9.462 7.391 6.889 6.408 7.104 7.265 6.186 5.833 5.038 4.292 3.390 2.544 2.149 1.865 1.954 2.194 2.066 2.673 3.369 4.069 3.889 4.608 3.435 3.188 3.361 2.973 2.914 3.217 3.411 3.445 3.614 3.606 3.243 3.458 3.356
C1908x2TS404_1 0.25481 15.000 5.657 5.883 6.799 5.178 4.783 4.894 4.418 4.421 4.423 4.227 4.239 3.956 4.155 3.991 4.296 4.170 4.435 5.190 5.088 5.026 4.424 4.406 4.744 5.371 5.041 5.463 5.509 4.279 4.459 3.561 4.802 4.896 5.439 5.358 5.411 5.709 7.857 8.251 9.138 7.051 6.627 6.040 4.739 5.755 5.703 5.107 5.598 5.963 7.943 9.515 9.070 8.897 8.790 8.259 8.061 8.494 8.375 10.980 9.891 10.457 10.298 10.610 10.810 12.110 11.058 10.641 8.506 6.241 5.768 4.877 3.873 3.453 3.860 3.799 4.241 4.620 4.898 4.747 4.953 4.923 4.073 4.926 4.290 5.058 5.215 7.119 7.917 8.452 8.914 9.080 9.257 7.615 7.328 7.752 4.863 4.409 3.789 3.324 3.081 2.486 2.666 2.898 3.253 4.306 5.274 6.679 7.238 7.421 7.027 6.374 7.433 7.652 8.843 10.001 9.970 7.272 7.468 6.665 9.429 12.970
C1908x2TS123_2 0.365889 3.236 3.256 2.909 2.202 2.876 2.856 3.005 3.153 2.810 2.966 3.136 3.346 3.427 3.341 3.418 3.584 3.981 4.461 4.659 5.164 5.369 5.576 5.027 5.133 4.908 5.156 5.951 5.878 5.822 6.019 5.801 6.205 7.040 5.996 5.496 5.221 5.256 5.728 6.218 5.859 5.607 5.306 5.044 4.793 4.278 4.441 3.397 3.628 3.745 4.160 4.640 5.196 5.421 5.489 4.988 4.394 4.072 3.676 4.046 3.171 3.510 4.061 4.569 4.796 5.081 5.150 4.866 5.317 3.980 4.274 4.021 4.287 3.932 3.875 4.662 3.289 4.610 5.015 4.728 4.090 4.004 3.434 3.172 3.299 3.348 4.086 4.321 4.529 4.305 3.927 4.339 4.292 4.286 4.438 4.230 3.726 3.158 2.589 2.466 2.187 2.380 2.404 2.728 2.858 3.232 2.722 3.484 3.564 3.346 3.078 3.272 3.078 2.704 2.337 1.735 1.393 1.134 1.156 1.414 2.026 3.146
C1908x2TS073_1 0.344346 6.277 9.055 6.921 7.612 5.636 5.884 6.285 6.687 5.769 6.747 7.302 8.023 6.732 6.362 6.697 6.464 6.371 6.143 6.533 6.361 8.073 8.205 7.685 7.897 7.546 7.317 8.072 12.270 9.089 7.016 7.154 8.066 7.327 8.783 8.675 7.626 6.607 7.468 9.340 9.277 7.459 6.338 6.375 5.841 5.261 6.169 6.275 6.289 6.224 5.893 6.345 5.102 5.312 5.067 6.615 5.746 5.987 5.539 5.985 4.974 5.182 4.911 5.054 5.257 4.338 4.722 4.808 5.221 4.549 4.748 3.952 3.460 4.095 4.958 4.336 4.600 4.535 4.447 3.805 3.732 3.609 3.073 3.354 3.263 3.654 3.717 3.747 3.304 3.059 3.742 3.736 3.711 3.118 3.348 3.477 2.627 1.779 1.302 1.256 1.107 1.382 1.183 1.517 1.944 2.062 2.449 2.605 3.400 2.315 2.384 2.029 1.843 1.986 1.586 1.584 1.408 1.342 1.631 1.675 2.125 2.873
C1908x2TS049_2 0.24392 6.046 4.330 4.280 3.938 4.304 4.399 4.396 4.164 4.080 3.680 3.649 3.672 3.534 3.406 3.550 3.658 3.784 4.060 4.126 4.273 4.018 3.805 3.713 3.740 3.902 3.971 3.877 4.254 4.727 5.444 5.597 6.305 6.695 7.247 6.764 5.523 5.963 6.872 6.092 6.105 6.845 5.954 6.509 5.845 5.933 5.536 5.278 5.476 5.433 5.437 5.359 4.472 4.563 4.018 5.152 4.148 3.844 3.818 3.977 3.794 3.885 4.154 4.506 4.504 4.668 4.898 5.218 5.757 6.008 6.383 6.904 7.683 10.132 15.000 15.000 15.000 15.000 15.000 15.000 15.000 15.000 15.000 15.000 15.000 15.000 15.000 15.000 15.000 11.660 9.759 9.478 7.780 7.260 7.087 6.890 6.532 6.067 5.959 5.461 5.016 4.491 4.052 4.309 4.177 4.361 4.537 4.904 6.012 5.915 6.053 5.669 6.136 6.278 6.940 7.225 8.897 8.895 9.987 13.021 12.577 15.000
C1908x2TS405_4 0.381111 9.968 14.427 11.252 10.279 7.889 9.376 9.841 8.745 7.468 7.062 7.063 7.873 7.627 6.269 7.204 7.408 7.990 10.384 12.225 9.348 8.986 8.517 8.753 8.848 8.422 9.450 9.944 8.496 6.350 6.034 5.609 5.893 6.120 6.650 6.668 6.025 5.910 6.255 5.693 5.182 4.737 3.912 3.625 3.442 2.855 2.553 2.277 1.993 1.916 2.712 3.605 3.845 4.082 3.455 2.946 2.385 2.248 1.747 2.121 1.631 1.666 2.611 2.403 3.014 3.136 2.915 3.432 2.793 2.630 3.047 3.147 3.137 3.022 3.377 2.864 3.460 4.105 4.304 3.816 4.395 3.880 4.551 3.959 4.288 5.012 5.023 5.469 4.609 4.575 3.987 4.559 3.877 3.628 3.900 3.794 3.292 2.848 2.462 2.164 2.228 1.952 2.140 2.364 2.519 2.595 2.715 3.301 3.325 2.997 2.482 2.309 2.347 2.218 2.570 3.122 2.914 2.576 2.318 2.355 3.236 3.956
C1908x2TS404_5 0.255795 15.000 7.407 7.205 8.050 6.156 5.198 4.997 5.081 4.808 4.473 4.321 4.254 3.960 4.139 4.164 4.205 4.842 4.603 5.349 5.747 5.399 4.510 4.694 5.133 5.881 5.734 6.009 6.465 5.266 4.667 4.071 4.868 5.252 5.875 5.656 5.986 5.610 7.161 6.881 8.060 6.563 6.843 6.545 5.483 6.319 6.049 5.739 6.618 6.271 8.276 9.680 9.652 10.030 10.293 9.328 8.067 8.927 8.023 10.699 9.205 9.773 10.052 9.975 10.075 11.270 10.435 10.126 8.278 6.274 5.964 5.003 4.290 3.785 3.917 4.069 4.543 4.782 5.046 5.108 5.040 4.977 4.375 4.930 4.461 4.647 4.962 6.974 7.530 8.510 9.031 8.682 9.083 7.411 7.310 8.421 5.088 4.581 3.585 3.183 2.820 2.261 2.358 2.944 3.055 4.260 5.088 6.233 7.159 7.829 7.109 6.880 7.915 7.669 9.181 10.454 11.211 7.559 7.671 7.021 10.259 14.250
C1908x2TS210_1 0.404733 4.831 7.693 5.655 6.111 5.168 5.705 5.538 5.373 5.332 5.208 5.694 5.992 5.482 4.906 5.579 5.473 6.407 6.670 7.931 7.272 6.501 5.942 6.910 5.905 5.974 7.330 8.034 7.565 6.563 6.623 5.995 6.082 6.148 6.499 6.799 6.493 6.423 6.620 6.683 6.003 5.893 4.773 4.513 3.999 3.386 3.648 3.170 3.208 2.395 3.603 4.270 4.483 4.466 3.952 3.282 2.661 2.784 1.989 2.646 1.898 2.293 3.057 2.900 3.352 3.562 3.117 3.962 3.013 2.807 3.077 3.540 3.397 3.640 4.031 3.830 5.016 5.420 5.274 4.593 4.050 3.851 3.241 3.681 3.595 3.662 3.901 4.373 3.843 4.021 4.085 4.889 4.674 4.195 4.806 4.308 3.813 3.133 2.332 1.860 2.050 1.693 1.746 2.044 2.339 2.264 2.421 2.775 2.984 2.696 2.276 2.346 2.345 2.039 2.512 2.532 2.404 2.106 1.788 2.696 3.638 3.996
C1908x2TS345_5 0.477882 3.693 3.113 3.048 2.974 2.440 2.346 1.676 1.724 1.704 1.350 1.252 1.309 1.154 0.962 1.018 1.123 1.507 1.539 1.851 1.748 2.350 1.917 2.089 2.329 2.624 2.228 3.104 2.600 2.151 2.177 1.963 2.572 3.149 3.527 3.868 3.920 3.830 4.335 3.933 3.336 3.162 2.787 3.801 2.532 2.840 2.792 2.954 3.133 3.620 4.620 5.007 5.559 6.036 5.724 5.772 5.442 5.420 5.493 5.556 4.674 4.291 4.276 4.573 4.572 4.545 4.583 4.676 4.153 2.983 2.794 2.751 1.846 2.397 2.584 3.005 3.603 3.960 3.153 3.066 3.634 4.841 3.899 4.822 3.893 5.624 5.517 6.164 5.448 4.964 5.717 5.947 5.239 4.072 4.846 3.638 2.822 2.224 1.679 1.448 1.434 1.148 1.196 1.267 1.742 1.851 2.266 2.888 3.448 2.786 2.224 2.227 2.141 1.941 2.028 2.194 2.270 2.276 1.804 1.500 3.097 3.698
END
