PFRMAT QA
TARGET C1908
AUTHOR 5229-7541-3942
REMARK Graph-QA
METHOD Graph-QA
METHOD -------------
MODEL 2
QMODE 2
C1908TS003_1 0.155 13.578 10.86 12.371 10.695 11.158 12.106 10.221 9.384 10.174 8.999 8.829 8.834 8.765 6.419 6.908 7.382 6.904 6.711 7.226 7.175 6.516 
7.018 7.471 6.906 7.1 8.497 9.432 9.096 9.037 9.074 9.474 9.283 8.72 8.922 9.007 9.091 9.14 8.838 8.826 9.484 10.164 10.203 
9.03 8.874 9.902 8.199 7.189 8.052 7.485 7.085 7.25 8.202 7.293 7.521 8.025 8.995 8.986 9.641 9.192 9.043 9.141 8.906 9.171 
9.454 8.975 8.746 9.262 9.414 9.385 9.616 10.31 9.838 10.422 10.117 8.355 8.321 8.432 8.81 9.481 9.584 9.151 9.225 9.345 9.372 
9.428 10.071 9.133 8.745 8.09 8.078 8.413 7.528 7.73 7.594 8.205 7.106 8.211 8.538 8.464 9.103 10.411 9.922 8.937 10.783 11.999 
10.958 10.31 12.261 10.172 10.367 10.852 10.024 9.718 10.587 10.646 9.823 10.255 10.445 9.642 9.451 9.145 
END



