PFRMAT QA
TARGET C1907
AUTHOR ModFOLD8_rank
METHOD ModFOLD version 8.0 (a single model quality assessment method)
METHOD -------------
MODEL 2
QMODE 2
C1907TS213_1 0.5864892 17.89001 13.77656 9.44598 9.08522 7.68628 7.01439 6.29547 5.75140 4.92797
4.25495 3.66999 3.03260 2.47467 2.58102 2.62414 2.49385 2.42748 2.72021 2.80912 2.89684 3.36777
3.66539 4.47588 4.75838 4.59449 4.14663 3.38788 2.73932 2.74324 2.63621 2.19685 2.31427 2.40896
2.25687 2.05207 2.17867 2.10197 1.94469 2.07859 2.26208 2.42743 2.52131 2.62877 3.01367 3.93576
4.83850 4.80205 4.57419 5.00172 5.15845 5.98117 7.23690 7.93794 8.81985 9.70071 9.84756 11.06645
10.80496 13.13497 16.26497 19.77162
C1907TS213_2 0.5848944 17.64934 13.57111 9.40103 9.11880 8.60973 7.98598 7.19733 6.02864 5.17585
4.32680 3.65197 3.00208 2.47666 2.62190 2.69162 2.54573 2.56085 2.84524 2.97639 3.19595 3.61278
3.85833 4.71313 4.98575 4.73065 4.36877 3.52658 2.83861 2.78861 2.71394 2.19131 2.32761 2.39160
2.24805 2.08919 2.14310 2.02948 1.89967 1.96843 2.09776 2.26460 2.42606 2.43297 2.63804 3.34655
4.20260 4.35305 4.13649 4.59565 4.79338 5.37420 6.30811 7.00972 7.65810 8.61318 8.62867 9.62993
9.49337 11.93461 14.97899 18.77120
C1907TS213_3 0.5845506 17.84466 13.80991 9.46794 9.40914 9.01269 8.47713 7.28293 6.32800 5.31982
4.28117 3.67998 3.10296 2.51400 2.60265 2.65695 2.53870 2.59480 2.87120 2.96983 3.11495 3.56321
3.88477 4.60093 4.86456 4.59210 4.21951 3.36869 2.79288 2.75220 2.67949 2.21054 2.34609 2.39049
2.24418 2.00108 2.06181 1.95493 1.85528 1.95463 2.16496 2.30062 2.39052 2.55527 2.86473 3.66308
4.47843 4.60316 4.47069 4.87480 5.08258 5.84887 7.48909 8.55723 9.50221 10.22783 10.16214 11.47059
11.10740 13.69929 16.64327 20.00862
C1907TS213_4 0.5833837 17.82987 13.76011 9.23236 8.69321 7.86950 7.06231 6.44632 5.77182 4.87162
4.18702 3.58886 2.96930 2.45222 2.61572 2.70712 2.60575 2.54334 2.80922 2.94073 3.04323 3.55893
3.85174 4.60088 4.86804 4.75370 4.32015 3.43988 2.83474 2.77817 2.70441 2.24296 2.41097 2.42366
2.32992 2.12283 2.19174 2.08737 1.94324 1.98089 2.12781 2.26655 2.36655 2.47473 2.68342 3.42125
4.20851 4.41669 4.17839 4.64116 4.78289 5.51896 6.71361 7.65197 8.52731 9.52498 9.77301 11.14713
11.04570 13.75848 16.82869 20.45741
C1907TS213_5 0.5821867 17.50499 13.28814 9.01681 8.68930 7.46364 6.84829 6.16621 5.55404 4.78005
4.06533 3.54303 2.94695 2.42341 2.56674 2.66970 2.49701 2.45308 2.73896 2.85026 2.91557 3.41690
3.74713 4.59273 4.89688 4.74830 4.27962 3.48272 2.77390 2.75402 2.74852 2.29325 2.41339 2.47237
2.32479 2.14028 2.26852 2.19665 2.06730 2.15059 2.31180 2.45892 2.54441 2.58049 2.82746 3.70017
4.66011 4.65538 4.46069 4.79966 5.07435 5.75691 7.11346 7.95902 8.82311 9.84477 10.27369 11.42824
10.93382 13.95337 16.48622 20.13865
C1907TS087_2 0.5734013 18.01277 13.48392 9.03827 7.41373 5.61935 4.52692 3.95857 3.64282 3.51497
3.19036 3.11500 3.16825 2.96596 2.75969 3.01031 3.06436 2.84177 3.09860 3.16419 3.23485 3.42737
3.70574 4.28638 4.70679 4.64121 4.49125 4.02527 3.38031 3.06883 2.89256 2.47003 2.53485 2.60898
2.32784 2.07886 2.12438 2.10532 1.98302 1.99314 2.28012 2.51131 2.68491 3.01533 3.30105 3.96669
4.53277 4.95497 5.74697 5.90150 6.07441 7.29118 7.31384 7.49522 7.00875 6.93164 7.11157 8.16064
7.80557 9.07622 11.14588 13.04825
C1907TS273_3 0.57292277 17.78265 14.21196 9.26973 9.12130 7.76551 6.92396 6.32601 5.78806 4.93246
4.36196 3.78895 3.23950 2.63028 2.75407 2.79876 2.64908 2.59652 2.84760 2.89822 2.98710 3.51374
3.77209 4.56190 4.83300 4.57211 4.14984 3.31274 2.71104 2.70169 2.51791 2.09556 2.31286 2.43496
2.27997 2.04480 2.20737 2.21397 2.18919 2.24441 2.44639 2.66206 2.82518 2.79052 2.90530 3.52824
4.36196 4.62817 4.57076 5.04110 5.09962 5.65521 6.74950 7.68929 8.30005 8.92217 8.83287 9.67505
9.93180 11.65081 15.02513 16.46844
C1907TS273_1 0.56930524 14.71756 12.76504 9.11764 7.78007 5.48380 5.47553 4.66595 4.67551 3.84129
3.48471 3.14781 2.85107 2.39982 2.27226 2.46299 2.37621 2.18410 2.41647 2.64503 2.72085 2.97923
3.07401 3.59810 3.89946 4.32523 4.32668 3.95939 3.30800 3.14347 2.64901 2.28907 2.56091 2.45472
2.20187 2.17468 2.31058 2.27634 2.20388 2.24866 2.59430 2.81294 2.97043 3.42660 3.82767 4.89600
6.25358 6.98713 7.79634 7.99483 7.60516 7.79573 8.47143 9.36172 10.81510 12.08427 12.58079
13.63260 12.89245 13.72157 16.03433 16.67473
C1907TS414_5 0.569005 13.91017 10.50213 7.98354 5.82740 4.07477 3.63407 3.29773 3.04372 2.87253
2.85307 2.86101 2.82322 2.71273 2.66692 2.66808 2.55367 2.56141 2.67608 2.79581 2.92929 3.01886
3.13093 3.92115 4.57045 5.12023 4.79587 4.19401 3.52500 3.17619 2.76360 2.31193 2.35082 2.38486
2.24309 2.06936 2.22020 2.22788 2.13604 2.20127 2.45705 2.73620 2.99324 3.41322 3.72433 4.27544
5.46355 5.59330 6.27866 6.77020 6.41039 6.72560 7.06547 7.51937 8.09847 8.94023 8.64853 10.32710
10.43680 12.41885 14.45542 17.20738
C1907TS414_4 0.56787837 13.13575 10.77020 7.49773 6.20004 4.75176 4.27206 3.86038 3.52598 3.25031
3.21160 3.25738 3.13763 2.94356 2.92613 3.03465 3.02323 3.02334 3.15663 3.32130 3.47686 3.59514
3.65548 4.28545 4.33464 4.50450 4.57816 4.27568 3.87567 3.41291 3.00904 2.49170 2.66900 2.61664
2.18360 2.13194 2.24977 2.17513 2.10598 2.23026 2.50595 2.80091 3.33502 4.14743 5.02116 5.45207
5.23746 5.09477 5.28576 5.96907 6.50683 6.89696 8.00383 8.56491 9.65623 10.55661 10.70799 11.68807
11.02440 12.33412 13.68806 15.24028
C1907TS414_1 0.5658232 12.55871 9.54892 7.62522 5.70255 3.95864 3.42096 2.93884 2.87194 2.64811
2.71697 2.70300 2.59021 2.50625 2.46575 2.49054 2.49354 2.41058 2.56102 2.64050 2.79361 2.95211
3.12278 3.78181 4.67041 5.22179 5.48088 5.15856 4.11037 3.31239 2.98218 2.32501 2.45218 2.48864
2.25218 2.10703 2.26103 2.23160 2.18219 2.20011 2.37894 2.74119 3.09462 3.66597 3.87052 4.26088
5.70886 5.66247 6.65826 7.44653 7.06183 7.54569 9.09364 9.62387 10.35754 12.04630 11.48227
12.74711 13.10666 15.09039 16.14322 17.90561
C1907TS273_2 0.56232363 15.36081 13.03945 9.19933 7.82737 5.57915 5.46432 4.59565 4.65890 3.89373
3.52032 3.18415 2.90880 2.48869 2.34760 2.51689 2.40298 2.20636 2.45183 2.71115 2.81526 3.31006
3.60486 4.10554 4.42773 4.69049 4.56893 4.12979 3.42562 3.23359 2.78861 2.34914 2.58662 2.42600
2.16148 2.16654 2.29582 2.24591 2.19416 2.23919 2.53813 2.72908 2.85393 3.16669 3.40261 4.36316
5.56428 6.44101 7.30311 7.71006 7.37251 7.66031 8.22569 8.99137 10.36376 11.58256 12.11252
13.34630 12.62582 13.33085 15.97771 16.48476
C1907TS240_2 0.5584534 17.04551 13.55331 9.19610 7.56366 5.31858 4.51654 4.15845 3.87125 3.61598
3.54176 3.41532 3.26447 3.12529 3.10784 3.06273 3.02605 3.16971 3.20460 3.24275 3.31249 3.20573
3.30576 3.99011 4.66405 5.85520 5.87969 5.19924 4.36598 3.78469 3.05634 2.56093 2.63303 2.53643
2.34769 2.22669 2.29648 2.20205 2.23779 2.31441 2.51432 2.60733 2.76836 3.55759 3.31541 4.22143
4.51901 4.76369 4.62740 4.78011 4.55386 5.03654 5.70500 6.31756 7.03030 6.74583 7.01163 7.21104
7.07091 8.24188 10.28122 11.78189
C1907TS369_5 0.55432904 15.41309 12.48373 9.41024 7.31203 6.15713 5.15027 4.52714 4.02695 3.56028
3.30462 3.33791 3.02754 3.03795 3.05271 3.13068 3.19261 3.11607 3.24522 3.33195 3.54140 3.69406
3.87723 4.23351 4.49929 4.35835 4.37735 3.97781 3.89674 3.67821 3.31043 2.94051 2.92205 2.81316
2.48101 2.32168 2.50253 2.35373 2.14249 2.20443 2.45760 2.52646 2.82406 3.34579 4.16361 4.75938
4.70163 4.51639 5.23926 5.56271 5.94797 6.67006 7.41321 8.15207 8.88777 10.03001 9.75030 10.76842
11.00168 12.22773 12.63029 14.63688
C1907TS087_1 0.54979014 15.26809 13.64698 10.90212 9.27027 7.29696 5.45029 4.59995 3.73222 3.41860
3.14976 3.15882 3.18152 2.98845 2.79921 3.01160 2.97845 2.92783 2.97239 3.09065 3.20823 3.41259
3.53655 4.41465 4.73399 4.79817 4.24679 3.64944 2.95374 2.80126 2.67034 2.24966 2.30508 2.41500
2.25081 2.04165 2.17812 2.17245 2.12837 2.15319 2.40730 2.78353 3.09247 3.58802 3.80849 4.88987
5.72456 6.55842 7.41739 7.90115 7.36103 7.70688 8.58595 9.70399 10.31432 10.97587 10.74868
11.56331 11.60296 12.89187 15.71577 17.58219
C1907TS240_5 0.54889214 15.77705 11.80625 9.13683 6.95642 4.88149 4.48225 4.03438 3.85254 3.59499
3.85188 3.69062 3.52686 3.36625 3.31870 3.21127 3.05355 3.10609 3.17880 3.23024 3.28824 3.28229
3.29197 3.97205 4.73478 5.76215 6.00825 5.39697 4.71287 4.05401 3.32968 2.80062 2.78145 2.65337
2.41646 2.30063 2.35336 2.24937 2.22088 2.30867 2.50260 2.69852 3.08285 4.06295 3.78830 4.90947
5.26793 5.64994 5.47606 5.78439 5.20084 5.94354 6.67390 7.39007 8.06435 7.95465 7.78752 7.69087
7.62336 8.29932 10.34932 12.10812
C1907TS349_2 0.5430887 19.74039 15.74863 10.24033 8.92396 7.22463 5.45984 4.72506 3.82289 3.27405
2.82315 2.69932 2.63869 2.36925 2.28820 2.34476 2.33435 2.28449 2.35993 2.43659 2.51074 2.58566
2.79328 3.27115 4.21741 4.66693 4.41208 3.98368 3.57827 3.26076 2.97049 2.62085 2.65707 2.73983
2.71585 2.55175 2.51130 2.67385 2.60534 2.72029 2.95622 3.14474 3.26254 3.67956 4.15909 5.21823
6.16646 6.70381 7.69985 8.22274 7.97023 8.49922 8.77692 8.89316 8.42856 7.70212 7.73159 8.43812
8.68249 9.09661 12.63219 14.81263
C1907TS240_1 0.5424902 18.78582 14.22931 9.85440 7.55667 5.53794 4.80884 4.41105 4.17981 3.88263
3.80982 3.64372 3.46290 3.30914 3.30139 3.22181 3.12453 3.24859 3.29264 3.30871 3.38542 3.26980
3.32502 3.95208 4.70571 5.91327 6.08448 5.41005 4.53750 3.94141 3.21018 2.68368 2.74672 2.65861
2.49280 2.38767 2.46870 2.38792 2.39655 2.44649 2.62731 2.73258 2.85923 3.76236 3.57556 4.59415
4.92399 5.24345 5.09747 5.11269 4.86466 5.44710 6.09984 6.85887 7.41759 7.27800 7.58688 7.68509
7.71984 8.79002 10.95758 12.52605
C1907TS010_4 0.53484404 21.09032 16.08170 11.54179 11.60248 11.13509 9.89337 8.87889 7.64403
6.49770 5.35918 4.69078 4.05324 3.34733 3.48354 3.45513 3.24912 3.16603 3.48604 3.47640 3.51946
3.97127 4.15804 5.07278 5.40589 5.01253 4.69907 3.91399 3.30956 3.18346 2.98871 2.54572 2.67574
2.70887 2.55487 2.25544 2.29796 2.25275 2.17227 2.26144 2.47301 2.74140 3.00873 3.10594 3.29594
4.08132 5.07989 5.34374 5.23329 5.75600 5.95535 6.78380 8.56510 9.56764 10.13425 10.83981 10.50134
11.47119 11.44997 13.13456 16.12373 17.35104
C1907TS152_2 0.53419626 14.71634 10.67306 8.86306 6.10303 4.51894 3.88164 3.42864 3.19854 3.02054
3.06146 3.00841 2.94670 2.77590 2.73745 2.76873 2.77578 2.86006 3.03722 3.14615 3.26359 3.43962
3.71200 4.55667 5.26762 5.13026 4.97520 4.23606 3.52939 3.01639 2.79442 2.42970 2.46828 2.46117
2.34972 2.24114 2.40946 2.35035 2.30657 2.57419 2.92412 3.29328 3.78255 4.45047 5.14463 5.80472
6.10003 5.64594 5.74372 6.64351 7.17480 9.17043 10.47482 11.45408 11.43440 10.17504 10.59860
11.06226 12.39199 13.70922 16.83885 18.73346
C1907TS414_2 0.533666 15.02928 13.36945 10.17832 7.21606 5.17670 4.63657 4.20609 3.80324 3.52235
3.37799 3.28700 3.17797 3.07860 3.03001 3.08994 3.00995 2.98842 3.03721 3.14991 3.23424 3.20076
3.24288 3.84873 4.19871 4.59343 4.65669 4.10676 3.75373 3.33978 2.92993 2.45250 2.59663 2.62232
2.30078 2.25735 2.39727 2.34431 2.30926 2.51356 2.81842 3.08666 3.41311 3.85018 4.32810 4.99707
6.03551 6.10182 7.25970 7.76133 7.62455 7.40572 8.10896 9.29557 10.19240 11.21435 11.58747
12.87571 11.40645 12.84147 13.33396 14.75535
C1907TS240_4 0.5334302 14.42967 11.54346 8.72364 6.66624 4.92096 4.34165 3.90938 3.74212 3.56275
3.74583 3.65216 3.45964 3.34384 3.29191 3.20725 3.06731 3.20921 3.22310 3.23560 3.19523 3.24308
3.43029 4.02128 4.83977 6.01061 5.73471 4.88452 4.31357 3.72305 3.23104 2.65620 2.71530 2.60240
2.38106 2.20771 2.28546 2.19147 2.12213 2.24250 2.51356 2.77138 3.17222 4.22665 3.94096 5.27103
5.63077 5.87038 5.59939 5.76316 5.39885 6.57768 7.38185 8.12996 8.55473 9.53541 9.75198 10.03002
9.97385 10.93213 12.74885 14.08643
C1907TS010_2 0.53269196 17.24084 14.44004 11.63432 10.32311 7.65001 7.67148 6.43069 6.05067
5.02047 4.30142 3.91995 3.51995 2.93516 2.72466 2.79772 2.64084 2.38719 2.59587 2.81811 2.98094
3.45863 3.73006 4.21712 4.74861 5.11134 4.99283 4.44666 3.65444 3.37334 2.96610 2.61716 2.88487
2.76623 2.51002 2.47926 2.59237 2.57301 2.61836 2.77533 3.07940 3.30770 3.47543 3.92719 4.26871
5.46677 6.73076 7.40815 8.04159 8.11176 7.87284 7.97981 8.90976 9.50078 10.98636 12.12535 12.65206
13.44263 12.69751 13.53250 16.11263 16.69487
C1907TS010_1 0.53251076 14.99627 13.14193 10.85083 7.49877 5.81385 4.76713 4.15850 3.77765 3.61117
3.54811 3.35253 3.19228 3.08142 2.94954 2.84195 2.81032 2.68830 2.71296 2.66076 2.58632 2.66446
3.04974 3.74615 5.26003 5.76503 6.72741 6.18944 4.85880 3.94810 3.23562 2.91778 3.29916 3.15510
3.03473 3.20143 3.35486 3.14224 3.08742 3.44331 3.72911 4.07580 3.89140 4.29379 4.49827 5.44183
6.35232 6.71482 7.55365 8.02686 7.64922 7.84612 8.99608 9.69501 10.77511 11.71615 11.85082
13.18135 12.28761 13.81310 16.14095 17.89491
C1907TS414_3 0.5324464 13.62013 9.56471 7.81710 6.34846 4.84420 4.10067 3.74778 3.33744 3.15948
3.20639 3.12579 3.03113 2.97632 2.89206 2.93196 2.93680 2.97082 3.03087 3.09779 3.10368 3.14669
3.19643 3.89988 4.41694 4.93994 4.82609 4.34029 3.74731 3.38772 3.14720 2.69928 2.67741 2.81794
2.65719 2.49970 2.71001 2.75092 2.63224 2.73317 3.04065 3.36488 3.76483 4.72704 5.18282 5.82763
7.70508 7.38821 7.98742 9.73093 9.57286 10.02619 10.70381 10.48212 11.08744 11.57026 11.64030
12.16303 11.97928 13.94150 15.29054 16.39940
C1907TS413_2 0.52947503 13.70852 10.05131 8.10100 6.33928 4.94348 4.13517 3.65554 3.31833 3.16758
3.15542 3.06249 3.03407 2.93266 2.87503 2.93776 2.96750 3.01260 3.15222 3.20192 3.25759 3.43709
3.72463 4.56391 5.38142 5.31701 5.32127 4.59396 3.86814 3.39483 3.11942 2.77776 2.81071 2.82328
2.66733 2.48238 2.64547 2.59905 2.50072 2.68045 3.00846 3.36956 3.67605 4.34041 5.03671 5.43453
5.66790 5.08651 5.44368 5.93999 6.96180 8.54318 10.54051 11.34387 11.33551 11.03949 12.45596
12.46759 12.95383 15.31547 18.19898 18.63273
C1907TS389_4 0.5282462 17.52788 13.44128 12.74119 9.14690 8.13429 6.27900 5.39467 4.56470 3.84161
3.65652 3.49802 3.35336 3.05676 3.18909 3.16322 3.02746 3.01961 3.03583 3.03073 3.18966 3.40135
3.63608 4.01051 4.26696 4.11515 4.00836 3.77456 3.47739 3.25789 2.92449 2.83475 2.73289 2.79902
2.55349 2.55872 2.55954 2.42934 2.36296 2.56498 3.08960 3.33945 3.39026 4.02634 4.84478 5.07724
5.36644 5.89630 6.99808 8.44976 9.09641 10.43511 12.00965 13.91419 16.04619 18.28358 17.10395
17.99459 17.20380 18.73023 17.57527 19.14367
C1907TS010_5 0.5275408 17.60421 14.01933 9.71562 9.59626 8.06018 7.80770 7.05963 6.52723 6.00904
5.96981 5.20387 4.60693 4.21027 4.01621 3.92658 3.71684 3.56115 3.65288 3.78012 3.72477 4.08169
3.96164 4.73884 5.24371 4.83382 4.53210 3.89810 3.49518 3.17995 2.75957 2.34317 2.46939 2.43390
2.17650 2.21849 2.29078 2.33240 2.43067 2.40125 2.61778 2.93592 3.07674 3.10540 3.35600 4.12462
5.50575 6.19426 7.61424 7.58608 7.00593 7.98658 8.69122 9.36006 9.97373 10.68088 10.37552 11.09418
11.08143 13.88018 16.40602 18.14478
C1907TS456_1 0.5259733 11.59217 8.39055 6.74648 4.84604 4.07296 3.39554 3.05617 2.98096 2.81531
2.50306 2.53427 2.59774 2.54009 2.42995 2.70266 2.73977 2.68753 2.77230 2.96027 3.04434 3.26444
3.59991 4.10534 5.41224 7.00962 6.22511 6.72000 5.10155 4.80757 3.90259 3.51869 3.61819 3.28144
3.12351 3.30531 3.23810 3.00398 2.68159 2.84757 2.94715 3.24915 3.60281 4.22180 4.86131 5.28961
4.83323 5.23367 5.65204 6.69157 7.85073 8.72679 9.63556 10.15190 9.56948 9.35894 9.09324 9.59801
10.33816 11.93967 13.38081 15.48900
C1907TS073_4 0.5246128 14.19605 11.42267 8.84785 7.12559 5.73624 4.52391 4.17839 3.74861 3.42241
3.37910 3.27634 2.99587 2.93858 2.88373 2.84773 2.70468 2.63417 2.69276 2.86229 3.12447 3.30666
3.38779 3.67619 4.26560 4.90868 4.65441 4.72440 4.07825 3.45178 3.09561 2.51834 2.70711 2.74526
2.41073 2.35907 2.52990 2.48907 2.39675 2.60511 2.94265 3.14365 3.37130 3.68752 4.21141 4.85777
6.23647 6.85485 6.59788 7.49047 7.37222 8.35256 10.29137 10.68502 12.85575 13.55076 14.04837
13.47699 13.40240 14.73967 15.78820 17.83553
C1907TS073_5 0.5245097 15.70819 12.18071 9.45729 7.83368 6.33512 4.69380 3.89247 3.50447 3.02956
2.88912 2.86598 2.63389 2.58449 2.56630 2.65372 2.46964 2.33983 2.40338 2.57799 2.74615 2.96295
3.02157 3.32620 3.87512 4.52649 4.45640 4.29432 3.93719 3.38447 3.04485 2.46850 2.63858 2.60030
2.24809 2.12734 2.31589 2.29901 2.25545 2.37702 2.75135 3.01860 3.37259 3.71035 4.36321 5.38544
7.06101 7.80274 8.35874 9.54749 9.23733 9.81931 10.62469 12.04118 13.01662 13.95167 14.33701
14.29587 14.08118 14.40126 16.15610 18.63603
C1907TS456_5 0.5242763 16.59195 13.42960 10.48956 7.71378 7.07521 5.27959 4.59496 4.12561 3.92343
3.62983 3.28252 3.38078 3.33540 3.21732 3.23745 3.28643 3.30257 3.39220 3.48760 3.62471 3.89287
4.54000 4.62760 6.27063 7.01955 7.25190 7.87306 7.00149 5.69804 4.50798 4.46593 4.10377 3.52312
2.77382 2.55107 2.57840 2.40285 2.24906 2.35899 2.45831 2.52632 2.57947 3.26611 3.91924 4.01652
3.95950 3.53199 3.87106 4.44773 4.99718 5.94860 7.10052 8.31822 8.96989 9.90385 10.51560 11.44764
11.14759 13.19026 14.36835 15.98560
C1907TS456_4 0.5224659 14.45203 12.49593 10.72520 7.14880 5.36738 4.24781 3.57835 3.17112 2.87623
2.70765 2.63489 2.56106 2.53221 2.48547 2.43525 2.31838 2.23969 2.43082 2.60393 2.70831 2.96773
3.17574 4.00162 5.34297 5.65183 5.80918 5.64010 4.70767 3.94869 3.14279 2.84101 3.03505 2.71554
2.66020 2.81828 2.75581 2.48540 2.45961 2.66074 2.83358 2.92078 3.16472 3.88057 4.46223 4.59315
4.09665 4.22121 4.99717 6.26510 7.93665 9.22267 10.36987 10.77104 11.04554 12.79400 12.88455
12.66022 12.28017 13.11165 15.14526 17.60564
C1907TS413_5 0.5220989 14.74829 10.80115 9.05684 6.72956 4.83892 4.06123 3.58008 3.28733 3.06723
3.09575 3.01259 2.97019 2.84594 2.80463 2.82462 2.79886 2.80865 2.98249 3.13201 3.23745 3.39950
3.63873 4.51797 5.28051 5.32988 5.27519 4.57862 3.91461 3.47394 3.21490 2.91466 2.88128 2.86650
2.69442 2.45698 2.59209 2.52622 2.41299 2.55316 2.87822 3.23182 3.59686 4.27261 5.14177 5.50371
5.70397 5.24174 5.55024 6.24811 7.43634 9.38622 11.97415 12.20039 12.52641 10.88629 11.84846
11.40757 13.04202 14.58915 17.51392 17.74633
C1907TS152_1 0.5219602 14.77524 10.39376 8.73151 6.48874 4.91816 4.22751 3.77277 3.47986 3.34613
3.39810 3.28755 3.21307 3.08965 3.02264 3.05059 3.07422 3.10871 3.24666 3.27533 3.28048 3.45403
3.73637 4.44357 5.16588 5.09853 5.06870 4.35311 3.64402 3.13627 2.89034 2.54042 2.50496 2.51073
2.38830 2.20562 2.37434 2.34369 2.29388 2.53987 2.95063 3.40506 3.86094 4.68222 5.62557 6.16576
6.30600 5.77924 6.18842 7.50487 8.43766 10.39056 12.34330 12.35115 12.47642 11.16643 11.57806
12.15118 12.54421 13.83614 17.28083 18.17042
C1907TS240_3 0.5219207 15.37760 13.53217 9.99930 7.60891 5.05821 4.39435 4.00571 3.85183 3.65971
3.86876 3.77975 3.59342 3.47486 3.47989 3.44506 3.29624 3.39241 3.39686 3.33162 3.20992 3.28803
3.40858 4.10554 4.75042 5.40121 5.15200 4.76710 4.34411 3.88321 3.50701 3.05266 3.18214 3.02195
2.78041 2.59112 2.58490 2.44095 2.39021 2.54861 2.85749 3.17862 3.47191 4.69356 4.32736 5.54052
5.86072 6.10569 6.23693 6.81270 6.31516 7.73493 8.04695 9.47465 9.58296 11.06989 11.24576 11.28529
10.91311 11.76598 13.38561 14.64923
C1907TS413_1 0.52143776 14.30460 10.26660 8.33703 6.24627 4.76284 4.12108 3.69672 3.38148 3.23733
3.23135 3.14836 3.08737 3.00799 2.92518 2.96280 2.94347 2.97977 3.12455 3.18460 3.23906 3.39189
3.62746 4.38819 5.12991 5.13225 5.09414 4.41713 3.73132 3.33447 3.10831 2.82168 2.87734 2.90974
2.76704 2.57797 2.73469 2.67560 2.57225 2.76422 3.06431 3.43228 3.81000 4.57654 5.41470 5.97378
6.17498 5.62197 6.02410 7.42662 8.72975 10.28834 13.14077 13.63793 14.73706 14.77617 13.09031
15.27644 14.14140 16.52311 17.47913 18.57241
C1907TS349_5 0.52127093 19.92210 16.15430 10.52200 8.57249 6.57472 5.04373 4.77609 3.94279 3.61074
3.41468 3.34541 3.16793 2.88947 2.82520 2.73201 2.61237 2.47226 2.49547 2.54507 2.61387 2.71402
2.93642 3.42477 4.41959 4.78664 4.43664 3.98180 3.56516 3.41125 3.20309 2.91206 2.84329 2.81306
2.76313 2.64859 2.62743 2.73908 2.72119 2.81221 3.11821 3.38090 3.49520 4.03817 4.40707 5.58991
7.30356 8.29273 9.06503 9.41897 9.34076 9.82324 10.70205 11.52047 12.14149 13.42319 12.91780
13.46056 13.29700 13.31225 15.06850 16.71229
C1907TS258_1 0.5211084 20.52681 20.07952 15.85748 15.51841 14.20171 11.03118 8.76931 7.07306
5.45877 4.47737 4.02074 3.80696 3.71022 3.56129 3.51995 3.28217 3.36054 3.36317 3.44257 3.54706
3.78273 4.25866 4.99452 5.47727 4.85299 4.57276 4.03588 3.71669 3.30792 2.73728 2.55041 2.43287
2.46436 2.26491 2.24978 2.25443 2.22844 2.16013 2.25903 2.54553 2.86891 3.34499 3.99321 5.00308
5.19337 4.96900 4.49189 5.16614 6.76926 8.09738 9.44946 11.45518 11.81174 12.10241 12.94942
10.91649 12.00270 12.06663 14.68450 14.94853 15.39234
C1907TS369_2 0.5208315 18.24361 13.82721 9.72278 8.20186 6.39513 5.65179 5.06322 4.50712 4.22119
4.13064 4.06432 3.95655 3.87572 3.84814 3.68580 3.64725 3.88086 3.95204 3.95606 4.00820 4.16278
4.23794 4.62009 4.79651 4.96478 4.69825 4.69667 4.54799 4.18320 3.84310 3.37973 3.38392 3.33669
3.12899 2.82013 2.86026 2.98015 2.75741 2.73834 3.03394 3.24312 3.35152 3.99239 5.47999 6.45250
5.94441 5.43605 5.38956 5.96789 6.20237 6.87589 8.19983 9.63344 9.71191 10.71467 10.68327 11.58696
11.96161 13.32506 14.65019 16.35972
C1907TS258_2 0.519324 22.49442 22.82355 17.22411 16.72758 13.61975 10.93300 8.63091 7.44479
5.79022 4.83472 4.36011 4.03448 3.98393 3.85811 3.75968 3.71688 3.78099 3.78984 3.72459 3.94490
4.23206 4.43538 5.00384 5.36381 5.01101 4.62823 4.31345 3.92980 3.61491 3.13620 2.81057 2.66321
2.65480 2.37792 2.28691 2.30620 2.27744 2.19292 2.34886 2.67276 2.98968 3.50691 4.14873 5.26548
5.48072 5.17935 4.56149 4.81308 5.65353 6.41584 7.05108 8.40384 8.59735 9.06837 10.37222 9.88994
10.89999 11.23623 13.01220 14.07743 15.60905
C1907TS413_3 0.51870346 16.30457 13.19422 9.36490 6.47774 4.41912 3.93236 3.64791 3.50704 3.33538
3.34120 3.23318 3.17241 3.05350 2.93418 2.97985 2.93077 2.91608 2.99554 3.08025 3.20389 3.33837
3.51991 4.33399 4.79409 4.93240 4.88968 4.34768 3.68355 3.21754 2.91560 2.51122 2.60205 2.59771
2.48607 2.28957 2.42982 2.35013 2.32799 2.51976 2.80932 3.23354 3.59621 4.29284 5.24989 5.63799
5.77478 5.40100 6.10026 7.74140 8.78270 9.95422 12.77005 12.93897 13.96625 13.84870 14.33973
15.97666 16.04094 18.13657 19.60546 19.67871
C1907TS413_4 0.5176104 14.87743 10.90596 9.13120 6.29284 4.86245 4.21868 3.74517 3.49025 3.32616
3.37054 3.28781 3.22133 3.10720 3.05930 3.09685 3.14100 3.16223 3.26395 3.32701 3.37959 3.56815
3.83740 4.69108 5.34453 5.25331 5.23265 4.56024 3.87560 3.32364 3.08029 2.73764 2.77103 2.73478
2.55751 2.41396 2.54654 2.51857 2.44557 2.75365 3.11245 3.51429 3.96734 4.45041 5.22360 5.70447
5.78335 5.23928 5.62776 6.94665 7.71909 9.82188 11.16673 11.46406 11.54569 10.44377 10.99406
11.38580 12.41098 13.40064 15.05014 15.67760
C1907TS309_2 0.5153891 15.04141 11.29798 8.15081 6.57568 5.48415 5.31581 4.64175 4.38912 4.18164
4.21299 4.05013 3.92979 3.92151 3.92969 3.88646 3.78721 3.91493 3.82747 3.87995 4.12231 4.18743
4.26503 4.25362 4.55157 5.02655 4.77718 4.54916 4.13521 3.73486 3.29742 2.88909 2.99036 2.96126
2.81458 2.73125 2.74691 2.71938 2.72529 2.87396 3.13743 3.36267 3.44580 3.99858 5.01609 5.49068
5.78446 5.76028 5.80902 6.37086 6.87822 7.61344 9.37265 10.50649 10.62789 9.84704 10.28002
10.75180 11.41806 14.31120 18.30372 19.48056
C1907TS345_4 0.5146231 19.79182 15.35879 10.71874 9.31628 8.82123 6.99284 6.02234 5.29780 5.18602
5.67621 5.63624 4.38379 3.91019 3.63998 2.94646 2.84412 2.80067 2.79201 2.98878 3.24905 3.54442
3.55625 4.79091 4.71549 5.29526 4.72178 4.12029 3.72879 3.51802 3.49933 3.68580 3.05960 2.86404
2.62827 2.23173 2.26303 2.11256 2.08180 2.18136 2.34042 2.62304 2.63817 3.02143 3.69531 4.17536
4.37107 4.64361 4.78053 6.18297 7.79868 9.42590 11.29705 12.07948 12.76291 12.22344 11.41419
12.02954 11.84390 14.23297 16.80362 18.55329
C1907TS228_4 0.51424104 17.41861 12.78658 10.43241 7.53158 6.14864 4.71574 4.03492 3.37217 3.19380
3.13068 3.11073 3.04629 2.98111 2.93940 2.96080 2.91216 2.88683 2.91308 2.94770 3.00654 3.02949
3.05828 3.10114 3.51625 3.90570 4.13482 4.14697 4.07195 4.05836 3.99550 4.02338 4.12883 4.19508
4.21394 3.89896 3.97373 3.98760 4.10923 4.04361 4.42823 4.78061 5.03772 4.92739 6.26478 7.15538
8.54299 9.17966 10.66959 10.30870 9.86883 10.37892 10.87975 11.09629 12.15896 13.21422 14.76451
16.42409 15.20214 16.71667 17.87259 18.63242
C1907TS456_2 0.5133021 15.31023 13.13570 10.11806 7.74989 5.99642 5.51570 4.77153 4.01811 3.47949
3.45710 3.48714 3.76547 3.71218 3.56123 3.57326 3.12782 3.19868 3.28701 3.42765 3.44673 3.54309
3.62925 4.51412 5.62449 5.65231 5.82563 6.52519 4.69701 3.81010 2.88661 2.59656 2.72735 2.69828
2.62934 2.49960 2.49880 2.39175 2.26664 2.40680 2.54326 2.65533 2.67437 3.27099 3.92424 4.05065
4.21948 4.85494 6.46083 8.04161 10.34805 10.88369 11.90341 11.71341 11.47592 12.11312 12.08496
12.56572 12.61369 13.62739 16.20956 18.00775
C1907TS456_3 0.5129062 14.94006 10.83042 9.52602 7.69227 6.64332 5.79421 5.02188 4.50784 3.99595
3.96963 3.84642 3.66900 3.37320 3.22603 3.43617 3.37090 3.12716 3.30542 3.37878 3.47179 3.60477
3.73875 4.52699 5.29511 5.71158 5.68822 5.27262 4.42169 3.86947 3.41436 2.83380 3.06730 2.90223
2.65951 2.69899 2.88439 2.78150 2.73340 3.04239 3.47512 3.91934 4.27947 5.26193 6.26938 6.45537
6.31351 6.19962 6.22202 6.99754 8.15804 9.58589 10.30413 10.76806 10.69719 11.60843 12.44353
13.14733 13.02802 14.43170 15.00843 16.71228
C1907TS073_3 0.51208127 16.00290 12.69302 10.68528 8.12404 5.96239 4.46299 4.02396 3.56114 3.34039
3.29078 3.23123 2.95753 2.87871 2.79251 2.71671 2.48223 2.31286 2.41502 2.56163 2.86053 3.20240
3.36820 3.76903 4.38832 4.89549 4.91101 4.92105 4.27905 3.69416 3.52783 2.84806 3.03433 2.92395
2.44482 2.38771 2.52862 2.42737 2.26969 2.37180 2.73175 2.88166 2.99188 3.51579 3.91569 4.61673
5.03806 4.95256 5.83075 7.04796 9.13346 10.65711 13.19912 14.29407 15.71553 15.70582 16.51780
16.01495 15.70028 16.41486 17.56266 19.14292
C1907TS211_1 0.51206946 13.58200 10.04160 8.28658 6.12106 4.59328 4.00787 3.71264 3.40980 3.29784
3.32590 3.16430 3.10772 3.07008 3.03209 3.00645 3.00239 3.02914 3.06528 3.08259 3.05616 3.05320
3.13969 3.60675 4.23327 4.83345 4.71003 4.40147 4.23716 4.13388 3.91934 3.62330 3.73816 3.68619
3.48129 3.53390 3.49834 3.42464 3.32948 3.49021 3.61486 3.98281 4.08606 5.39056 6.16479 8.52187
9.45700 10.57339 11.20042 12.02927 12.77925 13.92736 15.98391 16.54796 18.70818 18.59114 19.95127
19.94710 21.03359 21.53441 20.98126 20.93852
C1907TS389_5 0.5120513 13.72809 12.27555 10.16921 8.84509 6.51511 5.10273 4.36168 3.99245 3.42218
3.27329 3.06369 2.97131 2.84276 2.96167 2.80863 2.66665 2.72676 2.78149 2.79442 2.90280 2.99140
3.43555 3.59601 4.07591 4.23972 4.24663 3.91473 3.90809 3.72923 3.62675 3.41739 3.28240 3.43636
3.18493 3.28162 3.39176 3.43718 3.63282 4.23459 4.42587 5.14742 5.93949 6.76590 7.37881 8.02110
7.81780 8.10341 8.61313 9.05437 9.00545 9.27533 9.14995 9.74749 10.31835 11.72843 14.26923
15.63078 17.67586 18.71923 19.27002 19.88897
C1907TS228_2 0.51165086 17.09384 12.67993 9.99819 7.12858 6.04102 4.76818 4.02480 3.35671 3.20526
3.16141 3.06392 3.00542 2.98824 2.95346 2.97309 2.95487 2.90732 2.88953 2.96023 3.04374 3.07142
3.13247 3.29250 3.74549 4.07052 4.20652 4.18607 4.12684 4.07834 3.97758 3.93459 4.02454 4.06474
4.04221 3.74303 3.84892 3.87417 3.97825 3.93592 4.31597 4.63313 4.86367 4.78756 6.03922 6.92060
8.42558 9.39026 11.48193 11.24787 11.25582 11.01237 10.89336 10.82027 11.87569 13.10670 14.56578
15.92946 14.94402 16.56314 17.67488 18.28767
C1907TS349_1 0.5107533 19.91430 14.74531 10.62621 8.13158 6.15692 5.00645 4.40362 3.96500 3.66190
3.36928 3.24996 3.27481 3.20243 3.08618 3.10801 3.15593 3.01423 3.09305 2.97875 2.96509 3.00664
2.98511 3.44485 4.19285 4.69943 4.86629 4.26581 3.77407 3.82606 3.57080 3.21900 3.55342 3.55983
3.42748 3.21609 3.19212 3.09553 3.23618 3.55474 3.51067 4.63051 4.67026 4.78704 5.51253 6.06833
6.63170 7.57436 8.64841 9.59787 10.98595 13.30124 14.44113 13.04620 12.96020 12.69165 11.64861
11.96226 10.36668 10.27333 11.94770 13.06098
C1907TS258_3 0.51074964 20.08012 19.53206 13.83838 11.73498 12.40296 9.98258 8.43539 7.34657
5.73455 4.55217 4.11325 3.67319 3.52435 3.46028 3.36575 3.28544 3.34091 3.32984 3.36388 3.63750
3.91551 4.27734 4.71881 5.19159 5.30746 5.03836 4.56980 4.06648 3.71435 3.34511 3.15150 2.98327
3.00271 2.93638 2.91773 2.92237 2.81119 2.93294 3.00308 3.31610 3.81966 4.34350 5.47495 6.94526
7.11091 6.46042 5.88232 5.74781 6.73874 7.22319 8.03789 9.07059 10.59877 10.76405 12.04379
11.97684 12.68649 12.67704 13.96023 15.68402 16.77282
C1907TS087_4 0.5106186 17.58387 14.73844 11.71440 8.54847 6.63357 5.81150 5.46317 4.91491 4.46556
4.47985 4.08052 3.81355 3.75474 3.55275 3.29182 3.24484 3.35300 3.53337 3.61858 3.83239 4.12234
5.10487 6.46304 7.70162 7.94344 7.48144 6.59724 5.13528 4.35291 3.54767 2.72914 2.62961 2.51809
2.17814 2.15305 2.20050 2.20210 2.06869 2.19347 2.56014 3.03197 3.42885 4.19405 5.36991 5.73420
5.84662 5.77005 6.08134 7.52797 8.55665 9.85516 11.53796 12.13996 11.25841 11.24790 10.29285
11.00501 11.13687 11.56002 12.44818 15.27741
C1907TS258_4 0.5105249 22.72284 18.53083 14.96559 14.42942 13.56438 10.98520 8.70631 7.49203
5.49316 4.46377 4.06835 3.67140 3.58646 3.51148 3.32218 3.30919 3.30368 3.68931 3.94038 4.28444
4.60287 4.70049 5.63552 5.03723 4.60881 4.05875 3.71928 3.49894 3.07365 2.67799 2.32064 2.27277
2.34234 2.03259 1.98891 2.08239 2.03969 1.97213 2.12551 2.37787 2.74291 3.21362 3.86767 4.79532
4.90818 4.83196 4.33300 4.97499 6.41515 7.95819 8.69034 9.89296 9.36331 10.37235 12.01540 12.80965
14.01899 13.29890 14.66238 15.98074 16.99844
C1907TS345_1 0.5097748 13.38166 10.67735 8.85196 6.47724 5.05142 4.15238 3.72256 3.55529 3.43500
3.11794 3.06293 3.03855 2.99687 2.77088 2.91046 2.94389 2.89187 2.95573 3.05673 3.07546 3.24735
3.64089 4.43470 5.58183 6.60566 6.06642 6.59886 5.27287 4.90398 4.13217 3.77112 3.90876 3.58398
3.38952 3.48985 3.31409 2.98569 2.70740 2.92198 3.07513 3.47025 3.91839 4.46705 5.13087 5.37809
4.75399 4.80886 5.47027 6.42528 8.09777 9.15270 10.16904 10.27528 10.08970 10.81361 10.60103
11.03171 11.85843 12.65504 13.86804 15.88254
C1907TS215_5 0.5086114 19.55163 14.48054 9.59332 8.45851 7.29001 5.83290 5.38026 4.38495 3.72341
3.29950 3.00394 3.12854 2.97188 2.90607 3.23797 3.27732 3.37647 3.78261 3.97417 3.86697 4.15492
4.74063 5.08805 6.72169 7.66633 7.88577 6.62295 4.75063 3.83875 3.21963 2.90465 3.02293 2.73599
2.51147 2.44129 2.54286 2.43640 2.22747 2.53338 2.63450 2.74777 3.25370 4.08225 5.14230 5.80519
4.96062 5.10148 5.65426 6.66619 8.83315 10.77435 12.19948 12.50939 11.42094 11.54761 12.07021
12.17894 12.64062 13.29237 14.72213 16.11320
C1907TS073_1 0.5069535 15.58227 12.58192 10.41915 8.20878 6.23141 4.74938 4.32072 3.90936 3.59933
3.49002 3.34626 3.05859 2.93063 2.83847 2.81301 2.61771 2.59942 2.73404 2.87234 3.08186 3.27644
3.44897 3.76206 4.26877 4.94133 4.69835 4.90600 4.34100 3.74691 3.61467 3.19408 3.45268 3.38176
2.96555 2.86448 2.99131 2.92830 2.76847 2.85904 3.12569 3.25001 3.28245 3.66691 4.20553 4.79221
4.93995 4.99291 5.76062 6.69670 8.49750 9.86153 11.55971 13.33165 13.06622 13.39721 13.03972
13.69729 12.80039 14.30945 15.98960 18.28424
C1907TS182_3 0.50675994 17.57526 16.51034 12.75945 8.72025 6.11067 4.70783 4.42585 3.86730 3.61594
3.40351 3.34763 3.23091 3.16080 3.09065 3.07439 3.03199 3.05961 2.98123 2.97281 2.93045 3.06508
3.06549 3.56187 4.18562 4.67885 4.78194 4.68126 4.64234 4.29104 3.97574 3.52242 3.63651 3.60041
3.37995 3.18808 3.20428 3.22723 3.21016 3.38090 3.62426 3.93991 5.05031 5.63687 6.22600 8.12752
9.57945 11.76352 14.72972 15.65006 17.35038 17.54307 18.07876 17.80360 18.15970 18.31621 18.29450
19.20010 19.51622 21.70876 21.93753 21.75195
C1907TS123_1 0.5066434 18.82808 16.68411 13.04759 10.41946 7.99647 7.25197 5.66442 5.07851 4.44604
3.91255 3.81764 3.58350 3.37816 3.41426 3.26134 3.19257 3.14130 3.19106 3.33639 3.43491 3.70822
4.09388 4.93623 5.76158 5.22621 5.24268 4.87723 4.30080 4.07168 3.72592 3.22575 3.19197 3.22788
2.93933 2.72266 2.74540 2.56798 2.43175 2.45194 2.91423 3.49050 3.92582 4.49896 5.02253 5.29331
5.21897 5.32362 6.44819 7.30859 8.32870 9.19933 10.29702 9.99057 10.83011 10.99915 10.90256
11.24894 11.54551 12.31706 12.92514 14.14798
C1907TS230_1 0.5066084 20.26747 14.96004 10.73750 9.12928 7.18249 6.38253 5.35265 4.74701 4.64495
5.07199 4.88393 4.46036 4.37109 4.13619 3.89996 3.95317 4.08408 3.94150 4.15955 4.28565 4.24593
4.39498 4.68069 4.97056 5.06583 4.74321 4.68753 4.38338 3.85681 3.37696 3.17476 3.20805 3.24610
3.08743 2.99382 2.97769 2.97453 2.98492 3.07258 3.30207 3.81690 4.26339 4.90458 6.03074 6.42936
6.49241 6.25902 6.42273 7.63258 7.91788 9.04956 9.48350 9.43040 9.84694 10.26181 11.35693 12.90948
14.05021 16.21000 17.39720 18.45786
C1907TS228_1 0.5053127 17.54279 13.07449 10.61563 7.48286 6.28129 4.95581 4.16695 3.44303 3.26003
3.21490 3.11556 3.04865 3.01451 2.97322 2.99068 2.96090 2.91159 2.92077 3.00957 3.15200 3.19962
3.23621 3.37834 3.83370 4.11338 4.23242 4.22932 4.14818 4.10786 4.02430 4.01905 4.10915 4.16697
4.16088 3.77473 3.85494 3.82551 3.96875 3.90502 4.40121 4.68358 4.94649 4.82265 6.22220 7.08061
8.62550 9.45720 11.56314 11.43671 11.32056 11.31181 11.35149 11.42100 12.45034 13.58326 15.09108
16.80780 15.49594 17.18841 18.28000 19.00164
C1907TS345_2 0.504583 16.09341 15.79926 12.29467 11.61355 8.51214 6.68506 4.91428 3.64644 3.21776
2.85311 2.70730 2.59933 2.48056 2.57453 2.65273 2.52794 2.57795 2.86902 3.07339 3.26954 3.37409
3.52750 4.63923 5.20381 5.95011 5.95712 5.05548 4.89713 4.02585 4.10520 4.51359 3.74723 3.50222
3.19141 2.65576 2.65028 2.75396 2.87788 2.90988 3.45187 3.90937 4.02015 4.81291 6.21813 6.34510
6.06062 6.22839 5.97216 7.32227 7.55785 8.87315 9.88733 11.09184 11.42907 10.98332 11.70168
11.56544 10.85397 11.85133 14.71091 15.21588
C1907TS345_5 0.504468 14.57974 12.33667 10.12663 8.28128 6.47332 5.72827 5.06967 4.34336 4.18844
4.01181 3.94749 3.87561 3.58124 3.46069 3.49596 3.48944 3.46786 3.73031 3.76047 3.92593 3.94445
3.97027 4.71466 5.09771 5.17341 4.78838 4.48067 3.83198 3.35754 3.16012 2.83776 2.95469 2.90497
2.68167 2.57643 2.64957 2.50512 2.38955 2.48524 2.81586 3.04755 3.37444 4.10121 5.27790 5.60970
5.77729 5.03650 5.37875 6.01862 6.57400 7.44713 8.59341 8.98265 9.02471 9.84715 10.21902 10.93590
11.28162 12.65971 15.43967 17.00808
C1907TS123_2 0.5041977 20.31695 17.99944 12.79547 10.27246 7.96827 6.18161 5.09425 4.21898 3.86258
3.98944 3.56253 3.38243 3.23557 3.25593 3.13798 3.00695 3.07936 3.12214 3.14964 3.12717 3.37748
3.40598 3.57270 4.11690 4.64282 4.71610 4.36636 4.27979 4.03469 3.65424 3.15729 3.25722 3.08243
3.23704 3.07245 2.88414 2.87535 2.94722 3.14922 3.30534 3.81232 3.95407 4.26890 4.49620 5.00993
5.32313 5.86495 6.70781 7.50183 8.27653 9.60514 10.30907 11.21172 12.06113 13.17222 12.79490
12.74600 13.86957 15.74486 15.41297 17.35003
C1907TS369_3 0.5041033 13.55457 11.65931 9.64299 6.91197 5.77560 4.78752 4.45350 4.17126 3.90544
3.73898 3.50959 3.29164 3.26117 3.08585 3.08157 3.09532 3.17642 3.19643 3.33701 3.43544 3.51957
3.77322 4.38589 4.98186 5.22542 4.81550 4.51710 4.12952 3.72584 3.15726 2.75438 2.80736 2.84364
2.49209 2.41442 2.59481 2.39612 2.30206 2.55097 2.78114 3.17049 3.83194 3.95797 4.73208 4.95967
4.75663 5.10320 5.84495 7.19130 7.46966 9.91938 11.09781 11.19726 11.14405 9.95994 9.94335
9.85541 10.84187 12.22657 16.93938 18.19671
C1907TS345_3 0.5039465 17.09979 13.23634 11.13924 8.88104 6.92103 6.75027 5.79187 5.13857 5.13407
4.53277 4.06515 4.04076 3.54370 3.55105 3.46329 3.37512 3.36187 3.62360 3.77008 4.05184 4.02475
4.23201 5.01923 5.81980 6.71971 7.13983 6.22436 4.22181 3.52738 2.99937 2.67805 2.82032 2.63930
2.55215 2.50788 2.52876 2.62306 2.78644 2.81253 2.99667 3.08248 3.27034 3.66714 4.43869 4.81689
4.87430 4.97848 5.17904 5.80885 6.97564 8.68811 10.72429 11.58432 12.25420 12.47243 12.94706
12.92214 13.36707 14.63517 15.23859 15.79123
C1907TS182_1 0.50356907 17.50115 16.08809 12.52261 8.52698 5.94992 4.58369 4.22180 3.64877 3.46452
3.27112 3.18644 3.08708 3.05022 2.94565 2.97040 2.95581 2.97148 2.90500 2.95095 2.89419 3.02749
3.06026 3.55034 4.26630 4.93696 4.98032 4.63418 4.62435 4.20471 3.93688 3.55366 3.73631 3.74138
3.56319 3.52045 3.62753 3.70051 3.76593 3.98700 4.23944 4.64923 5.86045 6.62794 7.37903 9.09938
10.72466 12.43260 15.58641 16.22058 17.58604 17.62273 18.39888 17.98613 18.24885 18.36325 18.35750
19.34311 19.62394 21.08842 21.70941 22.35655
C1907TS073_2 0.50300556 15.50795 12.34157 10.34109 7.80232 6.14958 4.51975 4.25045 3.85513 3.65064
3.49884 3.38111 3.12117 3.06407 2.84508 2.85192 2.65903 2.59797 2.76147 2.94815 3.09468 3.34841
3.38130 3.73781 4.27485 4.94117 4.82929 4.94146 4.37425 3.65657 3.47774 2.95748 3.16000 3.09409
2.67511 2.53437 2.63241 2.68822 2.55701 2.65213 3.03386 3.38766 3.64215 4.36160 5.27436 5.59902
5.87825 5.36352 5.50657 6.22412 7.54594 9.17986 11.98843 13.63893 14.93012 15.28634 15.72253
15.20962 14.91232 14.94025 16.79965 18.25610
C1907TS389_3 0.5024503 18.72691 14.47136 11.20826 8.54388 7.25129 6.44800 5.42177 4.58451 4.24598
3.97994 3.84385 3.76596 3.68324 3.68633 3.64030 3.66949 3.70741 3.70051 3.66587 3.67685 3.81399
4.06437 4.37855 4.58949 4.90816 4.64520 4.26968 3.89261 3.76380 3.43217 3.38814 3.37619 3.40231
3.34793 3.31143 3.30239 3.24666 3.28513 3.44765 3.64835 4.09893 4.31411 4.73208 4.93110 6.13841
7.17915 9.02907 9.14843 9.96553 11.04690 12.58366 14.51700 16.62266 18.01846 19.24746 19.58746
20.97365 20.71244 22.46387 21.44855 21.61626
C1907TS123_3 0.5003486 19.15717 15.41704 11.44635 9.11185 8.28285 6.69473 5.30002 4.59907 4.33189
4.20251 3.91111 3.78814 3.71860 3.60451 3.43185 3.37023 3.40110 3.34688 3.30119 3.33365 3.31640
3.27099 3.42452 3.69532 3.86678 3.91645 4.11178 4.02567 4.00650 3.94411 3.76303 3.73376 3.78129
3.75323 3.48865 3.54849 3.51807 3.57157 3.73377 4.21494 4.59749 5.06493 5.41553 5.46126 5.58317
6.86528 7.86483 9.31910 10.84721 10.13556 12.06470 13.32866 14.66884 15.76544 18.12177 18.12592
18.32328 16.94412 18.47760 19.23539 19.55978
C1907TS228_5 0.500286 17.41535 12.93165 10.50858 7.41492 6.24218 4.90766 4.13432 3.40797 3.23647
3.19409 3.09443 3.02606 2.99294 2.94963 2.95329 2.91917 2.90356 2.95146 3.12054 3.34414 3.38512
3.35150 3.42425 3.88101 4.14363 4.27120 4.23477 4.15776 4.11759 4.02917 4.00677 4.09076 4.13775
4.11757 3.79848 3.88290 3.90291 4.01132 3.95420 4.34443 4.67587 4.93437 4.83360 6.19736 7.10303
8.63442 9.57038 11.71047 11.45684 11.41021 11.22251 11.20429 11.21181 12.18424 13.47641 15.89548
19.31746 17.94685 19.96646 19.23072 18.03984
C1907TS389_1 0.49983734 14.47216 11.30407 9.38890 7.50752 6.48374 5.86977 5.07467 4.38240 4.10439
3.98279 3.76151 3.59650 3.52358 3.45308 3.34646 3.36835 3.42090 3.36514 3.27720 3.24692 3.29707
3.43590 3.83959 4.16976 4.52143 4.39905 4.15080 3.86922 3.79038 3.43691 3.27169 3.33547 3.36314
3.28393 3.25710 3.26097 3.16137 3.18202 3.37785 3.61010 4.04378 4.38933 4.99626 5.52429 6.70133
7.95990 7.97948 7.70163 8.54613 9.68809 10.04544 11.80441 12.95579 14.57850 15.60090 16.07883
16.89463 16.30205 18.21015 19.78198 19.25616
C1907TS230_2 0.4974159 18.92430 15.08444 11.92408 10.40132 8.44165 6.64723 5.58541 4.77609 4.43498
4.19426 4.17958 3.97143 4.03057 3.88142 3.82192 3.89291 4.08525 3.96202 3.64199 3.95625 4.10497
3.98260 4.37179 4.50941 4.69428 4.54132 4.25464 4.29675 4.02366 3.67378 3.37677 3.46870 3.38018
3.24402 3.06887 3.14764 3.16450 3.13113 3.21479 3.58925 3.98921 4.57583 5.27232 5.43434 6.85697
8.19251 8.24253 9.63271 10.41559 11.09480 11.53450 11.86205 11.45659 11.39825 10.87535 11.25656
11.99143 12.99897 14.73774 16.46447 18.33352
C1907TS258_5 0.4971233 18.05442 17.61447 14.79639 15.41330 13.80646 12.69394 9.70846 6.83798
5.49810 5.06560 4.65674 4.41887 4.17275 4.18233 4.03648 3.88025 3.69560 3.77277 3.66757 3.53618
3.78715 4.17090 4.81441 5.39816 4.41457 4.33109 3.99986 3.51517 3.36442 3.18607 2.74926 2.61088
2.91262 2.72378 2.38432 2.50837 2.56461 2.49126 2.68958 3.07170 3.61540 4.06739 4.49839 5.88315
5.83744 5.87819 5.69296 6.32128 7.47470 8.11889 9.12375 10.59192 10.05428 10.90405 11.18234
11.36849 12.40363 12.40690 13.71826 15.99978 16.72979
C1907TS359_1 0.4963855 22.89734 18.72978 15.62130 14.03558 12.70093 11.26210 9.92803 7.93029
6.22062 5.30497 4.70838 4.44994 4.25499 4.14399 4.06954 3.95065 3.90948 3.76749 3.60882 3.54199
3.60602 3.76847 3.86631 3.96897 3.79318 3.59308 3.35264 3.12979 2.95992 2.74764 2.79535 2.95664
2.99386 2.87286 2.84633 2.88143 2.93692 2.97001 3.05148 3.31379 3.64529 4.00339 4.38668 4.54117
4.64753 5.76822 6.58340 7.50171 9.08155 9.72294 10.92069 13.03405 13.71007 15.02004 16.18393
17.14057 20.13847 20.73045 20.98970 18.33460 19.54247
C1907TS123_5 0.49634987 14.38298 13.40244 10.19805 7.49435 5.92905 4.43017 4.09055 3.56122 3.27173
3.22171 3.03166 2.98127 2.96328 2.94937 2.91561 3.00492 3.06358 2.98036 3.12398 3.35371 3.65433
3.89007 5.05666 5.44278 5.39914 5.11163 4.77718 4.64606 4.73224 4.63477 4.15612 3.80959 3.80235
3.42700 3.26228 3.39177 3.35583 3.22379 3.25198 3.63122 4.08966 4.69663 5.51000 5.61510 5.95326
7.03468 7.67552 8.77271 10.87898 12.34527 12.25658 12.91007 13.52785 15.11164 16.10381 16.43619
15.59969 15.56028 15.88977 15.77012 17.47113
C1907TS123_4 0.49634987 14.38298 13.40244 10.19805 7.49435 5.92905 4.43017 4.09055 3.56122 3.27173
3.22171 3.03166 2.98127 2.96328 2.94937 2.91561 3.00492 3.06358 2.98036 3.12398 3.35371 3.65433
3.89007 5.05666 5.44278 5.39914 5.11163 4.77718 4.64606 4.73224 4.63477 4.15612 3.80959 3.80235
3.42700 3.26228 3.39177 3.35583 3.22379 3.25198 3.63122 4.08966 4.69663 5.51000 5.61510 5.95326
7.03468 7.67552 8.77271 10.87898 12.34527 12.25658 12.91007 13.52785 15.11164 16.10381 16.43619
15.59969 15.56028 15.88977 15.77012 17.47113
C1907TS196_1 0.49492717 18.80510 14.63292 11.75226 9.50214 7.98347 7.32638 6.19317 5.47948 5.15601
4.98061 4.72677 4.49676 4.39207 4.33803 4.33837 4.28284 4.26244 4.23719 4.20176 4.09085 4.00167
4.10134 4.18231 4.36731 4.25861 4.17217 4.01644 3.85697 3.80937 3.75238 3.59053 3.45869 3.27230
3.12677 3.11546 3.11417 3.13859 3.16679 3.30591 3.59877 3.97914 4.43274 4.85784 5.23355 5.30272
7.25241 7.02772 7.92271 9.58896 10.32703 11.63162 14.18451 14.74961 15.47954 14.73996 14.12705
15.42800 16.35524 18.26932 18.80476 20.45372
C1907TS102_2 0.49492717 18.80510 14.63292 11.75226 9.50214 7.98347 7.32638 6.19317 5.47948 5.15601
4.98061 4.72677 4.49676 4.39207 4.33803 4.33837 4.28284 4.26244 4.23719 4.20176 4.09085 4.00167
4.10134 4.18231 4.36731 4.25861 4.17217 4.01644 3.85697 3.80937 3.75238 3.59053 3.45869 3.27230
3.12677 3.11546 3.11417 3.13859 3.16679 3.30591 3.59877 3.97914 4.43274 4.85784 5.23355 5.30272
7.25241 7.02772 7.92271 9.58896 10.32703 11.63162 14.18451 14.74961 15.47954 14.73996 14.12705
15.42800 16.35524 18.26932 18.80476 20.45372
C1907TS230_3 0.49402982 21.12024 18.97337 13.47225 13.90054 12.51764 10.61965 9.37662 8.53641
8.70775 7.99242 6.88919 5.49126 4.87657 4.23644 4.02937 3.93082 3.99241 4.21104 4.35751 4.02871
4.69870 4.97908 5.15920 5.56400 5.06034 5.48910 4.67258 4.73889 4.06398 3.54605 3.33929 2.86076
2.86553 2.45916 2.20770 2.24622 2.17836 2.06720 2.25824 2.62017 2.80237 3.01985 3.60264 3.97513
4.40660 5.37234 6.05886 7.33373 8.29744 8.55468 9.23095 10.23370 10.77179 11.57251 12.17153
11.77104 11.47954 10.11520 9.54006 11.27799 12.80807
C1907TS066_1 0.49344918 18.48807 14.10831 11.51757 7.91110 5.80040 4.79743 4.05435 3.60380 3.42392
3.51764 3.36828 3.23857 3.16484 3.12397 3.09637 3.06216 3.09354 3.14086 3.26846 3.40264 3.53841
3.66861 3.80732 4.27625 4.51560 4.48226 4.47664 4.31123 4.21629 4.11051 3.92431 3.91634 4.00532
3.97757 3.87941 3.84108 3.87840 3.99769 4.46499 4.98008 5.31093 5.42854 6.02436 5.93422 6.72954
8.91997 8.38958 9.52068 10.91209 10.88055 11.14702 12.69021 14.05782 14.58281 15.98501 17.42299
18.74446 20.10782 21.84592 21.31762 21.63881
C1907TS182_2 0.4923972 17.29726 14.88076 11.08675 9.27663 7.49191 6.72267 6.14079 5.30214 4.84406
4.76296 4.32333 4.08804 4.23173 4.36146 4.26748 4.28535 4.42307 4.41889 4.33409 4.27723 4.18410
4.36075 4.34705 4.43037 4.45240 4.46712 4.29027 4.01191 3.89079 3.63334 3.65650 3.61603 3.54361
3.58252 3.69917 3.69833 3.55008 3.63140 3.92913 4.19464 4.58135 4.87262 5.16546 5.63710 6.29473
6.32243 6.94503 7.44566 8.14137 8.34109 8.50637 8.96103 10.22211 11.61773 10.34902 10.81609
10.24205 10.79403 11.53720 16.19160 17.90681
C1907TS389_2 0.49038148 15.38964 12.32708 9.86131 8.44963 7.00530 6.44173 5.49650 4.58587 4.30742
4.17929 3.96459 3.79099 3.61595 3.51921 3.36075 3.37823 3.43823 3.38286 3.24802 3.28557 3.34172
3.45363 3.83923 4.13227 4.65725 4.45951 4.12165 3.85533 3.74376 3.43638 3.23706 3.30305 3.29628
3.19411 3.16150 3.13534 3.07208 3.10841 3.35256 3.56653 4.07667 4.55224 5.39496 6.22351 7.55171
8.77288 9.06766 8.68346 9.05881 9.78182 10.11849 11.60658 11.93347 12.83706 14.94516 15.23108
17.28142 17.10933 16.91689 18.16710 19.40728
C1907TS010_3 0.4893914 17.79856 17.73039 13.06684 12.35713 8.15930 5.88015 4.68786 4.02296 3.89187
3.76075 3.64127 3.61863 3.45205 3.16640 3.09731 3.01425 2.87638 2.94490 3.12396 3.12059 3.27143
3.36137 3.96143 5.04862 6.33904 6.80489 8.47622 9.23416 8.14641 4.83978 3.91308 3.75436 3.52213
3.17639 2.89385 3.11066 3.10196 2.99112 3.07192 3.43072 3.70890 3.67335 4.05785 4.49874 5.06211
6.47995 6.54480 6.97247 7.47946 8.22745 9.44166 10.47043 11.24851 11.55109 12.44774 11.97899
13.37167 12.72398 14.58029 16.34352 17.93914
C1907TS152_3 0.4893059 22.41862 18.42925 14.03896 11.15980 10.23372 8.57700 7.32617 6.30117
5.67335 5.17085 4.88335 4.62933 4.47798 4.41152 4.36351 4.27974 4.25986 4.27407 4.23434 4.12019
4.03162 4.16338 4.28788 4.52407 4.35280 4.22854 4.06515 3.96516 3.82163 3.72815 3.62461 3.61537
3.66327 3.67359 3.68199 3.48005 3.06681 2.90555 2.90523 3.10494 3.33995 3.60259 3.86187 4.55351
4.89350 4.98273 5.37388 6.01861 6.55093 7.30398 7.21480 8.70024 10.60488 12.18419 13.46557
14.60199 16.42126 17.80414 19.77613 20.63675 22.95900
C1907TS405_4 0.48743945 23.94056 20.55363 18.57783 16.40185 15.32258 14.41947 12.48548 11.51693
9.39590 7.17581 5.49977 4.53483 4.17921 4.02360 3.93679 3.79967 3.80521 3.72023 3.68721 3.71714
3.70947 3.81373 3.81550 3.86445 3.73033 3.58925 3.37059 3.06870 2.79415 2.57197 2.70312 2.97820
3.11498 3.11413 3.09698 3.10801 3.14841 3.27333 3.43149 3.69925 4.07849 4.44746 5.05556 5.90745
6.31386 6.70449 7.39394 7.91004 8.90209 10.06350 10.48109 12.25817 14.37051 17.97137 20.24473
21.94763 22.09864 22.17802 22.96435 21.94721 21.95590
C1907TS215_4 0.48732197 18.53869 16.29900 13.75107 11.86534 9.73716 9.17365 9.03989 8.30454
8.36711 7.62908 6.51064 5.47062 5.04717 5.21301 4.68251 4.33917 4.32260 4.44570 4.62536 4.74318
5.07520 5.12608 5.33384 5.44863 5.31454 4.85900 4.84846 4.68706 4.22057 3.76193 3.61331 3.10770
2.87972 2.84765 2.75414 2.60513 2.60288 2.50340 2.54685 2.74660 3.14950 3.41479 4.00494 5.17453
5.25021 5.09934 5.00043 4.78187 6.23015 7.13630 9.79176 11.62815 12.39022 11.53560 10.62234
11.18011 11.85009 11.98247 13.31050 15.66901 16.83175
C1907TS309_3 0.48538116 21.82345 18.40912 17.30406 14.04193 13.75422 11.63885 11.05705 10.99325
9.88946 9.97325 9.33199 8.54207 7.73129 8.02097 8.74470 7.21754 6.74383 6.36253 6.11220 5.53371
5.18443 5.37104 5.32039 5.21689 4.74032 4.33336 3.91206 3.63132 3.30876 3.05513 2.92226 2.95295
2.95164 2.86580 2.80644 2.67806 2.62222 2.61317 2.68729 2.92388 2.94880 3.28296 4.80645 4.13840
4.69775 4.67891 4.69143 5.05555 6.32519 6.29081 6.80246 7.69661 7.64054 8.01825 6.87179 6.32722
6.47750 6.29955 7.31532 9.52555 10.70528
C1907TS215_1 0.48532772 12.42315 9.95043 8.46916 6.81619 5.55498 4.91443 4.44624 4.30641 4.21040
4.00397 3.70320 3.73334 3.75393 3.41360 3.44362 3.50584 3.46547 3.46134 3.49825 3.33760 3.53176
3.83278 4.06251 5.05834 5.99918 6.11012 6.02683 5.71073 4.87601 4.07529 3.84431 3.76785 3.33834
3.18999 3.28459 3.26533 3.09269 2.92532 3.28411 3.42440 3.58478 3.97560 4.87235 6.21135 6.75487
6.32757 5.72241 5.56251 6.81225 7.94016 9.21653 10.71706 11.54406 11.75797 12.10303 11.58994
11.69201 12.28007 12.84982 13.58662 15.84021
C1907TS301_1 0.48504612 22.07851 16.97895 12.21673 8.68300 7.45762 5.93777 5.12791 4.47520 4.17543
3.97509 3.96643 3.89113 3.82789 3.83153 3.84761 3.83035 3.85088 3.82640 3.86580 4.02799 4.10503
4.18318 4.09476 4.24438 4.11580 4.10934 4.07505 4.05610 3.94095 3.91867 4.03104 4.37756 4.54985
4.56084 4.55130 4.54732 4.58477 4.76078 4.96471 5.30682 5.84285 6.34859 6.96246 7.82670 8.24299
7.69495 7.32811 8.11374 8.17731 8.32550 8.47979 11.05692 13.36085 14.49486 15.59874 17.17787
18.72391 19.92365 21.09252 20.26259 20.86480
C1907TS044_1 0.48504612 22.07851 16.97895 12.21673 8.68300 7.45762 5.93777 5.12791 4.47520 4.17543
3.97509 3.96643 3.89113 3.82789 3.83153 3.84761 3.83035 3.85088 3.82640 3.86580 4.02799 4.10503
4.18318 4.09476 4.24438 4.11580 4.10934 4.07505 4.05610 3.94095 3.91867 4.03104 4.37756 4.54985
4.56084 4.55130 4.54732 4.58477 4.76078 4.96471 5.30682 5.84285 6.34859 6.96246 7.82670 8.24299
7.69495 7.32811 8.11374 8.17731 8.32550 8.47979 11.05692 13.36085 14.49486 15.59874 17.17787
18.72391 19.92365 21.09252 20.26259 20.86480
C1907TS349_4 0.4848184 20.93453 16.64304 11.31571 11.02958 9.20634 7.21678 6.08928 5.06079 4.83528
5.24219 4.92831 4.57889 4.37154 4.19919 3.80724 3.68895 3.57662 3.66496 3.61755 3.63205 3.52109
3.97552 4.42019 5.33571 5.30619 5.57634 5.61391 4.22477 4.09153 3.55016 2.99280 3.29917 3.33875
3.05724 2.85015 3.00592 3.03561 2.96703 3.08302 3.26800 3.54172 3.52295 3.82080 4.61515 5.43932
6.71613 7.68880 8.75846 8.83955 9.31414 10.46848 11.07856 11.26358 10.39983 10.38506 9.91720
10.87097 11.99872 14.12774 16.36631 17.46958
C1907TS309_1 0.4841308 22.12141 19.77290 15.45638 12.37403 10.23796 8.47789 7.39766 6.14672
5.47615 5.05109 4.69032 4.48879 4.42152 4.40242 4.39828 4.34279 4.33504 4.30916 4.26671 4.13812
4.02842 4.16306 4.24819 4.37322 4.18673 4.13776 3.99688 3.85564 3.73633 3.61972 3.48623 3.48528
3.50506 3.43830 3.40509 3.37299 3.36317 3.56928 4.03386 5.03345 6.01742 6.25544 6.83672 7.73706
7.96925 8.01154 8.21215 8.06619 8.06846 8.76832 8.95393 10.21134 10.93058 12.14895 14.61454
15.25233 16.20350 16.32571 18.49062 18.38099 18.48025
C1907TS404_5 0.4840755 15.13323 12.58338 10.10429 7.79129 5.66742 4.60114 4.02394 3.24596 3.16343
3.07164 2.99158 2.91304 2.85046 2.87742 2.89617 2.88506 2.86242 2.80760 2.81898 2.87861 2.93376
2.88564 3.10170 3.51094 3.99437 4.04724 4.44435 4.94708 5.41834 5.95762 6.28969 6.64491 6.57722
6.59192 6.76225 6.88115 7.08555 7.10669 8.35058 9.62186 10.65740 11.72311 12.72432 13.97548
13.76421 14.41509 14.36195 14.67700 13.38003 13.75214 14.05928 15.38796 16.34346 16.42803 17.04275
17.44127 17.79535 17.21822 19.52109 19.53667 19.72371
C1907TS230_5 0.48378867 18.12233 16.67798 12.19538 10.11320 7.42459 5.48868 4.98227 4.62885
4.27210 3.79390 3.88708 3.67514 3.58318 3.56905 3.44092 3.58389 3.56358 3.49845 3.45469 3.82059
4.25746 4.43200 4.60487 4.89190 4.72180 4.64565 4.36534 4.15063 3.86723 3.64752 3.39079 3.51517
3.41704 3.13979 3.29903 3.55428 3.66354 3.88980 4.36972 4.87029 4.54883 4.60241 5.64241 5.40224
6.19307 6.63847 6.17660 6.00169 6.57296 6.55761 7.16601 8.21187 9.23683 11.37569 13.60932 15.25564
17.54753 18.75503 19.37334 19.30523 20.44230
C1907TS182_4 0.48325717 17.82745 15.59568 11.77666 10.01073 8.07506 7.18855 6.61582 5.73189
5.25067 5.12009 4.59083 4.38922 4.53391 4.60081 4.46524 4.55920 4.65540 4.50672 4.35625 4.30743
4.23065 4.41091 4.36192 4.45741 4.58129 4.55799 4.33368 4.04748 3.91075 3.62979 3.64748 3.61780
3.56270 3.61330 3.72758 3.70631 3.54037 3.58520 3.92929 4.15502 4.57019 4.89524 5.23410 5.71099
6.34883 6.28238 6.96851 7.94077 8.64342 8.87462 9.25007 9.74653 10.61166 12.02719 10.38921
10.58884 10.04547 10.59472 11.53040 16.20500 17.44449
C1907TS299_2 0.482915 23.34019 18.78410 13.82920 11.48453 9.54822 7.83001 6.92699 5.86805 5.30671
4.86073 4.56703 4.32962 4.20414 4.14850 4.09231 4.02505 3.99982 4.01516 3.96632 3.86150 3.79929
3.95212 4.08298 4.38128 4.34655 4.24151 4.13886 3.99109 3.92710 3.78759 3.64138 3.62719 3.63823
3.60703 3.59338 3.56989 3.59872 3.73803 3.94242 4.35238 5.03772 5.76049 6.53300 7.60921 8.01069
8.21658 8.55306 9.10420 9.85345 11.38030 12.43504 14.76820 16.44135 17.32445 18.38619 17.54000
18.97732 19.55454 20.89998 20.04449 20.89368
C1907TS299_1 0.48282054 23.52219 19.16951 13.98443 11.75860 9.72926 7.97195 7.04487 5.94359
5.33913 4.88726 4.58222 4.33552 4.19812 4.14176 4.09156 4.02254 4.00291 4.03184 3.99269 3.90468
3.84025 3.98471 4.11974 4.40543 4.33485 4.21490 4.12008 3.97016 3.89161 3.74367 3.61251 3.61443
3.63057 3.59503 3.57827 3.56238 3.58171 3.71253 3.90936 4.31106 5.00287 5.73196 6.48714 7.59467
7.99628 8.15056 8.49717 9.08378 9.88059 11.44308 12.55490 14.99331 16.71945 17.58046 18.60137
17.87756 19.25213 19.25394 21.34852 19.95786 20.67157
C1907TS182_5 0.48234054 17.85252 14.78087 11.23341 9.92372 7.30477 6.59826 5.81479 5.18610 4.82971
4.96194 4.50040 4.18897 4.27826 4.30222 4.19448 4.25842 4.33171 4.21968 4.08287 4.13222 3.97744
4.30463 4.37160 4.40831 4.42037 4.31627 4.25888 3.95813 3.83907 3.60989 3.55053 3.65287 3.58711
3.59312 3.63958 3.59602 3.54099 3.62847 3.86701 3.95533 4.31428 4.69588 5.01136 5.61163 6.41190
6.18837 6.83605 7.65181 8.19745 8.67600 8.89219 9.53840 10.54320 11.41845 11.13050 11.80820
10.91942 10.86242 12.45554 15.65721 16.61881
C1907TS210_1 0.48197305 23.45223 19.19080 13.99172 11.75955 9.74036 8.03202 7.02653 5.94475
5.38114 4.93947 4.61830 4.37488 4.24225 4.18400 4.13510 4.06442 4.04156 4.05964 4.01250 3.91569
3.85804 4.00589 4.16161 4.43661 4.36918 4.25900 4.14326 3.99062 3.90470 3.75631 3.62263 3.60913
3.62277 3.59374 3.57781 3.56212 3.58033 3.70750 3.90645 4.31166 5.00506 5.73777 6.48305 7.57025
8.02067 8.24220 8.61646 9.17751 9.96155 11.53088 12.55571 14.95515 16.68718 17.52708 18.63346
17.98047 19.38609 19.60777 21.47997 19.97491 20.54896
C1907TS215_3 0.4819434 18.28714 15.41950 11.27422 9.40028 7.48910 6.80120 6.35716 5.53381 5.30431
5.49794 4.94997 5.01211 5.54541 4.88537 4.34254 3.81644 3.55412 3.70505 3.96722 3.81731 4.17487
4.47743 5.21354 6.64701 6.11427 5.93329 6.75382 5.95618 4.45545 3.62979 3.20687 3.09456 3.02229
3.01487 3.04132 3.03082 2.93520 2.88895 3.19493 3.21636 3.38094 3.40234 3.92154 4.35389 4.54018
4.37514 4.77347 5.72891 7.03855 9.00337 9.46796 9.78734 9.79043 9.23030 10.09589 10.79806 11.44149
12.23067 13.43605 14.75866 17.10661
C1907TS299_3 0.48192334 23.20975 18.83928 13.82917 11.44684 9.51556 7.85145 6.90503 5.84695
5.29513 4.86551 4.55492 4.32900 4.19646 4.13229 4.08123 4.01193 3.99336 4.01237 3.96109 3.86905
3.81296 3.97150 4.10904 4.40580 4.34826 4.24239 4.15706 3.99737 3.90170 3.77505 3.66150 3.65300
3.65247 3.61593 3.60330 3.58432 3.60565 3.73547 3.94366 4.35797 5.05365 5.79621 6.57222 7.64067
8.05929 8.25255 8.58186 9.16970 9.96387 11.49268 12.57123 15.04123 16.80715 17.59085 18.59972
17.84171 19.28031 19.80032 21.29832 21.11069 21.29399
C1907TS438_5 0.48160157 21.35650 17.16293 13.14269 10.55488 9.36496 7.95378 6.97819 6.04105
5.54889 5.07433 4.76400 4.53874 4.39562 4.34433 4.28268 4.22288 4.20779 4.23298 4.19514 4.11358
4.01142 4.16257 4.25413 4.57294 4.42007 4.32206 4.19428 4.05480 3.91298 3.82217 3.68099 3.65650
3.67160 3.66085 3.62918 3.60835 3.62334 3.75635 3.95385 4.37212 5.06113 5.79370 6.56170 7.61351
8.02972 8.18174 8.49665 9.00121 9.78471 11.27637 12.36282 14.65471 15.56707 15.81375 17.03590
17.91431 19.82524 19.58894 21.70100 20.48533 20.12553
C1907TS369_1 0.4813431 23.17725 18.71136 13.53722 11.32309 9.31156 7.68968 6.81065 5.83446 5.34024
4.91560 4.63088 4.40647 4.27246 4.19956 4.16899 4.10273 4.08089 4.07881 4.05968 3.94492 3.87556
4.01806 4.17358 4.46461 4.41040 4.33119 4.19053 4.01020 3.93375 3.77315 3.67362 3.65164 3.66000
3.64513 3.63951 3.60264 3.61779 3.72707 3.92155 4.30744 5.00325 5.72145 6.50172 7.59698 8.05327
8.36206 8.68628 9.11778 9.86645 11.26737 12.24851 13.92210 14.10724 14.91696 17.06128 18.09385
20.34027 20.41162 22.35859 21.63989 21.81285
C1907TS438_4 0.48126626 20.34369 16.54252 12.56993 9.90886 8.79726 7.47657 6.49494 5.61717 5.00955
4.62026 4.36414 4.18635 4.04474 3.98124 3.94059 3.85629 3.82213 3.83112 3.79288 3.68629 3.62545
3.80192 3.97617 4.29117 4.35385 4.27496 4.12487 4.03901 3.96399 3.90349 3.85995 3.80046 3.79306
3.76384 3.75502 3.68770 3.71353 3.84921 4.06599 4.49066 5.15457 5.59423 6.62840 7.49079 7.79495
7.87667 8.26769 8.88893 9.29867 10.47201 11.14102 13.99030 15.38713 16.05802 16.78724 17.75681
18.71496 19.68799 20.61270 19.62966 20.18098
C1907TS369_4 0.47968253 23.12948 19.09698 14.09324 11.46520 10.18418 9.04047 7.97288 6.99607
6.18744 5.55287 5.17932 4.94975 4.79064 4.64735 4.45317 4.34605 4.34475 4.27995 4.14424 4.06492
3.91985 3.90765 3.95121 4.11198 4.11560 4.09647 4.11392 3.91914 3.92775 3.78884 3.50787 3.55334
3.65749 3.56543 3.46923 3.45795 3.51418 3.44063 3.66733 4.09361 4.37281 4.75937 5.68800 7.15643
6.91725 6.71203 6.21665 6.89736 7.59321 8.80315 9.85554 11.78904 13.18391 13.41917 13.61939
12.49184 12.43224 12.44255 13.27599 14.46155 13.99511
C1907TS278_1 0.47936362 21.18962 17.16458 14.17771 11.62344 9.88228 8.13908 7.00783 6.22493
5.62021 5.10995 4.82929 4.58270 4.33963 4.18310 4.15630 4.11855 4.05025 3.93852 3.92351 3.71584
3.72959 3.91483 3.94685 4.01846 4.34267 4.27213 4.24083 4.17028 4.23746 4.08345 3.99795 3.91061
3.81986 3.87129 3.90954 3.86144 3.82701 3.97137 4.09340 4.35609 5.00571 5.60923 5.95084 6.43681
6.36968 6.55266 7.86264 9.56192 12.08490 12.85677 16.92568 17.05839 19.75300 20.03719 20.49173
20.14766 20.18644 20.32758 21.32996 20.85749 21.14921
C1907TS158_1 0.47936362 21.18962 17.16458 14.17771 11.62344 9.88228 8.13908 7.00783 6.22493
5.62021 5.10995 4.82929 4.58270 4.33963 4.18310 4.15630 4.11855 4.05025 3.93852 3.92351 3.71584
3.72959 3.91483 3.94685 4.01846 4.34267 4.27213 4.24083 4.17028 4.23746 4.08345 3.99795 3.91061
3.81986 3.87129 3.90954 3.86144 3.82701 3.97137 4.09340 4.35609 5.00571 5.60923 5.95084 6.43681
6.36968 6.55266 7.86264 9.56192 12.08490 12.85677 16.92568 17.05839 19.75300 20.03719 20.49173
20.14766 20.18644 20.32758 21.32996 20.85749 21.14921
C1907TS438_1 0.4791497 17.83111 13.92386 11.22208 8.98230 7.50991 6.90195 5.95754 5.27301 4.87634
4.74048 4.44513 4.22759 4.09242 4.04105 4.07721 4.06390 4.05264 4.07742 4.03377 3.89344 3.79464
3.95929 4.15030 4.44878 4.46018 4.42827 4.34036 4.15608 4.01746 3.84612 3.78916 3.76738 3.76109
3.72686 3.69574 3.69094 3.76413 3.90596 4.16359 4.57156 5.35231 6.09138 6.79404 7.85154 8.29107
8.34610 8.62986 9.02093 9.94612 11.46553 12.78518 14.95187 16.47388 17.38566 18.30849 17.72458
19.14832 19.78360 21.01880 19.97979 20.86585
C1907TS211_2 0.4787674 17.07438 13.90505 10.08772 9.17508 7.95704 6.73535 6.09818 5.14754 4.77991
4.69042 4.43156 4.21540 4.15040 4.00488 3.76914 3.56977 3.57738 3.45828 3.30707 3.29963 3.47353
4.11505 5.09286 5.73551 6.07830 5.43036 4.74242 4.15471 3.85083 3.57360 3.27779 3.28146 3.43090
3.25358 3.26729 3.17936 3.11226 3.17516 3.41624 3.68122 4.37437 4.45463 3.96604 4.76362 6.30109
7.66554 8.92305 9.47967 10.60353 9.73930 10.74228 10.50067 11.35626 11.85360 13.68853 14.99565
16.72861 15.91077 15.89795 16.34835 18.21459
C1907TS215_2 0.4785389 17.46762 13.95797 11.34295 10.85213 8.33237 8.17122 7.70562 7.29816 6.70029
6.34692 5.44964 4.74779 5.26661 4.52183 4.25904 4.18062 4.14260 4.39252 4.71386 4.84382 5.26567
5.20533 6.89904 7.75078 7.83110 6.96815 7.78431 6.23792 4.47998 3.67539 3.05069 2.97753 2.93477
2.76437 2.85295 2.88673 2.81997 2.68806 2.69482 2.71804 2.75074 2.81177 3.17974 3.55883 3.57566
3.43316 3.93329 4.70204 6.00452 7.17599 8.97815 10.12930 10.17616 10.19689 10.66762 11.40158
11.79289 12.58983 13.75342 15.16090 17.48162
C1907TS054_3 0.4778384 13.65855 10.58683 8.95893 8.34846 7.98881 7.68952 7.35743 6.68341 5.11676
4.32194 3.88517 3.48778 2.98860 3.03858 2.97776 2.92372 2.87489 2.88342 2.99911 3.04015 2.99064
3.30323 3.64440 4.40503 5.08903 6.90639 7.86132 7.58697 8.17720 8.24020 6.42646 4.81089 4.48270
3.81397 3.22769 2.83902 2.99891 2.99684 2.84805 3.13862 3.61922 3.51684 3.60692 3.85039 3.90345
4.07150 4.11665 4.60460 5.52611 6.25361 7.50532 8.87853 9.99180 10.95500 10.13537 10.35410
10.63657 10.40200 12.83533 15.99839 17.65379
C1907TS278_5 0.47654986 20.82285 16.69679 11.73906 10.58838 8.73609 7.66365 7.05562 5.98775
5.35012 5.01724 4.84162 4.67116 4.46422 4.44489 4.41679 4.31202 4.24805 4.35472 4.34259 4.31277
4.21894 4.54407 4.69499 5.15552 5.07140 4.94343 4.83382 4.51788 4.11229 3.99583 3.68538 3.60902
3.51047 3.57050 3.59820 3.52659 3.58698 3.58269 3.69970 4.10783 4.57577 5.00737 5.66238 5.71463
6.05974 7.29698 10.53363 11.57049 16.63517 17.33592 20.67539 22.23474 22.58909 23.14870 23.46635
23.05885 22.70203 22.61872 23.25892 22.28397 22.41238
C1907TS158_5 0.47654986 20.82285 16.69679 11.73906 10.58838 8.73609 7.66365 7.05562 5.98775
5.35012 5.01724 4.84162 4.67116 4.46422 4.44489 4.41679 4.31202 4.24805 4.35472 4.34259 4.31277
4.21894 4.54407 4.69499 5.15552 5.07140 4.94343 4.83382 4.51788 4.11229 3.99583 3.68538 3.60902
3.51047 3.57050 3.59820 3.52659 3.58698 3.58269 3.69970 4.10783 4.57577 5.00737 5.66238 5.71463
6.05974 7.29698 10.53363 11.57049 16.63517 17.33592 20.67539 22.23474 22.58909 23.14870 23.46635
23.05885 22.70203 22.61872 23.25892 22.28397 22.41238
C1907TS210_2 0.47515953 23.38449 19.01446 13.84889 11.64107 9.59661 7.93010 6.99249 5.93344
5.33885 4.89904 4.60333 4.36464 4.22208 4.16193 4.11118 4.04014 4.02144 4.04218 3.99730 3.90168
3.84872 3.99439 4.16495 4.44152 4.37755 4.25641 4.13264 3.97745 3.88654 3.74256 3.62829 3.63135
3.64879 3.61923 3.60372 3.59047 3.61371 3.75622 3.96282 4.38095 5.19990 6.23725 7.12105 8.06738
8.49186 8.62878 8.89208 9.38718 10.09122 11.54551 12.49458 14.72953 16.27010 17.20345 19.54228
20.16996 22.08389 22.91729 22.81702 19.82100 18.16540
C1907TS299_5 0.47409835 20.87463 16.72674 14.52779 11.70547 9.64094 8.69960 7.40312 6.40705
5.75779 5.57028 5.24157 4.94303 4.79004 4.75086 4.77760 4.72772 4.72190 4.73343 4.69734 4.39059
4.28747 4.49208 4.46735 4.41499 4.34992 4.28496 4.18519 4.00969 3.92535 3.76327 3.63334 3.63262
3.64122 3.60554 3.58776 3.56240 3.57200 3.69482 3.89295 4.30069 4.99259 5.71703 6.47605 7.55888
7.96053 8.02943 8.39604 8.99361 9.79129 11.34915 12.47925 14.92182 16.65711 17.53831 18.57948
17.83615 19.23570 19.27601 21.35521 19.93581 20.67990
C1907TS438_2 0.4736362 23.30085 19.05944 13.84459 11.93126 10.10628 8.51044 7.51054 6.44575
5.88944 5.36777 5.05746 4.81298 4.69253 4.55914 4.48396 4.39058 4.36783 4.38761 4.36308 4.26928
4.17916 4.29555 4.46965 4.65875 4.52320 4.43683 4.29247 4.09616 3.97685 3.85406 3.75564 3.73095
3.74504 3.73821 3.70380 3.67920 3.72508 3.83723 4.04342 4.44934 5.16374 5.82953 6.61950 7.72221
8.11396 8.27170 8.58972 9.02913 9.66555 11.18914 12.44810 14.61944 16.35426 17.03554 18.41625
17.85276 19.18772 19.76812 21.21040 20.96047 21.06999
C1907TS438_3 0.47341877 23.03369 18.59021 14.31671 11.38710 10.37281 8.97398 7.77245 6.83339
6.16557 5.52799 5.13235 4.80287 4.63484 4.52854 4.44370 4.37228 4.33083 4.34232 4.29748 4.21296
4.10016 4.24100 4.36426 4.63201 4.44648 4.33429 4.22629 4.09329 3.91604 3.82943 3.64950 3.62608
3.62748 3.59945 3.57722 3.57847 3.61609 3.75339 3.93487 4.35219 5.05812 5.85716 6.55905 7.61070
8.12257 8.18617 8.53100 8.86439 9.79648 11.18878 12.68733 14.99794 16.62848 17.49262 18.23834
17.62956 19.21246 19.78238 21.18783 20.97052 21.14512
C1907TS152_5 0.47318614 24.37717 19.97897 19.13664 15.74505 13.90015 10.95102 8.95718 7.84859
6.78723 6.01641 5.73752 5.31321 5.06630 4.98274 4.95291 4.90793 4.87225 4.83557 4.71652 4.71614
4.77350 4.83427 4.77543 4.88793 4.56739 4.46441 4.27001 3.96830 3.80391 3.57220 3.41059 3.32921
3.27106 3.28501 3.22422 3.29181 3.39471 3.41431 3.49752 3.74909 4.31183 4.61300 5.58358 6.60541
6.60497 6.56720 6.11164 6.58072 7.74330 8.96349 10.21471 12.68701 14.27489 15.28342 17.55265
15.74592 16.61332 14.58381 16.80860 17.77639 18.04205
C1907TS278_4 0.47190562 18.38425 14.06514 11.55484 9.11649 7.45052 6.63283 6.01562 5.46325 5.00571
5.06117 4.86171 4.63653 4.39493 4.39901 4.42287 4.32309 4.13635 4.18771 4.19518 4.13693 4.20772
4.47561 4.84695 4.88921 5.17248 5.01701 4.55058 4.31337 4.24402 3.93801 3.80921 3.75252 3.72110
3.68377 3.58255 3.53751 3.52187 3.59404 3.77005 4.02265 4.43647 4.78935 5.22336 6.16190 6.62565
6.93713 6.89566 6.63182 6.96869 8.59467 11.09459 15.19219 19.62899 20.61679 22.90414 21.74885
22.35984 21.96562 22.78136 21.76417 21.89433
C1907TS158_4 0.47190562 18.38425 14.06514 11.55484 9.11649 7.45052 6.63283 6.01562 5.46325 5.00571
5.06117 4.86171 4.63653 4.39493 4.39901 4.42287 4.32309 4.13635 4.18771 4.19518 4.13693 4.20772
4.47561 4.84695 4.88921 5.17248 5.01701 4.55058 4.31337 4.24402 3.93801 3.80921 3.75252 3.72110
3.68377 3.58255 3.53751 3.52187 3.59404 3.77005 4.02265 4.43647 4.78935 5.22336 6.16190 6.62565
6.93713 6.89566 6.63182 6.96869 8.59467 11.09459 15.19219 19.62899 20.61679 22.90414 21.74885
22.35984 21.96562 22.78136 21.76417 21.89433
C1907TS230_4 0.4716078 19.56143 15.68736 12.26132 8.45256 6.74830 5.29768 4.90916 4.43949 4.41960
4.44253 4.18318 4.01705 4.06752 4.04930 3.82447 3.75295 3.66598 3.77622 3.81491 3.93538 3.74212
4.01860 4.36990 4.82627 5.27506 5.07904 4.88045 4.78936 4.18655 3.95316 3.76938 3.69274 3.59408
3.59148 3.45115 3.80890 4.14902 4.61217 5.14062 5.49489 5.08368 5.00336 4.60190 4.86070 5.56943
5.87255 6.60887 7.04733 8.00562 8.38267 7.37332 9.19592 9.81994 12.62122 14.14217 15.18346
16.57919 17.43482 18.87559 19.22569 20.83866
C1907TS210_3 0.47092748 21.76544 19.33622 15.89146 14.49558 13.33449 11.98769 10.10874 9.73915
9.02985 7.28567 6.21855 5.50553 5.26140 5.02800 4.89509 4.85369 4.87177 4.68512 4.55188 4.67065
4.65875 4.59036 4.52735 4.62246 4.32470 4.18828 4.01371 3.98427 3.98515 3.96548 3.97832 3.99532
4.01931 4.03075 4.04303 4.06920 4.10646 4.23583 4.41484 4.67980 5.03552 5.35490 5.80812 6.50513
6.63380 6.87166 7.18081 8.06006 8.85706 9.19700 9.55312 11.82388 13.39347 15.73513 18.44802
20.59083 21.17665 21.79263 22.58986 21.70933 21.68917
C1907TS228_3 0.47049975 19.43334 15.20332 11.48217 8.36071 6.65658 5.22420 4.42765 3.66763 3.62311
3.55857 3.42884 3.38385 3.35800 3.31986 3.32868 3.29998 3.20837 3.20295 3.22348 3.26479 3.26188
3.36672 3.60767 3.94781 4.22213 4.26574 4.25979 4.25845 4.23717 4.25617 4.45421 4.65281 4.78512
4.81259 4.74322 4.58444 4.49073 4.65822 4.59185 5.16864 5.42574 5.57979 5.92283 6.92109 7.85568
9.12783 10.40272 10.90863 11.31524 11.39741 13.04455 13.65502 13.27608 12.87269 14.52844 15.97648
18.38262 17.59150 17.87849 19.08984 17.66827
C1907TS211_4 0.4701389 23.42785 22.57219 20.93566 19.81051 18.11108 16.50627 14.01981 13.08577
10.56872 8.84545 7.11016 6.32743 5.95807 5.64391 5.35999 5.27257 5.11158 5.01579 4.96624 4.91989
4.75958 4.74461 4.89887 4.67312 4.31061 4.11901 3.80088 3.49341 3.27045 3.13389 3.06736 3.04500
2.98324 2.99656 3.06939 3.17212 3.23611 3.32508 3.45318 3.69226 3.97349 4.22491 4.76785 5.80198
6.38191 6.51580 6.97926 7.54859 8.16224 7.49825 7.18560 7.55558 9.50611 10.33191 11.72163 11.36674
13.12294 12.31200 14.17261 17.28181 18.54346
C1907TS152_4 0.46856567 25.05599 23.17549 20.88174 19.97335 18.06616 16.76235 14.19414 13.07933
10.49463 8.74334 7.03687 6.17180 5.81168 5.56954 5.32320 5.23186 5.12718 5.04878 4.98605 4.88367
4.74062 4.71831 4.81397 4.68316 4.31325 4.12663 3.84910 3.55652 3.34050 3.19898 3.11603 3.10712
3.06217 3.09379 3.19098 3.27248 3.36039 3.44492 3.57235 3.81607 4.10977 4.39389 4.99441 6.05000
6.65455 6.74067 7.20704 7.87357 8.49186 7.69224 7.31573 7.69074 9.61178 10.35978 11.76401 11.27413
12.93493 12.33870 14.22365 17.28704 18.41557
C1907TS349_3 0.4683692 19.24121 18.72649 16.78284 13.90103 11.08634 8.25891 5.42783 4.14412
3.59256 3.58729 3.35486 3.25636 3.23502 3.04098 3.01119 2.92876 2.79224 2.91389 3.04856 3.03267
3.36282 3.41239 4.13227 5.07438 6.52615 7.27053 8.67634 9.27353 7.86099 5.29888 4.25515 3.79006
3.76229 3.32079 3.03764 3.12278 3.06638 3.07333 2.97031 3.10241 3.43520 3.86719 3.84585 4.65977
5.64939 6.45604 7.07803 8.47235 8.50558 8.78386 10.03912 10.21625 9.40008 9.44550 9.69929 9.59559
10.62687 9.29464 10.38803 12.26748 14.34701
C1907TS405_1 0.46827263 22.26605 19.86384 16.98854 16.45059 15.19369 14.16080 12.37829 11.35771
9.87880 8.02916 6.61369 5.74336 5.44649 5.23519 5.10607 5.07726 5.12395 5.03077 4.91967 4.81142
4.66633 4.76075 4.74512 4.79602 4.48344 4.27341 3.83130 3.66375 3.56084 3.40963 3.26818 3.24348
3.19813 3.17689 3.16866 3.18386 3.22327 3.34325 3.49272 3.75654 4.15345 4.58929 5.24967 6.16385
6.57465 6.97720 7.60156 8.15383 9.15831 10.68303 11.26122 12.72526 13.55013 15.66909 18.21618
20.20472 20.88428 21.49017 22.27492 21.35611 21.30545
C1907TS405_2 0.46758896 23.39340 20.35903 17.33708 15.63002 14.78595 14.19180 13.06868 12.02929
10.62987 8.42941 6.74730 5.77234 5.55318 5.29466 5.21272 5.19478 5.21241 5.10067 4.99033 4.86794
4.70963 4.78724 4.75800 4.78334 4.45380 4.25838 3.82968 3.64386 3.53827 3.40216 3.25969 3.23215
3.17571 3.16221 3.15964 3.15968 3.19370 3.29595 3.43731 3.70027 4.09140 4.47630 5.09651 5.92896
6.33600 6.74414 7.41813 7.93455 8.93704 10.62917 12.01470 14.29114 14.84490 16.22331 18.74542
20.80124 21.13456 21.68229 22.39945 21.41124 21.32436
C1907TS347_1 0.46733746 22.05558 17.20515 12.26897 10.16630 8.54445 7.13058 6.34747 5.30041
4.92098 4.48497 4.25704 4.11165 3.99649 3.88526 3.87989 3.79474 3.71608 3.76933 3.80445 3.72554
3.73112 3.77378 4.05915 4.50434 4.58906 4.60275 4.55293 4.33201 4.23789 4.08347 4.10793 4.08473
4.16566 4.15862 4.15399 4.12784 4.21139 4.46325 4.84064 5.24257 6.32068 7.37674 7.60518 8.41519
8.64397 8.60862 9.03629 9.30981 10.15023 10.85283 11.49085 12.46505 14.68725 16.48023 18.28310
19.57383 20.04113 20.13708 20.98738 19.99269 20.32903
C1907TS131_4 0.4665292 23.68111 19.77473 14.57791 12.37833 10.38569 8.76388 7.86847 6.68247
6.00044 5.46324 5.15826 4.88146 4.71137 4.56532 4.41894 4.30752 4.31956 4.36289 4.31633 4.18077
4.13508 4.34742 4.53534 4.94518 4.88496 4.67655 4.49145 4.28550 4.13297 3.96426 3.84747 3.85552
3.86943 3.83917 3.82451 3.81270 3.83014 3.98638 4.21733 4.59858 5.23760 5.96018 6.66253 7.72163
8.10711 8.28068 8.63213 9.14187 9.92978 11.48609 12.65850 14.97501 15.92672 16.26942 17.68285
18.11854 19.44792 20.09489 21.52150 21.18428 21.25745
C1907TS299_4 0.46631795 23.32247 18.72933 13.82256 11.46490 9.50322 7.78911 6.89726 5.82821
5.24282 4.80297 4.49713 4.25854 4.12927 4.07539 4.00626 3.92567 3.91430 3.85509 3.92724 4.15320
4.21336 4.28412 4.39780 4.70554 4.72245 4.63530 4.66233 4.57276 4.52348 4.44618 4.39449 4.43996
4.48261 4.45278 4.44023 4.42995 4.45693 4.60894 4.79136 5.16644 5.79286 6.34034 6.88449 7.72113
8.00662 8.04641 8.19221 9.39328 10.04888 10.74124 11.77197 14.81649 16.45575 17.14654 18.17779
17.47437 19.51598 19.44423 21.55612 21.15672 21.55653
C1907TS211_3 0.46562147 21.73934 17.23368 12.85061 10.86735 8.91932 7.38944 6.48539 5.73242
5.15791 4.69363 4.14571 4.03983 3.76004 3.66823 3.58059 3.56077 3.51871 3.44502 3.49213 3.46499
3.46932 3.46571 3.84844 4.22862 4.45260 4.78212 4.84198 4.17747 4.43490 4.08390 3.80386 3.76222
3.69393 3.64719 3.58633 3.74962 3.83231 4.03604 4.41150 4.86201 5.47703 6.13744 6.90705 8.30467
8.43830 8.41409 9.18708 9.48433 9.96365 11.09514 11.82256 13.23413 13.75102 12.98993 14.31871
14.33737 15.40896 15.61209 17.56891 18.90544 17.73658
C1907TS404_2 0.4647591 15.76690 13.35002 11.01890 8.63981 6.34330 5.18395 4.56580 3.62476 3.46905
3.35569 3.24686 3.13463 3.14250 3.23500 3.32543 3.32954 3.32079 3.31523 3.33172 3.32115 3.24237
3.22629 3.41804 3.83953 4.24025 4.45277 4.96200 5.39505 6.00200 6.62871 6.77762 7.24378 7.11842
7.13788 7.37438 7.70391 7.68601 7.32917 8.61882 9.79812 11.63900 11.82637 12.07235 12.59750
12.07920 12.74764 13.92545 14.53557 15.95247 15.40906 15.99679 17.29335 17.94218 17.54456 18.68646
16.93793 17.40497 16.34856 17.30108 19.51403 20.03228
C1907TS103_2 0.46410614 21.28461 17.40007 11.70004 9.73176 8.95016 7.90313 6.53999 6.34076 5.78197
5.20256 4.66914 4.45085 4.16867 4.20904 4.12773 3.94950 3.93595 4.05353 4.15539 4.01392 4.05791
4.07912 4.25560 4.33142 4.10518 4.06575 3.88399 3.73662 3.61982 3.66737 3.51824 3.51026 3.55743
3.80120 3.82304 3.99968 3.91372 4.03896 4.46206 4.84007 5.43893 5.80265 6.14874 6.39853 7.92161
9.57868 10.86190 12.86202 14.56694 15.75802 16.71706 17.80160 17.39919 17.61966 19.66687 20.20596
20.91485 20.63930 18.66117 17.13702 18.70186
C1907TS102_1 0.46410614 21.28461 17.40007 11.70004 9.73176 8.95016 7.90313 6.53999 6.34076 5.78197
5.20256 4.66914 4.45085 4.16867 4.20904 4.12773 3.94950 3.93595 4.05353 4.15539 4.01392 4.05791
4.07912 4.25560 4.33142 4.10518 4.06575 3.88399 3.73662 3.61982 3.66737 3.51824 3.51026 3.55743
3.80120 3.82304 3.99968 3.91372 4.03896 4.46206 4.84007 5.43893 5.80265 6.14874 6.39853 7.92161
9.57868 10.86190 12.86202 14.56694 15.75802 16.71706 17.80160 17.39919 17.61966 19.66687 20.20596
20.91485 20.63930 18.66117 17.13702 18.70186
C1907TS404_3 0.4632362 17.90433 14.71970 12.30479 9.70817 7.17741 5.72657 5.00472 3.95810 3.76142
3.74150 3.60137 3.41431 3.32872 3.26700 3.23865 3.21298 3.30778 3.54905 3.77970 3.87955 3.75997
3.70548 3.98267 4.43045 4.72451 4.73549 4.94590 5.27093 5.75433 6.03590 6.17693 6.41005 6.28647
6.25832 6.16237 6.46657 6.52143 6.33663 7.32029 7.71416 8.13987 8.94230 9.66936 10.63149 10.83082
11.43830 11.40599 11.37595 11.53614 11.12790 12.44515 13.42997 14.52463 14.72402 15.45167 15.02655
16.06529 14.70355 16.69317 18.85427 19.42003
C1907TS210_4 0.46291876 21.73036 19.06783 16.15980 15.33573 14.61226 13.60420 12.14065 11.05128
9.89659 8.04157 6.58762 5.69069 5.39736 5.15097 5.00725 4.97453 5.01282 4.80848 4.64939 4.72138
4.68061 4.60831 4.53530 4.61739 4.32977 4.18749 4.01587 3.99225 3.99211 3.97367 3.99425 4.02133
4.05189 4.06452 4.07483 4.10559 4.14629 4.26958 4.43409 4.69388 5.04451 5.35750 5.81519 6.49897
6.61995 6.82294 7.08997 7.94670 8.81123 9.18446 9.54760 11.74848 13.13365 15.36832 17.95092
20.46063 21.17383 22.02478 22.93492 21.94595 21.89079
C1907TS131_5 0.460838 20.40729 16.53446 14.50670 11.85481 9.90862 9.11545 7.92044 6.97767 6.29451
6.13559 5.68963 5.31550 5.16311 5.11251 5.08531 5.02847 5.05846 5.07437 5.03034 4.70075 4.57032
4.79102 4.75498 4.75003 4.68575 4.53249 4.37759 4.17867 4.05615 3.89822 3.78000 3.78590 3.80133
3.77463 3.77295 3.76696 3.79985 3.95169 4.19788 4.61198 5.29786 6.03296 6.74466 7.84792 8.22813
8.29639 8.64394 9.18387 9.97670 11.56763 12.70941 15.11172 16.86215 17.84398 18.79893 18.09315
19.49632 19.94484 21.23995 21.13724 21.23283
C1907TS210_5 0.45989397 23.58576 20.60094 17.41790 15.76998 14.31310 12.61993 10.84934 10.12440
8.25101 6.58097 5.97131 5.27440 4.99743 4.83819 4.76570 4.71357 4.69447 4.51008 4.43012 4.60417
4.59309 4.62760 4.76736 4.70551 4.67694 4.33716 4.48030 4.07066 4.26810 4.20263 4.05251 4.05908
3.89416 3.88754 3.97938 4.00956 4.08342 4.30642 4.42597 4.74524 5.31174 5.53719 6.09652 7.15092
7.32549 7.03293 7.08023 8.24743 9.10945 9.67265 10.29904 12.37841 13.33002 15.63447 18.34244
20.46445 21.10090 21.70141 22.56804 21.63400 21.50603
C1907TS131_1 0.45938247 20.13170 16.30968 14.35943 11.73150 9.84793 9.08362 7.89460 6.93336
6.29098 6.14583 5.71050 5.34275 5.17785 5.16015 5.16779 5.11420 5.15442 5.16436 5.11103 4.75859
4.62117 4.85619 4.81547 4.81439 4.73650 4.58131 4.39139 4.19135 4.07755 3.90129 3.78797 3.78955
3.79969 3.77820 3.77181 3.74878 3.76771 3.91507 4.15900 4.56242 5.22945 5.94646 6.67626 7.81734
8.12828 8.21427 8.58596 9.03264 9.85940 11.48586 12.55118 14.99988 16.75183 17.80793 18.79184
18.12903 19.56018 19.99115 21.25788 21.01579 21.26156
C1907TS131_3 0.45893055 20.20539 16.42516 14.45503 11.85379 9.93444 9.14522 7.93211 7.00280
6.32687 6.17219 5.73937 5.37471 5.22236 5.17793 5.16273 5.10594 5.14629 5.16201 5.10572 4.76131
4.63009 4.86615 4.82886 4.83350 4.75780 4.59012 4.42650 4.22749 4.09540 3.92691 3.81502 3.81250
3.83001 3.80963 3.80321 3.78609 3.81552 3.96557 4.20307 4.61448 5.28895 6.03039 6.76889 7.90528
8.25138 8.42345 8.78156 9.18334 9.99317 11.51914 12.77745 15.06699 16.81661 17.66380 18.98125
18.14361 19.32112 20.00355 21.18084 20.95475 20.97252
C1907TS405_3 0.45830658 24.43786 18.56089 15.37490 13.67026 12.84285 11.53314 10.57436 10.51393
9.57352 7.82492 6.73837 5.82369 5.50117 5.48623 5.45012 5.23654 5.16043 5.09209 4.90558 4.82429
4.83540 4.96377 5.19371 5.28706 4.54179 4.13453 3.76774 3.58820 3.47610 3.31991 3.16139 3.13935
3.07829 3.05533 3.03411 3.03862 3.07340 3.18394 3.31326 3.57641 3.96566 4.35108 4.95692 5.82181
6.25383 6.65544 7.33191 7.87843 8.79512 10.30379 11.55356 13.65303 14.56064 15.96468 19.87486
21.03742 22.20267 22.05161 22.87327 21.79583 21.72850
C1907TS405_5 0.45817563 23.50765 26.37879 21.52938 19.18057 15.97613 14.15462 12.27140 11.22644
9.89493 7.95162 6.43172 5.48899 5.16019 5.03190 4.99289 4.99266 5.01168 4.80503 4.60877 4.56446
4.46927 4.56721 4.60776 4.61119 4.70074 4.29001 4.31194 3.74607 3.64411 3.43019 3.28101 3.32039
3.16174 3.18739 3.21982 3.23389 3.22891 3.37396 3.50852 3.83869 4.36878 4.84433 5.55770 6.78307
7.08217 7.27377 7.37711 8.31104 9.37291 10.80739 12.00932 14.05874 14.60099 15.96874 18.48174
20.55075 21.15037 21.78370 22.71420 21.72300 21.65918
C1907TS131_2 0.45794737 20.06664 16.29399 14.34435 11.73178 9.84680 9.06831 7.87075 6.91725
6.27484 6.13800 5.73185 5.38286 5.23115 5.21585 5.21426 5.16296 5.22373 5.24647 5.19252 4.81159
4.67226 4.91106 4.87938 4.90031 4.81742 4.64803 4.45391 4.24896 4.13896 3.96268 3.84955 3.84336
3.82989 3.78932 3.76721 3.74321 3.76420 3.91564 4.15465 4.54988 5.20290 5.92605 6.67041 7.80643
8.14040 8.28175 8.66228 9.09543 9.91631 11.52413 12.58490 15.02855 16.75904 17.79940 18.80930
18.14094 19.55747 20.01999 21.16632 20.90035 21.06662
C1907TS247_5 0.45774317 21.96418 18.88449 14.96022 13.40148 11.44389 10.22917 9.20625 8.14498
7.49415 6.64712 6.30630 5.89342 5.73152 5.62871 5.65636 5.60923 5.44987 5.41419 5.37208 5.31995
5.15051 5.33297 5.43370 5.57114 5.10073 4.81197 4.50993 4.29826 4.00268 3.82920 3.71068 3.67842
3.60704 3.57236 3.51180 3.50958 3.57938 3.71890 3.86384 4.10941 4.58450 5.00195 5.64512 6.48792
6.97600 7.29931 7.73149 8.42807 9.41679 10.98657 11.83548 13.68094 14.21452 15.01307 17.14923
18.15759 19.47089 20.29980 20.98761 19.65212 19.89951
C1907TS247_1 0.45428133 18.32846 14.35443 11.95979 9.99247 8.39601 7.71165 6.88974 6.48684 5.85958
5.95742 5.60152 5.32523 5.16346 5.08362 5.11401 5.00011 4.87072 4.79520 4.73855 4.59913 4.44866
4.60776 4.73901 5.11171 4.96406 4.86308 4.73180 4.47603 4.33332 4.10947 4.02733 4.03730 4.08047
4.15573 3.99193 4.02128 3.96790 4.11751 4.44570 4.72920 5.44976 6.13521 6.76673 7.79589 8.34227
8.42176 8.63640 9.11980 9.97125 11.27251 12.30736 14.04705 14.41130 15.00479 17.31189 18.26564
20.41605 20.19077 21.91499 21.05829 21.10431
C1907TS278_3 0.4539035 18.10854 15.02074 11.24612 7.95721 6.97373 5.66367 4.91531 4.28101 3.91281
3.65000 3.45228 3.31583 3.21690 3.17585 3.14387 3.17312 3.23351 3.30164 3.31054 3.53539 3.74227
4.59283 5.16552 5.62043 6.34519 6.57276 7.23294 6.95666 7.17206 6.44275 5.52809 4.41595 4.38206
4.07920 4.01572 4.09435 4.18698 4.23436 4.44543 4.98843 5.61148 6.09374 7.10939 8.37293 8.29599
8.38983 8.05278 8.29471 8.33683 7.78467 8.90556 9.35213 10.85629 12.14878 10.80682 11.45331
9.80590 10.59638 11.41283 15.61455 17.43900
C1907TS158_3 0.4539035 18.10854 15.02074 11.24612 7.95721 6.97373 5.66367 4.91531 4.28101 3.91281
3.65000 3.45228 3.31583 3.21690 3.17585 3.14387 3.17312 3.23351 3.30164 3.31054 3.53539 3.74227
4.59283 5.16552 5.62043 6.34519 6.57276 7.23294 6.95666 7.17206 6.44275 5.52809 4.41595 4.38206
4.07920 4.01572 4.09435 4.18698 4.23436 4.44543 4.98843 5.61148 6.09374 7.10939 8.37293 8.29599
8.38983 8.05278 8.29471 8.33683 7.78467 8.90556 9.35213 10.85629 12.14878 10.80682 11.45331
9.80590 10.59638 11.41283 15.61455 17.43900
C1907TS404_4 0.45376927 15.87741 13.14988 11.87466 8.15968 6.15863 5.15532 4.64653 3.80045 3.65178
3.70730 3.52513 3.47771 3.44434 3.45787 3.44133 3.34431 3.25737 3.23605 3.21823 3.19377 3.14349
3.13839 3.39965 3.90447 4.36902 4.53871 5.13845 5.63212 6.16390 6.44420 6.55240 6.66159 6.72661
6.55592 6.75207 6.96302 7.14193 6.99709 8.05303 9.02011 9.91311 11.46714 12.78883 14.00809
13.78109 13.74877 15.08622 14.66905 14.94525 15.82892 16.00765 17.24918 16.94339 16.67671 16.38727
15.67053 17.74599 15.25607 15.98067 18.68933 20.48078
C1907TS211_5 0.45048925 21.20820 17.01452 12.52190 10.59899 8.70435 7.24363 6.32031 5.69136
5.11273 4.65684 4.20497 4.15009 3.96422 3.75087 3.73426 3.65058 3.72630 3.77362 3.86416 3.96137
3.90018 4.02266 4.35853 4.73020 4.77032 5.46501 5.61294 4.87263 5.51126 4.70093 4.32116 4.33681
4.28610 4.20131 4.11757 4.24921 4.24699 4.42984 4.72581 5.11698 5.67738 6.22918 6.98435 8.34399
8.43970 8.21610 8.90839 9.39951 9.80965 10.81706 11.50696 12.83316 13.18037 12.54149 13.64712
14.03779 15.39236 15.11311 16.44894 18.25050 17.28667
C1907TS247_4 0.45047086 21.04914 17.89336 14.67702 13.18167 11.49178 10.03007 8.94642 7.85297
7.09322 6.54909 6.01253 5.67427 5.61193 5.48803 5.47280 5.22700 5.11554 5.08352 5.02155 4.92067
4.75704 4.95543 5.08035 5.35421 5.07090 4.82065 4.60944 4.39849 4.23550 4.18291 4.04855 4.03314
4.01543 4.00278 3.94929 3.95667 4.01660 4.14865 4.36256 4.58305 5.32091 6.12107 6.67097 7.75814
8.15543 8.40129 8.69061 9.18924 9.96595 11.51423 12.50531 14.94904 16.44353 17.40204 18.23558
18.06400 19.51851 19.86412 21.77780 20.73311 20.60296
C1907TS278_2 0.44995472 14.93067 11.08270 8.24917 6.03686 5.32883 4.62022 3.93198 3.67893 3.67595
3.78957 3.70813 3.64390 3.61628 3.63902 3.66273 3.59264 3.62541 3.95460 4.18610 4.07117 4.33509
4.53132 4.78305 5.22238 5.81908 6.06157 6.53032 6.20260 6.35302 5.87984 5.52706 5.64792 5.15944
5.14048 5.19134 5.12241 5.12441 5.22112 5.66948 5.87340 6.43954 7.02234 7.43600 7.99940 8.54112
9.86239 9.88879 11.29294 11.92803 13.14107 14.83633 15.01047 15.15432 17.18347 16.97397 17.88040
18.24375 18.99797 19.11143 19.31199 20.76426
C1907TS158_2 0.44995472 14.93067 11.08270 8.24917 6.03686 5.32883 4.62022 3.93198 3.67893 3.67595
3.78957 3.70813 3.64390 3.61628 3.63902 3.66273 3.59264 3.62541 3.95460 4.18610 4.07117 4.33509
4.53132 4.78305 5.22238 5.81908 6.06157 6.53032 6.20260 6.35302 5.87984 5.52706 5.64792 5.15944
5.14048 5.19134 5.12241 5.12441 5.22112 5.66948 5.87340 6.43954 7.02234 7.43600 7.99940 8.54112
9.86239 9.88879 11.29294 11.92803 13.14107 14.83633 15.01047 15.15432 17.18347 16.97397 17.88040
18.24375 18.99797 19.11143 19.31199 20.76426
C1907TS404_1 0.4473745 17.14343 14.21088 12.94272 8.86338 6.65247 5.47798 4.88280 3.93678 3.76276
3.84078 3.60847 3.50539 3.43741 3.41456 3.39151 3.34070 3.30549 3.38457 3.42556 3.39813 3.35782
3.42501 3.65370 4.10246 4.49709 4.60196 5.06187 5.53083 6.11364 6.56301 6.83828 7.14353 6.94803
7.03097 7.29192 7.64241 7.58559 7.16245 8.34011 8.27151 9.06498 9.89990 10.29863 11.74788 11.42392
12.76460 13.44950 13.27954 14.12027 13.91155 14.59334 15.51878 17.01896 16.77605 16.65562 15.89751
16.53895 15.02927 15.70183 17.81145 19.13280
C1907TS247_2 0.4465524 18.44680 14.37058 11.70821 9.74085 8.48293 8.10595 7.42778 6.91057 6.28093
6.42038 5.94233 5.56597 5.38580 5.29368 5.22993 5.09846 4.91657 4.77622 4.66396 4.48636 4.36528
4.58700 4.79737 5.22848 5.13505 4.96773 4.82452 4.60272 4.42596 4.28496 4.11388 4.15108 4.21543
4.20563 4.07558 3.98119 4.12491 4.37503 4.53436 4.88499 5.34930 6.07480 6.80547 7.88096 8.43709
8.39352 8.68244 9.29732 9.56050 11.23463 12.28924 14.45409 15.20679 14.97025 16.40449 17.60535
18.73718 19.58632 21.26591 20.88218 20.81724
C1907TS247_3 0.44388404 23.46733 18.06885 12.81854 11.48395 10.29380 8.66552 7.26495 6.55793
6.22985 5.84012 5.51873 5.41206 5.28100 5.22180 5.15848 5.07589 5.02844 5.02641 5.05006 5.00597
4.93244 5.11176 5.21109 5.54357 5.28211 5.11424 4.98098 4.83075 4.63021 4.53719 4.36811 4.34374
4.37772 4.26348 4.09212 3.97042 4.01421 4.15608 4.33746 4.77462 5.48813 6.08350 6.77565 7.79295
8.26183 8.48176 8.77061 9.31582 10.15785 11.57827 12.78936 15.07780 16.06752 16.20750 17.25549
18.11875 19.67802 20.35355 21.63840 21.32567 21.39272
C1907TS067_3 0.4336613 22.20043 19.44048 18.63114 16.13248 13.12262 10.58287 7.45194 5.49766
4.56911 4.06497 3.93006 3.75747 3.68188 3.72907 3.70306 3.56311 3.47048 3.38173 3.20139 3.28650
3.67275 4.29005 5.71602 4.83299 5.74055 5.60177 4.99303 4.61499 4.39831 4.31108 4.27507 4.36628
4.21421 4.26391 4.20011 4.13175 4.08493 4.03233 4.37518 5.12824 6.12588 6.71911 7.71742 8.37056
8.34808 8.92088 10.15054 10.04814 10.42712 11.96342 14.47473 15.35734 15.86530 14.88924 15.37356
15.39520 16.38868 17.50396 18.75579 18.36537 18.38728
C1907TS003_1 0.43013307 19.53032 19.06614 18.18053 16.67887 16.41854 16.33323 15.33093 13.30198
10.53486 7.36357 6.70385 6.75346 6.50155 5.88926 5.85014 5.34157 5.18973 5.76305 5.48422 5.93958
6.10666 6.43224 6.30893 6.53039 6.47796 6.78276 5.59869 5.49636 4.57630 4.21219 3.99877 3.64744
3.48498 3.37993 3.26704 3.23994 3.31428 3.27616 3.26342 3.34602 3.50326 3.70066 4.09726 4.48197
4.41278 4.91389 5.75693 6.84926 8.01586 9.45515 10.02529 11.38118 11.42537 11.77918 11.91575
12.12921 14.72231 15.15115 16.54784 16.85791 18.25342
C1907TS003_3 0.42952707 19.51951 18.84693 14.92161 12.69286 11.46734 11.22714 8.67893 8.16174
7.43152 8.55439 7.35971 6.43534 5.78890 5.68847 5.47368 5.83826 6.01285 6.40069 8.20934 8.36762
7.00164 6.74762 6.06809 6.56643 5.90004 5.40359 4.73935 4.22084 3.90969 3.83804 3.71412 3.57430
3.22389 3.43272 3.65818 3.66773 3.67890 4.47421 4.86196 4.63553 4.94559 5.13932 6.29530 6.53702
6.39397 6.27945 6.37668 6.34743 6.96005 7.50129 8.39949 9.10443 10.01209 10.94172 13.74368
13.98934 15.38806 17.96831 19.00097 18.31939 19.16220
C1907TS067_4 0.42915136 24.68569 23.16922 22.50493 20.48220 16.51004 14.16745 10.64793 8.56867
6.92142 5.93610 5.48017 5.14424 5.09021 5.13132 5.05680 4.78505 4.74858 4.68877 4.54015 4.88486
5.04441 5.54990 6.20089 6.17626 6.33182 5.55924 4.96145 4.88826 4.41813 4.44357 4.30407 4.17523
4.06629 4.14748 4.11676 3.99500 4.06672 4.06876 4.31055 4.85315 5.52207 6.03298 7.32333 8.11832
7.63154 7.73360 8.79183 8.44601 8.88246 10.30731 12.26407 12.88951 13.02846 12.27631 12.70569
12.45958 14.38082 15.51770 16.63046 16.92255 17.36889
C1907TS067_1 0.42915136 24.68569 23.16922 22.50493 20.48220 16.51004 14.16745 10.64793 8.56867
6.92142 5.93610 5.48017 5.14424 5.09021 5.13132 5.05680 4.78505 4.74858 4.68877 4.54015 4.88486
5.04441 5.54990 6.20089 6.17626 6.33182 5.55924 4.96145 4.88826 4.41813 4.44357 4.30407 4.17523
4.06629 4.14748 4.11676 3.99500 4.06672 4.06876 4.31055 4.85315 5.52207 6.03298 7.32333 8.11832
7.63154 7.73360 8.79183 8.44601 8.88246 10.30731 12.26407 12.88951 13.02846 12.27631 12.70569
12.45958 14.38082 15.51770 16.63046 16.92255 17.36889
C1907TS067_5 0.42865264 24.83150 23.34077 22.66930 19.87960 15.94692 13.73719 10.30129 8.20311
6.63635 5.73049 5.34430 5.14678 5.14130 5.05920 4.94811 4.79427 4.71425 4.35681 4.04540 4.40718
4.89915 5.84749 6.77960 7.00274 6.78393 6.21185 5.67772 5.27893 4.82096 4.79802 4.16774 3.84670
3.67138 3.70731 3.83124 3.75980 3.61774 3.68803 3.86618 4.20065 4.60785 5.64885 6.76453 7.44821
7.61909 7.90125 8.81632 9.03562 9.40236 10.93250 12.08122 13.37938 13.27579 12.65852 13.21563
14.16601 15.90712 16.74113 18.12794 17.79495 17.66389
C1907TS067_2 0.42865264 24.83150 23.34077 22.66930 19.87960 15.94692 13.73719 10.30129 8.20311
6.63635 5.73049 5.34430 5.14678 5.14130 5.05920 4.94811 4.79427 4.71425 4.35681 4.04540 4.40718
4.89915 5.84749 6.77960 7.00274 6.78393 6.21185 5.67772 5.27893 4.82096 4.79802 4.16774 3.84670
3.67138 3.70731 3.83124 3.75980 3.61774 3.68803 3.86618 4.20065 4.60785 5.64885 6.76453 7.44821
7.61909 7.90125 8.81632 9.03562 9.40236 10.93250 12.08122 13.37938 13.27579 12.65852 13.21563
14.16601 15.90712 16.74113 18.12794 17.79495 17.66389
C1907TS087_3 0.42708752 22.25265 19.80398 15.41990 12.49150 11.28863 8.24736 7.04448 6.35029
6.72616 6.90748 6.21921 5.96932 5.90789 5.83894 5.49705 5.18095 5.24747 6.13174 7.14465 9.24212
8.95760 8.19096 7.38577 7.41397 7.99753 7.31460 7.07686 7.72867 7.25340 7.78505 7.24517 5.29085
4.94470 3.87965 3.33652 3.09697 3.03465 3.09105 3.22635 3.56197 4.04358 4.41870 5.19031 6.40072
6.17408 6.00305 6.79920 6.80610 7.08461 6.94719 7.79069 9.26215 10.23060 10.53216 11.74797
11.22445 11.32649 11.75449 12.60295 14.64517 15.44815
C1907TS054_2 0.42291242 16.76044 13.45317 11.17954 10.54599 8.81809 6.17131 5.25997 3.79390
3.61161 3.34536 3.03529 2.95604 2.91319 2.94087 2.97670 2.97078 3.10572 3.16426 3.22304 3.37376
3.36033 3.65256 4.14240 4.92030 5.38217 6.36998 7.14657 8.12530 8.55037 8.91381 7.10505 5.95558
5.74851 5.14849 4.93065 4.84766 4.68231 4.57887 4.80147 5.31306 5.72557 6.49351 6.94334 7.38817
8.01747 9.37214 9.81636 10.75033 12.31841 13.19230 13.41563 13.04175 14.21451 16.27584 15.81717
15.56025 17.12103 17.13837 16.69259 19.01865 18.65490
C1907TS054_1 0.41831234 18.38059 13.72816 10.70654 8.78502 7.35328 6.12973 5.34512 4.60423 3.63951
3.59915 3.39703 3.23036 3.02494 3.11398 3.15116 3.19641 3.33147 3.56646 3.76132 4.08910 4.04650
4.20599 4.30607 5.52454 5.79750 7.82424 8.06478 8.66028 8.98368 7.04582 7.66218 6.32977 5.53807
5.39225 5.48072 5.16567 5.17063 4.75612 5.53459 5.92316 6.32044 6.54894 5.94636 6.53250 6.90666
7.19000 7.99281 8.99364 10.51667 11.71985 12.39216 12.61687 13.95732 16.05275 16.04112 15.29879
15.60389 16.22604 16.10024 18.23505 19.04806
C1907TS273_5 0.4087521 17.27209 16.25531 12.53196 12.93687 11.06690 9.16625 9.22322 7.08867
5.80067 4.46168 3.91886 3.27340 3.24066 3.14891 3.21624 3.20763 3.28613 3.49946 3.56887 3.62134
4.02139 4.34891 5.11907 7.82993 9.54582 11.82682 11.60141 11.48325 9.95770 8.37355 6.78980
7.84198 8.25613 8.01892 8.93386 6.03485 6.00190 4.61840 4.12250 4.15015 4.61516 4.56720 4.73508
5.73833 5.62903 5.64146 5.85931 6.29944 6.85289 8.19344 8.20075 8.80470 9.80925 10.66893 9.64273
10.78912 11.28285 10.55319 10.87974 11.26364 12.08955
C1907TS490_1 0.4053735 16.36012 16.06973 13.15820 12.65390 12.29691 10.62878 7.80356 5.57096
4.54244 4.18808 4.05452 3.83286 3.52819 3.37715 3.21509 3.15632 2.95800 3.08677 3.46530 4.14707
4.63249 6.41095 8.30829 9.90512 11.14476 10.37997 10.68175 10.01551 7.82797 5.75549 4.77827
3.98900 3.73084 3.39790 3.42194 3.63700 3.55018 3.39258 3.67706 3.87359 4.37542 4.60633 5.08197
5.42780 6.41512 8.15042 10.41656 12.80140 14.90444 16.28540 16.98395 17.87644 17.80783 17.98993
18.76778 19.10354 17.00076 15.07057 14.75670 15.62851 16.38926
C1907TS103_1 0.40395236 X X X X 13.70625 10.50298 6.90450 6.93551 6.64521 5.02759 5.15047 4.43713
3.92172 3.74842 4.24928 4.35384 4.02884 4.02189 4.15892 3.97093 4.04256 4.21115 4.51146 5.33442
5.70438 6.09417 7.36504 7.30996 8.01300 7.34862 7.26145 7.11734 6.98793 6.77216 7.65336 7.66685
6.85809 6.51684 5.58166 5.41768 5.78882 5.88274 6.88206 7.41332 7.06158 7.08375 7.15222 7.06062
7.19658 7.42034 8.05996 8.88359 9.46148 10.15444 10.58595 12.11043 12.47233 13.02855 14.26546
16.46937 X
C1907TS054_4 0.40118295 18.19047 13.78403 11.39837 10.30796 8.32208 8.62069 7.70693 7.71396
5.63530 4.37495 3.66986 3.30570 3.08907 3.06975 3.01174 2.98200 3.09649 3.15315 3.14155 3.31928
3.25838 3.46307 3.96135 4.55267 5.42427 6.31452 7.02497 7.50875 8.11882 8.78543 9.11405 10.94111
8.60314 7.45663 6.96633 5.35117 5.71032 5.81276 5.77738 6.87121 8.15847 7.39933 7.26158 7.44090
8.57122 8.97301 8.39285 8.70621 8.56330 9.21121 9.90309 11.41973 12.02869 11.59602 13.02827
11.63453 12.85436 13.17252 14.43295 17.25920 19.53158
C1907TS003_2 0.39428562 18.79870 19.74457 17.62394 17.02802 14.80597 14.68613 13.22183 10.11781
8.18060 6.61882 7.03955 6.67006 5.95607 5.46176 5.80766 5.79012 5.45742 5.51829 6.29314 6.25896
5.85056 5.43980 5.61890 6.58178 6.21364 5.00624 4.74185 5.08036 4.94044 4.36491 4.34077 3.97925
4.45295 4.64212 4.72938 5.16480 5.07638 5.38045 5.54421 5.86798 6.36543 8.24302 7.78036 6.86588
7.40354 7.26864 7.32234 7.42149 8.09923 9.42743 10.62149 11.47468 12.89895 12.19165 13.34101
13.16014 14.23112 14.75103 16.56813 18.23534 20.46683
C1907TS054_5 0.39144257 18.48489 16.18612 12.58018 12.60989 10.80796 10.24385 9.64387 9.39690
6.84091 5.26055 4.41986 4.49808 4.91116 4.92856 5.12504 4.46073 4.68243 4.92630 5.55392 8.18790
9.12241 10.01738 10.29627 8.77105 8.07937 6.96985 6.66968 7.45629 8.45355 7.12497 5.21083 5.09171
4.81649 4.94451 4.06369 4.12769 4.52910 4.21958 4.26452 5.05224 5.28636 5.19702 5.38811 6.28535
6.39995 7.16775 7.75843 8.80128 10.33001 9.51789 10.27182 11.01276 11.52452 11.92016 10.08911
9.18071 8.76937 8.98380 9.98631 14.15098 16.61677
C1907TS200_1 0.3719347 17.32311 15.64102 13.98174 13.57094 12.55930 12.46186 12.18823 11.11254
9.89188 8.47603 8.16881 7.99824 7.77062 7.87288 8.30709 9.18428 7.78883 8.48377 7.87238 7.53168
6.96070 7.07191 6.62446 6.99288 6.84798 6.88400 5.93850 6.30510 4.85442 3.98463 3.80398 3.81545
3.45387 3.09735 2.88225 2.85137 2.91301 2.84098 2.87488 3.15354 3.33714 3.75416 3.65887 4.02106
4.72028 4.70639 5.31213 5.38150 6.46251 6.98333 7.75418 8.59157 8.96015 9.25272 9.14164 9.01744
9.13944 9.29500 10.27300 11.66063 12.62481
C1907TS179_1 0.3719347 17.32311 15.64102 13.98174 13.57094 12.55930 12.46186 12.18823 11.11254
9.89188 8.47603 8.16881 7.99824 7.77062 7.87288 8.30709 9.18428 7.78883 8.48377 7.87238 7.53168
6.96070 7.07191 6.62446 6.99288 6.84798 6.88400 5.93850 6.30510 4.85442 3.98463 3.80398 3.81545
3.45387 3.09735 2.88225 2.85137 2.91301 2.84098 2.87488 3.15354 3.33714 3.75416 3.65887 4.02106
4.72028 4.70639 5.31213 5.38150 6.46251 6.98333 7.75418 8.59157 8.96015 9.25272 9.14164 9.01744
9.13944 9.29500 10.27300 11.66063 12.62481
C1907TS273_4 0.36756644 14.47701 15.12538 12.73781 13.10562 11.71084 13.46071 12.57380 11.08500
9.38847 8.65999 8.54774 9.70489 10.96814 12.50271 12.52395 14.20096 12.59808 13.11379 13.33784
11.55749 12.49838 12.57120 10.82027 9.17335 8.33621 7.39839 6.58143 5.84697 6.82787 6.84571
6.07600 4.84999 4.48258 3.91219 3.55400 3.24848 3.20407 3.11673 3.07560 3.12757 3.36362 3.72722
3.87558 4.16432 4.58254 6.03487 7.00252 8.86939 10.02487 10.25914 10.98107 11.01539 12.33602
12.72396 14.53535 15.10382 16.11233 16.52404 17.52115 17.48541 19.30212
C1907TS087_5 0.30353612 14.28208 12.37980 9.62621 7.77540 7.04133 7.38889 6.55364 5.22232 4.57626
3.89036 3.58170 3.27358 3.26622 3.36534 3.21959 3.38938 3.65239 3.89096 4.75738 7.23611 8.91612
10.90410 12.54051 13.24613 14.61701 14.36111 13.09001 12.56209 14.39336 14.16446 13.24816 14.07368
12.65121 12.95340 13.55626 13.25081 14.66465 15.79548 14.50058 11.86787 11.88780 11.94846 13.60052
15.55039 17.81002 18.40161 19.49146 19.34413 19.84579 17.61043 15.44764 13.85150 13.85647 12.23460
12.56692 11.92975 12.49659 13.99448 13.04749 14.22484 14.71059
END



