PFRMAT QA
TARGET C1908x2
MODEL 2
QMODE 2
C1908x2TS345_1 0.283 12.196 11.615 12.869 10.999 9.818 9.653 9.79 8.956 9.151 10.195 11.585 11.01 10.864 12.483 13.306 12.483 10.223 9.745 9.915 9.423 9.513 
11.184 11.544 10.096 10.178 11.476 11.936 11.61 11.743 10.375 8.459 7.404 8.805 6.766 7.334 5.481 6.358 5.729 7.487 8.555 9.945 9.947 
10.724 10.716 9.553 10.337 10.813 8.472 7.7 5.775 7.245 7.408 7.087 6.14 6.52 4.201 5.729 4.767 5.883 5.054 4.465 5.216 5.554 
5.52 5.405 4.262 6.189 5.561 7.633 6.481 8.919 9.443 9.443 10.543 9.754 9.305 7.294 6.196 5.609 5.222 5.183 5.063 5.437 7.923 
8.163 9.828 9.587 10.799 11.323 11.798 10.575 10.186 8.972 8.39 7.422 6.339 7.011 6.614 5.993 6.697 7.04 7.29 6.742 8.816 8.599 
9.053 7.666 9.169 10.091 9.431 8.924 8.27 8.522 8.598 8.538 7.384 7.856 7.609 7.819 8.139 7.826 
C1908x2TS389_1 0.297 13.62 12.076 13.588 13.499 12.669 10.567 11.099 9.989 9.656 10.169 12.215 12.217 10.937 12.927 13.924 13.353 11.667 11.343 10.903 10.822 10.711 
8.904 11.288 11.459 10.665 11.602 12.273 12.136 11.584 10.025 8.117 8.871 7.411 6.414 6.292 5.595 5.974 6.042 6.19 6.891 7.968 8.563 
7.295 9.3 8.576 10.383 7.98 8.225 7.18 6.266 9.254 11.61 13.853 13.181 12.005 9.782 9.471 7.573 8.153 7.318 8.095 8.995 7.783 
9.254 7.0 4.628 5.738 5.116 5.833 5.269 5.738 6.621 5.977 9.584 7.726 7.544 5.957 5.415 4.504 4.137 4.259 4.022 4.327 4.621 
3.932 4.91 4.83 5.413 6.085 6.66 6.763 9.747 8.4 9.311 7.149 4.988 5.352 5.213 5.377 5.886 5.548 5.946 6.167 7.304 8.231 
8.589 9.691 11.547 10.775 8.621 9.132 7.846 7.666 7.68 7.642 7.56 7.827 7.259 7.493 7.98 8.964 
C1908x2TS067_1 0.171 13.926 12.847 14.535 14.345 14.817 14.06 13.002 11.614 13.308 12.929 12.883 13.422 13.33 13.498 14.479 13.618 13.572 12.736 12.057 13.36 14.368 
15.0 15.0 14.978 14.672 15.0 15.0 14.673 15.0 14.597 14.75 13.581 13.013 12.211 11.866 11.802 12.68 12.262 12.355 13.332 13.062 13.486 
13.628 14.43 13.514 14.564 13.648 12.422 10.798 8.362 10.055 10.488 11.604 12.297 13.252 10.732 10.697 12.654 11.308 10.233 10.32 10.275 8.782 
8.622 8.706 7.544 9.853 10.365 13.543 12.737 12.317 10.717 9.193 8.683 8.432 8.175 6.839 7.795 8.096 8.682 8.993 9.279 10.912 10.455 
11.063 12.47 10.367 10.402 10.345 10.892 9.182 9.007 8.839 8.881 8.85 8.117 7.957 9.304 8.276 8.016 7.988 9.271 8.789 10.64 11.106 
10.115 9.829 9.412 9.182 8.636 9.078 9.167 9.872 12.39 13.326 14.858 14.723 13.993 14.014 13.115 12.774 
C1908x2TS405_5 0.304 13.957 12.828 13.223 13.721 14.547 12.302 11.285 10.496 11.957 11.297 13.338 14.456 14.645 15.0 15.0 15.0 14.393 12.805 11.223 10.766 11.787 
11.02 12.61 11.221 10.513 10.964 12.374 11.624 12.546 10.436 10.437 10.579 7.691 6.645 7.688 6.46 6.452 6.984 7.499 7.915 7.541 7.205 
6.538 6.958 5.493 6.212 6.644 6.862 7.092 7.262 12.335 13.353 14.249 13.42 12.835 10.516 11.787 8.96 9.255 7.738 8.891 9.354 8.375 
8.874 6.925 4.902 6.357 5.937 6.837 7.921 7.679 8.682 7.083 8.54 5.865 5.759 4.518 4.203 3.727 3.578 4.516 4.341 4.716 5.101 
4.491 5.226 4.961 4.87 5.461 6.022 6.525 7.66 7.678 8.214 7.292 5.776 5.569 4.699 5.53 5.521 6.652 6.633 7.372 8.127 9.363 
8.693 7.727 9.391 9.109 7.057 6.691 4.874 5.11 5.25 5.66 4.86 5.763 5.726 5.646 6.632 6.298 
C1908x2TS432_1 0.279 9.531 9.67 10.046 9.47 10.294 9.723 8.784 8.246 8.784 9.192 9.295 9.133 9.54 10.018 10.251 10.03 10.19 9.862 8.607 8.033 8.337 
8.277 10.899 10.923 11.138 12.492 13.527 12.993 12.637 11.282 10.685 11.091 8.323 7.642 7.507 7.774 8.779 9.053 9.977 10.933 10.46 10.024 
8.327 7.758 5.365 6.161 5.243 5.96 6.414 6.946 9.707 9.53 10.866 9.479 9.341 7.945 8.507 7.682 8.121 7.723 8.315 9.111 9.002 
10.257 9.926 8.058 8.118 8.562 8.523 9.701 9.882 10.809 9.508 10.299 9.7 8.629 6.403 5.124 4.606 4.497 4.348 3.797 4.714 5.292 
5.988 7.482 6.485 6.943 8.769 9.437 8.448 9.347 8.936 9.049 9.659 7.925 7.576 7.437 7.339 7.772 7.487 6.824 6.564 8.004 8.262 
7.104 7.092 7.4 7.323 6.789 7.431 6.558 7.061 8.048 7.272 6.603 6.363 5.994 6.665 6.372 7.591 
C1908x2TS210_2 0.302 14.085 12.423 12.687 13.054 14.162 12.594 11.074 10.531 12.524 12.38 13.869 14.883 15.0 15.0 15.0 15.0 14.701 13.41 11.622 11.292 11.814 
10.409 11.996 11.134 10.231 10.065 11.251 9.512 8.828 5.803 4.856 5.037 5.116 5.701 6.348 5.224 5.798 7.123 8.186 9.224 7.622 8.346 
7.671 8.852 5.89 7.307 6.064 7.386 7.08 7.157 11.395 13.149 14.555 13.595 13.27 10.028 11.084 8.224 9.567 8.254 9.689 9.638 9.464 
11.16 9.421 7.556 7.838 7.455 7.803 8.485 8.223 9.471 7.959 8.553 5.871 5.501 4.132 4.108 3.801 3.974 4.504 4.13 5.082 6.233 
6.905 8.001 7.389 7.204 7.767 7.823 8.031 9.358 9.285 9.21 9.044 6.292 5.902 5.339 4.726 5.173 5.022 4.843 5.59 6.97 8.254 
7.61 7.16 7.598 7.593 6.116 5.523 4.913 4.9 5.647 5.104 4.469 5.498 5.631 7.045 5.574 6.645 
C1908x2TS345_2 0.32 10.047 9.12 9.48 9.267 9.274 9.125 8.661 8.028 9.034 9.651 9.83 9.936 10.878 11.264 11.609 11.779 11.94 11.593 10.461 10.618 12.214 
13.623 12.977 12.287 13.737 13.896 12.588 11.035 11.112 8.267 8.307 6.891 6.511 5.493 6.424 4.498 6.168 6.741 7.618 7.853 7.256 6.138 
5.934 6.207 4.559 4.679 4.325 3.778 4.438 3.879 4.929 5.45 5.214 3.994 4.41 3.699 4.749 4.818 6.061 5.081 4.977 4.866 4.8 
4.987 5.653 4.315 6.231 6.011 7.472 8.116 9.505 9.165 9.875 10.29 10.053 9.856 8.24 8.309 8.283 9.382 10.337 8.245 8.86 8.724 
8.314 9.865 9.865 8.766 9.331 9.44 8.9 9.995 9.249 9.275 8.544 5.17 6.762 6.081 5.175 5.134 5.773 6.196 6.681 8.995 10.034 
8.766 8.347 10.153 10.324 9.114 7.845 7.326 6.602 7.333 6.936 5.762 5.644 5.242 6.038 6.141 6.309 
C1908x2TS210_1 0.312 13.962 12.585 13.232 13.242 13.708 12.063 11.032 10.508 12.44 11.669 13.137 14.651 14.968 14.453 14.952 15.0 14.071 12.329 10.202 9.58 10.215 
9.306 10.878 10.598 9.366 9.223 10.892 8.582 8.316 5.947 5.384 5.193 5.17 5.365 6.19 5.808 6.451 6.742 7.987 8.551 7.678 7.449 
6.923 6.054 4.492 5.405 4.956 5.499 5.183 5.815 9.272 11.111 13.565 12.569 12.336 8.884 9.178 7.532 8.966 8.153 9.417 9.422 9.206 
10.94 9.118 7.662 7.915 7.298 7.606 8.3 8.023 9.432 8.107 9.152 6.778 6.309 4.897 4.544 4.125 4.487 5.254 4.38 5.348 6.146 
6.515 7.984 7.417 7.555 7.806 8.171 7.987 9.173 9.2 9.746 9.04 6.77 5.869 5.055 5.432 5.448 5.313 5.288 5.727 6.852 7.725 
7.033 6.629 6.834 7.504 5.91 5.314 4.969 4.866 5.104 4.747 4.148 5.32 5.894 7.769 6.352 7.079 
C1908x2TS210_4 0.301 14.662 13.957 14.706 14.756 14.807 13.541 12.287 11.321 12.809 12.697 14.011 14.782 15.0 15.0 15.0 15.0 14.789 13.391 11.279 10.477 11.652 
10.839 12.193 10.335 10.927 10.97 12.017 10.842 11.072 9.072 8.169 8.414 8.165 7.671 8.122 5.795 5.909 6.404 6.184 6.824 6.307 6.351 
7.059 7.458 5.295 6.682 6.061 6.81 6.92 7.303 11.758 12.98 14.201 13.208 12.795 9.967 9.125 8.04 8.757 8.112 9.48 9.588 9.086 
10.137 8.287 7.288 7.386 6.954 7.112 8.031 7.58 8.548 6.909 7.866 5.662 5.447 3.959 4.078 3.653 3.33 3.909 3.703 4.172 4.959 
5.344 5.9 5.58 6.296 7.157 7.693 7.883 8.961 8.308 9.268 9.072 6.768 6.226 5.143 5.396 5.552 7.213 7.309 8.353 8.954 9.408 
8.78 7.742 7.377 6.85 5.312 4.947 5.012 4.783 5.261 5.161 4.237 5.435 5.987 7.951 6.929 7.108 
C1908x2TS228_2 0.264 12.643 11.197 11.975 11.861 12.515 9.969 10.599 10.025 10.832 9.902 11.802 12.474 11.673 10.573 12.067 13.543 11.529 10.354 10.653 11.125 10.659 
9.691 11.878 12.622 11.442 12.388 13.935 13.161 13.112 13.295 13.24 11.853 10.381 10.545 9.564 9.091 9.156 8.929 8.798 9.833 10.045 9.937 
9.53 9.545 8.198 10.79 8.138 8.331 7.428 6.574 9.336 11.409 13.088 12.567 12.695 10.23 10.864 8.555 10.535 8.807 10.015 9.754 9.577 
10.998 9.407 8.243 8.332 7.406 7.542 7.741 7.905 8.731 8.076 9.94 8.642 7.248 5.933 5.155 4.48 4.457 4.53 4.308 4.729 5.096 
4.626 6.538 5.361 5.879 5.674 5.757 5.797 7.115 6.15 7.096 5.792 4.364 5.375 5.531 5.722 6.121 5.938 6.625 7.052 9.232 9.392 
9.267 9.708 10.233 9.52 8.525 8.205 7.433 7.723 7.478 8.309 7.193 8.361 7.395 8.484 9.046 9.721 
C1908x2TS103_2 0.238 9.09 9.481 9.403 9.311 9.308 8.828 9.76 8.69 9.118 11.407 12.726 13.006 13.764 14.38 15.0 14.812 14.5 13.492 12.879 12.76 12.162 
12.307 14.197 13.209 12.377 13.034 14.292 13.137 11.799 11.028 11.327 11.599 11.25 9.212 8.881 7.781 7.958 7.58 7.456 8.617 7.577 8.365 
8.188 8.39 8.157 8.141 7.35 7.528 7.828 7.662 9.35 9.282 8.784 8.395 8.777 7.259 7.277 6.572 7.691 7.16 7.602 7.796 7.102 
6.895 6.495 4.994 7.298 8.287 8.262 8.943 11.001 10.045 9.471 12.661 12.644 11.635 11.251 11.99 11.423 9.365 10.176 8.375 8.897 8.865 
9.15 9.486 9.014 9.163 10.444 8.908 9.029 10.409 10.368 10.554 9.628 8.108 9.072 8.531 7.806 8.331 7.436 7.775 7.76 8.564 8.794 
8.029 8.171 8.483 8.733 8.562 8.115 6.722 5.872 6.017 5.73 5.499 7.454 6.792 7.975 8.942 8.68 
C1908x2TS049_2 0.177 10.529 8.505 9.328 8.691 9.164 8.268 8.761 7.799 9.534 10.257 11.519 10.861 11.255 12.667 13.292 13.262 12.874 12.109 11.615 12.207 12.336 
11.115 12.479 12.409 11.128 11.821 12.832 13.536 13.805 13.667 12.958 11.981 10.225 9.088 10.869 10.589 10.168 10.662 12.37 10.513 10.786 10.059 
9.367 10.083 8.339 9.666 8.382 8.215 8.243 7.487 9.604 10.602 13.016 11.994 12.852 9.363 9.768 9.452 9.381 8.209 6.929 7.582 7.176 
6.386 7.032 5.801 8.983 9.683 12.546 13.549 14.404 14.952 14.018 14.413 13.509 13.55 11.351 12.045 12.388 12.326 13.359 11.582 12.865 13.503 
12.914 13.561 12.429 13.425 13.564 13.995 13.571 14.674 13.949 13.555 13.679 11.142 12.637 13.486 13.253 12.335 11.642 10.637 10.764 11.136 10.288 
10.322 10.95 11.85 11.46 11.329 11.337 11.191 11.372 11.438 11.596 10.783 11.326 10.454 11.926 11.216 10.535 
C1908x2TS389_2 0.288 12.965 11.447 13.453 13.261 12.17 10.107 10.827 9.748 9.339 10.153 12.332 12.251 10.839 13.032 14.107 13.668 12.076 11.547 11.265 11.619 11.252 
9.799 12.197 13.342 12.325 12.582 13.639 13.548 13.008 11.538 9.608 9.653 8.352 6.913 6.58 5.975 6.82 6.538 6.267 7.287 7.718 8.187 
7.021 8.093 7.137 8.609 6.52 6.672 6.132 5.516 8.906 11.528 13.808 13.025 11.826 9.778 9.344 7.439 8.126 7.536 8.464 9.234 8.173 
9.415 7.265 5.026 6.234 5.492 6.493 6.43 6.652 7.981 7.648 10.935 9.649 8.682 6.949 6.035 5.372 5.284 5.016 4.207 4.553 4.691 
3.763 4.519 4.581 4.935 5.472 5.804 6.29 8.885 8.045 9.331 7.586 5.708 6.261 6.475 6.245 6.771 6.177 6.879 7.014 7.788 8.564 
8.458 9.092 11.469 9.185 7.788 7.477 6.314 6.758 6.788 6.993 6.79 7.316 6.866 7.593 8.501 9.04 
C1908x2TS123_5 0.279 13.842 13.228 15.0 14.624 14.53 14.019 12.976 11.693 12.76 12.616 13.369 14.122 14.553 14.63 14.334 14.566 14.846 13.435 12.133 12.434 11.878 
12.621 12.526 10.858 10.117 10.526 10.708 9.986 11.296 10.044 9.061 7.934 6.78 5.988 6.107 5.021 5.698 6.103 6.253 6.579 7.433 7.26 
6.054 5.662 4.793 5.237 5.971 6.247 6.967 7.031 8.448 9.113 9.657 9.463 9.663 8.713 8.542 8.335 7.623 8.85 9.037 9.411 8.388 
8.594 8.81 7.545 8.339 8.11 9.507 9.267 8.282 8.705 7.325 7.487 6.973 7.786 6.462 6.297 4.859 4.918 6.116 5.361 5.364 6.518 
6.009 8.31 7.569 9.701 10.937 12.837 13.851 13.792 13.765 11.825 11.334 7.092 7.273 6.818 7.103 6.46 6.668 5.693 6.877 7.535 8.239 
8.314 9.173 10.822 7.99 6.802 6.083 5.353 4.804 4.991 5.194 4.586 5.592 5.7 5.948 6.782 7.439 
C1908x2TS131_4 0.342 15.0 15.0 15.0 15.0 15.0 15.0 15.0 15.0 15.0 15.0 15.0 15.0 15.0 15.0 15.0 14.94 14.505 9.981 8.626 7.187 6.519 
6.233 6.186 6.423 7.292 6.389 6.14 5.247 4.924 4.094 4.639 4.601 4.834 4.912 5.176 4.409 4.618 5.15 5.229 5.123 5.016 5.521 
5.211 5.17 4.364 4.564 4.294 4.975 5.786 5.115 8.383 8.735 9.412 6.364 6.564 5.5 5.921 5.471 6.232 5.785 6.662 7.174 7.08 
7.887 8.161 7.401 7.817 7.378 7.653 7.733 8.22 9.147 8.046 7.511 7.264 5.377 4.247 4.789 4.631 4.273 4.36 3.843 3.793 3.999 
3.287 4.177 3.844 4.328 5.067 5.652 6.404 8.157 7.53 7.79 8.7 6.665 6.205 5.904 6.578 6.591 7.341 7.305 7.866 9.053 9.602 
11.648 10.696 9.83 9.673 7.046 7.254 6.92 7.819 7.526 8.157 7.343 7.68 6.503 6.955 7.189 7.521 
C1908x2TS404_1 0.249 15.0 14.553 15.0 15.0 15.0 15.0 14.891 13.198 14.817 15.0 15.0 15.0 15.0 15.0 15.0 15.0 15.0 14.638 14.048 14.315 14.781 
15.0 15.0 15.0 15.0 14.957 14.424 13.87 12.746 11.203 9.62 6.734 6.339 6.667 6.798 5.787 6.618 5.869 5.381 6.252 6.665 4.958 
4.684 4.241 4.033 3.815 4.386 5.086 6.71 7.205 10.563 11.746 13.023 11.551 10.217 8.278 8.032 8.973 9.967 10.774 12.718 11.694 11.124 
11.109 11.322 9.545 10.692 8.951 10.141 8.599 8.433 7.542 7.716 7.458 7.322 7.692 6.515 6.739 7.288 7.054 7.293 6.203 7.023 7.286 
7.144 9.006 9.424 11.075 12.679 13.849 12.159 12.967 11.818 10.516 10.774 8.275 7.597 8.472 7.565 8.262 7.603 7.301 6.183 6.969 6.897 
7.212 7.65 7.835 8.641 7.565 7.986 7.675 7.298 7.669 7.915 6.511 7.172 7.015 8.047 7.603 7.804 
C1908x2TS404_3 0.251 15.0 14.548 15.0 15.0 15.0 15.0 14.888 13.199 14.828 15.0 15.0 15.0 15.0 15.0 15.0 15.0 15.0 14.257 13.309 13.772 14.49 
14.843 14.643 14.569 14.953 14.049 14.016 13.528 13.398 10.748 10.393 7.319 7.374 7.258 7.22 5.674 6.301 5.883 5.487 6.296 6.601 4.895 
4.613 4.229 4.019 3.772 4.287 4.969 6.582 7.07 10.529 11.8 13.084 11.652 10.324 8.326 8.105 9.079 9.978 10.778 12.639 11.659 11.091 
11.021 11.303 9.565 10.775 9.013 10.227 8.697 8.571 7.69 7.828 7.573 7.392 7.734 6.523 6.725 7.26 7.042 7.23 6.135 6.934 7.196 
7.086 8.963 9.39 11.089 12.704 13.925 12.223 13.073 11.854 10.538 10.813 8.271 7.539 8.378 7.481 8.255 7.461 7.115 5.914 6.642 6.447 
6.805 7.061 7.45 7.781 7.286 7.952 7.756 7.318 7.75 7.756 6.461 6.874 6.761 7.784 7.343 7.648 
C1908x2TS405_1 0.312 13.962 12.585 13.232 13.242 13.708 12.063 11.032 10.508 12.44 11.669 13.137 14.651 14.968 14.453 14.952 15.0 14.071 12.329 10.202 9.58 10.215 
9.306 10.878 10.598 9.366 9.223 10.892 8.582 8.316 5.947 5.384 5.193 5.17 5.365 6.19 5.808 6.451 6.742 7.987 8.551 7.678 7.449 
6.923 6.054 4.492 5.405 4.956 5.499 5.183 5.815 9.272 11.111 13.565 12.569 12.336 8.884 9.178 7.532 8.966 8.153 9.417 9.422 9.206 
10.94 9.118 7.662 7.915 7.298 7.606 8.3 8.023 9.432 8.107 9.152 6.778 6.309 4.897 4.544 4.125 4.487 5.254 4.38 5.348 6.146 
6.515 7.984 7.417 7.555 7.806 8.171 7.987 9.173 9.2 9.746 9.04 6.77 5.869 5.055 5.432 5.448 5.313 5.288 5.727 6.852 7.725 
7.033 6.629 6.834 7.504 5.91 5.314 4.969 4.866 5.104 4.747 4.148 5.32 5.894 7.769 6.352 7.079 
C1908x2TS131_3 0.31 15.0 15.0 15.0 15.0 15.0 15.0 15.0 15.0 15.0 15.0 15.0 15.0 15.0 15.0 15.0 13.393 13.55 9.817 9.923 7.847 8.099 
7.916 8.673 7.705 8.622 8.232 8.648 7.229 7.866 5.357 6.123 5.882 5.485 4.867 4.923 4.183 4.594 5.168 5.602 6.139 5.281 5.71 
5.395 6.955 5.174 6.407 5.974 6.487 6.937 6.48 10.272 10.781 11.622 10.037 8.726 7.547 7.407 6.382 6.553 6.645 6.777 8.016 6.9 
8.396 7.475 4.253 5.358 5.328 6.177 6.184 7.406 9.717 9.008 11.456 9.918 9.647 8.425 7.811 7.423 6.423 5.749 4.702 4.832 4.674 
3.871 4.494 3.805 4.175 4.607 4.789 6.018 7.542 7.131 7.496 8.419 5.692 5.267 5.132 5.569 5.678 6.167 6.412 7.441 8.652 9.419 
11.251 9.365 9.186 9.174 7.061 7.545 6.788 7.372 7.327 7.268 6.75 6.825 6.975 7.09 7.393 7.391 
C1908x2TS405_2 0.302 14.085 12.423 12.687 13.054 14.162 12.594 11.074 10.531 12.524 12.38 13.869 14.883 15.0 15.0 15.0 15.0 14.701 13.41 11.622 11.292 11.814 
10.409 11.996 11.134 10.231 10.065 11.251 9.512 8.828 5.803 4.856 5.037 5.116 5.701 6.348 5.224 5.798 7.123 8.186 9.224 7.622 8.346 
7.671 8.852 5.89 7.307 6.064 7.386 7.08 7.157 11.395 13.149 14.555 13.595 13.27 10.028 11.084 8.224 9.567 8.254 9.689 9.638 9.464 
11.16 9.421 7.556 7.838 7.455 7.803 8.485 8.223 9.471 7.959 8.553 5.871 5.501 4.132 4.108 3.801 3.974 4.504 4.13 5.082 6.233 
6.905 8.001 7.389 7.204 7.767 7.823 8.031 9.358 9.285 9.21 9.044 6.292 5.902 5.339 4.726 5.173 5.022 4.843 5.59 6.97 8.254 
7.61 7.16 7.598 7.593 6.116 5.523 4.913 4.9 5.647 5.104 4.469 5.498 5.631 7.045 5.574 6.645 
C1908x2TS404_2 0.247 15.0 14.55 15.0 15.0 15.0 15.0 14.89 13.207 14.834 15.0 15.0 15.0 15.0 15.0 15.0 15.0 15.0 14.096 13.377 13.071 13.95 
14.802 14.683 14.55 14.777 14.723 14.459 13.733 13.499 12.049 11.333 8.815 8.432 8.515 8.773 6.883 7.522 6.579 5.677 6.196 6.492 4.853 
4.517 4.138 3.963 3.731 4.239 4.926 6.52 6.997 10.426 11.52 12.465 10.978 9.897 8.173 7.99 8.925 9.932 10.739 12.688 11.645 11.107 
11.09 11.279 9.508 10.656 8.926 9.988 8.531 8.351 7.486 7.633 7.4 7.28 7.643 6.488 6.7 7.24 7.011 7.208 6.128 6.921 7.192 
7.034 8.927 9.365 10.994 12.647 13.859 12.074 12.956 11.767 10.471 10.718 8.235 7.546 8.318 7.439 8.171 7.416 7.146 5.963 6.839 6.694 
7.065 7.476 7.691 8.313 7.459 7.97 7.709 7.355 7.794 7.963 6.584 7.142 6.962 7.984 7.505 7.815 
C1908x2TS210_5 0.304 13.957 12.828 13.223 13.721 14.547 12.302 11.285 10.496 11.957 11.297 13.338 14.456 14.645 15.0 15.0 15.0 14.393 12.805 11.223 10.766 11.787 
11.02 12.61 11.221 10.513 10.964 12.374 11.624 12.546 10.436 10.437 10.579 7.691 6.645 7.688 6.46 6.452 6.984 7.499 7.915 7.541 7.205 
6.538 6.958 5.493 6.212 6.644 6.862 7.092 7.262 12.335 13.353 14.249 13.42 12.835 10.516 11.787 8.96 9.255 7.738 8.891 9.354 8.375 
8.874 6.925 4.902 6.357 5.937 6.837 7.921 7.679 8.682 7.083 8.54 5.865 5.759 4.518 4.203 3.727 3.578 4.516 4.341 4.716 5.101 
4.491 5.226 4.961 4.87 5.461 6.022 6.525 7.66 7.678 8.214 7.292 5.776 5.569 4.699 5.53 5.521 6.652 6.633 7.372 8.127 9.363 
8.693 7.727 9.391 9.109 7.057 6.691 4.874 5.11 5.25 5.66 4.86 5.763 5.726 5.646 6.632 6.298 
C1908x2TS345_4 0.311 10.524 9.282 9.019 8.389 8.094 8.549 8.482 7.803 8.687 9.443 9.683 9.597 9.964 10.154 10.892 11.302 11.231 9.889 9.533 9.795 10.065 
9.38 10.19 12.41 12.496 10.799 11.064 9.562 8.242 5.297 5.057 4.679 4.326 4.787 5.541 4.73 6.178 6.579 8.186 10.811 10.233 9.343 
11.045 13.136 11.028 11.604 12.231 11.973 10.103 8.084 8.633 7.104 6.668 7.321 8.19 6.273 8.337 8.694 8.957 8.839 7.655 6.955 7.679 
7.9 7.638 6.865 8.512 8.108 7.969 6.474 7.853 7.684 8.816 7.906 7.276 7.363 6.246 6.766 7.106 5.167 5.006 3.904 3.455 3.139 
2.438 3.379 3.568 4.835 5.775 5.797 5.424 7.096 7.791 8.952 8.978 5.398 7.335 5.811 4.825 4.752 5.985 6.124 6.717 8.138 9.699 
9.84 8.834 10.594 11.266 9.931 8.467 8.043 7.933 8.539 8.696 7.916 8.747 7.28 7.753 6.692 6.666 
C1908x2TS404_5 0.257 14.964 14.43 15.0 15.0 15.0 15.0 14.491 12.347 13.617 13.77 14.03 13.705 13.778 14.404 14.706 13.416 13.123 13.183 12.104 11.274 13.235 
13.893 13.11 13.181 13.721 13.891 13.181 13.132 12.371 11.403 10.001 7.366 7.156 6.848 7.109 5.636 6.239 4.455 4.278 4.655 5.664 4.703 
4.646 4.16 4.202 3.988 4.414 5.029 6.679 7.175 10.508 11.777 12.967 11.359 10.016 8.151 7.943 8.829 9.96 10.793 12.762 11.74 11.146 
11.15 11.297 9.533 10.712 8.949 10.138 8.597 8.409 7.574 7.695 7.468 7.307 7.647 6.491 6.726 7.32 7.105 7.31 6.194 7.029 7.236 
7.154 9.019 9.43 11.122 12.75 13.917 12.214 13.0 11.803 10.537 10.87 8.267 7.51 8.254 7.47 8.197 7.525 7.263 6.172 6.896 6.854 
7.082 7.574 7.805 8.537 7.602 8.069 7.769 7.424 7.895 7.936 6.524 7.048 6.777 7.823 7.39 7.761 
C1908x2TS179_1 0.252 8.1 7.55 7.767 8.152 8.746 9.006 9.321 8.85 9.588 10.538 12.102 12.718 12.609 13.578 13.891 14.501 13.622 12.782 11.293 10.741 10.612 
10.769 11.953 12.757 12.974 13.192 13.198 13.206 13.278 10.4 9.74 6.938 6.862 6.785 7.843 7.618 8.455 8.397 10.131 12.687 12.392 12.269 
11.084 10.001 8.557 8.35 7.59 7.787 8.676 7.565 8.717 8.863 8.311 7.723 7.329 7.072 7.038 7.17 7.635 6.98 6.891 7.584 6.869 
7.886 7.969 7.526 8.203 8.364 8.999 8.403 8.301 8.575 7.909 7.771 7.536 6.746 5.528 4.894 5.675 5.959 5.65 6.022 6.359 6.831 
7.228 7.984 7.799 7.8 8.895 8.979 8.922 9.283 8.555 8.901 8.807 8.308 8.386 8.915 8.548 8.938 9.131 9.732 10.709 11.759 13.874 
13.118 13.122 12.521 11.807 9.382 9.066 7.93 7.86 7.936 7.923 7.868 7.834 7.321 6.701 6.77 6.439 
C1908x2TS123_2 0.253 10.604 10.577 10.403 10.566 10.328 9.076 9.871 8.993 8.945 9.386 11.768 11.95 10.515 11.999 12.217 10.483 10.169 9.813 8.559 8.462 7.364 
7.589 8.119 8.217 8.987 9.855 11.05 11.869 12.494 10.95 10.019 8.753 8.797 8.161 8.853 8.16 8.222 8.413 9.23 9.432 10.017 9.837 
8.69 8.37 7.76 7.116 7.3 7.539 8.047 8.309 10.854 10.536 12.148 11.169 11.064 8.889 8.418 7.791 7.844 8.307 8.422 8.964 8.407 
9.66 9.142 8.233 8.476 7.544 8.196 8.063 9.064 10.205 8.897 10.171 8.423 7.779 5.921 5.902 6.008 5.783 5.269 5.034 5.401 6.515 
6.417 7.79 8.02 8.017 9.063 9.457 8.437 9.707 8.525 8.278 7.51 6.947 7.444 7.604 7.332 7.254 7.065 7.349 7.663 8.849 9.971 
10.098 11.372 9.977 9.808 9.643 8.647 8.171 8.508 8.031 8.302 8.125 8.624 8.718 9.202 10.121 9.784 
C1908x2TS073_5 0.272 13.617 12.363 14.703 13.33 14.144 13.717 11.99 10.112 12.711 13.03 13.249 14.196 14.127 12.93 13.306 12.465 11.429 10.232 9.369 8.686 9.629 
9.357 10.247 9.008 10.093 10.324 11.659 10.977 11.118 11.16 11.76 11.475 9.296 7.456 8.198 7.481 8.268 7.443 8.775 9.373 9.907 10.402 
10.413 10.528 9.572 10.071 9.847 9.622 10.817 9.178 10.473 9.933 9.133 8.563 8.3 7.865 8.473 7.861 8.678 7.555 7.078 7.095 5.792 
5.853 4.759 3.694 4.195 4.638 4.576 4.258 4.571 6.188 5.575 6.996 4.686 6.27 4.56 4.42 4.818 5.416 5.315 4.839 7.35 7.375 
7.439 8.531 8.2 9.774 9.957 10.44 10.544 9.982 9.804 9.327 9.167 8.171 8.078 7.942 8.248 8.494 8.841 9.401 8.891 10.028 10.046 
9.938 9.289 8.668 9.323 8.721 8.655 7.24 8.491 8.098 7.608 6.943 6.631 5.82 5.924 5.695 6.525 
C1908x2TS389_4 0.313 13.21 11.637 13.368 13.267 12.273 10.269 11.037 9.888 9.317 9.795 12.125 11.766 10.369 12.196 13.838 13.266 11.241 10.64 10.377 10.309 10.216 
9.039 11.369 12.982 12.127 12.082 13.612 13.164 12.501 10.958 8.581 8.911 7.784 6.592 6.338 5.852 6.039 5.842 5.484 6.661 7.162 7.919 
6.929 8.319 6.902 7.927 6.139 6.463 5.793 5.206 8.472 9.902 12.699 11.984 9.023 8.098 8.037 6.198 6.733 6.116 7.121 8.524 7.301 
8.476 6.942 4.798 6.0 5.328 6.268 5.895 5.954 6.891 5.879 8.019 7.784 7.172 5.444 5.474 4.584 4.138 4.502 4.232 4.251 4.612 
3.973 4.536 4.653 5.029 5.854 6.794 7.033 9.433 8.18 9.298 7.439 5.394 4.991 4.995 4.862 5.432 5.248 5.929 6.283 7.591 8.297 
8.446 8.932 11.424 10.638 8.777 8.687 8.072 7.545 7.572 7.457 7.174 7.18 6.657 6.914 7.507 8.194 
C1908x2TS215_2 0.295 12.432 12.194 12.328 10.129 11.596 12.582 9.789 9.005 11.064 10.848 9.217 9.718 12.615 12.635 12.177 12.557 12.903 11.264 9.777 8.41 9.052 
7.94 9.499 10.611 12.37 9.974 10.385 10.641 11.424 9.412 10.715 11.338 8.512 8.275 7.55 6.343 6.622 6.191 6.19 7.615 7.462 6.96 
6.001 6.268 4.403 5.284 3.996 5.116 5.144 5.261 8.564 10.067 11.294 10.769 9.885 7.914 7.513 6.637 7.859 8.048 8.812 9.448 9.123 
10.894 9.445 7.926 8.889 8.037 8.36 8.447 8.354 9.599 9.509 11.119 10.1 9.828 7.012 7.164 6.029 4.953 4.692 3.834 3.613 3.712 
3.559 4.998 5.578 6.67 8.276 8.364 7.664 9.313 8.209 8.922 9.365 5.676 5.303 6.093 5.765 6.395 6.023 7.116 7.963 10.041 9.604 
9.241 8.584 8.992 8.59 7.688 7.846 6.575 6.05 6.58 6.529 6.077 7.485 7.847 7.945 5.481 6.27 
C1908x2TS003_1 0.186 13.611 12.047 14.102 13.089 13.32 12.006 10.548 8.901 10.377 9.882 9.79 9.586 10.712 11.416 12.552 12.619 13.829 12.179 11.565 11.687 11.74 
12.254 12.962 13.441 14.433 14.335 14.251 13.354 12.708 10.905 9.439 9.911 8.2 7.958 7.278 6.402 6.946 5.936 7.536 8.896 10.621 11.941 
10.993 11.401 9.727 10.746 10.218 8.928 10.136 8.484 9.232 10.221 11.501 10.665 11.102 10.84 10.603 10.299 8.794 9.493 8.481 8.36 7.636 
8.573 8.818 8.482 10.536 10.38 11.292 11.554 12.976 11.453 10.223 8.669 8.784 8.497 7.827 9.479 9.311 7.866 8.179 7.389 7.582 7.513 
7.833 9.344 10.102 11.935 11.959 11.897 11.024 11.799 11.39 11.955 13.147 11.059 12.918 13.747 12.255 12.176 11.784 11.243 11.429 11.96 12.321 
12.652 11.504 11.187 11.552 11.25 12.508 12.692 13.568 14.24 14.693 14.485 15.0 14.452 13.912 14.457 13.915 
C1908x2TS067_5 0.177 14.17 13.401 15.0 14.486 14.852 13.994 12.76 11.365 13.139 12.773 13.117 13.527 14.073 14.346 14.438 13.647 13.458 12.174 11.606 13.604 14.343 
14.693 15.0 14.606 14.376 14.752 15.0 14.681 15.0 14.775 15.0 14.587 14.549 13.342 13.757 12.879 13.031 11.811 11.602 12.596 13.443 14.084 
13.194 14.086 12.525 13.672 12.649 11.143 9.608 7.642 9.535 10.057 11.433 12.387 13.181 10.707 11.155 12.416 11.226 9.137 9.846 9.809 8.209 
8.232 8.784 8.091 10.602 10.521 13.696 12.331 11.339 9.31 7.489 7.073 7.132 6.803 5.746 6.933 7.572 8.538 9.516 10.067 11.254 10.317 
11.04 12.198 9.701 10.111 10.199 10.307 8.87 8.882 8.728 8.767 8.644 8.142 8.05 8.979 8.206 7.88 7.928 9.259 8.913 10.51 10.676 
9.711 9.838 9.629 9.44 8.582 8.996 8.826 9.812 12.638 13.348 14.877 14.723 14.054 13.982 13.049 12.501 
C1908x2TS270_1 0.263 12.818 11.136 11.605 11.956 12.358 9.877 10.437 9.734 10.477 9.855 11.622 12.58 11.591 11.641 13.248 13.818 12.269 11.018 11.143 11.597 11.134 
10.766 12.277 12.166 10.684 11.661 12.185 12.001 11.585 9.217 8.469 8.204 7.335 6.671 6.407 6.035 7.094 7.48 8.674 10.238 9.005 8.649 
6.108 5.756 4.72 5.015 4.465 5.115 5.282 5.184 9.14 10.953 12.603 10.452 10.44 8.582 8.314 8.166 7.951 8.192 8.824 9.737 9.975 
12.359 12.314 8.771 9.202 8.138 8.062 7.714 7.745 8.94 8.101 9.517 8.689 8.005 5.517 5.021 4.419 5.033 5.514 4.986 7.078 8.402 
8.016 9.925 10.024 10.143 11.727 12.166 10.674 12.038 10.318 10.847 10.171 7.643 6.654 5.888 5.782 5.701 5.771 5.929 6.385 7.687 9.549 
8.619 8.612 9.203 9.96 9.083 8.939 7.747 8.086 8.405 8.75 7.323 8.653 8.088 9.319 7.849 7.779 
C1908x2TS049_5 0.199 11.93 9.666 11.006 9.747 9.839 9.066 8.986 8.503 10.19 10.232 10.946 12.192 13.249 13.244 13.586 14.434 13.93 12.626 12.902 13.503 14.474 
15.0 15.0 14.898 15.0 15.0 14.941 14.88 15.0 14.192 14.174 13.439 10.662 8.973 7.992 7.581 7.353 6.311 8.257 9.057 10.538 11.359 
9.621 10.449 8.534 10.04 8.688 9.181 10.225 9.289 12.134 11.909 12.494 12.107 11.863 9.816 10.102 10.649 10.039 8.388 7.864 8.349 7.633 
7.59 8.676 6.777 9.242 10.014 11.351 10.673 11.723 12.666 11.17 11.877 11.573 10.906 8.35 8.605 8.341 7.193 7.253 7.371 9.243 10.11 
8.322 9.796 9.088 9.97 11.48 11.689 10.553 10.394 9.948 10.401 10.164 8.688 11.304 11.39 11.145 9.612 8.606 9.365 9.9 10.936 10.034 
10.605 9.896 10.686 10.482 9.829 10.318 8.549 7.91 8.904 8.56 8.882 9.08 9.558 9.066 9.562 9.116 
C1908x2TS067_4 0.188 14.068 13.284 15.0 15.0 15.0 14.532 12.674 11.219 12.781 12.216 12.262 12.334 12.388 11.821 13.212 12.449 12.598 12.255 12.076 13.516 14.303 
14.778 15.0 14.526 14.341 14.751 15.0 14.259 14.907 14.405 14.436 13.505 13.701 12.218 11.991 11.204 11.342 10.885 11.149 12.258 12.618 13.883 
13.319 14.512 13.17 14.428 13.595 11.997 10.487 7.696 9.437 10.194 11.344 11.398 11.707 9.818 10.413 10.494 9.244 8.497 8.565 8.162 7.699 
8.211 8.28 7.514 10.005 10.295 11.853 10.812 9.371 7.559 5.489 5.379 5.511 5.722 5.117 6.726 7.277 8.054 8.507 9.049 10.716 10.043 
10.817 11.903 9.872 10.328 10.474 10.702 9.216 9.084 8.923 9.018 9.11 8.493 8.564 9.625 8.495 8.241 8.3 9.384 8.938 10.756 11.164 
10.054 9.847 9.78 9.092 8.819 9.448 9.48 10.212 12.653 13.5 14.813 14.633 14.097 14.123 13.426 13.347 
C1908x2TS389_3 0.284 13.27 11.764 13.72 13.159 12.392 10.653 10.782 9.202 9.312 10.388 12.098 11.228 10.918 12.895 13.832 12.873 11.954 11.639 11.445 11.297 11.062 
10.181 12.346 13.008 11.961 12.803 13.761 12.759 12.342 11.191 9.526 10.127 8.815 7.366 7.289 7.103 7.711 7.942 8.516 9.336 9.889 9.719 
8.427 9.619 8.451 9.154 7.072 7.674 6.73 6.147 9.049 11.708 13.793 12.515 10.97 9.162 8.899 7.223 8.138 7.226 8.265 9.151 8.454 
9.683 8.396 6.321 7.267 6.343 7.242 7.066 7.163 7.801 7.383 9.024 8.768 8.006 6.322 5.989 5.287 4.712 4.656 4.522 4.631 4.599 
4.042 4.643 4.665 5.431 6.091 6.715 7.122 9.695 8.356 9.315 7.502 5.199 5.611 5.188 5.472 6.087 5.606 5.833 5.798 6.872 7.758 
7.809 8.433 10.237 9.427 7.548 8.276 7.174 7.251 6.998 6.814 6.825 6.768 5.892 6.261 6.877 8.091 
C1908x2TS215_3 0.281 11.849 11.504 13.229 9.633 10.562 11.478 10.154 8.365 9.253 10.297 10.436 8.801 9.616 10.921 11.574 9.916 10.308 11.17 10.723 9.691 10.899 
12.354 12.508 11.58 13.171 13.043 13.16 11.515 11.855 8.757 9.186 7.672 6.524 5.444 6.413 5.783 6.976 7.83 9.31 10.257 9.673 9.803 
9.62 9.566 8.183 9.194 7.722 8.641 8.395 6.965 10.504 12.539 12.859 12.079 11.443 9.838 10.929 9.71 9.383 8.471 9.186 9.52 9.08 
9.947 8.847 7.821 8.141 7.184 7.163 6.71 6.624 6.851 6.84 7.969 7.069 6.552 5.444 6.226 4.749 4.5 4.786 4.03 3.815 4.371 
5.415 7.076 7.655 9.187 9.615 10.649 10.211 10.96 10.678 10.464 9.999 6.674 7.509 6.921 5.853 6.129 5.268 5.665 5.778 8.139 8.874 
8.121 7.388 9.35 7.276 7.376 6.624 6.231 5.484 4.728 4.889 5.52 6.027 7.021 6.9 7.021 7.743 
C1908x2TS215_5 0.343 11.868 11.128 13.471 12.225 11.109 10.48 10.816 9.292 9.305 10.198 10.884 9.837 9.879 10.59 11.563 10.048 9.783 10.175 9.975 9.672 9.677 
9.804 10.658 9.925 9.727 10.529 10.367 9.393 9.593 9.092 8.488 6.442 7.812 7.524 8.246 6.017 7.162 7.534 8.745 9.457 10.598 9.952 
9.324 9.816 9.215 9.246 6.951 7.248 7.375 6.794 8.88 9.704 10.078 8.556 7.806 7.026 7.289 6.926 6.719 6.593 6.541 6.136 5.068 
5.081 4.899 3.905 4.145 4.379 4.55 3.693 4.111 4.952 5.797 7.442 6.281 6.894 5.121 5.071 5.075 4.831 4.792 3.92 4.275 5.687 
5.56 8.12 7.556 7.733 9.044 9.211 8.215 8.904 7.722 8.757 9.366 5.301 5.334 5.39 4.558 5.717 6.486 6.307 6.77 7.487 8.19 
7.962 7.344 7.934 6.247 5.05 5.3 4.143 3.684 4.316 4.204 3.977 3.958 4.23 3.868 3.978 5.202 
C1908x2TS404_4 0.253 15.0 14.556 15.0 15.0 15.0 15.0 14.893 13.214 14.843 15.0 15.0 15.0 15.0 15.0 15.0 15.0 15.0 14.641 14.013 14.305 14.566 
15.0 15.0 14.676 14.942 14.452 13.726 12.797 12.2 9.237 9.207 6.132 6.069 6.358 6.387 5.427 6.163 6.031 5.542 6.313 6.637 4.904 
4.594 4.197 3.982 3.734 4.129 4.862 6.359 6.724 9.738 9.87 11.761 10.476 9.629 8.073 7.87 8.785 9.756 10.728 12.617 11.592 11.111 
11.075 11.331 9.578 10.781 9.006 10.221 8.646 8.504 7.592 7.74 7.478 7.332 7.696 6.526 6.738 7.295 7.043 7.254 6.166 6.962 7.241 
7.107 8.976 9.39 11.084 12.728 13.901 12.207 13.014 11.846 10.527 10.76 8.289 7.598 8.441 7.567 8.238 7.604 7.285 6.198 7.008 6.993 
7.295 7.787 7.936 8.818 7.638 8.031 7.712 7.297 7.716 7.908 6.54 7.217 7.073 8.038 7.559 7.815 
C1908x2TS228_5 0.28 12.575 11.045 11.88 12.309 12.703 10.053 10.534 9.944 10.452 9.648 11.832 12.262 11.169 11.282 13.1 13.577 11.661 11.087 10.034 10.221 10.846 
10.147 11.911 13.072 12.576 12.97 13.743 14.054 13.679 11.847 11.316 11.011 10.322 9.13 8.615 8.023 8.479 8.586 8.641 8.976 8.585 8.415 
5.474 5.533 4.683 5.955 5.094 5.276 6.161 5.149 9.238 10.331 11.732 10.055 8.562 6.655 6.482 5.131 6.276 5.967 7.401 8.357 7.588 
8.401 7.168 5.304 5.916 5.507 6.149 7.028 7.319 8.235 7.243 9.142 8.623 7.86 6.471 6.074 5.768 5.228 4.699 4.436 4.327 5.171 
4.94 5.526 5.57 5.555 6.366 7.016 6.601 8.67 8.476 8.99 8.264 7.524 8.006 7.201 7.329 7.293 7.547 8.126 8.466 10.047 11.383 
11.959 10.576 11.927 10.061 8.727 8.636 8.063 8.001 7.978 8.242 7.813 7.989 7.997 8.213 9.314 9.248 
C1908x2TS073_1 0.292 12.624 12.328 14.201 11.489 12.546 13.653 12.677 10.269 11.461 12.781 12.621 12.242 13.851 13.838 13.648 13.004 11.148 9.839 8.827 9.223 8.864 
9.622 11.715 11.874 12.621 13.425 13.591 12.941 13.165 12.287 11.998 11.594 11.579 9.595 10.687 10.375 8.977 8.666 10.978 10.09 10.131 12.98 
12.624 12.694 11.17 11.122 9.116 10.029 11.221 10.938 13.766 12.586 12.081 10.555 9.879 8.671 8.769 7.962 8.16 7.045 6.629 7.18 6.465 
6.29 6.7 4.911 7.258 8.189 8.321 8.54 9.448 9.789 8.319 8.429 6.167 5.922 4.8 4.44 4.25 4.589 4.754 4.331 5.371 6.419 
6.079 7.006 6.207 6.505 7.345 7.754 6.6 7.408 6.074 6.394 7.614 5.046 5.136 4.632 4.639 5.039 4.704 4.78 5.326 6.412 7.231 
7.669 7.31 7.649 7.327 6.841 6.512 6.571 6.026 5.673 5.408 4.595 4.751 4.105 3.848 4.231 5.272 
C1908x2TS123_3 0.279 13.842 13.228 15.0 14.624 14.53 14.019 12.976 11.693 12.76 12.616 13.369 14.122 14.553 14.63 14.334 14.566 14.846 13.435 12.133 12.434 11.878 
12.621 12.526 10.858 10.117 10.526 10.708 9.986 11.296 10.044 9.061 7.934 6.78 5.988 6.107 5.021 5.698 6.103 6.253 6.579 7.433 7.26 
6.054 5.662 4.793 5.237 5.971 6.247 6.967 7.031 8.448 9.113 9.657 9.463 9.663 8.713 8.542 8.335 7.623 8.85 9.037 9.411 8.388 
8.594 8.81 7.545 8.339 8.11 9.507 9.267 8.282 8.705 7.325 7.487 6.973 7.786 6.462 6.297 4.859 4.918 6.116 5.361 5.364 6.518 
6.009 8.31 7.569 9.701 10.937 12.837 13.851 13.792 13.765 11.825 11.334 7.092 7.273 6.818 7.103 6.46 6.668 5.693 6.877 7.535 8.239 
8.314 9.173 10.822 7.99 6.802 6.083 5.353 4.804 4.991 5.194 4.586 5.592 5.7 5.948 6.782 7.439 
C1908x2TS067_3 0.19 14.092 13.207 15.0 14.804 15.0 14.572 13.372 12.16 13.849 13.148 13.337 13.963 14.715 14.752 14.807 14.351 14.194 12.694 12.13 13.471 14.24 
14.906 15.0 14.79 14.535 14.862 15.0 14.539 15.0 14.745 14.257 13.332 12.93 10.994 10.022 10.202 9.248 8.251 9.044 9.864 12.173 12.738 
13.285 14.192 13.258 14.351 13.183 11.86 10.238 7.803 9.361 9.678 10.813 10.861 11.062 9.584 10.086 10.197 8.913 7.895 8.078 8.318 7.188 
6.819 7.613 7.116 9.588 9.37 11.633 10.609 9.837 8.001 6.454 6.252 6.865 6.861 5.577 6.998 7.526 8.157 8.567 9.232 10.784 10.049 
10.719 12.228 9.862 9.717 10.248 10.56 9.141 8.999 8.883 9.065 9.006 8.352 8.343 9.389 8.546 8.093 8.212 9.23 8.813 10.548 10.927 
9.662 9.476 9.14 8.633 8.357 8.956 9.242 10.144 12.632 13.613 15.0 14.981 14.294 14.203 13.472 13.112 
C1908x2TS103_3 0.194 10.079 8.049 9.224 8.182 7.927 8.756 9.553 8.859 12.663 11.736 12.073 12.313 12.763 13.259 12.541 12.322 11.301 9.718 8.175 8.944 9.936 
10.751 11.949 10.459 10.497 9.297 10.67 10.216 10.315 8.755 9.478 7.437 7.102 6.019 6.257 6.122 7.778 6.566 6.892 7.129 6.424 5.677 
6.435 7.204 7.426 8.29 9.772 9.087 9.369 8.877 8.511 7.7 7.817 7.91 8.624 9.386 9.875 11.16 13.572 12.146 13.136 12.935 10.658 
11.39 10.381 8.871 11.287 12.104 13.944 14.76 15.0 15.0 15.0 13.708 12.544 12.203 8.19 9.515 9.519 9.61 9.464 8.953 9.476 9.16 
9.227 10.043 10.288 11.745 11.434 10.648 11.133 11.742 10.844 11.741 11.75 9.036 9.271 10.217 11.278 10.049 10.691 9.371 9.751 10.417 9.555 
9.827 10.368 10.831 10.701 11.24 15.0 15.0 15.0 15.0 15.0 15.0 15.0 15.0 15.0 15.0 15.0 
C1908x2TS228_1 0.311 10.187 9.004 10.506 9.019 9.115 9.64 8.938 8.254 8.977 9.448 9.628 9.397 10.43 10.678 11.162 10.948 10.861 10.067 8.778 8.834 9.451 
8.904 11.2 13.131 12.619 13.196 13.865 13.597 13.592 12.208 11.58 13.011 11.509 10.267 9.391 8.533 8.206 7.301 6.592 7.58 7.408 7.386 
6.596 7.289 5.615 6.106 5.032 5.634 5.424 5.521 8.802 10.55 12.626 10.686 10.202 7.835 7.903 5.905 7.196 7.176 8.324 8.326 7.811 
8.827 8.109 6.122 7.215 6.923 7.291 7.864 7.861 8.733 8.545 11.192 9.151 8.085 5.735 5.361 5.182 4.878 5.453 4.734 4.8 5.081 
3.998 5.117 4.819 5.409 5.846 6.497 6.375 8.22 7.339 7.926 6.816 5.647 4.349 4.354 4.603 4.835 5.197 5.916 6.542 7.35 8.803 
7.574 8.667 7.964 6.378 5.83 5.238 5.083 5.269 6.376 7.077 6.33 7.165 7.236 8.841 8.711 8.722 
C1908x2TS123_1 0.283 12.47 12.87 12.579 12.148 12.417 11.364 9.489 9.363 10.569 9.539 11.154 12.801 11.798 11.848 13.614 12.574 10.29 11.039 11.296 10.115 10.645 
13.291 13.582 11.584 13.468 13.673 14.235 13.49 13.075 12.15 12.172 10.325 9.906 8.675 9.303 8.169 8.875 8.596 8.996 10.245 10.95 12.114 
10.707 10.869 9.229 8.489 7.57 7.137 7.031 6.373 7.932 8.993 8.827 9.04 8.893 8.325 8.695 8.478 9.381 8.63 7.512 7.783 7.525 
7.154 6.897 6.852 7.894 8.857 9.306 9.718 10.374 9.245 9.654 8.441 8.603 7.341 5.733 6.079 5.777 5.348 5.693 4.028 3.887 3.763 
3.463 3.928 3.934 4.44 5.575 6.419 7.33 8.27 9.091 9.067 8.437 6.993 6.904 5.791 6.107 5.684 6.31 6.299 6.779 7.337 7.709 
6.951 7.493 6.976 7.452 7.099 7.061 6.719 6.585 7.21 7.225 6.267 6.281 5.515 5.394 5.958 6.305 
C1908x2TS073_4 0.242 11.624 11.14 12.456 11.162 12.082 11.908 11.12 10.623 12.101 10.966 12.023 13.354 13.311 12.442 12.982 12.251 10.491 10.361 10.002 9.892 9.485 
10.085 11.032 10.353 10.283 10.878 12.496 11.399 11.844 11.245 10.784 8.579 8.051 7.422 6.79 6.783 6.997 6.727 7.03 9.132 8.29 10.026 
9.619 11.225 9.656 9.503 8.81 8.355 8.77 7.656 9.127 8.373 8.474 7.308 7.766 6.801 7.872 7.338 7.693 7.559 7.283 6.91 6.622 
6.68 7.56 6.171 8.726 9.299 8.989 8.368 8.041 8.925 7.579 9.364 9.036 9.049 7.719 6.509 6.904 6.34 7.251 5.759 6.692 6.296 
5.562 7.252 7.788 8.556 8.913 8.939 9.207 9.564 9.185 7.941 9.02 8.16 8.913 8.023 9.128 8.009 8.664 8.671 8.605 9.554 10.564 
11.194 10.415 11.3 11.697 10.703 9.803 9.506 9.19 10.128 9.466 8.738 9.344 9.449 10.023 9.722 9.871 
C1908x2TS049_4 0.17 12.536 10.422 11.723 10.52 10.429 10.211 9.644 8.794 9.63 10.065 11.626 11.653 11.684 13.268 13.481 13.248 13.049 11.36 11.236 11.42 12.593 
13.281 13.446 14.332 15.0 15.0 15.0 15.0 15.0 14.776 14.823 14.522 13.692 12.083 13.064 11.006 9.849 7.832 8.819 7.461 7.781 8.248 
6.575 7.396 6.02 5.475 5.886 6.15 7.528 6.818 10.79 12.068 13.427 13.713 14.625 13.338 13.728 13.693 13.303 13.036 11.964 10.866 9.41 
9.342 10.301 7.269 10.671 10.504 13.094 13.347 14.576 14.976 14.681 14.709 13.107 12.558 9.448 9.95 10.403 11.156 13.21 12.492 14.28 13.585 
13.142 12.401 11.716 13.409 14.157 14.829 13.933 14.306 13.038 12.092 11.637 9.874 9.96 10.297 10.725 11.188 12.438 11.206 12.753 12.653 13.321 
11.974 12.525 13.891 14.533 14.499 13.769 12.683 11.741 12.06 10.981 9.811 9.754 9.369 9.815 10.211 9.906 
C1908x2TS026_2 0.252 12.209 10.625 11.571 10.193 10.932 11.056 11.008 11.382 12.38 12.907 13.204 14.002 13.875 14.115 14.127 11.797 11.311 10.651 8.989 7.955 9.218 
9.495 8.798 9.52 11.743 11.638 11.813 10.086 11.349 9.051 9.118 7.897 7.728 8.376 8.724 6.844 6.876 5.733 5.784 5.343 5.405 6.65 
5.258 7.193 7.342 8.707 8.577 8.482 8.169 6.355 7.596 7.844 7.99 7.83 7.235 6.602 7.983 7.234 6.447 5.806 7.601 8.583 7.938 
9.863 9.463 8.268 9.595 9.236 9.707 10.173 10.803 10.043 10.683 11.809 10.285 10.296 8.533 8.164 7.844 7.287 8.038 7.114 8.519 8.743 
8.375 8.419 7.224 6.667 6.905 7.598 7.7 8.447 8.233 7.891 7.985 7.535 8.953 8.816 8.361 8.832 9.222 9.034 8.633 9.674 10.163 
10.027 9.688 11.316 12.724 11.422 10.246 8.72 9.029 9.591 8.959 7.332 7.436 6.547 6.824 7.453 6.7 
C1908x2TS228_3 0.313 9.756 8.993 9.225 8.754 9.481 9.893 8.709 8.364 9.243 9.531 9.286 9.013 9.784 9.623 9.766 9.627 9.738 9.368 8.85 8.42 9.512 
8.462 10.821 11.512 10.971 10.944 11.144 11.124 10.094 7.851 9.031 8.611 8.091 7.422 6.905 7.098 8.782 9.1 10.448 12.243 11.709 10.881 
10.414 11.32 10.924 11.443 9.088 8.639 8.079 7.907 9.135 9.492 11.365 9.652 7.758 6.003 5.809 5.147 4.845 5.288 5.712 6.505 6.477 
8.324 7.998 6.859 7.578 7.181 7.059 8.302 7.102 8.638 7.744 8.106 7.085 6.178 5.485 4.705 4.197 3.771 3.548 3.205 3.018 3.393 
2.595 3.407 3.265 3.832 4.696 5.406 5.876 7.551 7.2 8.172 7.87 6.902 6.444 6.16 6.616 6.492 7.512 7.744 8.764 9.585 11.148 
10.958 10.461 9.802 8.915 7.727 7.326 6.969 7.375 6.822 7.824 6.572 8.129 6.212 6.852 7.326 7.913 
C1908x2TS123_4 0.279 13.842 13.228 15.0 14.624 14.53 14.019 12.976 11.693 12.76 12.616 13.369 14.122 14.553 14.63 14.334 14.566 14.846 13.435 12.133 12.434 11.878 
12.621 12.526 10.858 10.117 10.526 10.708 9.986 11.296 10.044 9.061 7.934 6.78 5.988 6.107 5.021 5.698 6.103 6.253 6.579 7.433 7.26 
6.054 5.662 4.793 5.237 5.971 6.247 6.967 7.031 8.448 9.113 9.657 9.463 9.663 8.713 8.542 8.335 7.623 8.85 9.037 9.411 8.388 
8.594 8.81 7.545 8.339 8.11 9.507 9.267 8.282 8.705 7.325 7.487 6.973 7.786 6.462 6.297 4.859 4.918 6.116 5.361 5.364 6.518 
6.009 8.31 7.569 9.701 10.937 12.837 13.851 13.792 13.765 11.825 11.334 7.092 7.273 6.818 7.103 6.46 6.668 5.693 6.877 7.535 8.239 
8.314 9.173 10.822 7.99 6.802 6.083 5.353 4.804 4.991 5.194 4.586 5.592 5.7 5.948 6.782 7.439 
C1908x2TS215_4 0.324 10.672 9.358 8.876 8.339 8.326 8.024 7.962 7.581 8.045 8.879 9.929 10.042 9.915 11.501 11.046 11.157 10.592 8.433 7.984 7.733 6.736 
6.093 6.403 6.709 7.451 6.875 8.648 9.534 10.145 7.597 8.725 7.267 7.832 8.509 8.973 7.098 8.249 7.408 8.321 9.46 11.1 11.871 
11.462 11.669 9.078 9.228 9.211 9.333 7.996 6.746 10.757 12.347 12.632 12.097 12.643 11.355 11.289 10.217 9.317 8.877 8.873 9.12 8.131 
8.913 8.224 5.905 7.035 7.069 7.136 7.234 7.201 7.409 7.633 9.111 7.592 6.899 5.246 5.967 5.246 4.693 4.559 3.593 3.442 3.683 
3.431 5.332 4.536 5.437 5.873 7.017 6.782 7.416 6.989 7.253 7.172 4.801 6.358 6.223 5.719 5.883 6.823 7.611 8.296 8.642 8.29 
7.228 6.625 6.451 7.141 5.885 5.398 5.535 5.341 5.243 4.966 4.252 4.528 4.766 4.624 4.617 5.802 
C1908x2TS405_3 0.298 14.104 12.717 13.973 14.084 13.879 12.313 11.957 11.1 11.85 11.723 13.522 14.21 14.132 14.579 15.0 14.992 13.815 13.131 11.178 10.977 11.503 
10.516 11.865 10.961 10.094 10.629 12.253 10.895 11.699 8.808 8.376 8.2 6.506 6.312 6.888 5.917 6.846 7.215 7.42 8.584 7.337 6.535 
5.115 5.435 3.925 4.038 3.984 4.55 4.367 4.815 8.684 11.409 13.941 13.257 12.811 10.166 10.483 8.509 9.326 7.984 8.984 9.295 8.607 
9.677 8.046 6.743 7.065 6.525 7.139 7.733 7.705 8.814 7.588 8.627 6.157 5.975 4.774 4.375 4.056 3.857 5.163 5.188 6.051 6.42 
6.179 6.269 6.001 5.969 6.734 6.83 6.842 8.052 7.641 9.011 8.12 6.488 6.15 5.525 6.347 6.388 6.655 6.851 6.977 7.923 8.56 
8.106 8.044 9.788 9.473 7.417 6.862 6.293 6.315 6.572 6.51 5.284 6.779 7.416 8.104 7.113 7.038 
C1908x2TS131_1 0.322 15.0 15.0 15.0 15.0 15.0 15.0 15.0 15.0 15.0 15.0 15.0 15.0 15.0 15.0 15.0 14.364 13.887 10.814 9.927 9.368 9.269 
8.742 9.174 7.036 7.424 6.686 5.69 5.951 5.879 4.219 5.064 5.249 4.442 4.467 4.175 4.072 3.941 4.209 4.792 5.159 5.331 5.785 
4.649 5.746 4.484 5.848 5.262 5.95 5.923 5.815 8.632 9.805 10.857 10.061 9.453 8.293 8.911 7.28 8.914 8.488 9.319 10.273 9.753 
10.141 8.881 6.791 7.487 7.115 7.973 8.03 9.095 10.067 9.27 11.032 10.093 8.52 7.081 6.219 6.785 6.192 6.084 5.545 5.811 5.975 
5.322 6.335 5.775 5.623 5.788 6.311 5.974 6.856 6.457 6.68 6.895 5.505 4.706 4.544 4.496 4.883 5.228 5.821 6.874 8.502 10.739 
12.424 10.836 9.507 8.919 6.926 6.191 5.134 5.229 5.104 4.872 4.664 5.211 4.371 4.844 5.519 5.698 
C1908x2TS073_2 0.263 11.785 12.537 14.054 11.551 13.302 13.392 11.828 10.336 11.927 10.575 11.827 11.609 10.08 10.673 10.623 10.285 10.935 10.766 9.364 8.717 8.403 
9.046 7.563 6.998 8.823 10.627 12.27 12.245 12.381 10.551 9.682 7.268 6.952 5.772 5.829 6.075 6.404 7.041 8.755 9.896 11.048 11.05 
11.877 12.342 11.39 11.616 10.108 10.907 10.47 9.358 12.338 9.991 9.784 8.756 9.539 8.0 8.81 8.529 8.113 7.342 7.157 7.35 7.154 
7.265 7.34 5.079 6.786 7.479 8.198 8.96 9.588 10.481 8.405 9.573 7.38 8.101 6.658 5.289 5.095 6.012 6.379 5.243 6.545 6.674 
7.419 7.902 7.406 7.239 7.339 8.603 8.941 8.685 8.476 7.688 8.179 6.177 6.747 6.877 6.425 6.568 7.359 7.833 7.824 8.805 8.824 
8.944 8.946 8.854 9.353 8.512 8.508 7.816 8.784 10.033 9.376 7.57 7.037 6.387 6.495 6.244 6.96 
C1908x2TS073_3 0.278 13.442 12.414 13.706 14.017 12.991 13.059 11.181 10.954 14.326 12.329 14.028 13.853 12.385 12.921 13.523 11.871 9.828 9.867 10.018 8.775 8.961 
10.759 10.241 9.211 10.7 11.812 13.369 12.719 13.237 12.938 12.496 13.724 13.41 13.013 13.239 11.699 10.803 9.863 10.257 11.755 14.308 14.105 
13.616 14.229 12.47 11.772 9.934 8.799 8.977 7.876 8.562 8.182 7.785 6.661 7.098 5.599 5.191 4.495 4.792 4.63 4.957 5.043 4.707 
5.443 6.076 4.583 5.947 6.694 6.407 5.934 5.983 7.268 6.653 7.538 6.155 7.212 5.414 4.8 4.946 5.258 5.565 4.432 5.951 6.873 
7.901 8.496 8.7 9.119 9.979 10.534 9.833 10.06 9.251 7.908 8.437 6.94 7.044 6.104 5.797 5.442 5.619 6.163 5.509 6.831 6.471 
7.291 8.264 9.737 10.288 9.136 8.659 8.437 8.633 8.506 7.589 6.255 6.385 6.236 6.856 6.034 7.352 
C1908x2TS103_1 0.254 14.306 13.818 15.0 14.884 14.544 13.967 12.312 11.227 14.098 14.209 14.104 14.277 13.924 13.39 13.757 13.737 13.517 11.916 10.147 10.222 10.456 
9.521 10.536 9.315 9.885 9.119 8.698 9.054 8.258 6.98 8.189 7.553 6.291 5.521 6.21 5.906 6.945 6.441 7.501 8.599 10.09 12.583 
11.632 9.959 7.911 8.252 6.133 7.651 7.317 6.758 8.535 9.405 9.925 9.76 9.993 9.261 10.037 12.437 11.271 8.042 7.363 6.34 5.952 
7.014 7.961 7.948 8.854 9.686 10.672 10.115 10.338 10.436 10.421 10.639 9.731 9.434 6.512 5.885 5.47 5.529 5.328 4.484 5.012 5.458 
6.738 8.238 8.21 7.798 8.702 9.906 8.941 9.756 8.977 8.795 9.274 8.701 9.42 8.648 7.934 6.861 7.067 7.104 7.148 8.203 8.274 
7.971 8.961 8.044 8.315 8.235 8.066 8.681 8.2 7.607 8.068 7.132 7.598 8.289 8.086 8.761 9.299 
C1908x2TS026_1 0.31 12.588 12.156 13.01 12.322 11.447 11.109 11.084 10.326 11.827 12.151 12.118 13.304 13.281 13.924 14.262 12.169 11.683 11.077 8.812 7.676 8.806 
9.042 8.141 8.114 10.277 10.332 10.059 8.333 8.193 6.292 6.655 5.704 5.94 6.235 6.141 4.858 5.255 4.932 5.173 5.354 5.579 6.262 
4.41 5.961 6.182 7.847 7.478 7.469 7.569 6.356 7.495 7.433 7.689 7.122 6.466 5.458 6.238 4.787 4.579 4.024 5.174 6.494 6.343 
8.526 8.506 7.601 8.512 8.115 8.878 8.905 8.381 9.04 8.857 9.806 8.924 9.439 7.885 7.067 7.337 6.194 7.231 6.675 7.311 8.075 
7.818 8.887 7.416 6.845 6.446 7.338 6.929 8.17 8.045 8.641 7.65 6.66 6.045 5.46 4.945 5.429 5.39 5.707 5.743 7.187 8.09 
8.881 7.927 8.842 9.067 8.949 8.406 6.976 8.22 7.688 8.179 6.536 6.45 5.778 6.722 6.874 6.064 
C1908x2TS389_5 0.303 13.829 12.664 14.405 13.938 13.005 10.891 11.369 10.183 9.885 10.26 12.476 12.367 10.96 13.077 14.214 13.624 12.163 11.83 11.435 11.659 11.078 
9.555 11.914 12.9 11.971 12.212 13.384 12.882 11.724 10.231 7.793 8.233 6.833 5.871 5.6 4.773 5.108 5.007 5.27 5.846 6.618 7.693 
6.39 8.971 8.388 10.042 7.61 7.861 6.626 6.075 9.014 11.455 13.826 12.601 11.876 9.759 9.395 7.582 8.3 7.53 8.53 9.294 8.228 
9.166 7.216 4.97 6.367 5.542 6.745 6.626 6.603 7.82 7.152 9.732 8.727 8.967 6.873 6.161 5.561 5.129 4.932 4.075 4.42 4.332 
3.746 4.472 4.62 4.99 5.682 6.25 6.683 9.532 8.323 9.504 7.63 5.227 5.925 5.008 5.052 5.529 5.059 5.13 5.163 6.672 7.753 
7.478 7.878 9.372 9.418 7.717 8.208 7.107 7.008 7.301 7.123 7.151 6.877 6.071 6.92 7.343 8.506 
C1908x2TS215_1 0.338 11.333 9.927 10.114 10.433 12.369 10.47 9.413 9.021 9.884 9.414 9.549 10.026 11.041 11.057 12.592 13.352 12.776 10.562 10.846 9.938 9.314 
10.385 11.916 10.637 10.678 11.121 12.207 12.142 12.371 10.786 10.251 11.32 12.284 10.259 9.645 8.882 8.6 8.365 9.135 10.019 10.299 11.197 
10.431 9.488 8.312 8.563 6.313 6.565 6.084 5.649 8.018 7.872 7.032 4.832 4.287 3.747 3.878 3.986 4.408 4.728 5.675 6.589 6.256 
7.013 7.239 6.479 6.607 6.552 6.906 6.287 6.425 6.833 7.851 7.692 6.821 6.868 5.088 5.865 4.565 4.304 3.936 3.059 3.086 4.122 
4.464 7.408 7.25 8.23 8.237 8.659 7.881 7.921 6.191 5.996 6.135 3.838 4.445 4.372 4.731 5.762 6.463 6.87 7.673 9.02 9.024 
9.322 7.696 7.617 8.239 6.705 5.531 4.939 4.295 5.216 4.506 4.124 4.528 4.582 4.292 4.532 5.533 
C1908x2TS228_4 0.275 9.019 7.628 8.644 8.301 8.424 8.477 8.13 7.676 8.604 9.187 9.601 9.597 10.299 10.13 10.222 10.924 9.83 7.786 7.678 7.076 7.365 
6.624 8.956 10.362 9.329 11.071 12.714 12.619 12.511 11.572 10.5 9.539 8.728 7.611 7.349 7.23 7.694 7.172 8.127 8.831 7.545 7.573 
7.062 8.001 6.186 7.176 6.162 6.173 6.556 5.864 8.896 10.425 11.599 8.794 7.809 7.411 7.374 6.654 8.015 7.115 8.055 8.603 8.406 
9.038 7.659 6.221 7.352 6.975 7.505 7.624 7.817 8.726 8.35 10.026 9.408 9.32 8.159 8.077 6.973 6.618 6.989 6.089 6.662 6.389 
6.356 6.937 6.666 6.354 6.885 7.054 7.155 7.666 6.487 7.544 8.012 7.473 8.368 8.167 7.934 8.587 8.83 9.419 10.614 11.411 11.803 
11.573 12.78 12.421 10.395 8.588 8.237 7.89 7.641 7.963 7.947 7.02 8.345 7.836 7.897 8.254 7.493 
C1908x2TS067_2 0.203 14.087 13.247 14.789 13.188 12.988 13.503 12.322 10.431 10.787 11.013 11.317 10.437 10.513 11.634 12.005 12.024 11.423 11.932 10.871 11.208 11.198 
11.69 12.739 13.145 13.367 14.004 13.037 12.524 13.818 12.073 11.859 11.611 10.048 8.81 9.1 8.6 8.059 6.341 7.535 6.733 6.934 7.396 
7.072 7.505 6.3 5.628 7.443 7.471 8.895 8.753 9.819 8.924 8.558 7.381 7.403 7.504 9.434 8.561 9.836 10.165 9.862 8.748 8.469 
9.059 8.935 8.255 8.809 8.457 9.364 8.954 10.309 10.333 10.254 10.031 9.527 8.898 7.533 8.73 7.842 7.462 7.491 7.603 8.476 8.419 
9.237 9.958 9.681 9.828 9.606 11.036 9.776 9.807 10.067 9.867 10.459 11.454 11.642 13.655 14.268 14.525 14.339 13.858 13.485 13.58 13.459 
12.623 11.915 13.927 12.792 12.385 12.522 11.629 10.309 10.993 11.648 11.637 11.499 10.923 11.302 10.885 10.706 
C1908x2TS131_2 0.316 15.0 15.0 15.0 15.0 15.0 15.0 15.0 15.0 15.0 15.0 15.0 15.0 15.0 15.0 15.0 14.245 13.963 10.429 9.741 8.655 8.273 
8.122 9.547 8.576 9.332 8.904 7.995 7.238 8.17 6.635 6.789 6.155 5.402 5.099 4.798 4.155 3.994 4.388 4.618 4.582 5.079 5.471 
4.731 5.881 4.558 5.506 4.832 5.221 5.617 5.408 9.719 9.719 10.666 10.48 9.471 8.416 8.962 7.342 8.578 7.967 8.199 8.971 8.063 
8.741 7.976 6.452 7.498 6.866 7.145 6.677 7.659 9.293 8.548 9.922 8.654 7.485 6.76 6.48 6.249 5.687 5.766 5.089 5.02 4.655 
4.156 5.731 5.672 5.939 6.743 7.494 6.968 7.405 6.159 6.335 5.925 4.29 4.354 4.755 4.985 5.551 6.259 6.17 7.006 9.337 9.523 
10.877 10.512 10.052 9.275 7.421 6.862 5.733 5.681 5.639 6.081 5.573 5.499 4.94 5.244 6.249 5.992 
C1908x2TS345_5 0.294 12.001 11.306 11.236 10.781 12.066 10.08 9.328 9.221 10.052 9.756 10.259 11.551 11.639 11.46 12.428 13.366 12.414 10.261 10.696 10.229 9.994 
12.31 13.133 12.096 11.803 11.781 11.8 9.493 7.317 5.412 6.392 5.461 4.281 4.725 4.455 4.09 4.102 5.348 5.493 7.111 7.057 7.964 
7.223 8.268 6.818 8.73 7.629 7.817 9.103 8.31 10.63 9.967 11.575 9.42 7.712 5.946 7.53 6.092 5.986 5.816 5.616 5.799 5.284 
5.854 5.864 4.678 5.738 5.502 6.132 5.59 7.737 8.445 9.322 11.112 10.16 9.678 8.952 8.16 7.444 7.127 7.293 6.664 7.139 7.751 
8.496 9.311 9.46 9.15 7.741 8.885 8.159 7.972 9.044 9.065 8.537 6.06 7.39 5.776 5.412 5.168 5.264 5.557 5.536 7.491 8.613 
8.269 8.358 8.453 9.85 8.517 8.373 7.269 7.78 7.796 9.61 8.012 9.021 8.366 9.393 9.538 8.388 
C1908x2TS345_3 0.332 11.592 11.507 12.05 11.705 11.392 9.551 10.471 9.039 9.396 9.592 11.011 11.131 9.865 10.731 12.556 11.842 9.325 9.836 10.625 9.695 10.093 
11.881 12.711 11.203 12.505 11.978 12.06 9.725 9.712 7.611 7.983 6.541 7.058 7.006 7.948 6.185 7.261 7.782 8.859 10.253 10.998 10.543 
9.742 10.415 8.476 8.352 5.288 4.878 4.6 3.28 4.747 5.024 5.061 4.056 4.137 3.654 4.598 4.886 4.721 4.992 4.912 6.057 6.124 
7.335 7.287 6.297 6.98 7.314 7.58 7.816 7.801 7.989 7.541 10.005 9.796 9.18 7.596 7.713 8.431 7.468 6.265 4.891 4.327 4.094 
2.908 5.059 5.43 6.377 8.011 8.682 8.177 10.3 9.047 9.386 8.864 5.728 8.658 7.384 7.054 6.351 6.949 7.723 8.679 9.483 9.059 
8.574 9.238 7.495 6.273 5.279 5.506 4.402 4.056 3.868 3.917 3.646 4.24 4.26 6.075 5.763 6.681 
C1908x2TS049_1 0.182 13.573 12.578 13.269 12.303 11.418 11.619 9.922 9.085 11.464 10.903 11.964 13.67 14.662 13.559 14.599 14.609 13.67 13.168 11.767 12.301 12.092 
12.596 13.376 12.858 13.473 12.901 13.967 12.992 13.871 13.591 13.039 13.038 10.266 9.524 8.675 8.471 9.233 9.541 10.432 13.089 11.468 11.409 
11.261 11.919 9.386 10.236 9.226 10.991 10.33 9.216 12.877 11.798 12.55 12.463 11.361 9.556 10.685 10.649 9.621 9.348 8.567 8.038 7.746 
8.327 7.639 5.91 8.121 9.255 11.529 12.566 14.226 14.916 13.917 13.377 11.722 12.514 8.748 10.408 9.653 9.734 9.489 9.358 9.497 9.237 
8.791 10.204 8.946 9.745 9.753 10.167 9.896 11.051 10.466 10.889 12.1 10.856 10.305 10.328 10.0 9.789 9.784 10.752 11.105 12.919 12.234 
12.737 12.898 13.505 11.314 11.137 11.48 9.94 9.356 8.583 7.787 7.824 7.943 8.8 9.012 11.044 9.325 
C1908x2TS131_5 0.335 15.0 15.0 15.0 15.0 15.0 15.0 15.0 15.0 15.0 15.0 15.0 15.0 15.0 15.0 15.0 14.359 14.027 10.657 9.82 9.378 9.332 
9.107 9.032 6.125 7.75 7.188 5.707 6.073 6.727 4.749 5.069 4.987 5.075 4.747 4.856 3.769 3.858 4.116 4.519 4.446 4.389 5.197 
4.403 5.295 4.337 5.957 4.726 5.879 5.182 4.647 7.286 8.964 9.581 8.522 7.325 7.505 7.041 6.315 7.308 7.275 8.263 8.817 8.111 
8.164 7.211 6.828 7.511 6.929 7.834 8.024 8.832 10.841 9.73 11.171 10.54 8.512 6.883 6.438 6.135 6.057 6.087 5.551 4.982 5.393 
4.642 5.447 4.734 4.372 4.912 5.072 6.538 8.316 7.521 8.149 8.934 6.202 5.81 5.969 6.574 6.426 6.685 6.686 7.678 9.29 9.397 
10.936 8.364 7.4 6.279 5.185 5.026 4.297 4.022 4.2 5.04 4.442 4.782 5.248 5.768 5.668 6.136 
C1908x2TS210_3 0.298 14.104 12.717 13.973 14.084 13.879 12.313 11.957 11.1 11.85 11.723 13.522 14.21 14.132 14.579 15.0 14.992 13.815 13.131 11.178 10.977 11.503 
10.516 11.865 10.961 10.094 10.629 12.253 10.895 11.699 8.808 8.376 8.2 6.506 6.312 6.888 5.917 6.846 7.215 7.42 8.584 7.337 6.535 
5.115 5.435 3.925 4.038 3.984 4.55 4.367 4.815 8.684 11.409 13.941 13.257 12.811 10.166 10.483 8.509 9.326 7.984 8.984 9.295 8.607 
9.677 8.046 6.743 7.065 6.525 7.139 7.733 7.705 8.814 7.588 8.627 6.157 5.975 4.774 4.375 4.056 3.857 5.163 5.188 6.051 6.42 
6.179 6.269 6.001 5.969 6.734 6.83 6.842 8.052 7.641 9.011 8.12 6.488 6.15 5.525 6.347 6.388 6.655 6.851 6.977 7.923 8.56 
8.106 8.044 9.788 9.473 7.417 6.862 6.293 6.315 6.572 6.51 5.284 6.779 7.416 8.104 7.113 7.038 
C1908x2TS405_4 0.301 14.662 13.957 14.706 14.756 14.807 13.541 12.287 11.321 12.809 12.697 14.011 14.782 15.0 15.0 15.0 15.0 14.789 13.391 11.279 10.477 11.652 
10.839 12.193 10.335 10.927 10.97 12.017 10.842 11.072 9.072 8.169 8.414 8.165 7.671 8.122 5.795 5.909 6.404 6.184 6.824 6.307 6.351 
7.059 7.458 5.295 6.682 6.061 6.81 6.92 7.303 11.758 12.98 14.201 13.208 12.795 9.967 9.125 8.04 8.757 8.112 9.48 9.588 9.086 
10.137 8.287 7.288 7.386 6.954 7.112 8.031 7.58 8.548 6.909 7.866 5.662 5.447 3.959 4.078 3.653 3.33 3.909 3.703 4.172 4.959 
5.344 5.9 5.58 6.296 7.157 7.693 7.883 8.961 8.308 9.268 9.072 6.768 6.226 5.143 5.396 5.552 7.213 7.309 8.353 8.954 9.408 
8.78 7.742 7.377 6.85 5.312 4.947 5.012 4.783 5.261 5.161 4.237 5.435 5.987 7.951 6.929 7.108 
C1908x2TS049_3 0.165 12.749 11.292 12.185 10.779 11.258 10.055 10.192 9.004 9.956 10.331 11.63 12.032 12.42 13.34 13.849 13.166 12.578 11.699 11.247 12.473 13.39 
14.905 15.0 14.703 15.0 14.994 14.607 14.397 14.258 12.613 12.845 12.451 11.252 10.553 10.267 9.397 10.656 10.173 12.429 13.235 14.102 15.0 
14.763 15.0 14.769 15.0 14.883 14.529 13.885 12.957 14.192 14.701 15.0 15.0 15.0 14.358 14.754 14.798 14.153 13.768 12.813 11.698 9.394 
9.324 9.643 6.988 10.438 10.17 12.99 12.417 13.238 12.802 11.701 11.869 10.283 10.546 7.705 8.76 8.747 8.765 9.942 9.863 10.134 11.065 
10.41 11.085 11.713 12.598 13.931 14.046 13.832 13.603 11.813 12.33 13.079 11.047 11.438 11.8 11.189 10.963 10.437 11.396 10.644 11.961 10.563 
10.207 10.377 11.597 10.302 10.378 10.825 9.21 8.232 8.008 7.726 6.193 7.183 6.869 8.414 9.268 8.399 
END
