PFRMAT QA
TARGET C1906x2
MODEL 2
QMODE 2
C1906x2TS215_5 0.5148519 19.50786 19.52352 12.77868 11.63996 12.59780 10.34098 9.68247 8.48702
8.56637 8.31737 7.06817 6.39767 6.65697 6.42010 5.89215 5.89136 6.07175 5.89064 5.13887 5.16673
5.17099 5.07124 4.97639 4.93219 4.90595 4.90762 4.91932 4.85236 4.74540 4.52053 4.71266 4.82496
4.53221 4.72246 4.78428 4.62107 5.06282 5.75762 5.74495 6.29660 6.18867 7.08780 7.72911 7.35724
6.99692 7.84654 7.53848 8.12970 7.67835 7.72752 6.91802 7.43039 8.00880 7.24305 7.05838 7.15090
6.60018 6.40208 7.14014 6.98852 6.15233 5.98906 6.12959 6.25864 6.57725 6.86007 7.71279 8.75788
10.04655 10.37342 10.96328 11.47442 12.07180 13.22582 12.42434 11.84841 11.07015 10.22516 8.84013
7.99975 7.81589 7.67962 6.80587 6.35567 6.52959 6.14113 5.51120 5.38477 5.49270 5.38726 5.00885
5.22354 5.41171 5.57877 5.76974 6.21602 6.02799 5.87684 6.43663 6.07006 5.79012 5.71592 5.32191
5.68898 5.92671 7.25054 9.21683 10.34912 10.80013 10.09963 8.73268 8.25058 8.19693 8.79093
8.33678 8.88649 8.60930 8.66165 9.01146 8.75679 9.31783 9.38725 8.71903 10.14457 10.87795 9.29997
8.01112 7.09258 6.50260 6.53683 6.36799 6.09531 6.14530 6.73041 7.39154 8.03658 8.35178 8.24897
6.81063 5.93810 5.09390 4.97388 5.35325 5.58845 5.98205 6.48055 5.71863 5.00203 4.17998 3.73892
3.90121 5.01378 5.88567 5.65684 5.70281 6.23655 6.67172 6.81811 6.44356 6.52893 8.77176 7.40629
6.12884 5.27803 4.73457 3.90302 3.73677 3.68798 3.95477 4.61642 5.39834 6.57343 7.50997 8.36835
7.67766 6.20850 5.16755 4.44676 3.82978 3.52406 3.30223 3.47399 3.50812 3.91069 4.39664 5.22707
5.73777 7.01903 7.79276 8.72279 8.38563 8.20292 7.76957 7.88602 7.93768 8.01089 7.96473 8.09561
8.22223 8.88517 8.91670 9.52999 10.06262 9.98090 9.74280 10.46425 12.31613 14.21161 15.14935
17.39660 16.20430 14.69282 14.69122 15.45925 15.10946 11.53194 13.16202 13.00232 12.28349 12.54717
15.02877 16.76475
C1906x2TS215_3 0.5062874 19.55335 20.97115 18.18436 15.62882 14.26074 13.49680 13.40709 11.87707
11.35883 10.82491 9.69586 9.74524 9.35130 8.80311 8.37917 8.85093 8.93286 8.92931 8.20263 7.13692
6.91701 6.42928 5.41453 5.92915 5.92006 6.54487 6.90969 6.72000 6.24250 6.24475 5.98929 6.27514
5.63462 5.47532 5.28787 5.21910 5.40492 5.99711 6.31941 6.33315 6.15234 5.96191 5.61130 5.97796
5.96654 6.35469 6.30840 6.65819 5.99576 5.64407 5.51734 5.34989 4.92233 4.71029 4.80766 5.33125
4.46539 4.35561 5.16587 4.85296 4.79556 4.87909 4.81149 5.42074 6.13783 7.63078 8.69821 9.78539
12.26399 12.67591 13.00735 13.92038 14.07524 13.01978 13.05248 12.61986 11.02759 9.46541 8.44796
7.53494 8.57246 8.11032 7.67410 7.45345 7.60966 7.51803 7.18126 7.46597 7.18974 7.28350 7.68936
7.52701 7.44264 7.48826 8.48274 9.24479 8.62242 8.30431 8.21161 7.99366 7.14655 6.71379 7.01775
8.03955 8.52666 8.87404 8.60665 8.99837 10.10492 11.27983 13.10742 12.07317 11.93361 11.13037
10.29939 9.16021 7.79000 6.46523 5.18721 4.61312 4.40435 4.63427 4.87603 6.30331 7.11610 7.79847
7.45898 5.73827 4.41274 4.02538 4.11302 4.63806 5.47317 6.51328 7.96489 9.21767 8.24866 7.28429
6.44696 5.87314 5.81223 6.18613 6.97184 7.85505 8.66501 9.21392 7.78264 6.31131 5.19481 4.49661
4.56763 5.36861 6.13194 6.02128 5.93599 5.77807 6.02605 6.16074 5.42118 6.33190 7.03530 6.80151
5.57217 4.67489 4.24160 3.78452 3.44602 3.19239 3.17593 3.18612 3.28404 3.64825 4.26682 4.50057
4.52049 4.25751 4.00809 4.26993 4.30629 4.71652 5.01725 5.72590 6.14768 6.22545 6.33374 6.37139
6.57793 7.09983 6.98054 7.15050 7.13112 7.01389 6.75464 6.71123 6.77010 7.01228 7.55545 8.09790
8.40147 9.39999 10.37490 10.59234 11.56741 12.16467 13.29886 15.92184 17.30518 17.02651 18.89638
19.86879 17.22092 13.82776 12.13125 12.63876 12.23608 10.16456 10.11538 12.39646 11.75512 12.62084
16.45878 16.57187
C1906x2TS228_1 0.4968802 22.51838 24.54265 21.41095 18.75901 17.73936 13.89808 12.99511 9.94299
8.62184 8.21162 6.00171 5.88661 5.35795 5.29043 4.65518 5.93302 5.52257 4.68278 4.29701 4.45944
4.39125 4.19126 4.68664 4.69570 4.83146 4.79453 5.10631 5.21114 5.24921 5.19928 5.26324 5.29355
4.69756 4.31590 4.24716 4.00111 4.20221 5.16811 5.57245 6.45349 6.36799 6.77485 6.49779 6.23752
5.70265 6.28547 6.51206 6.33285 6.19092 6.26034 6.12969 6.03857 6.09753 6.41444 6.12969 6.34304
6.62763 6.64170 6.43592 6.57300 7.36592 7.06582 7.22519 8.53440 9.12383 9.29082 9.69923 11.07946
11.01031 10.41666 10.32541 10.51777 10.71015 11.19116 12.00454 11.12275 11.03027 11.02267 9.84367
8.94976 8.95935 8.63558 7.85884 7.84426 7.70919 7.07936 7.02180 7.04942 6.50818 6.42994 6.45323
6.15620 5.77726 5.83130 6.20733 6.04906 5.95456 5.94844 6.38367 6.56770 6.15538 6.26460 6.80064
6.93064 6.87584 6.83489 7.49255 8.01122 7.74570 7.72960 8.09947 7.85073 7.70599 9.66869 9.32031
8.07084 7.23189 6.60099 6.30816 6.34390 6.73510 6.87357 6.62772 6.74558 7.54571 8.15021 9.24732
8.35909 7.63705 7.76486 7.39243 7.08479 7.37351 7.82105 8.64125 9.21408 9.64900 9.04207 8.50846
7.48349 7.32867 7.88001 8.97296 9.38725 10.09823 11.39917 10.40555 9.26964 8.16677 6.63675
7.53291 8.25005 8.37459 7.96970 8.80398 9.16850 8.80471 9.17569 8.31002 9.07823 10.01399 8.57065
7.23751 5.93126 5.46286 4.97115 4.76621 4.42106 4.58107 4.86005 5.22230 5.68765 6.87704 7.92960
9.03403 8.36996 8.07746 7.58108 7.18296 7.10488 6.96992 7.20190 7.45804 7.72156 8.54117 8.75481
8.93556 9.19848 9.47141 10.18224 9.58993 8.60106 7.96543 7.92056 7.91186 8.15147 8.22297 8.51671
8.30361 9.07862 9.09261 10.10571 11.29214 12.84538 13.38588 14.80909 16.78992 16.99686 16.73466
18.78694 20.69364 20.98798 22.15782 20.74107 22.71132 21.74932 19.89651 19.16113 18.24926 17.30058
15.69942 16.05952
C1906x2TS215_4 0.49314946 20.19901 23.32879 17.58281 17.69044 14.32106 14.39671 13.20933 10.84107
9.00353 8.39304 7.42010 6.82337 6.22720 5.68408 5.01649 4.50093 4.41356 3.61526 3.36194 3.76927
3.97450 3.93254 4.08078 4.28273 4.24429 4.31936 4.60315 4.59269 4.64375 5.05132 4.98748 4.63823
5.05221 4.88794 5.44547 5.54776 6.04096 7.05974 8.10378 9.55149 9.45071 10.56834 9.25433 9.82868
9.13325 8.30323 7.80629 8.15705 7.85135 7.17212 7.07508 7.42598 7.65279 7.18380 6.46941 5.94780
5.34904 5.03428 5.11447 5.42827 5.46534 5.28982 5.34339 5.59784 5.67192 5.89356 6.51364 7.21616
9.13561 9.86023 10.66113 12.61839 13.02958 11.64286 9.46723 9.85262 7.72469 6.91391 6.25520
6.12265 5.49944 5.28428 5.10380 4.87366 4.94308 4.62858 4.79212 4.66036 4.64877 4.96559 5.30148
5.30397 5.72686 6.61539 6.88060 7.43172 8.94889 9.45448 10.49403 13.71574 14.66127 15.37623
16.71541 16.43817 17.35553 16.27266 15.27597 15.50925 15.83633 15.85003 13.41818 13.10530 12.41449
11.01862 9.60976 8.34427 8.03874 7.58581 7.33295 6.91842 7.05378 7.38106 8.22338 9.72069 10.60042
11.05694 9.89837 8.26132 6.46141 5.71943 5.02189 4.62624 4.95049 5.45844 6.13660 6.36711 7.21018
7.09726 6.18733 5.44247 4.83399 4.67076 5.31175 5.94213 6.98619 8.23062 7.73373 7.04325 5.65565
4.96609 5.17080 6.56648 7.06042 6.72986 7.04498 7.86097 8.12700 8.58399 7.48566 8.68226 9.02738
8.60075 6.82311 6.21231 5.70186 5.46925 5.13994 4.76819 4.74485 4.76769 5.58451 6.13434 6.67470
7.11912 7.17542 6.59531 5.90700 5.35615 4.66379 4.11257 4.07935 4.29826 4.68384 4.67570 5.44572
5.78868 7.40770 8.07160 8.44381 8.28334 8.25014 7.91076 7.44552 7.14123 6.80684 6.66083 6.62093
6.93769 7.43504 8.57323 9.47802 10.59901 12.44134 12.20536 12.58685 14.70530 16.80915 16.44428
15.16598 15.99172 17.47472 17.25113 15.79537 15.78848 14.88266 11.85457 11.27714 11.78811 10.57047
11.12547 15.34840 15.76385
C1906x2TS301_2 0.49210602 19.46749 20.82189 17.70557 17.80604 17.42712 13.86104 13.07430 10.68278
8.95994 8.90997 7.07433 6.84302 6.68873 6.71023 5.72606 6.46326 6.17058 5.70042 5.13297 5.04141
5.03114 5.00574 5.12876 5.07544 5.18912 5.06863 5.22736 5.21623 5.35783 5.46681 5.57375 5.72598
5.55784 5.20125 5.47756 5.63804 5.65826 6.28113 8.52375 9.75086 10.38062 8.90368 8.80268 9.42967
8.73846 8.19876 8.56568 8.04755 7.70107 7.69634 7.64352 7.71554 8.06557 8.16936 7.59900 7.68274
7.29030 7.24820 7.34866 7.42584 8.05070 7.82580 8.01847 9.05410 10.05577 10.28862 10.76051
12.38671 12.31485 11.85563 12.67386 12.98018 12.57566 12.51033 11.92575 11.18215 10.60983 10.64366
9.79039 9.13917 9.31001 9.13787 8.16584 8.08919 8.03473 7.36258 7.16262 7.23649 6.99724 6.86125
6.66200 6.73912 6.22639 6.22201 6.48431 6.49463 6.43595 6.35274 6.52784 6.04906 5.77510 6.25232
6.16303 6.08042 6.78744 6.68330 5.90390 5.39041 5.50975 5.56173 5.90377 5.97072 6.68432 7.82020
9.00889 9.34727 9.35402 9.15910 8.51072 8.32590 8.35924 8.66529 8.58605 9.42361 10.11106 9.21924
8.03154 6.16285 4.87545 4.60137 4.58957 4.72421 5.38726 6.61161 8.78798 10.40555 11.19266 11.02737
9.86138 8.63101 8.12445 7.88004 8.56126 8.91245 9.28818 10.57933 9.59653 8.70770 7.49110 6.23725
6.69045 6.99628 7.12353 6.89698 7.28579 7.53760 7.10490 7.26158 5.98803 6.32096 6.77894 6.01580
4.96263 4.46814 4.16888 3.92615 3.73314 3.72213 3.76780 4.15474 4.44286 5.58649 5.97029 5.93199
5.89667 5.34973 5.03801 5.42951 5.35604 6.07320 7.04960 7.68663 8.15569 8.17702 8.68053 8.91323
8.91937 9.24373 9.05059 9.19234 8.77249 7.96992 7.51964 7.39048 7.82783 7.95130 7.47704 7.55089
7.91487 8.33915 9.07670 10.31722 11.68352 14.19971 16.78597 20.55917 18.53226 18.31503 18.08226
17.90555 17.17505 19.41181 17.19179 18.06094 19.39854 18.86697 21.34132 22.01018 18.12804 19.93012
20.70661 19.20026
C1906x2TS301_1 0.49101377 19.48524 20.84181 17.72310 17.83064 17.45979 13.88406 13.09735 10.70550
8.97586 8.92283 7.08198 6.85039 6.69429 6.71582 5.73165 6.47026 6.17655 5.70921 5.13905 5.04584
5.03303 5.00669 5.13081 5.08098 5.19776 5.08158 5.24295 5.23870 5.38890 5.50651 5.60878 5.76197
5.58937 5.23228 5.50471 5.66341 5.68317 6.31667 8.58152 9.81059 10.43300 8.94844 8.83722 9.47125
8.78150 8.25432 8.63257 8.11503 7.77603 7.77457 7.71135 7.77389 8.12492 8.20647 7.62016 7.71892
7.33542 7.28137 7.35840 7.42889 8.04212 7.82633 8.02478 9.07461 10.09597 10.34058 10.81724
12.44733 12.39000 11.91172 12.70857 13.00311 12.60098 12.52508 11.93508 11.19695 10.63423 10.66970
9.81300 9.16499 9.33698 9.15338 8.18258 8.09747 8.03121 7.35053 7.14668 7.21556 6.97824 6.84814
6.65693 6.72261 6.21452 6.21203 6.45913 6.47346 6.41250 6.33389 6.53763 6.07869 5.80016 6.30355
6.23059 6.14608 6.83588 6.73751 5.95058 5.44096 5.54462 5.59174 5.92958 5.99340 6.70292 7.83205
9.04957 9.35441 9.34892 9.18029 8.51696 8.30372 8.32960 8.64783 8.58952 9.42456 10.09862 9.20647
8.01515 6.17562 4.89175 4.62611 4.58871 4.73123 5.38548 6.62614 8.80178 10.36719 11.09118 10.91240
9.74281 8.54297 8.06532 7.83043 8.52097 8.89805 9.32919 10.62310 9.65514 8.77877 7.57392 6.32269
6.81323 7.13192 7.26840 7.04177 7.42762 7.71708 7.22432 7.34237 6.04587 6.40363 6.84718 6.06865
5.01306 4.51964 4.18933 3.93918 3.75152 3.73737 3.76602 4.15455 4.44085 5.59427 5.97060 5.93458
5.89617 5.32033 5.01862 5.40529 5.33202 6.01820 7.00056 7.65560 8.12158 8.14074 8.60976 8.88193
8.92264 9.31505 9.07888 9.22937 8.75508 7.99191 7.45572 7.35466 7.78841 7.93672 7.48516 7.55655
7.91408 8.33447 9.07831 10.32605 11.69841 14.21230 16.81229 20.56706 18.52840 18.32449 18.08393
17.91626 17.17933 19.43041 17.21351 18.08749 19.42481 18.89478 21.37461 22.05685 18.16440 19.95554
20.74134 19.22543
C1906x2TS044_1 0.49101377 19.48524 20.84181 17.72310 17.83064 17.45979 13.88406 13.09735 10.70550
8.97586 8.92283 7.08198 6.85039 6.69429 6.71582 5.73165 6.47026 6.17655 5.70921 5.13905 5.04584
5.03303 5.00669 5.13081 5.08098 5.19776 5.08158 5.24295 5.23870 5.38890 5.50651 5.60878 5.76197
5.58937 5.23228 5.50471 5.66341 5.68317 6.31667 8.58152 9.81059 10.43300 8.94844 8.83722 9.47125
8.78150 8.25432 8.63257 8.11503 7.77603 7.77457 7.71135 7.77389 8.12492 8.20647 7.62016 7.71892
7.33542 7.28137 7.35840 7.42889 8.04212 7.82633 8.02478 9.07461 10.09597 10.34058 10.81724
12.44733 12.39000 11.91172 12.70857 13.00311 12.60098 12.52508 11.93508 11.19695 10.63423 10.66970
9.81300 9.16499 9.33698 9.15338 8.18258 8.09747 8.03121 7.35053 7.14668 7.21556 6.97824 6.84814
6.65693 6.72261 6.21452 6.21203 6.45913 6.47346 6.41250 6.33389 6.53763 6.07869 5.80016 6.30355
6.23059 6.14608 6.83588 6.73751 5.95058 5.44096 5.54462 5.59174 5.92958 5.99340 6.70292 7.83205
9.04957 9.35441 9.34892 9.18029 8.51696 8.30372 8.32960 8.64783 8.58952 9.42456 10.09862 9.20647
8.01515 6.17562 4.89175 4.62611 4.58871 4.73123 5.38548 6.62614 8.80178 10.36719 11.09118 10.91240
9.74281 8.54297 8.06532 7.83043 8.52097 8.89805 9.32919 10.62310 9.65514 8.77877 7.57392 6.32269
6.81323 7.13192 7.26840 7.04177 7.42762 7.71708 7.22432 7.34237 6.04587 6.40363 6.84718 6.06865
5.01306 4.51964 4.18933 3.93918 3.75152 3.73737 3.76602 4.15455 4.44085 5.59427 5.97060 5.93458
5.89617 5.32033 5.01862 5.40529 5.33202 6.01820 7.00056 7.65560 8.12158 8.14074 8.60976 8.88193
8.92264 9.31505 9.07888 9.22937 8.75508 7.99191 7.45572 7.35466 7.78841 7.93672 7.48516 7.55655
7.91408 8.33447 9.07831 10.32605 11.69841 14.21230 16.81229 20.56706 18.52840 18.32449 18.08393
17.91626 17.17933 19.43041 17.21351 18.08749 19.42481 18.89478 21.37461 22.05685 18.16440 19.95554
20.74134 19.22543
C1906x2TS215_2 0.47354698 21.99410 24.76293 22.18943 20.40756 18.36893 15.31764 16.43551 13.71897
13.71002 13.19779 12.20930 12.31013 11.36158 11.54254 9.92870 10.41209 10.08518 9.80343 8.94775
7.61079 6.59399 5.34356 5.41549 5.28944 5.17732 5.03577 5.31004 5.37678 5.09868 5.11476 5.10254
4.72758 4.13441 4.04372 3.63124 3.74330 4.00252 4.46685 4.89123 6.43144 7.27033 7.26507 6.73558
6.09837 5.48029 5.77134 6.30075 6.41377 6.10301 6.65562 6.95509 6.64820 6.84243 7.13138 7.65333
8.34934 8.61091 7.31160 7.98182 8.26989 9.17213 9.74500 9.78618 9.41908 10.90094 10.99200 12.57932
13.40633 14.70001 14.96411 15.64649 16.13459 17.78098 19.61176 20.07697 20.74337 20.74319 15.38753
12.49822 11.59571 11.96375 11.75166 10.92992 11.21715 10.88419 9.93517 9.09074 9.33256 8.43913
7.16539 6.77316 7.12792 6.75487 6.41487 6.57709 6.58926 6.02132 5.25281 5.13180 5.59458 5.28483
5.08972 4.90778 5.51639 5.92842 5.93453 6.10048 6.24405 7.39797 6.62303 7.48895 7.70461 9.00291
9.69184 9.85056 9.62695 8.13172 6.97001 5.92889 5.67641 5.99789 6.25486 6.87435 7.92414 8.66888
8.78933 8.05341 6.72816 5.85597 5.75718 5.98472 6.33128 7.49554 8.44162 9.37688 9.77937 8.62993
8.48495 7.01716 6.86069 6.03891 6.28260 5.88343 6.49449 7.70197 8.90756 8.94064 10.04212 9.98089
11.01256 11.52248 14.70311 13.72562 12.55286 9.70175 8.83285 8.23134 9.07147 7.96735 8.25535
8.56529 8.12217 6.56634 4.98712 3.87694 3.26985 3.00567 2.80254 2.83181 2.95357 3.21744 3.75491
4.31478 4.82074 4.90091 4.75432 4.39488 4.67634 4.48286 4.68385 4.64448 5.47415 6.15263 7.12966
7.76224 8.48609 8.86500 9.11239 8.72117 8.52184 8.28265 8.16341 7.63884 7.68268 8.02869 8.09639
8.59663 8.88865 9.17782 9.60290 10.02306 10.52502 11.97156 13.52517 16.03740 17.48506 19.86292
22.57935 19.81023 22.63861 23.90371 19.53691 16.09121 14.30603 13.65737 9.87206 9.32603 9.17370
8.72604 9.44774 13.94138 15.12560
C1906x2TS215_1 0.47053188 22.84547 27.34040 21.86083 19.67014 20.41021 19.12228 17.84361 15.00883
14.71695 14.31355 13.20820 12.95288 13.30629 12.65697 12.13436 12.60096 12.20404 10.78311 10.63725
9.26758 9.14296 7.34864 6.75163 7.51797 7.39116 7.06839 7.48854 7.39898 6.98507 6.86556 6.91673
6.78759 6.10429 6.33661 6.42838 6.18799 6.37679 7.40941 7.31438 7.64806 6.88452 6.44281 6.14089
6.21860 5.55313 6.14548 6.46784 6.50778 6.43688 6.59090 6.56059 6.58849 6.64670 6.29282 6.56182
6.91616 6.16424 5.77010 6.43983 6.18270 5.90243 6.30905 6.56038 7.15184 7.64632 8.44627 9.05757
10.00204 11.38725 12.08021 10.89033 11.49399 12.05921 13.75898 14.44826 18.14527 18.97112 17.35626
16.36053 13.00529 11.36695 8.64293 7.55572 7.89678 7.26036 6.87007 6.33354 5.99295 5.58652
5.44411 5.19357 4.99763 4.92779 5.30006 5.34890 5.11516 6.00849 6.11178 5.89585 6.19324 6.21058
6.38323 7.15671 7.28941 7.66694 8.21989 8.99567 8.09664 7.86427 7.24385 8.01900 7.68210 8.68741
8.47468 8.59334 8.11456 7.67074 6.75474 5.74392 5.28765 5.41828 5.73686 5.55000 5.66419 5.67086
5.48082 5.39366 5.01370 4.44240 4.28890 4.07402 4.33562 5.03669 6.23199 7.89378 9.01831 9.49011
9.07011 7.65378 6.26812 5.62741 5.62444 6.22257 6.44410 7.02726 7.82869 7.25195 6.47504 5.59432
5.00451 5.56354 6.39865 7.26444 7.61196 8.76735 8.76166 8.29911 8.63270 8.16043 8.54666 8.31878
8.34594 7.18510 5.91486 5.12969 4.55058 4.25583 3.94403 4.08522 4.23807 4.54861 5.29107 5.55156
5.97942 5.64012 5.48050 4.85576 4.93850 4.66003 5.00826 5.02831 5.82481 6.11711 7.46006 8.10864
8.81424 9.50695 9.72521 9.87831 10.31236 9.56000 8.23034 7.67174 7.33202 7.48212 7.39966 7.82292
8.05662 8.69179 9.14513 9.86773 9.80737 12.01967 13.71622 14.51329 16.36265 17.71663 18.09180
18.29189 19.94089 17.25549 18.23485 16.61732 16.25644 17.71467 15.63905 13.89692 13.85820 13.56686
13.12306 16.89305 18.35012
C1906x2TS389_1 0.46978343 23.34070 23.88410 21.80596 20.26620 18.46266 12.00151 11.66414 8.91898
7.36983 6.48573 5.52717 5.33122 4.79742 4.76319 4.17016 5.23354 4.92255 4.47340 4.26834 4.46441
4.41915 4.15786 4.27762 4.28407 4.32198 4.28233 4.63834 4.58757 4.48146 4.51513 4.63880 4.71461
4.50173 4.79313 4.85047 4.87264 5.30502 5.76588 6.83007 7.74711 8.19400 8.02217 7.55839 7.28636
7.21976 7.05340 7.31630 7.29111 7.38887 7.92822 7.53790 7.37081 7.19651 7.48751 6.79123 6.67301
6.70723 6.70852 6.51198 6.84140 7.74393 7.74100 8.13686 9.52398 11.03835 12.06856 11.89723
12.96049 13.42584 12.02125 11.29832 10.81028 10.62739 11.49784 11.67172 10.88737 10.21642 9.77186
8.74374 8.60723 8.66522 8.48131 7.65096 7.19545 7.11383 6.53699 6.06697 6.13328 6.29546 6.10690
6.07135 6.12018 5.96362 6.35775 6.64142 6.83087 7.02464 6.93449 6.85808 6.92826 6.58608 7.19052
7.50808 8.34434 9.07629 9.42300 9.33160 8.87893 9.06529 8.42978 8.66084 9.64289 10.33308 10.21169
9.98901 9.42211 8.26116 7.46874 6.81894 6.22238 6.46525 6.68097 6.67915 8.17388 9.08609 7.91611
6.99193 5.65080 5.06917 5.07056 4.75109 4.94189 5.91898 6.88505 8.62159 10.80765 12.16012 10.57201
8.95152 7.09920 6.20863 5.54524 5.83032 6.22406 7.25553 8.30131 7.76005 7.22245 6.76641 6.20691
7.15578 8.12623 8.42764 7.85046 7.94800 8.00019 7.84584 7.87642 6.72076 7.10225 8.37034 7.63795
6.76716 5.98369 5.25031 5.01627 4.92840 5.00124 5.22347 5.68013 6.53467 7.92590 9.19102 9.77149
9.32044 9.97907 9.22906 8.87058 7.97818 8.16743 9.54646 9.92427 11.45371 12.37199 11.82164
11.66776 11.47718 12.98810 12.02003 11.61090 10.69763 10.20424 10.51783 10.60938 12.31077 12.93767
14.22481 15.27995 15.15899 14.89477 14.73068 14.71151 16.36647 15.21712 16.20358 14.70728 16.79371
17.76770 18.00721 19.52340 20.68230 20.02140 19.54673 20.57996 19.83863 17.17761 20.50699 19.00229
18.54049 19.68156 21.25546 18.83722
C1906x2TS389_3 0.4590377 22.49319 23.84172 21.49346 20.13601 16.87628 11.74553 10.90010 8.09049
6.76393 6.21579 5.16016 4.89823 4.41705 4.48213 3.91817 4.82745 4.62544 4.29252 3.96644 4.07220
4.05159 3.86055 3.97777 4.27633 4.45171 4.48262 4.84475 4.85513 4.73337 4.73020 4.94611 5.03690
4.86277 5.07089 5.19929 5.45931 5.79024 6.68829 7.76906 8.69435 8.94988 9.06991 8.78998 8.41732
8.19368 7.92240 8.24251 8.12489 7.87760 8.55217 7.81195 7.63462 7.37955 7.34550 6.31741 6.15688
6.30009 6.56994 6.25489 6.49814 7.18253 7.02590 7.50318 8.74625 10.21230 10.25346 10.39375
11.09165 11.21786 10.61912 10.01272 10.24707 10.23684 11.05720 11.36293 10.36390 9.73295 9.70384
8.92761 8.36637 8.45426 8.14579 7.36577 7.25908 6.94371 6.57756 6.22521 6.28208 6.02592 5.68256
5.74404 5.90649 5.74371 6.06979 6.21015 6.35559 6.53389 6.42070 6.62219 6.81797 6.91456 7.28465
7.90574 7.93915 8.79625 9.28353 10.50718 11.54325 12.34814 11.67395 13.13484 13.51899 14.35183
14.84604 13.75109 11.14534 8.47755 6.36051 5.50545 4.84205 4.67071 4.74453 5.27528 7.53788
8.42767 8.94412 7.79729 6.49179 5.54155 5.43870 5.69052 6.04302 6.85882 7.27950 8.75724 9.73949
10.43976 10.71399 10.36454 8.98471 7.80748 6.83483 7.44539 6.93416 8.00541 8.97896 8.63753
8.52925 7.77821 7.28945 8.50526 9.60262 9.21330 8.03860 7.78648 7.87225 7.50824 7.68332 6.81767
7.00335 7.83432 7.84975 7.26434 6.46313 5.82839 5.43177 5.38657 5.85359 6.80736 7.97525 9.03971
10.47931 11.65726 12.08942 11.91500 12.89314 11.95827 11.76919 10.74391 10.09758 10.14240 11.04791
11.68943 11.89679 11.10613 10.40528 9.72057 10.11202 11.14187 12.11525 10.43031 9.76167 10.04522
9.48217 10.45747 12.80255 13.74548 13.99739 12.86255 13.37011 14.12217 13.57705 13.69950 14.17590
13.53560 14.07506 14.48475 14.23332 13.46702 15.43033 15.93212 15.41880 16.41569 16.45469 17.42347
17.39535 17.89766 18.38211 20.14794 18.40156 18.14562 18.55560
C1906x2TS389_4 0.45650104 22.22635 23.14535 20.97967 20.45048 17.90537 12.02419 11.30334 8.48428
7.12517 6.49863 5.56390 5.37079 4.82164 4.84154 4.21206 5.25584 4.99612 4.52325 4.22426 4.33366
4.31833 4.15200 4.35311 4.60477 4.74675 4.69695 4.95092 4.91957 4.80165 4.73670 4.91529 4.95397
4.73281 4.98361 5.01758 5.44841 5.61412 6.16350 7.01485 6.83559 7.45985 7.24302 7.44538 7.00405
7.21887 6.94430 7.16622 7.08158 7.09505 7.61553 6.97139 6.89663 6.90388 7.17358 6.48420 6.66145
6.87343 6.79226 6.63613 6.84760 7.60295 7.35765 7.93298 8.92573 10.58264 10.79325 11.00568
12.61224 13.06114 12.08144 11.60961 11.82434 11.47326 11.86425 12.01404 10.98227 10.54370 10.35208
9.38420 8.75278 8.80502 8.29287 7.34080 7.30289 6.95282 6.57975 6.26635 6.25569 6.07792 5.77501
5.83145 5.87399 5.77476 5.99138 6.12868 6.21961 6.22073 6.25590 6.31294 6.52509 6.59702 6.74999
7.51166 7.59510 8.24914 8.42432 8.60028 9.35062 9.96529 9.63756 11.17328 12.28235 12.84924
13.01373 12.85976 10.82075 9.82154 6.92865 5.90883 5.32587 5.03343 5.35206 5.88421 8.22037
9.51390 9.27929 8.73149 7.09714 6.30683 6.00909 5.88264 5.80072 6.43740 6.82559 8.62057 9.19901
9.65043 9.70739 10.03586 8.74940 8.91698 8.17763 8.26491 7.79893 8.63631 9.45361 8.82332 8.57055
7.82739 7.53764 8.11434 9.60221 9.15704 7.89283 7.67513 7.51271 6.77997 6.94674 6.01777 6.80535
8.83312 8.63296 8.13690 7.48199 6.91400 6.49290 6.30839 6.31263 6.73514 7.65907 8.54794 10.39142
11.47727 11.48744 10.40233 10.85883 10.26217 10.35087 10.12274 9.56164 9.36994 10.47320 10.92281
10.70303 9.89101 9.11796 9.15336 10.59295 11.11162 11.96502 11.08291 10.19867 9.94895 10.11435
11.47131 11.45948 13.05616 12.91471 12.03309 12.06181 12.70173 12.46324 12.71880 12.53250 12.30132
12.66398 13.60307 15.12897 13.74226 16.27459 16.60015 18.25500 17.82207 18.43121 20.74887 19.65170
18.42617 19.10307 21.00426 18.78512 18.55409 19.47160
C1906x2TS389_5 0.45129976 23.54781 26.40510 25.85865 24.75851 20.42067 12.73467 11.31998 8.37843
7.83283 7.32072 6.22766 6.06295 5.69234 5.89014 5.07024 6.49684 5.97685 5.28845 4.71052 4.54305
4.41306 4.26124 4.41948 4.67885 4.88818 4.80914 5.16706 5.26766 5.14874 5.14058 5.30991 5.41017
5.08073 5.29093 5.31022 5.66248 5.85036 6.53285 7.34314 7.19719 7.61485 7.65703 7.22899 6.73032
6.75444 6.69308 6.80975 6.65504 6.69238 7.45304 6.89663 6.94562 6.96552 7.57737 7.02195 7.39550
7.53352 7.45545 7.36162 7.37874 7.93558 7.65088 8.09301 9.11807 10.66248 11.04148 11.32202
12.97625 13.03119 12.73785 11.82555 12.07396 11.67330 12.55397 12.44400 11.44280 10.97024 10.71605
9.76048 9.09956 9.15022 8.61964 7.62157 7.53317 7.13525 6.73263 6.44871 6.48297 6.33738 6.12181
6.35952 6.37684 6.16036 6.33715 6.31061 6.25035 6.06173 5.89101 5.86366 6.09897 6.25951 6.59317
7.56104 7.77264 8.56644 8.82897 8.62896 9.40776 10.46897 9.99366 12.28372 13.31559 13.42315
13.22478 13.16331 11.03352 10.16932 7.03818 5.94324 5.20991 5.01470 5.32643 5.56938 8.05490
9.40815 9.73985 8.97189 7.05169 6.00258 5.87838 5.68329 5.72838 6.23324 6.87978 8.54726 9.25284
9.84154 9.72289 9.89839 7.77771 7.36316 7.07535 7.10625 6.41357 8.10660 8.72161 7.70975 7.15055
6.37148 5.92389 6.53362 7.76315 7.57599 6.61551 6.41448 6.30235 5.91217 6.29948 5.81053 6.44499
8.54046 8.77879 8.43501 7.83057 7.58038 6.94257 6.76883 7.06755 7.94212 8.99814 9.81284 12.16350
13.82139 13.94847 12.60418 13.53330 12.65064 12.56405 11.65084 10.97596 11.15219 10.99242 10.91700
10.63819 9.56623 9.26579 8.92032 10.37528 11.64090 13.25581 11.32159 10.18635 10.23655 11.02205
11.75946 12.48184 14.97881 15.16767 14.16660 14.13942 14.45626 14.16294 13.71539 13.19445 12.78787
12.85554 13.85392 15.52248 14.17227 16.81235 17.07572 18.82091 18.09009 18.70897 21.15479 20.08729
18.57462 19.36063 20.54005 18.56705 17.65831 19.26933
C1906x2TS389_2 0.43964943 24.56211 25.95216 22.82918 21.82042 20.13898 13.39067 12.23744 9.03003
7.58060 6.65740 5.64497 5.38922 4.87411 4.80528 4.13332 5.26799 5.06635 4.66281 4.48317 4.68357
4.75570 4.44477 4.57455 4.49804 4.55223 4.51676 4.84145 4.84492 4.76330 4.76376 4.93245 5.00646
4.63468 4.87881 5.02032 5.02375 5.70759 6.22021 7.47433 8.15581 8.48507 8.20168 7.81956 7.78563
7.38895 7.58638 7.87058 7.80202 7.68225 7.89495 7.36265 7.19484 6.95147 7.24590 6.69878 6.84740
7.01847 7.02620 6.93307 7.15298 7.70603 7.92408 8.20221 9.33374 10.78991 11.44452 11.44802
12.86928 13.10013 11.79345 11.17604 11.27016 11.16334 12.53995 12.53481 11.79637 11.37280 10.60254
9.45141 9.12380 8.96250 8.56114 7.58473 7.18256 6.97272 6.41071 5.93979 6.04808 6.30954 6.19576
6.04053 6.36883 6.27316 6.37806 6.79415 7.17856 7.15437 6.77876 7.04079 7.08086 6.77265 7.14220
7.55959 8.38605 9.36705 9.50676 9.43325 9.69662 10.24835 9.90796 11.07596 11.75409 11.85410
12.18324 11.53041 9.54808 7.82502 6.73606 6.10674 5.86358 6.23658 6.33574 6.45060 8.26784 9.74958
9.06293 8.25461 6.78673 5.99514 5.78612 5.60449 5.90463 7.05005 8.49048 9.95020 11.80965 13.42376
12.91632 11.37695 9.13461 8.45148 7.07956 7.57221 8.51833 9.24626 9.53034 8.73437 8.61853 7.37904
6.32440 6.86780 8.17904 8.20000 7.97392 8.00060 8.09172 7.80691 8.20695 7.57323 8.53994 10.34244
10.41862 9.65761 8.89013 8.09015 7.49158 6.83273 6.79531 7.26289 8.06761 8.63562 10.29383 11.44031
11.01762 9.77785 9.36061 9.10936 8.87255 9.35392 9.26501 9.59065 10.75453 13.68882 13.28071
12.16747 11.67994 11.81383 11.67753 13.14248 12.40702 11.29888 10.51834 10.86723 11.04054 13.02931
13.78832 15.88875 15.91660 15.47393 14.63559 15.56121 14.85785 15.90267 15.16512 16.56138 15.87447
15.96160 15.49247 16.61231 18.68526 21.16043 20.65487 20.27094 23.95796 20.56877 17.84954 20.84166
20.63320 18.60151 19.33618 21.44720 19.50924
C1906x2TS123_1 0.40880653 25.22598 31.05263 23.13417 21.70397 19.92761 16.45427 15.94788 13.18813
11.12529 9.55421 9.30547 9.14654 8.66546 8.24297 7.58307 7.91845 7.28691 6.35589 6.17681 6.22578
5.90408 5.75146 6.02317 6.16220 6.11035 6.35596 6.48814 6.53490 6.33092 6.36016 5.58483 5.74376
6.50203 6.67032 7.26988 8.18178 8.83800 9.41404 10.20082 10.39920 10.29691 9.98427 9.14351
8.82641 9.14478 7.60922 7.07613 6.85833 6.24651 5.91264 5.75496 5.61394 6.18590 6.49230 6.54550
7.05170 7.20328 7.05419 7.61379 8.13144 8.37055 8.28217 9.10094 9.40661 10.32528 11.06737 14.23094
15.51657 19.93213 18.84139 18.15950 15.74100 14.55656 11.69939 11.22456 9.69639 9.06418 8.65283
8.37926 8.01073 7.84602 7.64997 8.09899 7.87063 7.92198 8.54652 8.61557 8.22534 8.34267 8.95760
8.31781 8.09398 8.65308 9.13205 9.76510 8.94379 8.93815 8.28919 7.55452 7.16619 6.93573 7.10801
7.50797 8.15525 8.80776 8.97383 10.12945 9.88391 11.26540 11.55825 12.80193 13.39638 14.85208
13.99916 13.77090 12.81239 10.16519 7.94293 5.46392 4.26536 3.63897 3.83063 4.47948 5.46547
7.14482 6.67015 5.80019 4.75265 3.97363 3.84822 3.76187 4.38816 5.25311 6.64951 8.05183 8.80840
8.53261 8.20307 7.75494 6.79410 6.64856 6.59686 7.46468 8.80339 9.60338 9.92184 8.59928 7.09342
5.91063 5.00119 4.61581 5.15722 4.89283 4.55429 4.88947 5.82120 6.12703 6.67227 6.98164 8.02830
8.48566 9.10369 9.14004 9.35264 9.43058 9.70420 11.58686 13.42594 14.32145 14.39583 13.88410
14.18475 15.91489 17.65092 18.45411 18.40067 19.34132 18.41172 15.11350 13.95260 12.81631 12.44534
13.63439 13.46618 10.60258 9.73359 8.52803 9.09141 9.69648 11.12025 10.57079 9.46974 9.03671
8.78405 9.48122 10.04151 10.67693 12.59126 13.51400 13.50036 12.40283 11.53345 11.47087 11.17217
9.61079 10.63079 10.83297 12.13295 12.00590 13.84778 14.76328 15.26896 13.83011 13.81719 12.56790
10.36360 10.40495 11.15888 12.20198 13.57203 17.25560 18.48878
C1906x2TS073_2 0.40091452 20.72609 23.89814 18.27834 15.85686 15.13407 13.28885 13.70481 10.96763
10.31760 8.97021 8.15509 7.61174 7.38804 6.57757 6.05106 5.53399 5.54502 5.34893 4.75287 4.48311
4.70139 4.55389 4.68526 4.99975 5.36412 5.25687 5.56293 5.67721 5.41047 5.41312 5.76317 5.92969
5.54939 5.67850 6.09004 6.30968 6.54415 7.23308 7.00832 7.20816 6.73514 7.19716 7.65002 8.25265
7.53621 7.68854 8.39616 8.12481 7.88059 8.32378 7.87451 7.89543 7.26817 7.47330 7.20858 7.47615
6.87382 6.91462 7.94186 8.01106 8.04704 8.00634 7.97174 8.76584 9.55483 10.80760 12.53729 13.01622
14.41060 13.52594 13.47775 13.50410 13.84794 14.29848 13.70956 13.03757 13.29122 12.28327 11.39892
10.84807 10.40037 9.57041 8.56115 8.57850 7.90033 7.47772 7.15267 7.06023 6.72345 6.48746 6.65155
6.49781 6.42016 6.07917 5.62850 5.56960 5.52514 4.76339 4.74352 4.92955 4.68757 4.54385 5.54216
6.27349 6.64472 7.33152 8.37940 8.66716 9.93192 9.31816 10.25747 9.23127 10.06094 11.58611
10.20091 8.83812 7.50179 6.45523 5.89022 5.74707 6.18749 7.14011 8.32594 9.74059 12.51960 11.53097
10.41252 8.58817 7.61974 6.55645 6.45225 6.70149 6.85377 8.02365 9.70537 10.51552 11.01586
10.42245 9.64431 8.68194 7.89387 7.64559 7.86221 7.71546 9.70624 10.10705 11.77303 11.31352
11.05573 9.99171 9.84634 10.24221 12.52583 14.40268 14.86467 15.46079 16.51101 17.30910 17.69055
17.75717 17.27883 17.99010 16.79693 15.32861 14.03164 12.89236 13.38906 12.58873 13.84882 14.20454
16.46089 15.50284 16.66866 15.25233 14.68882 14.53720 14.12908 14.36615 13.73404 13.09737 12.49300
11.90617 12.35895 13.37365 14.87581 16.62048 14.44703 14.22554 15.38324 16.83125 15.40244 15.19634
14.84268 14.94585 15.30859 14.91710 14.22064 14.74937 13.62075 13.54650 14.07911 15.97539 18.51834
20.41374 21.01172 21.07881 22.00501 20.33632 20.43838 20.85358 20.29357 20.02587 19.14468 21.56455
22.99349 19.24643 21.75166 23.53085 20.00619 18.64846 21.74486 22.27789
C1906x2TS073_3 0.3985482 22.10312 26.04689 21.12086 18.98174 19.20020 12.79717 13.69320 10.93833
10.40719 9.30169 9.02935 8.62165 8.70199 8.84016 8.22140 8.75147 8.69524 8.08173 7.13645 6.68192
6.88214 6.19556 6.56203 6.31122 6.25060 6.20018 6.77414 6.86537 6.69201 6.57577 6.88778 6.80965
6.22136 5.95690 6.84998 7.31741 7.85941 8.21603 8.57517 8.93057 8.80935 8.68006 8.77282 8.04735
7.30573 8.20558 7.80238 7.92249 7.46364 7.89955 7.42864 7.62242 7.37933 7.07011 6.47311 8.28577
7.76969 7.14162 8.20173 8.40315 8.46624 8.33127 7.46187 8.95083 9.50006 11.24023 12.36726 13.15103
14.30268 14.55266 13.88734 14.35646 14.48087 14.76220 13.56331 13.21443 12.38287 11.21077 9.95847
9.67262 9.60353 8.84668 8.33176 8.17034 7.75504 7.33599 7.13638 7.27234 7.07084 6.79658 6.70738
6.85524 6.40560 6.27346 6.33802 6.62318 6.48551 6.88161 6.51625 7.02716 7.55416 8.20472 8.76106
10.30208 11.12125 12.07553 12.20323 11.62850 13.23522 12.65414 12.41440 12.16109 12.10390 13.67083
11.09377 10.48752 8.17656 6.89574 6.62069 7.12182 8.41815 9.33503 9.85398 9.68903 10.83524
10.21594 10.40984 10.69576 9.86384 9.42498 7.95501 6.66749 6.52500 7.85759 9.82070 11.76809
11.75142 11.26311 10.38391 9.76632 10.09268 10.36455 11.55616 12.27936 12.38559 12.69397 12.04600
12.32350 11.55253 10.90780 10.95221 11.02490 11.11551 10.92358 11.29829 12.63045 14.31469 15.27429
15.88328 16.98747 16.71483 15.19844 13.36192 12.20317 10.04589 8.63248 8.23976 7.37689 8.21990
8.50439 10.00087 10.55737 12.04879 11.53580 11.14193 10.26549 10.05569 9.63287 8.44811 7.95474
7.13576 6.84869 6.97345 7.27980 8.10182 9.04163 9.44079 12.51900 14.23367 13.15876 11.95219
12.03142 11.59417 11.22180 11.61063 11.69838 13.11528 13.43620 14.66967 13.85166 13.13040 13.30909
14.64470 16.79322 18.51711 18.51142 17.55267 17.88442 16.79169 16.57339 17.56638 19.17356 20.10902
20.72345 20.19293 17.27053 19.99887 23.34217 21.95779 20.45025 20.74301 20.26916
C1906x2TS073_4 0.3923859 19.76063 22.29819 16.89258 14.84681 15.55649 11.38959 10.96531 7.90841
8.54346 8.79843 8.28598 7.43724 7.39827 7.10331 6.01520 6.29541 6.12172 5.68188 4.84189 4.51879
4.93858 4.70253 4.89273 4.92131 5.18787 5.15870 5.35959 5.45730 5.03505 5.08217 5.32283 5.57910
5.15819 5.37815 5.68274 6.12839 6.58752 7.05318 8.34062 9.33355 9.48953 9.56324 9.92353 9.26577
8.55503 8.28509 9.05446 8.75225 8.09688 8.36231 7.80509 7.20452 6.36488 6.19990 6.10069 6.52170
6.57835 5.95707 6.73236 6.62766 7.37656 7.27507 7.90243 9.48939 10.16065 11.11241 12.49261
13.58173 14.51160 13.67664 13.63911 12.87571 12.40192 12.75127 11.94876 11.47645 11.49515 10.13947
9.09950 8.82360 8.75596 7.64860 7.49531 7.76483 7.13456 6.87901 7.37467 7.40023 7.20123 7.61051
7.93997 7.49613 7.35019 7.26784 7.49654 7.22026 7.23114 6.50279 6.93888 6.46816 6.40705 6.33199
7.75000 8.73695 9.46716 9.67250 10.51640 11.39547 13.60923 11.33119 10.02396 9.32369 9.51558
10.23257 11.52351 12.07031 11.38796 10.27329 9.53668 9.93881 11.14765 13.10703 13.70207 14.55628
15.88011 16.52737 17.12482 16.47409 14.42922 12.52807 9.48069 7.60947 7.82113 9.38708 12.58569
14.07568 14.99342 14.08412 13.05573 12.18459 12.65038 13.50490 15.77600 16.94600 18.67675 19.79596
18.23290 19.14422 18.02355 18.35146 17.41874 20.24768 16.56393 16.88568 16.57267 16.97644 16.18523
16.05452 15.71778 16.11751 14.99918 13.78382 12.48694 11.35710 10.17362 8.77938 8.19133 6.82684
6.59848 6.97373 7.53829 8.07728 9.84882 10.59424 10.65284 9.73328 8.79001 8.66724 9.02730 9.80919
10.90801 12.05161 13.58820 14.81673 16.29646 15.74247 16.95714 20.06673 18.72242 19.01334 18.99745
17.54354 16.00183 14.86719 14.29238 14.01367 14.77845 15.34173 15.27292 15.18041 15.01592 15.58078
15.93089 15.44501 15.53241 15.44455 17.15343 16.66591 17.82547 20.29334 21.55863 20.06118 19.36837
20.17552 21.00382 19.45456 19.30074 19.56326 22.10924 20.80740 19.34273 20.01884
C1906x2TS073_5 0.39107507 22.86811 24.14443 21.65145 18.17067 15.52672 14.49717 13.22674 9.25590
7.98044 7.82850 6.64283 6.24312 5.89837 5.78917 4.76658 5.29902 5.29549 4.76410 4.29527 4.33166
4.78531 4.63321 4.87697 4.93706 5.01286 5.25511 5.52476 5.67897 5.28447 5.12139 5.52712 5.72529
5.62849 5.71936 5.97130 6.05227 6.16780 6.86762 7.96589 9.26295 9.86953 9.63570 9.67978 9.43024
8.85419 7.67180 7.94736 8.49860 7.77271 8.14081 7.44022 7.19023 6.67802 6.57399 6.50507 7.01221
6.54902 6.71554 7.29150 7.44177 8.01104 7.64834 8.41851 9.40665 10.09432 10.38310 11.60844
11.86897 12.86542 12.45192 13.56911 12.21241 11.84001 12.06106 12.48722 13.02766 12.58170 10.92984
9.62983 10.11588 10.24887 9.62394 9.17573 9.29194 8.66210 8.14537 8.25659 8.27308 7.59523 7.64587
7.60096 7.39286 7.43843 7.22686 7.20613 7.05329 7.48271 6.60982 6.59949 7.21070 7.28130 6.98650
8.31933 10.10793 11.45337 11.03810 12.58429 11.21714 12.56295 11.08677 14.09773 13.64530 15.17229
14.95009 14.38116 13.20355 10.92724 9.03125 7.75382 7.53213 7.65498 8.33612 8.96202 11.06011
12.22088 11.04925 9.91093 8.81070 8.73956 9.52907 9.94262 9.22243 9.66899 10.75341 12.57260
13.31993 15.54174 15.99677 15.11768 15.63345 16.00673 16.42741 16.91007 18.27473 18.51329 18.27434
18.29314 19.89531 20.16837 18.74438 19.87254 16.50175 16.22143 15.37579 15.55490 14.98220 16.07740
16.43825 15.94701 15.89686 15.78062 14.39112 13.53549 13.04883 11.74273 10.88398 10.48198 9.45738
10.10466 11.85909 11.55244 11.77013 13.59219 14.86827 14.62363 13.77483 11.58418 10.57476 9.46261
9.69336 10.40073 10.24277 12.49300 13.26533 15.45384 15.76991 17.68138 17.02489 15.96589 15.48116
14.83394 13.79926 13.59794 12.13180 12.30076 12.55769 13.91355 14.93437 13.25144 12.20196 11.70535
12.93779 14.71867 16.28220 16.54128 18.04351 19.11094 19.33872 18.13136 18.80367 18.84552 16.89401
19.35206 21.04153 20.38113 18.85589 20.34899 21.11766 18.26503 19.02332 21.12769 20.22612
C1906x2TS073_1 0.3886959 22.44103 23.51228 20.03791 16.47883 15.10737 14.09003 13.89430 10.90923
9.57109 9.34463 8.13985 7.67596 7.73875 6.75740 6.11009 5.90062 5.85139 5.62680 4.81482 4.48793
4.92794 4.70756 4.84520 4.91316 5.00532 5.04767 5.02895 5.16341 5.04773 4.94176 5.01469 5.30247
4.98348 5.02429 5.42725 5.87026 6.15999 6.91816 8.31408 8.99986 9.45259 9.20013 8.74477 7.69294
7.38330 7.24159 7.70439 7.67499 7.09999 7.59154 7.13440 6.88612 6.65006 6.41916 5.98266 6.08589
5.86550 6.12651 6.50930 6.99811 7.61116 7.53458 7.75290 8.55784 9.24592 10.28788 12.20348 13.29049
12.83846 11.89429 11.49631 11.60198 11.61769 11.75794 11.84165 11.96139 11.89171 11.18706 11.01610
11.05060 10.78338 9.81304 9.59231 9.94518 8.95701 8.47336 8.56334 8.26373 7.83426 7.77425 7.79135
7.35207 7.31557 7.49613 7.30861 7.30720 7.66438 7.51027 7.68877 7.90382 7.30604 7.19326 8.11873
8.21278 8.68451 10.39050 12.71826 14.65702 14.55218 14.77940 15.25888 15.38531 13.88271 14.35015
12.91945 11.55110 9.28394 7.94416 6.69202 6.57643 6.67702 7.19116 7.67788 9.89946 12.72928
12.58470 12.54363 10.49861 10.02930 8.70876 8.34363 8.19224 8.46776 10.00989 11.99491 14.55440
15.96615 15.30360 14.34723 12.96323 13.06133 14.83036 15.73203 15.65281 17.42820 18.33681 18.63324
17.66119 16.51804 15.20047 12.87381 12.67467 11.88555 11.76897 12.02634 12.64406 13.75776 15.18970
15.17144 16.16926 16.92938 16.26928 15.20560 15.69212 13.69912 11.85277 10.87751 9.94297 9.96607
10.31903 11.12833 12.61663 15.16072 16.03813 16.03257 14.66590 12.71958 11.09853 9.63114 9.38527
8.59525 9.74450 10.84404 12.32312 13.59941 14.00745 14.26089 15.87117 16.73616 17.17018 16.14180
15.46970 15.50615 15.63332 15.37365 15.13009 14.57965 15.11071 14.72276 14.59078 14.05357 15.14831
17.23565 18.91211 19.48403 20.77264 21.25740 20.88416 20.91782 21.78210 19.91850 19.28161 21.01473
21.49264 23.91877 20.83180 21.32841 23.61890 21.76933 21.65639 20.46780 18.43127
C1906x2TS123_2 0.38811895 25.09464 27.10203 22.70776 22.01119 17.21517 13.26048 10.10472 7.57099
6.63418 6.20970 5.61087 5.34251 5.47759 5.10046 4.73010 4.68021 4.34569 3.95854 3.71635 3.80555
3.94649 4.14010 4.40900 4.54543 4.28012 4.43869 4.59358 4.46828 4.38331 4.46528 4.59016 4.79168
4.97706 4.98239 4.75972 5.12814 5.60886 5.05636 5.80554 6.11438 6.83247 6.51057 6.05469 6.16388
6.17775 6.04384 6.10320 6.51066 6.86305 6.96999 6.92606 7.35049 7.52831 8.29113 8.11130 8.28524
10.09025 10.57781 9.99317 11.75763 12.39283 12.76794 12.58636 12.24531 13.29849 13.63307 14.21716
15.62634 17.27378 18.95782 20.73423 19.15324 19.50252 22.02949 21.14371 18.33848 14.99092 12.62694
11.31357 10.29495 9.62779 9.31416 8.88807 8.96332 9.26241 8.83018 8.83508 8.51922 8.54436 7.88681
8.58283 8.26969 8.10138 7.49706 8.25162 8.27133 8.48304 8.21659 8.31350 8.01390 7.46793 7.76003
7.58262 7.76079 8.16547 7.97865 7.61419 7.77602 7.66983 6.75832 7.48413 8.12722 9.65625 11.24993
13.53704 14.64396 13.52736 12.05765 10.01036 7.99995 6.82986 5.76010 5.40258 6.17069 7.73516
8.38514 8.75364 7.08320 6.67872 6.67757 7.86705 9.35815 11.12902 12.54440 13.58356 14.50821
14.48725 14.20192 13.42117 11.72102 11.48552 10.90212 11.94722 10.27737 10.07794 10.77174 10.45139
9.46977 8.76865 9.98730 11.09260 14.50792 15.55786 15.88256 14.34266 12.73335 12.43735 13.04248
13.24737 12.59409 12.44122 11.87933 11.51196 10.25635 8.10036 7.06649 5.73037 4.97964 4.69296
4.56787 4.90162 5.36997 5.95950 6.55799 6.68814 5.84215 4.81677 4.71429 4.72215 5.77615 7.58741
10.31384 13.22775 15.97853 16.39652 15.10065 13.93087 14.83255 15.48495 16.80546 17.89290 19.12857
19.65629 18.94190 20.42484 19.20602 21.84180 20.14229 17.45235 16.31678 17.02185 15.01392 13.60944
13.13755 11.47405 11.30958 11.75827 11.98385 12.65184 14.56610 14.74916 14.73914 14.04808 14.09267
13.40266 11.17781 9.73827 9.05301 7.47756 7.49217 9.88276 11.28018
C1906x2TS123_3 0.3854346 23.37320 24.60415 22.16347 21.43021 20.46699 13.36122 13.21157 10.74440
10.90797 12.00923 12.86610 11.94301 12.25647 11.23356 9.70651 11.17801 9.86494 8.04582 8.49363
7.70386 8.95932 7.17290 7.45752 7.35129 6.99755 7.65790 6.66610 7.58304 6.78998 7.94194 6.88056
6.68818 6.94176 7.61860 6.77615 6.37670 6.76789 7.38860 8.57507 7.74241 7.20768 6.95391 6.25394
6.16497 6.54945 6.43952 5.75324 5.76236 6.00878 6.09705 5.98701 6.16271 6.48454 6.33618 5.98254
5.95929 5.84725 5.61718 6.49192 7.16356 6.66536 6.77880 7.37862 7.44266 8.35182 9.95691 10.45749
9.85220 10.41741 10.32184 10.19321 11.62505 11.51736 12.74156 12.23289 12.82482 12.85852 12.31479
11.51679 11.08299 10.86372 11.01797 9.92280 8.88528 8.37605 8.37780 8.01480 8.14800 7.10559
7.44902 7.27274 7.42688 7.37397 7.50306 8.06466 7.78391 8.17457 7.95465 8.31815 8.45885 7.96739
8.03564 8.46429 8.81615 8.25777 9.90539 10.37115 11.35060 12.61620 11.56212 10.70409 10.43869
10.82468 11.74252 13.19920 11.13514 9.40763 7.52404 7.20130 7.35217 7.87073 7.80866 7.11575
8.27866 8.88295 9.68824 8.82843 8.63176 8.27379 7.84638 7.22736 7.12967 7.89313 9.46142 10.47111
10.82396 11.23831 10.66353 9.88042 8.83708 7.92366 7.56399 7.71603 8.13152 9.75662 9.71249
8.53670 8.25975 7.50288 6.45927 7.21430 7.18258 7.43196 8.50002 8.91627 9.03878 9.37827 10.63822
11.08920 11.23790 11.93023 11.64733 10.85435 10.67902 9.63319 8.94047 8.19069 7.86628 8.08026
8.09033 8.22202 8.85369 9.54453 9.91414 9.62410 9.71206 9.03807 8.76550 7.80036 7.61487 7.49730
8.69227 9.88187 11.93913 12.39661 12.19891 11.23631 11.68080 12.48831 13.12236 12.40044 12.02566
12.65142 13.37237 13.04229 12.83260 12.96751 13.37614 13.36471 13.14620 12.41290 12.19342 12.84703
13.72574 13.46583 14.33191 16.40002 16.90022 15.88934 16.01130 15.83085 15.93590 16.26481 16.25062
17.03652 16.02425 16.40068 15.46819 14.32600 13.97140 17.22454 16.78101
C1906x2TS123_4 0.3849376 21.84068 26.17447 19.94267 18.48217 17.30878 13.45359 13.41514 11.29903
11.47180 11.64537 10.71033 10.70791 10.60624 10.32788 9.78492 10.11635 8.98581 7.61963 7.13723
6.47992 7.48993 6.77260 6.14417 6.22795 5.92292 5.87550 5.91570 5.95754 5.63663 5.46899 5.62604
5.44402 5.09701 5.09520 4.94729 5.02878 5.51241 6.92456 7.71399 9.16911 9.61639 10.00236 10.01134
9.71497 10.39897 10.38378 9.31288 9.75519 9.56039 9.61469 8.93869 9.52584 9.46226 9.89804 9.59174
10.82349 10.07393 9.37994 8.87380 9.63828 8.23868 8.72967 8.83587 9.48859 10.16212 12.78911
12.70308 13.37916 14.48851 16.81461 15.56326 16.13819 14.69091 14.72627 12.48115 11.41113 10.19957
9.93958 9.12569 8.64704 8.65986 8.41003 7.82134 6.93664 7.48663 6.80309 5.83684 5.72576 6.16381
5.76934 5.33814 5.64489 5.74473 5.52091 5.60036 6.04151 6.06511 5.72444 6.02186 6.58364 5.86410
6.28178 6.68802 7.46693 8.69732 10.70798 11.34903 12.01811 12.95222 11.22994 11.46212 11.31751
11.51479 13.05989 12.03746 9.52088 7.33153 5.73240 4.73024 3.91975 3.41154 3.21125 3.31732
3.85804 5.32598 6.14831 7.38136 5.96197 5.08332 4.47580 4.24728 4.36253 5.14999 5.99682 7.67818
8.53405 9.09463 9.46427 9.88365 8.94036 9.48253 8.70958 9.26643 8.86559 10.54471 10.55762 8.97691
8.07394 6.62371 5.73472 5.27197 5.83866 6.43792 6.84744 6.87734 7.46336 8.02725 9.41280 9.43827
9.96126 10.46893 10.65700 10.62295 11.89843 11.46337 10.92724 10.74851 10.44457 9.54499 9.36803
9.33742 9.59850 10.01190 10.19974 10.96583 11.55243 11.88542 11.81951 11.30223 10.77415 10.31154
11.17387 11.95596 14.13555 14.97080 14.10241 12.44595 12.70847 12.85471 13.24846 12.78230 13.28525
14.38402 15.40831 15.29540 15.15860 15.26933 15.79063 15.12784 14.33780 13.58216 14.12399 15.40580
16.41893 16.74095 17.93664 18.47927 18.57970 17.56087 18.00699 17.30113 16.90090 17.49021 17.64584
17.24046 13.79947 16.66629 16.23561 14.68854 14.41998 18.27787 18.12111
C1906x2TS123_5 0.36964056 20.95915 21.37353 17.52805 15.71651 13.57598 9.63199 9.22349 6.54204
5.70019 5.17374 5.59215 4.92526 4.52908 4.20341 4.08406 4.27562 3.97422 3.63574 3.70879 3.72295
3.65360 3.66733 3.55496 3.41477 3.27460 3.29754 3.37907 3.41117 3.57589 3.59645 3.64696 3.75543
3.81537 3.76820 3.88230 4.31562 4.49893 4.63081 5.53217 6.68384 8.09627 9.07624 8.42203 9.44259
7.94944 7.58969 7.30605 7.14437 7.00822 7.01388 6.83569 6.57241 7.14372 7.81093 7.99354 7.56495
7.62201 7.20133 6.80586 6.88891 6.80931 6.54752 7.58320 7.04870 7.82737 7.82994 8.15215 8.33365
8.58608 8.79301 9.58648 10.32491 11.02563 11.34727 12.13776 10.88803 10.15469 10.21459 11.32366
12.20394 13.18014 13.77331 13.87119 13.06036 12.81310 11.84901 11.35027 11.23134 13.12526 14.01878
15.77097 16.35797 14.81850 15.34197 13.77759 10.89979 10.47461 9.39722 8.88814 9.04877 8.67891
8.19140 8.67469 8.93710 8.67954 9.07100 9.44548 9.68547 9.93418 9.39081 9.05992 9.34651 9.65017
10.11045 11.51348 11.52634 10.75704 9.13853 7.91150 6.13761 4.96610 4.66174 4.42685 5.22756
6.66752 6.94125 7.71790 5.98983 5.18014 5.37089 5.67410 6.07445 7.07932 8.17014 9.55192 9.58944
9.72936 8.70579 8.00493 7.80493 8.64451 9.04086 11.04456 11.05308 11.23050 11.11053 10.45893
10.16420 9.57701 9.15628 8.54437 8.68699 8.89448 9.17803 10.31850 10.57444 11.48552 12.16556
13.66658 14.63698 14.94141 16.46164 15.34647 14.65332 14.76928 14.69540 12.43667 10.69849 8.52898
7.41326 6.62327 7.14768 8.40164 10.32814 10.31524 10.21095 9.21972 9.88034 11.35426 11.53354
12.36864 12.84525 13.63761 13.26096 11.99312 11.08226 10.87241 12.43418 15.23337 16.46428 19.28643
17.01056 18.07233 15.93116 20.68462 18.72095 20.25834 22.06318 20.95974 18.56420 15.84418 15.09781
14.57960 14.77349 14.43384 14.97624 16.73340 15.61927 15.40400 15.69258 16.99095 15.67192 15.18211
14.95557 13.81632 11.66731 12.77230 13.07148 11.80018 11.88630 14.06450 15.42391
C1906x2TS121_1 0.33357835 22.95876 24.06824 19.93475 17.48735 14.21744 13.03745 12.98036 9.28630
7.18925 6.82538 6.30534 5.38846 5.31278 5.21355 4.76576 4.82216 4.66998 4.34217 4.08598 4.16827
4.22883 4.26110 4.45198 4.53473 4.37580 4.55183 4.85896 4.90656 5.25014 5.86578 6.12645 6.44048
6.78685 7.23120 7.88131 8.73663 11.56510 11.52379 12.79297 12.89495 13.30960 12.23220 11.10304
10.21671 9.70983 9.10977 8.94444 8.76124 8.28181 8.12000 8.08256 8.22374 7.79045 6.99761 7.23185
7.70969 7.98490 8.68071 10.11239 10.88227 11.66384 12.31380 13.91666 15.73344 16.39198 15.86251
16.93625 19.39838 20.88091 20.92749 19.95027 18.44994 18.37078 19.36165 21.09885 20.50243 17.62372
14.93371 14.49227 14.66779 12.77194 10.61109 10.34806 9.92665 9.14484 8.35714 8.12342 7.71183
7.48871 7.34551 6.60680 6.10589 6.42369 6.62838 6.62194 6.99565 7.32400 7.10994 7.46906 7.10429
8.09404 8.05349 8.19442 8.99401 10.52258 11.74948 12.93569 13.12739 13.73554 13.69076 14.46362
15.89943 16.85046 17.68310 17.44104 15.56598 13.24700 12.12200 12.36831 13.91661 13.98354 13.25901
14.60796 16.14157 18.19935 15.53266 14.27443 13.02157 12.92513 12.60259 12.46082 12.85724 15.21547
16.95969 19.57918 21.94110 22.45911 24.54309 24.66501 23.22992 20.87815 20.88102 21.72280 21.81536
20.76763 20.59162 19.86176 20.38880 22.35982 22.26628 23.77947 23.63671 24.18291 25.33977 22.73314
20.03226 21.17967 19.02636 17.83708 18.26702 17.90605 16.98297 16.08438 17.57585 18.60491 20.86724
22.52116 25.03056 24.84659 24.19193 24.89204 25.47855 24.66930 22.18725 20.56340 20.62205 20.43566
20.89253 20.95998 20.98539 20.48101 19.05745 18.57454 18.28767 18.68055 19.12959 20.22146 20.58281
19.56997 21.19057 21.10137 19.40954 17.75674 17.22664 17.24199 16.48985 16.70492 17.08100 16.46305
15.84675 14.39129 15.28673 15.90712 18.23580 18.94984 20.49264 18.61338 16.83659 16.05236 16.47320
16.81429 16.04497 16.87841 17.92360 21.46321 19.03605 21.88205 23.41246 22.90175 20.58044 20.00469
23.35163
C1906x2TS067_4 0.3058858 19.67695 19.99436 18.69660 17.05708 15.11508 14.11109 15.83676 16.56707
18.56940 17.73159 15.76286 13.37092 9.73804 7.06677 6.76624 6.61707 6.01621 6.24735 6.18713
5.92116 5.76079 5.97876 6.11243 5.73844 5.59984 5.55114 5.30389 5.43721 5.68453 6.09737 6.25790
6.87711 7.55814 8.71544 9.80966 11.64329 12.20138 14.39423 15.18227 15.66600 15.27928 14.82636
13.71834 11.91967 11.47212 11.73031 10.77975 10.39004 11.08641 11.01087 10.63710 11.72228 11.93238
12.05942 12.50622 14.92253 15.28233 16.53451 17.01859 17.24248 16.74616 15.76412 15.52730 19.22014
20.17303 21.98941 22.97884 20.90004 18.63927 17.78993 15.52886 15.74594 14.54246 13.52461 12.22007
10.27883 9.07856 8.61418 7.76171 7.12572 6.92269 6.84429 5.91421 5.57807 5.91267 5.69737 5.28137
5.87777 6.38254 6.33881 6.40859 6.59404 6.87474 7.47408 8.04103 9.19234 10.67487 10.87143 11.71342
12.19361 15.12299 14.43543 18.22981 17.46769 18.12719 16.71440 17.01130 18.77973 17.81599 16.77198
17.59734 18.48275 17.98853 17.33272 18.62220 18.96519 21.23538 20.49008 23.15039 24.01013 21.90820
21.50907 22.22064 21.87079 21.16518 21.08036 23.11531 24.18714 23.71138 23.97435 23.26044 22.26371
20.54028 19.07475 17.79548 16.58573 18.42859 19.38723 18.67680 18.58474 22.48991 22.97535 21.05884
21.22528 18.27104 18.50117 18.27469 20.64077 21.49314 18.25432 18.32224 19.35030 24.16609 24.79379
25.36717 25.68007 26.80646 26.63650 24.26141 23.17568 22.49532 20.51022 19.33680 18.30457 18.95905
18.08813 19.24667 17.34267 18.74753 16.87850 17.01592 15.88169 17.16256 14.56198 12.80425 12.38966
12.49381 14.86685 16.06672 19.43217 19.57675 21.36370 21.02023 19.30357 19.98475 20.70142 19.77442
18.36020 19.99024 21.34077 21.40522 24.47689 23.51897 23.92501 25.94373 26.26086 24.33462 22.93598
22.98671 21.77738 20.43376 21.78567 22.82477 23.50160 23.53670 24.47288 25.62858 26.63285 23.62173
28.58222 27.42604 23.30864 22.46126 21.70701 22.15750 19.38990 20.25658 19.89388 19.59443 18.22933
19.47659 18.17778
C1906x2TS067_5 0.29225537 23.26223 24.74865 24.63125 27.44561 24.84184 21.87494 20.99033 18.36724
15.50573 18.88454 16.17896 13.88303 11.74179 10.26389 10.31861 10.49315 9.90192 8.48455 7.86380
8.02099 8.24059 7.47125 7.83959 7.79819 7.08630 8.63511 8.19697 7.18426 7.24050 7.38609 7.14281
7.25240 7.99125 9.02702 10.29155 9.81299 10.62741 12.48632 14.89330 17.01508 16.58193 16.25108
16.87012 15.71326 15.22531 14.99034 15.09464 15.14040 15.46828 16.15934 14.56245 16.12091 18.15169
16.30991 13.26274 13.25445 11.69803 11.32490 11.44834 11.55130 11.24197 11.30685 11.89074 12.39525
12.90783 13.33379 13.59832 14.46221 15.68018 15.98203 17.15239 17.21844 17.73174 16.50679 15.04126
14.45529 14.03519 14.61958 13.32066 12.46297 12.51708 12.60368 11.72540 10.55962 9.58022 9.14058
9.10183 9.61042 9.64391 9.82155 9.29956 9.14298 9.90089 10.51579 10.80708 11.15293 11.78975
12.01394 12.15551 14.19178 14.09864 15.53660 18.25754 17.80670 17.88443 17.12601 17.55039 19.25597
18.25252 17.04512 17.81870 18.67615 18.08709 16.84623 17.50011 16.56836 18.04195 17.49106 20.71056
23.06599 21.67797 21.63632 22.35804 21.90179 21.27871 21.01835 23.11143 23.27247 22.23757 20.64651
19.08284 17.95624 17.74895 16.97466 16.81835 15.38687 17.43491 18.14257 18.22368 18.26110 22.55455
23.01639 21.09546 21.27210 18.30794 18.53405 18.33711 20.72524 21.58639 18.32810 18.39823 19.44999
24.25697 24.86527 25.41073 25.67058 26.80941 26.51501 24.08968 23.00627 22.28558 20.41690 18.08516
17.23901 16.10553 15.74635 15.48968 14.42934 16.01383 15.19710 16.17050 15.12503 16.52094 14.05623
12.28720 11.72601 11.47240 13.88074 14.08468 17.87113 16.55832 19.75613 18.79629 18.67516 18.96112
20.43291 19.60625 18.37265 20.09106 21.43087 21.48945 24.56927 23.57789 23.95984 25.99864 26.31228
24.39028 23.00959 23.06901 21.86191 20.53244 21.89313 22.90334 23.57223 23.60948 24.54957 25.70212
26.73668 23.71657 28.70968 27.54323 23.42263 22.57630 21.81126 22.27176 19.49763 20.35803 20.00742
19.70784 18.33268 19.55725 18.25423
C1906x2TS067_2 0.2922413 23.26223 24.74865 24.63125 27.44561 24.84184 21.87494 20.99033 18.36724
15.50573 18.88454 16.17896 13.88303 11.74179 10.26389 10.31861 10.49315 9.90192 8.48455 7.86380
8.02099 8.24059 7.47125 7.83959 7.79819 7.08630 8.63511 8.19697 7.18426 7.24051 7.38609 7.14284
7.25243 7.99130 9.02703 10.29147 9.81282 10.62724 12.48607 14.89278 17.01419 16.58118 16.25068
16.87012 15.71326 15.22531 14.99034 15.09464 15.14040 15.46828 16.15934 14.56245 16.12091 18.15169
16.30991 13.26274 13.25445 11.69803 11.32490 11.44834 11.55130 11.24197 11.30685 11.89074 12.39525
12.90783 13.33379 13.59832 14.46221 15.68018 15.98203 17.15239 17.21844 17.73174 16.50679 15.04126
14.45529 14.03519 14.61958 13.32066 12.46297 12.51708 12.60368 11.72540 10.55962 9.58022 9.14058
9.10183 9.61042 9.64399 9.82165 9.29974 9.14311 9.90082 10.51502 10.80678 11.15316 11.79017
12.01825 12.16433 14.20917 14.13043 15.57956 18.32191 17.84636 17.90981 17.14150 17.56102 19.26767
18.26132 17.05239 17.82485 18.68069 18.08991 16.84727 17.50066 16.56855 18.04199 17.49108 20.71057
23.06599 21.67797 21.63632 22.35804 21.90179 21.27871 21.01835 23.11143 23.27247 22.23757 20.64651
19.08284 17.95624 17.74895 16.97466 16.81835 15.38687 17.43491 18.14257 18.22368 18.26110 22.55455
23.01639 21.09546 21.27210 18.30794 18.53405 18.33711 20.72524 21.58639 18.32810 18.39823 19.44999
24.25697 24.86527 25.41073 25.67058 26.80941 26.51501 24.08968 23.00627 22.28558 20.41690 18.08516
17.23901 16.10553 15.74635 15.48968 14.42934 16.01383 15.19710 16.17050 15.12503 16.52094 14.05623
12.28720 11.72601 11.47240 13.88074 14.08468 17.87113 16.55832 19.75613 18.79629 18.67516 18.96112
20.43291 19.60625 18.37265 20.09106 21.43087 21.48945 24.56927 23.57789 23.95984 25.99864 26.31228
24.39028 23.00959 23.06901 21.86191 20.53244 21.89313 22.90334 23.57223 23.60948 24.54957 25.70212
26.73668 23.71657 28.70968 27.54323 23.42263 22.57630 21.81126 22.27176 19.49763 20.35803 20.00742
19.70784 18.33268 19.55725 18.25423
C1906x2TS067_3 0.28981504 26.33873 27.39365 24.74612 24.29307 20.31845 18.75325 20.29811 16.90379
13.80839 12.89589 12.62290 11.55434 11.29466 11.54933 10.78335 11.32060 11.86197 11.47918 11.95886
14.22633 16.17789 16.64001 17.00244 18.98287 19.47498 21.11033 22.46751 22.35297 23.01706 21.44571
19.55841 16.99099 16.30903 15.46358 14.65962 14.62275 13.76019 13.40833 14.18047 12.73488 13.55624
13.47898 11.68006 11.59907 10.31815 7.90971 7.65047 7.99411 8.10570 7.76808 7.75641 7.95397
8.31528 8.90383 10.27917 11.15878 12.94899 15.83509 18.23494 19.05722 20.81297 21.03277 21.83403
21.78394 20.44575 18.19925 17.62679 20.01452 19.05700 20.91364 22.69489 24.18758 24.54615 25.15714
26.03872 26.12925 26.75665 25.48071 20.91795 17.57142 17.75089 20.39225 21.69180 24.85430 26.19195
26.56729 27.62877 27.78252 27.49927 27.76481 27.10018 24.71886 21.70097 23.03635 21.04119 20.97359
22.47532 23.52792 24.53994 23.25566 23.68505 25.48497 26.56836 22.05743 19.98410 19.23738 19.18582
19.42430 19.69753 17.93225 18.02081 17.77195 18.34144 16.44893 14.72878 12.13280 10.12907 9.07298
8.27321 8.88775 9.35169 11.96210 13.78095 13.32680 12.30698 11.26555 10.01322 8.47255 6.53936
5.76398 5.48371 5.59891 6.92727 8.38101 10.73598 13.40117 14.44430 16.21023 16.45892 15.06649
14.48502 14.90182 14.79458 14.43337 16.83205 17.25682 16.65688 16.95821 14.91291 12.72858 11.73155
12.51998 14.20565 15.85702 15.75999 13.41357 12.65145 13.38052 13.54003 12.89839 13.22889 12.08022
10.49648 9.92830 7.96430 6.66943 5.71549 5.23295 5.00321 5.74970 6.36055 7.62642 8.96426 8.88610
8.05711 7.08973 6.24242 5.95862 5.59292 5.83360 6.06190 6.41398 6.72087 7.10991 7.85534 9.16934
8.86948 10.46803 10.62536 10.29284 10.48726 11.83948 13.50331 15.88225 20.76922 21.67543 23.57622
22.92517 21.02142 19.69254 18.07720 17.60468 16.73360 15.85486 13.50165 13.42286 13.28649 13.40523
13.00931 14.17966 15.10987 15.93684 15.28129 14.28206 14.16674 12.18006 12.15708 11.75750 11.21158
10.32281 15.46774 15.69156
C1906x2TS067_1 0.28981504 26.33873 27.39365 24.74612 24.29307 20.31845 18.75325 20.29811 16.90379
13.80839 12.89589 12.62290 11.55434 11.29466 11.54933 10.78335 11.32060 11.86197 11.47918 11.95886
14.22633 16.17789 16.64001 17.00244 18.98287 19.47498 21.11033 22.46751 22.35297 23.01706 21.44571
19.55841 16.99099 16.30903 15.46358 14.65962 14.62275 13.76019 13.40833 14.18047 12.73488 13.55624
13.47898 11.68006 11.59907 10.31815 7.90971 7.65047 7.99411 8.10570 7.76808 7.75641 7.95397
8.31528 8.90383 10.27917 11.15878 12.94899 15.83509 18.23494 19.05722 20.81297 21.03277 21.83403
21.78394 20.44575 18.19925 17.62679 20.01452 19.05700 20.91364 22.69489 24.18758 24.54615 25.15714
26.03872 26.12925 26.75665 25.48071 20.91795 17.57142 17.75089 20.39225 21.69180 24.85430 26.19195
26.56729 27.62877 27.78252 27.49927 27.76481 27.10018 24.71886 21.70097 23.03635 21.04119 20.97359
22.47532 23.52792 24.53994 23.25566 23.68505 25.48497 26.56836 22.05743 19.98410 19.23738 19.18582
19.42430 19.69753 17.93225 18.02081 17.77195 18.34144 16.44893 14.72878 12.13280 10.12907 9.07298
8.27321 8.88775 9.35169 11.96210 13.78095 13.32680 12.30698 11.26555 10.01322 8.47255 6.53936
5.76398 5.48371 5.59891 6.92727 8.38101 10.73598 13.40117 14.44430 16.21023 16.45892 15.06649
14.48502 14.90182 14.79458 14.43337 16.83205 17.25682 16.65688 16.95821 14.91291 12.72858 11.73155
12.51998 14.20565 15.85702 15.75999 13.41357 12.65145 13.38052 13.54003 12.89839 13.22889 12.08022
10.49648 9.92830 7.96430 6.66943 5.71549 5.23295 5.00321 5.74970 6.36055 7.62642 8.96426 8.88610
8.05711 7.08973 6.24242 5.95862 5.59292 5.83360 6.06190 6.41398 6.72087 7.10991 7.85534 9.16934
8.86948 10.46803 10.62536 10.29284 10.48726 11.83948 13.50331 15.88225 20.76922 21.67543 23.57622
22.92517 21.02142 19.69254 18.07720 17.60468 16.73360 15.85486 13.50165 13.42286 13.28649 13.40523
13.00931 14.17966 15.10987 15.93684 15.28129 14.28206 14.16674 12.18006 12.15708 11.75750 11.21158
10.32281 15.46774 15.69156
C1906x2TS121_2 0.28952286 17.38561 16.88496 16.62392 15.72628 13.94847 12.88834 12.34631 8.60680
7.48543 7.22309 6.23815 5.47525 5.63291 5.60223 5.17664 4.92534 5.08109 4.86540 4.60643 4.76266
5.24363 5.29429 5.37726 5.62518 5.48937 5.74326 6.49137 6.84194 7.13198 7.75157 7.85436 7.95764
7.91212 8.63869 9.23710 10.31109 11.40255 12.14489 14.10371 15.24981 13.52018 12.47523 11.82280
10.85753 10.15712 9.16805 7.87982 7.90047 7.53237 7.72493 7.57153 8.53231 8.38146 8.23557 8.38632
8.68570 8.58707 8.98230 9.47605 9.75933 10.79589 11.11512 11.81937 12.82798 14.19466 15.10977
16.65148 17.90511 18.56617 17.84542 17.26488 16.48199 16.80950 18.53957 19.40991 18.94742 17.19049
14.09536 13.71636 12.90153 11.76854 11.31825 11.23955 10.39994 9.03212 9.65615 9.71533 8.77967
8.81785 9.34886 7.95494 7.00896 7.02235 7.08292 6.64534 6.96200 7.08551 7.14931 7.33019 6.96082
6.79004 7.68934 8.32901 9.50383 10.44971 12.43250 12.75929 14.21747 14.01391 12.75161 13.09899
14.11201 16.10549 16.76184 17.45189 18.37750 18.48776 19.28437 20.34639 18.26427 17.24469 16.48169
14.38153 13.94770 15.28419 16.73767 19.09771 20.09671 19.09281 19.18723 18.49271 18.28615 18.41985
19.80127 19.17872 20.67950 20.27882 20.81838 22.66005 19.97806 18.01324 17.06533 17.70572 17.62358
18.66758 18.63506 19.30220 20.42778 22.68137 22.21044 22.77430 23.26113 22.16676 23.49858 22.71177
23.03520 24.38630 22.80781 20.74926 19.68092 17.68229 16.67443 16.12889 17.67925 18.06940 20.66643
21.47364 23.26469 24.23512 23.23387 23.79766 22.19725 20.42650 18.53641 19.94309 22.58253 23.65298
23.92230 22.20275 20.27395 18.53347 18.02085 17.15692 17.52104 17.87414 18.63445 19.39082 20.20876
18.91133 20.83938 21.45320 18.84645 17.51884 17.38981 18.06843 16.95624 17.37894 17.43543 16.97318
17.06011 18.51827 17.84294 18.44871 21.05018 19.38825 21.80248 25.32734 26.18633 25.07771 30.10463
29.01187 24.17960 23.94136 25.81472 25.08011 21.18916 20.81178 23.25214 21.33980 19.81927 19.25309
20.37821
C1906x2TS003_1 0.28262234 20.63655 23.79259 22.95150 20.87207 20.80022 20.32381 18.68263 17.90538
18.54836 16.77103 16.07328 15.68190 15.25296 15.37753 15.93544 13.76871 14.16961 12.35577 10.74595
9.27599 11.09105 12.00375 13.32523 15.50379 14.92651 12.56939 13.00818 12.99134 11.81328 10.93262
10.69836 10.65887 9.80861 12.01069 10.88403 11.90684 12.79808 14.95854 15.59769 15.05252 16.96053
16.92299 16.66056 14.93050 16.37649 15.14086 17.65108 15.64892 12.70151 13.68867 11.34221 10.73990
8.92977 9.75266 9.62968 10.25194 9.91161 9.92152 10.46482 11.48802 11.03783 12.78020 14.62173
15.02049 16.77632 16.36763 14.46014 14.02828 13.68423 13.43687 12.56121 11.60435 11.89317 12.04667
12.63379 11.39738 11.26644 11.16090 12.25212 12.14109 12.29233 13.07481 14.39211 14.37634 13.47264
13.29522 12.01543 11.87667 11.77673 12.89862 13.71339 14.32705 15.18361 14.19325 17.87183 17.07162
17.74424 17.99752 16.11919 15.71438 14.96999 15.39937 15.31007 15.07994 16.69841 17.27720 18.37721
18.17347 17.90133 16.85988 15.84657 15.47443 16.20339 16.34634 16.45110 12.00884 10.04697 7.39399
7.63318 7.71039 8.41306 9.97253 11.83930 14.19289 16.51906 15.53698 14.49747 12.08601 10.01508
8.38311 7.48055 7.50360 8.69599 12.37132 14.50353 17.20481 18.51791 19.68480 21.73278 20.54199
20.44732 19.55105 20.33558 17.15368 16.02234 15.15864 14.47744 15.60754 15.82052 17.05143 16.72596
19.98645 19.29021 18.30179 19.75302 18.77163 16.26410 16.99058 16.71913 15.74150 15.27203 14.36143
12.88688 12.41930 11.53874 10.86580 12.22535 12.34301 12.89626 12.83259 11.88245 13.56014 13.66881
13.62715 11.28487 10.45680 9.66258 9.10455 8.68949 9.69222 9.14554 11.16093 10.60203 12.92076
12.59657 15.53526 14.97378 16.16429 15.92061 15.91107 15.49057 16.10694 14.92650 15.12840 16.14435
15.94021 15.38135 15.81012 14.70697 15.68920 15.29002 17.16723 16.75533 15.55455 14.04698 14.23901
16.99947 19.01445 19.12855 19.53163 21.17879 20.78132 20.31675 23.25492 24.06038 19.66529 19.45239
20.37995 17.56419 19.46777 20.56941 18.95753
C1906x2TS049_1 0.2687256 22.02177 23.70150 23.10891 21.76418 20.95042 20.92893 20.92782 20.92504
19.69722 18.53533 15.28892 17.01096 19.69632 19.41405 17.14630 16.64008 15.83557 15.37292 14.51921
13.18744 14.37721 14.91053 16.77336 15.58305 16.39521 15.83352 17.13303 16.37432 16.30960 16.29948
17.30506 19.60476 20.70434 19.09377 17.43641 17.56800 17.82522 18.21839 19.02188 19.13497 19.22066
17.45632 17.66026 16.15433 15.75050 15.48727 15.04196 14.54596 14.47288 15.66721 16.52312 19.90736
19.87025 19.64396 18.22125 17.85075 16.95850 16.72613 17.80125 18.02714 16.64106 16.13623 15.57138
15.88122 16.50340 17.97968 17.97951 17.81234 17.61722 17.42553 15.79501 13.45477 13.13456 12.63367
12.28296 13.58725 15.26834 13.94126 14.48768 14.36800 14.43682 14.73018 14.44343 15.95528 15.89534
14.82049 14.57812 14.02014 14.58468 14.59390 14.51931 14.84556 14.63140 13.38108 14.50305 14.21869
13.37078 14.84665 15.36762 17.13483 15.68040 14.13538 13.91699 15.64511 14.15653 11.41658 11.90081
13.01569 13.70172 14.68727 14.30355 15.35026 16.12815 15.98763 15.66853 15.12298 15.40326 15.85369
15.66480 15.27948 14.42871 12.66805 11.60389 10.64179 9.98495 9.94786 8.81458 10.22769 11.46819
12.06419 12.25036 11.06835 10.67680 11.24052 11.43999 11.69646 13.49759 15.02102 16.22873 17.67683
19.29526 18.83340 20.20427 18.66316 16.60064 15.83659 16.16554 16.00777 15.28251 14.32132 16.33422
14.17135 15.52069 16.85272 16.90366 17.58603 17.34812 15.59438 16.65897 16.53648 16.67446 16.73674
16.19964 17.14969 16.19300 16.68490 18.11660 17.65306 19.69814 18.94307 18.50108 17.94381 17.64899
17.70242 17.83138 20.76862 21.99904 24.31681 24.06325 23.16624 22.51992 22.24986 21.10851 20.99168
20.74631 19.11600 18.17240 18.42300 18.46262 19.69956 20.95782 21.52578 21.57488 22.82214 24.24733
23.51105 22.53154 22.43621 21.77492 20.98600 20.83836 21.31720 22.43463 24.14556 23.88300 23.91973
20.61086 21.12759 19.97275 20.75626 21.11870 19.96404 18.36006 17.64746 19.62683 18.30594 21.50137
22.96593 22.76821 21.26752 21.09767 20.11782
C1906x2TS049_2 0.2510754 24.84874 27.19532 27.05643 26.50516 23.09917 23.00849 23.68848 22.03588
18.16803 16.79947 14.76305 14.21710 13.64795 13.39236 13.33047 13.28903 13.46840 13.91126 14.16186
13.89470 15.58006 16.90069 18.01166 18.00755 18.67953 17.88796 18.19509 18.91820 18.85371 18.70946
20.65293 21.20545 20.98917 20.28503 18.79393 16.95461 18.62075 20.33778 22.23946 23.15129 24.00641
24.24861 22.87302 23.18159 22.37696 23.46954 22.06865 20.90197 20.86480 19.43002 19.32265 18.36596
17.40872 17.63409 19.43305 18.88261 20.88672 20.72231 20.75228 20.78836 20.68052 19.89528 19.73134
19.59535 19.62280 19.53736 19.45407 19.39238 19.04986 18.45459 17.73678 17.48453 17.51886 15.20849
15.73501 14.54997 14.92446 13.28953 12.67012 12.36891 12.86001 12.46078 12.45640 13.27077 14.05138
13.05030 12.03915 11.21240 10.83575 10.69321 10.60405 10.93676 11.32755 11.66680 10.73581 11.15538
11.08163 10.94247 10.33118 12.18122 12.42544 14.48825 14.98476 15.03455 14.41186 14.58036 14.71663
14.38182 13.88889 14.78279 13.17150 12.41217 12.51269 11.90237 11.64531 11.15748 11.44024 11.80100
13.14356 15.59239 17.32481 18.14742 17.01295 17.15365 17.28690 17.50610 18.30874 19.21990 19.54464
19.20045 17.43855 16.51507 15.53741 15.70106 15.58030 14.60204 16.37404 15.75545 16.02032 15.87407
16.03929 14.91857 14.87363 13.96109 13.27100 12.94713 14.33647 15.05562 15.51262 15.70221 17.74174
16.01580 16.36149 15.53055 14.15561 12.32871 12.54217 12.97744 11.72883 11.09982 10.77917 12.44706
12.81627 14.32064 16.74423 17.36930 19.37076 20.33047 20.23442 19.61897 17.08799 16.68810 17.72649
18.70835 17.46695 17.71344 16.87337 15.40327 14.21681 13.32981 12.96615 11.85176 12.97030 13.00048
13.80050 13.16462 13.58853 13.79872 14.68832 16.18816 17.49066 18.38218 18.97104 19.86240 19.21260
20.02114 19.79747 20.33069 19.39499 19.16613 18.67711 20.41444 21.27956 21.96652 20.86852 19.13419
18.95851 17.36820 16.64015 17.24880 18.62048 16.41865 18.15247 21.35329 22.68711 20.99468 22.97265
19.67117 17.90586 17.96685 16.55993 16.46439
C1906x2TS049_3 0.250522 23.42361 24.50125 23.22018 22.13064 20.96102 17.94644 17.48354 15.78512
14.52831 16.05623 15.13320 13.99400 13.92144 13.89909 13.77851 13.12660 13.61628 13.20909 13.80477
13.91585 16.60501 17.45795 17.56601 19.52460 19.80065 22.67564 23.81822 21.48008 21.36745 19.85934
19.05136 18.71957 21.12783 22.71468 19.77321 19.04349 16.78958 16.08738 15.62899 15.34216 14.92191
15.40362 15.64677 14.62836 14.73562 16.08064 15.80709 15.84781 17.17232 18.06141 18.46290 19.07012
20.94584 19.59184 21.28589 21.06948 20.37225 19.72952 19.83096 19.95114 19.64492 17.03764 17.22015
16.60901 17.13584 16.10898 16.01672 16.38474 14.59996 15.02037 14.32639 13.11247 12.80571 13.78124
15.42883 16.16367 14.42549 15.66799 13.88626 13.93830 13.33121 13.62827 12.56621 14.48002 14.76704
15.23793 14.48503 13.67266 14.85586 15.55332 14.88301 15.33231 15.96252 14.24853 12.35161 12.41221
13.89635 13.77056 13.36258 13.43558 12.04090 12.43840 13.20122 12.84462 13.08093 13.99290 16.34689
17.07755 17.94648 17.14446 16.82551 15.74857 15.02482 16.07183 14.25121 14.27671 14.32290 14.44399
15.77489 17.81901 19.19726 20.56964 20.23532 19.52131 19.54438 20.36423 21.35950 22.21722 22.37603
21.27446 19.24449 17.74764 17.31739 17.17984 16.72283 17.18283 17.43621 18.26024 18.63109 20.23406
20.62896 19.69304 19.29930 17.08695 16.53758 15.49337 16.28136 17.88957 15.77193 14.34392 12.89805
13.26376 12.62634 13.47329 14.59478 13.56173 14.84847 15.41721 15.83573 16.51169 16.36953 17.16171
17.06388 20.28632 20.08430 23.77281 24.53441 25.01196 24.47213 23.68059 21.91285 21.15807 20.93265
22.14696 22.42381 22.74216 23.58749 24.51521 23.52585 22.58875 22.27123 23.17058 23.04203 22.98678
22.59856 21.04065 19.82524 19.22023 19.29735 20.14271 21.09907 22.21016 23.95557 25.11396 25.67096
25.68287 25.45287 24.99368 22.51175 20.69336 19.32742 21.45788 22.45345 24.02691 24.02738 24.33559
24.57064 24.13471 23.83987 25.12257 24.22427 23.19170 25.95436 27.45415 26.95523 26.67545 26.70569
24.35697 23.36249 21.03638 21.50529 20.67248
C1906x2TS049_5 0.24705186 23.47896 25.00778 24.28498 23.72323 23.03331 23.23282 24.09136 23.79771
23.70407 24.60550 24.41956 22.99544 20.02128 18.45233 17.96308 17.03412 16.76978 16.23143 16.74072
15.35017 17.60727 15.78588 16.74153 16.07633 17.40090 19.65577 18.79675 21.75687 22.42487 20.53286
16.98198 14.41345 13.27018 13.75628 14.08716 13.98704 15.07561 16.66456 16.78080 14.09842 12.78505
12.62085 11.56113 11.24755 11.45946 11.02624 11.08498 12.64375 11.42568 12.61710 11.83684 11.56959
15.71478 15.47344 16.03508 15.99612 13.60345 12.08228 10.79086 10.49394 10.31042 10.51822 10.62703
11.69567 12.28486 12.80998 12.70318 12.17027 11.49346 12.22250 10.67873 10.22610 11.66818 12.28787
15.10623 15.41837 16.10748 17.91880 17.19114 15.68399 16.75090 16.30094 16.23282 16.26186 13.26506
12.66071 10.68807 10.18148 11.69721 13.02216 9.86679 8.82154 9.52703 10.32209 10.37607 10.89341
10.26214 10.94620 11.45051 11.27253 12.84608 13.08792 11.40664 14.29904 14.01559 15.08151 15.90462
17.12780 17.37305 16.55206 17.14663 16.44783 16.17072 15.66552 17.42736 18.20367 18.05776 18.48795
20.58790 21.85743 21.43984 20.39574 18.97340 18.01203 17.86600 18.51472 19.63379 20.86987 21.70207
21.57950 19.89373 18.08372 17.15234 17.12335 16.00231 14.97608 15.48137 15.70544 16.82801 17.36784
18.15112 18.71782 19.22748 17.74948 18.17407 18.42966 17.97275 19.03358 19.52153 19.11095 18.42890
16.74311 16.15663 17.86327 15.49523 17.04353 15.84177 15.42093 17.39373 16.26777 16.85706 15.80851
14.79060 17.02279 17.43007 19.86778 20.99408 21.87507 21.34520 20.45756 18.74756 16.63762 17.83579
19.11624 17.78701 19.83422 19.16143 21.82924 20.73890 20.06228 20.10238 20.90918 21.10168 21.71656
21.63003 20.34874 19.84933 20.13900 20.50747 21.18345 20.68166 20.69986 23.26435 25.16941 24.94043
24.71381 22.45007 21.38888 21.68654 20.13464 17.75287 19.02173 22.12708 21.25185 21.28396 21.79788
21.95881 21.67772 20.53838 20.61407 21.79068 20.39335 20.23141 23.45531 24.44450 18.71088 19.42783
22.92515 20.56743 16.27278 16.37644 16.88164
C1906x2TS049_4 0.24415827 23.33212 24.14503 21.86491 21.56527 20.77087 20.00891 19.85530 20.03761
21.05946 20.43543 19.34676 19.00015 15.13415 14.70854 12.32133 12.48654 12.23942 11.48564 12.05318
13.63593 15.76299 16.19137 14.17120 15.23556 15.14077 16.17357 15.58170 14.94058 14.61642 15.41172
16.36437 17.15795 18.08495 16.38248 12.91197 12.70895 11.07484 11.30002 11.58550 13.07138 13.74302
14.10007 15.68943 14.92596 16.68059 15.96074 16.25875 17.60643 18.09295 20.77785 19.81109 22.51493
23.03611 22.46347 22.08710 22.82411 22.85606 22.13787 21.86398 22.17265 21.65471 20.83449 20.55420
20.68975 20.69066 20.86483 20.76076 20.26963 19.90913 17.91612 18.01017 17.65629 18.24026 19.39593
20.39162 21.37594 22.27150 21.72029 19.88528 18.44432 22.58770 23.32297 24.83697 23.83392 20.39529
17.55459 15.77678 14.81875 14.60488 14.80806 16.31930 16.58404 16.25231 16.62031 16.52267 15.27466
13.95049 13.47758 12.13943 11.79956 11.75966 12.86523 12.57128 12.07119 11.64653 10.48590 10.22328
11.88626 11.62302 11.97219 12.37593 12.88111 12.11759 12.44459 12.36419 12.79558 12.75248 14.22873
14.76475 14.15900 15.64565 17.94809 15.74795 13.32760 12.99638 12.44263 12.89423 12.93777 13.74404
13.89905 12.36860 10.92907 11.17622 11.71752 11.69862 11.36525 12.69351 13.06656 14.33643 14.61928
15.70036 15.94403 17.67739 17.89908 17.51787 17.81833 19.59953 20.19483 19.89663 17.83726 17.81009
16.54200 16.45622 19.36161 19.06337 20.04119 19.43366 19.93819 20.07442 20.20670 20.09433 20.30477
20.38807 20.52854 20.83600 21.68569 21.72484 21.93527 21.60503 20.73251 19.40268 19.04521 19.31310
19.57718 20.15711 20.48668 20.69413 20.26736 19.07863 18.06889 17.33459 17.86823 17.43962 17.00418
18.03160 16.70590 16.49213 16.08975 16.79474 18.32319 19.63382 21.14964 22.66547 22.94838 22.20023
21.69886 22.01333 21.30631 20.03629 18.62626 18.55542 20.86880 22.62902 23.70618 24.33132 24.54336
25.33939 24.54399 22.91010 25.36602 24.87056 23.68677 25.49824 27.28840 26.73457 26.41709 26.22966
24.19070 23.27479 21.30317 21.96231 20.90060
END
