PFRMAT QA
TARGET C1905x2
MODEL 2
QMODE 2
C1905x2TS228_1 0.41508913 19.08060 24.57100 17.44479 18.53986 16.19627 16.53433 17.69460 12.60194
14.23543 12.85854 13.01165 12.66585 11.96762 12.34452 12.90000 15.89532 15.05003 15.78942 15.76616
16.26970 14.64110 13.73675 14.30914 14.71562 15.29340 15.09729 14.84646 15.57195 14.52437 15.01052
13.26168 14.50982 13.31513 14.41075 13.42773 14.45895 15.20197 15.84396 14.11159 15.26415 13.14172
13.01577 11.35997 11.17705 10.91770 10.19416 9.75174 9.10517 8.92632 8.58681 8.47245 8.40667
8.60001 8.65950 8.90153 8.84233 9.93847 10.79263 10.94128 11.65965 11.27119 9.56988 8.41304
7.95433 6.72533 6.39683 5.99673 6.36170 5.96715 5.87928 5.46980 5.44678 5.52051 5.49305 5.75713
6.17976 7.59928 7.64939 7.03297 6.01321 5.71848 5.39791 5.54144 5.51642 5.81784 5.78890 6.25453
6.68099 7.31170 7.02063 7.62697 8.27653 9.00171 9.81711 10.78721 11.18919 11.67538 11.95746
11.16673 9.40009 8.39420 7.07429 6.52482 5.74031 5.70865 5.51789 5.11059 4.71736 4.84536 4.96206
4.66641 4.28166 4.41940 4.45213 4.10508 4.07819 4.51266 4.66398 4.59600 4.72209 4.90021 4.77122
4.40484 4.04373 3.88194 3.84486 3.68897 3.76696 3.74457 4.01639 3.96367 4.62617 5.21318 6.35117
7.08229 8.03904 8.10753 8.72223 7.71386 7.55476 7.46516 6.86993 6.76164 6.83305 6.24516 5.24187
4.86318 4.31834 4.54644 5.09653 6.53150 7.44822 7.15154 5.39462 4.09852 3.45567 3.32120 3.61503
4.34355 5.45094 7.13974 9.58518 9.23925 9.06623 7.87191 7.96004 6.82456 7.31359 8.03148 9.79121
11.33788 12.65455 13.18758 11.20108 8.98370 7.68680 6.86012 6.25817 6.04300 7.56220 9.12154
10.87070 12.91845 15.60126 15.15535 14.07961 14.38040 15.97049 15.78235 14.72304 15.13166 15.57267
14.15788 13.83786 13.03189 12.87523 12.77526 11.12511 10.05399 9.07263 8.44082 9.20953 10.03099
11.76106 12.68029 15.13979 14.60659 12.82267 12.27434 11.34259 10.11232 8.68381 8.00667 7.74549
8.30751 8.22657 9.22253 9.45284 9.25652 10.21410 11.76036 13.00706 13.22634 12.83736 13.12414
12.73539 13.50513 12.66585 13.63598 14.01003 13.57632 13.13299 12.85777 14.50577 13.87288 13.69430
14.77525 17.71616 16.94168 16.47302 15.66155 15.72627 15.03164 13.97483 12.88742 11.75781 11.58641
11.40666 12.91850 13.29310 14.55241 15.12477 14.58914 14.28695 14.31131 14.70589 15.50747 17.35579
18.81767 21.01196 20.69667 19.57117 21.77407 21.85603 21.38961 21.41617 22.67289 22.24223 24.92740
24.47115 25.88298 24.92148 24.28023 23.57139 21.72764
C1905x2TS389_4 0.40935493 17.07042 20.31129 12.96289 16.00328 13.43722 13.64547 14.96059 11.51272
13.47991 12.32122 13.61426 14.36495 14.14747 16.13075 14.70773 18.48686 17.18005 17.50082 16.75681
16.94911 14.76881 13.95870 14.47706 13.59841 14.39413 14.76313 15.75907 15.62409 15.20928 16.93295
15.48688 16.07002 15.42129 16.62215 15.73010 16.28051 15.89567 16.92579 14.97260 15.62814 15.13014
14.91382 13.27069 12.30826 11.80113 10.54631 10.46370 10.08452 9.73412 9.22295 9.26683 8.88754
8.59023 8.69348 8.94431 8.84910 8.67037 8.93049 8.88807 10.05491 9.26844 10.06305 10.11342
10.95943 12.29906 12.47941 11.18016 9.86933 8.61697 8.09733 7.47874 5.87948 5.06059 5.05777
4.92261 4.68684 4.76377 4.95936 4.62014 4.76270 4.73824 4.59349 4.66174 4.89814 4.87143 4.45958
4.73249 4.85498 4.97638 5.39949 6.33453 6.56768 6.61309 7.32313 8.06455 8.14157 8.44916 9.43154
9.93153 9.59268 8.70141 7.94628 7.15810 6.21758 5.35527 5.98148 6.10931 5.66635 5.55790 5.91433
5.30342 4.68632 4.75683 4.67225 3.99384 4.10583 4.20286 4.16164 3.86888 3.96319 3.81024 3.37042
3.32850 3.44358 3.61975 3.45415 3.49516 3.71356 3.67247 3.98218 4.18394 4.75731 5.28251 6.14566
7.40915 9.34883 9.79159 10.27537 10.04178 10.64316 8.39424 8.06518 7.61581 7.25597 6.53061
6.20145 6.38273 7.36948 7.78936 9.41895 11.34924 11.78907 11.47860 10.95730 9.80262 8.84860
8.14637 7.51049 6.50974 6.68183 6.95244 7.53956 7.87620 7.32990 6.54246 5.95177 5.21108 5.23440
5.34505 6.44029 8.12812 9.83265 10.07128 8.45876 6.61035 5.33819 4.78117 4.69751 4.54948 5.15649
5.32770 5.79014 6.43115 7.00403 7.22809 8.20586 9.81880 11.29105 13.52169 14.19570 15.44205
15.44163 14.16343 12.91196 11.51568 10.95145 10.69628 10.98411 10.81918 11.88416 11.62578 12.96402
14.41010 17.01279 15.45069 17.80228 18.05747 17.02826 16.47703 17.02172 16.54597 15.44629 15.73420
15.46729 14.45400 15.18678 15.65956 15.99998 15.63272 14.88985 15.20948 16.17399 16.02648 15.20348
15.36593 14.86462 13.54046 12.57667 11.99635 12.24705 12.00231 12.19396 12.18703 12.58066 11.57097
11.66670 11.94276 14.03971 14.96821 16.08508 14.21066 12.65149 12.45944 12.00328 12.00455 10.35694
9.69247 9.03116 9.59375 10.30876 11.76076 11.78326 11.93592 11.51063 11.35675 11.22995 12.11785
11.42057 11.25321 11.03775 11.54020 11.71791 12.60000 12.63945 13.10612 14.04131 14.94292 15.05731
16.19469 16.50953 16.88430 17.17569 15.84459 17.91336 19.38133
C1905x2TS389_5 0.4084814 19.85572 25.78269 17.58247 20.07630 16.63347 16.66656 19.13567 13.70184
16.22676 14.84844 15.84785 15.53282 14.62286 15.31155 12.84227 16.78302 15.03321 16.46404 15.90339
17.07623 15.29856 15.37085 15.95102 16.48060 19.03461 18.48775 18.23287 17.50453 18.28189 18.18528
18.12509 18.05713 16.31982 15.42495 14.07380 13.62734 14.07653 14.54708 15.71616 16.89885 15.63170
15.89504 13.96237 12.60050 12.93413 11.76248 10.38717 9.95854 10.06665 9.37966 9.60841 9.89481
10.05917 10.13260 10.40330 10.80716 12.01604 12.03721 12.71429 12.76471 13.55682 12.22586 10.89047
9.06898 8.26087 8.03395 7.30617 6.73122 6.52292 6.52420 5.93320 5.57040 5.45034 4.98623 4.56321
4.89453 5.03562 4.59731 4.62311 5.00115 5.01307 4.90548 5.27866 5.48141 5.72996 5.98159 6.44040
6.66819 6.90801 7.37019 8.41514 9.57622 10.39233 10.89117 11.98539 12.28578 12.81053 13.67299
13.25840 13.68807 12.92369 10.84882 8.15068 6.68441 5.22253 4.81919 4.52835 4.10639 3.83379
3.33572 3.12562 2.93132 2.88440 2.68268 2.67557 2.66244 2.60199 2.63620 2.64755 2.72717 2.72505
2.90297 2.98410 3.06904 3.26070 3.45767 3.21895 3.37382 3.74597 3.77248 3.71253 3.99641 4.67706
5.38916 6.79879 7.03946 7.34269 6.96193 7.77672 8.05809 9.02673 7.98080 8.06373 7.33398 6.28196
4.83980 4.77275 4.68088 5.33212 6.14650 7.25437 7.37204 6.77650 5.56752 4.40219 4.03910 3.78667
3.81409 4.02044 4.63316 5.93854 6.56823 6.94039 6.67374 5.87743 5.22668 4.79791 4.61018 4.94608
5.75471 7.16478 8.58671 9.52355 8.43929 6.91790 5.19356 4.93019 4.72297 4.78917 5.77719 6.95378
9.18900 10.72593 12.86481 13.44638 14.32529 15.03602 14.88726 16.05171 15.44682 17.04341 16.41000
15.48772 13.98388 13.03059 12.32555 11.09434 10.31737 9.36431 9.90939 9.27317 10.80600 11.32384
12.33654 12.27794 13.57961 13.69892 13.48273 14.34136 14.16006 13.89216 12.05679 11.87181 10.29380
10.55596 10.37020 11.05539 12.32469 12.81864 14.91511 15.64753 15.65140 15.36132 15.31748 14.52457
12.99146 11.88719 11.30673 10.15336 9.87942 9.34701 9.94525 10.98509 12.23735 13.63194 15.08481
15.65672 16.88035 17.02387 18.86605 17.95964 19.38504 19.35266 17.82898 19.17246 18.23606 17.35123
16.53293 17.47628 16.83249 18.30442 18.47819 18.61331 17.66587 16.60322 17.01621 17.18909 17.65660
17.35905 20.17054 17.75801 18.50653 19.77604 18.71504 17.95167 15.78089 16.07658 16.40341 17.23190
16.15850 16.40161 15.85718 15.34101 18.13092 18.95064
C1905x2TS389_1 0.40755278 17.48871 22.32175 14.46977 17.18771 14.41962 14.20192 16.16920 11.57271
14.53071 14.22566 15.17936 14.70923 14.95269 17.24031 15.84193 19.62823 17.21574 18.79602 17.75565
17.83597 17.01955 17.58702 18.71721 18.49007 18.69789 19.12980 18.42241 16.63598 15.75931 15.52306
13.36222 13.60541 13.59458 15.15389 14.82458 16.01571 16.60697 16.05145 15.02289 16.67329 15.51960
15.23238 13.40742 12.92827 12.51255 11.78400 11.08173 10.34525 9.56809 8.93751 8.90826 8.55516
8.42973 8.65158 8.62407 8.31705 8.47387 9.19057 9.49362 10.41962 9.82322 10.37766 11.08206
10.53377 9.81668 9.64406 9.71667 9.69275 10.10707 9.42546 9.07189 8.90361 8.23540 7.91771 7.01779
7.61558 6.95512 6.55339 6.01402 5.97477 6.03380 5.64646 5.73674 5.91064 5.70018 4.86200 5.20589
4.87205 4.94231 5.66631 6.42517 6.34637 6.40059 7.18203 7.48356 7.49838 7.65408 8.80362 9.13860
9.45422 8.92371 8.54422 7.74751 6.95918 5.92487 6.21371 6.13882 5.69640 5.49455 5.87563 5.64199
4.98311 5.27494 5.29979 4.81720 4.64201 4.92641 4.73090 4.43311 4.63050 4.68429 4.98025 4.85202
4.95195 4.80641 4.68460 4.67875 4.86079 4.92523 4.56356 5.21835 6.07178 6.63980 7.13962 8.35757
8.88673 9.33941 9.16908 9.46749 10.80303 10.30891 10.87098 10.79747 10.15970 8.80445 8.03179
7.19755 7.50159 7.33044 8.23501 9.72545 10.39796 9.55620 8.01875 7.00730 6.20071 6.62466 6.99781
7.57262 8.59551 9.64534 10.67392 11.99679 11.36361 11.05450 10.42507 8.79382 8.37779 7.26371
7.60492 8.83281 10.11467 9.93926 8.93214 8.36021 7.25244 7.15095 7.48952 7.59366 9.34424 10.75758
11.86376 13.43531 13.16667 12.49616 11.90571 12.46374 11.38573 11.84017 13.54356 13.68843 13.37817
12.94767 11.56665 11.72687 10.48952 10.02006 8.93934 8.27701 7.91657 7.81828 8.45231 9.20519
10.75737 11.54079 13.58849 14.10241 15.07301 13.25325 11.89692 11.24273 10.48441 10.53173 10.79171
12.11344 12.35362 12.56664 12.02075 11.92959 11.86482 11.91095 12.55062 11.95492 11.71161 11.23304
10.19682 9.37495 8.79035 8.72684 9.35050 10.02429 10.77994 12.19055 13.78620 13.59684 14.57623
14.37075 16.31382 16.29284 17.80036 17.52208 13.65781 12.28086 11.54724 11.47559 10.40292 10.04944
9.65467 10.59037 10.86851 12.25346 12.74728 12.34164 11.50323 11.21895 10.40453 10.97601 11.27622
12.64845 13.84334 13.58706 12.82434 13.41591 13.39827 13.13867 13.29009 14.60956 15.34340 17.05072
17.99216 18.00981 16.37527 18.94255 21.01626 19.23114
C1905x2TS215_2 0.4054284 16.31311 22.68074 16.68647 17.00089 15.82219 15.38607 17.28060 13.30995
16.48946 15.76847 16.59344 15.61428 15.13170 16.67809 14.50333 17.73062 16.56553 19.01555 18.59332
16.95402 16.69557 15.98035 16.25243 16.05442 18.37506 16.95354 16.21820 16.54956 16.38452 16.67515
15.07150 15.76591 14.43113 16.23352 16.78249 18.14610 17.55284 17.36434 16.96428 16.56897 16.06811
14.78044 13.60416 12.70975 12.19269 10.97155 9.86162 9.24576 9.04479 8.66317 8.76296 8.61491
9.85510 10.43259 10.65129 10.58615 12.40980 12.99722 14.03737 14.09285 14.69277 13.42542 12.17737
12.14486 11.25948 9.84626 9.50167 9.89927 9.62429 8.57430 8.44760 8.66710 8.03789 7.64454 7.15836
7.30138 7.53791 6.87869 6.89947 6.88868 6.90967 6.56948 7.03256 6.52228 6.45655 6.40774 6.87639
6.32750 6.88124 7.26458 7.41962 7.95872 8.43102 8.67202 9.21230 9.29951 9.30157 10.04578 10.11829
9.59462 8.79579 7.74244 6.40180 5.95435 5.01573 4.71249 4.39330 4.20991 4.06089 3.72979 3.35495
3.20490 3.35611 3.09478 2.82644 2.78841 3.03133 2.96288 2.85918 3.06179 3.22142 3.25869 3.50026
3.82774 4.09168 3.64217 3.83166 3.81229 4.09119 4.54392 5.81618 7.04489 8.51509 9.53148 10.41272
11.01667 10.78292 11.29120 10.20472 9.31743 8.01378 7.95603 7.05529 6.59032 6.03378 5.37117
5.33618 4.86003 5.10629 5.34850 6.46385 6.55519 6.65345 5.52302 4.53125 4.04735 3.83560 3.78992
3.91649 4.37347 5.39846 5.75433 6.96969 6.57705 6.39848 5.54352 5.36218 5.36112 5.95301 7.28933
8.94968 10.58623 10.55293 9.77692 7.74801 5.92357 5.11937 4.82026 4.89564 5.43261 6.45419 7.85437
9.60070 11.10450 11.78722 11.71270 13.41186 13.86265 15.12147 16.38710 17.43707 18.47989 17.87964
18.72073 18.81310 16.29938 14.60823 13.94658 12.94748 12.66808 13.14565 13.35184 14.40071 14.43538
14.72512 15.29592 14.90632 14.57647 13.74311 12.58129 12.01304 10.47152 9.88503 9.31257 9.36247
9.72135 10.83114 12.41033 13.94226 14.61464 14.20361 14.33621 14.08143 13.24649 12.98343 12.67980
11.97868 11.25864 11.11835 10.88722 10.53090 10.39734 10.20038 10.91089 11.06793 11.70855 11.98238
12.53279 13.00011 14.23610 14.06188 11.74796 10.41030 8.93816 8.13315 7.68597 7.91589 7.79925
8.16589 8.37224 9.20231 9.87239 10.04482 8.67927 8.85016 7.89252 8.64232 9.31332 10.25023 10.50392
11.31799 11.84442 14.48775 14.41576 15.48817 16.95261 17.86605 17.72113 19.08297 18.19647 19.08498
17.00759 16.61460 19.29044 18.97717
C1905x2TS215_1 0.40532777 12.35792 15.85314 10.22459 11.01139 9.83532 10.18238 11.67097 9.64374
12.88032 13.06250 16.01871 16.31942 16.92716 18.46317 15.49678 18.31401 16.61609 17.45303 17.66574
18.43578 17.85180 16.24762 15.53931 14.59553 15.10541 14.26351 13.41296 13.29306 12.47374 11.44097
10.46586 10.73191 11.48313 12.65341 13.82606 14.18698 15.32634 16.19751 16.44924 16.49580 15.58434
15.55474 15.51004 13.01637 10.82330 9.59436 8.94754 8.59756 8.50194 8.05337 7.80947 7.42870
7.34123 7.48035 7.36108 7.14172 8.04311 8.57679 10.24899 10.99931 12.79695 13.18955 15.50654
16.17914 15.81598 16.19726 17.21053 16.47148 15.38439 15.59744 16.68745 16.47103 13.53132 13.22405
12.09987 10.96057 9.76342 8.28875 6.82392 6.00692 5.72093 5.53045 5.13986 4.99707 4.98051 4.85917
4.85167 4.75910 5.00946 5.37916 5.18608 5.10198 5.40314 5.82438 6.16790 7.16540 8.43584 9.11914
8.60523 8.99648 9.25612 8.58051 6.98170 6.61557 5.59677 4.52755 4.73075 4.42520 4.27082 4.46533
4.31769 3.82891 3.86868 3.90666 3.60547 3.79784 3.50648 3.35639 3.63223 3.35434 3.14927 3.16873
3.38074 3.39716 3.41142 3.64136 4.02490 4.13620 4.11630 4.92973 5.87324 6.33603 7.43005 8.24956
8.79949 9.57513 10.67805 10.99017 12.24714 11.32492 10.03945 8.42016 7.07840 6.19457 5.16073
4.28448 5.34974 6.09190 8.19365 9.28279 10.67866 10.70755 9.97209 8.96661 7.15098 5.66909 4.37128
3.95245 3.74610 4.10785 4.55145 4.93458 5.88207 5.61031 5.34140 4.63775 4.69334 4.63157 4.90092
5.60190 7.43276 9.60249 10.17543 8.97172 7.44030 5.72862 5.45574 5.40487 5.52463 6.35342 7.70238
10.09415 11.87099 14.11923 14.83622 14.51264 12.68718 10.62638 10.90772 11.37248 11.34820 12.66082
12.67648 13.19854 12.60431 12.53149 12.06225 11.41513 10.72164 10.08766 10.76622 11.40221 11.13068
11.77208 11.58550 13.36832 12.47754 12.69133 12.09081 11.27622 10.38111 9.87667 10.29336 10.27638
10.14817 9.66681 9.29856 8.49205 7.95648 7.80299 7.83625 7.73507 7.82709 8.21306 9.08485 8.39735
8.28370 8.68126 9.45652 9.59290 9.85724 10.83697 11.35259 12.24006 12.91406 13.50623 14.09064
14.59545 14.58488 14.62263 14.50090 13.90493 13.01879 11.85989 10.93206 10.53777 10.04855 9.45110
9.67747 10.75659 12.60944 13.58282 14.19249 14.06325 13.39299 12.89127 12.98205 13.88709 15.08875
15.85080 15.30309 15.45271 16.18523 15.07521 15.98908 16.38797 16.69248 15.96372 16.49203 16.41283
17.27780 16.45305 16.23428 20.44197 20.03173
C1905x2TS389_2 0.40481496 17.51364 23.07374 15.85897 18.23318 15.63275 15.18250 16.36252 12.64695
15.08058 13.59941 15.79106 15.01679 15.52314 18.18905 16.39904 21.04947 18.76755 20.48113 20.08151
20.80637 20.64842 19.36734 19.77280 19.36720 18.43381 19.86664 18.86136 20.27295 19.96882 20.13315
17.96036 17.31320 15.78351 16.18915 14.94335 15.01477 15.68376 15.82418 14.70247 15.92733 15.19496
15.29476 13.95138 12.70206 12.00690 11.59436 10.42611 9.42689 9.53876 8.93955 8.41774 8.23409
8.66200 8.78564 8.48964 9.27337 9.90453 9.80519 9.47759 10.07315 9.53467 8.81937 9.84249 10.01308
9.64519 9.33791 10.09053 9.96569 9.33756 8.61305 7.96912 7.17101 6.70255 6.14661 6.29931 5.76192
5.44594 5.31760 4.95742 4.57017 4.70356 4.41219 4.66698 4.66768 4.46067 3.96783 4.28943 4.20527
4.07620 4.15520 4.84570 4.90127 4.90950 5.57230 6.31474 6.33567 6.58173 7.80856 8.42664 8.69404
8.09898 7.75602 6.59049 5.57993 4.68466 4.92304 4.80532 4.21596 4.08340 4.11285 3.82667 3.33369
3.44626 3.27278 2.91934 2.76105 3.02754 3.12992 2.97919 3.35561 3.74382 3.54162 3.80006 4.17898
4.31860 4.19936 4.55518 4.82506 4.74046 4.67106 5.45901 6.51807 7.12458 8.75500 10.68284 12.64372
12.90334 12.75567 12.22164 13.01420 10.97971 10.52450 10.56386 9.28626 8.15852 7.46385 6.88189
6.99455 7.58926 8.77184 11.04406 11.38340 10.78922 9.65048 8.97567 8.02080 8.65694 7.89791
8.17599 7.67896 8.32162 8.82645 9.03771 8.35519 7.27176 6.48435 5.98825 6.02489 6.02845 6.88864
8.54903 9.92570 10.06641 9.51970 8.27474 7.31990 7.04225 6.67028 6.31544 6.78283 7.00545 7.88512
9.45620 10.33477 10.66854 11.37413 12.52042 14.35910 15.83561 17.21041 16.65011 16.57413 16.08194
14.87074 12.45662 10.76245 10.75426 10.54175 10.52494 11.10347 11.05633 11.72196 13.33998 15.95487
14.79642 17.76713 17.98150 17.34792 16.14518 15.94473 15.58243 14.89506 14.67902 14.13658 12.86348
11.86130 11.67681 12.24803 11.90040 12.85809 14.41463 15.52766 15.61628 15.14281 15.27766 14.86287
14.17335 12.79413 12.64349 11.97009 11.93197 11.54746 11.85837 12.35799 12.53418 12.53485 12.43500
13.39308 14.04394 14.40414 13.10702 12.13588 12.09943 12.08403 13.00815 12.99708 13.11943 12.20678
11.84071 12.52998 13.40547 13.93580 13.36347 13.62038 13.29037 12.97067 13.17452 13.51612 13.39491
14.59717 13.41577 11.68153 13.39376 12.05591 12.66158 12.78030 13.59059 14.32861 16.30745 16.10319
17.27900 17.85933 16.58001 18.53577 19.86956
C1905x2TS389_3 0.3988308 20.24464 24.15404 16.88477 20.69281 16.98080 16.83237 18.47812 14.08725
16.99168 14.99965 16.74318 16.65282 15.83194 18.18410 16.03979 19.99781 18.87253 19.51482 19.33346
19.98205 17.09816 16.98171 17.81959 16.64480 16.76814 16.12386 15.17842 15.23156 14.54958 15.91934
14.89499 15.43416 14.15576 14.54645 14.77573 14.92470 15.16028 15.18689 15.75742 15.39512 15.76964
15.39906 13.13332 12.54208 11.83533 10.93539 10.06331 9.76419 9.21507 8.76143 8.72370 8.71085
8.53063 8.44441 8.82067 8.73717 8.97365 9.67504 10.32098 11.44716 10.98803 11.59390 11.26709
10.92393 11.03055 12.70524 12.06519 12.00170 11.63288 10.94067 9.42277 9.24192 8.81394 8.42907
7.75607 8.50719 7.76935 7.32502 7.37524 7.38808 7.34635 7.39771 7.25107 6.70681 6.71760 5.87613
5.81694 5.74008 5.61619 5.59051 6.44590 6.86382 6.93113 8.01670 8.59472 8.88015 9.88414 10.82562
10.88949 11.63099 11.73876 12.12138 11.04243 9.76696 8.51963 8.64044 8.47148 7.69294 7.75025
7.77106 7.14054 6.27603 6.68023 6.58021 5.54850 5.01416 5.01198 4.89993 5.16116 5.71035 6.27160
6.38011 6.42479 6.61801 6.36816 6.42410 6.37291 5.88499 5.57796 5.90043 6.22863 6.85524 7.46116
9.34997 11.11144 13.73324 12.96026 11.73938 10.76534 11.28873 9.08202 8.45035 8.08292 6.39681
5.16253 3.93745 3.77313 3.71301 4.19159 5.18502 6.73599 6.67586 6.37383 5.27322 4.66636 4.39638
4.18462 4.12085 4.19993 4.81714 6.07671 7.51483 7.54163 6.91873 6.16793 5.39365 4.99615 4.72037
4.85675 5.19613 6.50845 7.32419 7.28524 6.25340 5.60908 4.68291 4.70653 4.80405 4.68667 5.14767
5.17220 5.79270 6.58575 7.70335 7.81029 8.71202 9.30401 10.49869 12.31570 13.64986 14.14279
13.72974 13.20477 12.97840 11.75858 10.60724 10.29106 9.17555 8.51369 8.34335 8.47935 9.26832
9.98849 11.87897 13.04167 13.86615 13.25840 14.07075 12.78677 11.29022 9.98208 8.55727 8.50514
8.21442 9.61732 9.83963 10.89924 11.39875 11.53138 12.25127 12.58069 13.63182 13.46665 13.81561
13.49823 12.76443 11.66356 11.35573 11.65972 11.72345 12.13475 12.57139 13.87883 14.06748 12.77823
12.95995 12.74558 14.37914 15.26195 16.67331 14.29279 12.98307 11.19060 10.27197 8.81191 8.39820
7.53750 7.71930 8.41005 9.81135 11.38089 12.91634 12.50994 12.27632 12.74557 12.97431 14.65297
15.33271 15.40994 15.61367 15.25193 14.21800 15.51410 15.42014 16.27423 16.45777 16.89383 15.61553
16.49883 16.37648 16.74795 16.09334 16.66673 19.79531 19.11924
C1905x2TS215_5 0.3978001 14.21715 18.70338 12.10318 13.16741 11.69619 11.74989 11.84030 9.24015
11.13949 10.74754 11.00877 10.45448 9.79193 10.76031 9.55104 12.05148 13.15782 14.14878 13.27653
13.73135 13.82852 12.71240 12.73175 13.97604 15.39251 14.00940 13.71642 15.50348 14.96614 14.99928
14.19744 13.98930 12.97005 12.43168 11.97809 11.70746 11.55716 12.08587 12.17732 12.57132 12.02932
11.77822 12.41913 11.60692 11.10871 10.61251 10.19967 10.47579 10.55153 10.62811 10.42878 10.87252
11.08907 11.04031 11.08012 11.98910 12.73829 11.52475 10.85979 11.82013 12.55592 12.14980 12.37324
9.09298 8.98970 8.05724 7.70941 6.90199 6.90526 6.46023 6.12673 6.30518 6.25555 5.89985 5.46895
5.30177 5.08868 5.02589 4.95303 4.89829 4.80613 4.84713 5.00674 5.12056 5.35117 5.67106 6.42347
6.97086 7.64467 7.21967 7.45633 8.63556 9.43923 9.66101 10.91624 11.76513 11.59480 11.97994
13.50053 15.00538 14.13610 14.14757 15.11552 13.54072 12.74263 11.05315 10.28102 9.04443 8.16481
7.51535 6.59286 6.49593 6.60037 5.82115 5.01216 4.72118 4.76278 4.61394 4.39759 4.16326 3.93126
3.88310 3.99828 4.07679 3.78393 3.77904 3.76209 3.99092 3.88437 3.99963 4.67288 5.09405 5.69896
6.76694 7.81308 7.94733 8.21098 8.81642 8.83120 8.26994 7.22506 7.73061 6.73804 6.25941 5.65833
5.32350 5.95520 5.97117 7.68503 8.78441 10.46423 10.19176 10.64462 9.10031 7.64941 6.10902
4.87033 4.33272 4.20009 4.48548 5.02337 5.36224 6.32148 6.20769 6.00596 4.90782 4.44164 4.44388
4.49379 4.91477 5.96169 7.33683 7.98853 7.38044 6.30048 4.87335 4.75295 5.01961 5.90998 7.41391
9.69726 11.84415 13.34634 15.78386 20.52770 20.48886 20.60721 19.75713 20.10941 17.77227 16.42747
16.59252 14.99268 15.03918 12.48466 12.38503 11.27698 11.48527 10.37640 9.66549 9.54734 9.83648
10.68250 11.45497 12.14918 13.24330 13.36797 13.03275 12.02938 11.48584 10.19180 9.19937 9.56431
8.79348 9.36388 8.94636 9.10716 9.60315 9.47526 10.33124 11.47251 13.60567 13.41355 12.21429
11.56858 11.54400 11.87532 12.58246 13.68461 13.53351 13.33637 12.68163 12.73651 12.09120 11.97976
11.91600 12.87115 12.81971 13.07096 13.61261 12.13121 10.59853 10.82384 11.23010 10.91875 11.66802
12.48173 13.36849 14.16331 14.12412 15.91009 17.35962 16.67468 15.10147 15.22403 13.85569 13.52586
13.19886 14.59823 15.14440 16.14916 16.63642 19.61145 19.68079 21.45361 21.87059 24.71231 22.55733
22.32696 22.76467 23.94134 20.00412 19.44386 22.45176 21.73870
C1905x2TS215_3 0.3972183 16.28860 20.83753 14.54452 14.05761 11.48602 11.70489 11.49911 9.01030
11.31271 10.52134 11.76879 12.46511 13.28134 15.40965 14.04417 17.59012 15.78212 16.11949 16.11775
17.12276 17.04034 17.79916 17.59124 16.76910 17.67445 17.18184 16.89238 17.14126 17.84875 18.38602
17.10479 18.29186 18.17536 18.64410 17.00739 17.71107 17.98724 17.25375 16.31020 16.58272 15.39242
14.56923 13.74706 13.40373 14.90363 14.40810 13.33081 10.86199 9.37408 8.81657 8.10089 7.34483
7.17242 6.92783 6.86211 6.95485 7.31446 8.54365 9.28817 10.84203 12.03887 11.54019 10.29694
9.35532 9.59068 8.90232 8.17451 8.20669 7.76767 7.07282 6.42798 6.28414 6.74281 6.75840 6.94548
7.69998 7.74900 7.49260 7.17406 6.39384 6.01544 5.43815 5.00053 4.77441 4.81775 4.93654 5.05261
5.02639 5.38057 5.48068 5.50856 5.43588 5.85697 6.25571 6.82636 7.16516 8.02222 8.93030 8.87197
8.79739 9.25124 9.34342 8.68537 8.26015 8.17314 7.35053 8.59811 8.67616 7.49486 6.03267 4.80254
3.86821 3.64796 3.08670 2.80869 2.72821 2.57957 2.66868 2.63536 2.64659 2.68598 2.71644 2.65716
2.65479 2.67169 2.84373 3.30676 3.41009 3.52766 3.96730 4.93983 5.64753 6.31074 7.54814 9.19144
10.59877 11.50951 11.81546 11.70000 11.40197 10.91659 9.41373 8.43283 7.31495 6.50173 6.72799
8.35389 10.02052 12.58624 13.05272 12.45201 10.95406 10.46408 9.27506 7.81241 6.50649 6.21139
5.13347 5.40867 5.26282 6.25969 6.47008 8.18999 8.39658 7.61151 6.36367 6.77132 5.72284 6.43630
5.93231 7.43337 7.87401 8.80730 8.10269 7.38038 6.75346 6.16292 6.28134 6.22843 7.08073 8.00770
10.36639 12.62609 14.75273 16.59958 15.90823 14.67420 15.27092 16.19678 17.31542 16.98946 16.68033
14.69731 14.48537 14.49511 13.64489 13.15068 12.78309 10.65307 10.36324 8.65025 8.45565 8.31389
9.25350 10.38252 11.51757 12.88700 12.91561 12.31033 11.48905 10.56386 9.77852 9.52456 9.19399
9.87654 9.85690 10.96955 10.80975 10.79813 10.22151 10.59232 11.13230 11.05507 12.04243 11.93398
11.60307 11.89381 11.98915 12.51612 12.80212 13.26803 13.43742 14.35360 14.60338 14.91268 16.39265
17.47671 15.39711 15.44911 14.18105 13.24873 11.88412 10.37425 9.54137 8.95217 8.77081 8.76845
8.64025 8.96454 9.50306 10.06420 10.90865 11.98415 12.57271 12.22118 11.60942 11.56700 12.06908
12.50251 13.24324 13.90625 14.30121 15.78785 15.95408 17.27142 17.64696 20.04789 17.09841 18.50066
17.63389 16.86587 16.16114 16.15800 18.67654 18.79255
C1905x2TS215_4 0.3896445 17.17567 23.49774 16.99095 17.99440 14.53910 14.37017 15.56084 12.22440
14.84651 13.86088 16.08957 15.71546 16.28575 17.96824 15.64152 18.47674 17.27960 17.33640 17.67159
19.45340 18.51422 17.17897 19.24275 18.44872 18.64715 18.12179 19.43961 20.52887 21.11414 22.88146
21.37867 22.02678 20.78110 19.45486 16.81511 15.50017 14.43820 12.89394 11.09941 10.77696 9.66800
10.49885 10.36670 9.46119 10.71761 10.24984 9.37094 9.18751 9.08468 9.21038 8.69701 8.02469
8.85180 8.70382 8.45544 7.71732 8.02487 8.23890 7.63150 8.83295 8.49154 7.80245 6.84294 7.02332
7.17027 7.23574 6.71756 6.88682 6.60538 6.24031 6.14528 5.80608 5.83597 5.91576 5.85995 5.81800
5.67455 5.41296 4.98526 4.53917 4.29830 4.08183 3.85262 3.97060 3.87518 3.78803 3.74144 3.84221
3.76121 3.67460 4.07002 4.62378 5.20871 5.18944 5.93624 6.62736 6.91973 8.05949 8.48490 9.04432
8.87840 9.69364 10.41959 11.21660 12.30488 14.16975 16.38630 16.28834 17.74543 15.65974 17.29525
18.68163 16.19681 13.68503 13.00791 11.47869 9.95015 7.84234 6.73222 6.45102 6.54908 5.86005
5.60087 5.65947 5.24699 5.00580 5.20914 5.03744 5.25700 6.07077 6.53032 6.45874 7.15568 7.93337
8.58107 9.86413 10.52765 9.99799 11.72902 11.20056 11.34698 10.63326 9.71366 8.08701 6.80057
5.48693 4.95270 4.88857 5.23774 6.27438 7.57675 8.38861 7.46738 5.83905 4.80244 4.00528 4.32931
4.39753 4.88659 6.24128 7.08562 7.50732 8.87992 8.80061 9.11949 8.22580 7.10254 6.25036 5.81435
6.67374 8.33506 9.99025 11.69335 11.17504 10.05402 8.03771 7.20565 7.17996 8.32758 10.48461
12.35154 14.50141 16.67139 16.88260 15.75391 15.59897 15.46854 15.60420 17.71573 17.41115 16.60111
16.38776 16.39655 16.40995 14.94136 13.71677 13.40932 11.98781 10.47660 9.90436 9.65363 10.38872
10.75250 11.34724 11.66175 12.34335 13.28375 11.72675 11.75676 10.08184 9.63077 8.07295 7.84154
7.39021 8.05949 8.66304 10.23714 12.15073 13.30337 14.06575 14.13543 14.36704 14.47110 14.70566
15.13339 15.03244 14.70864 13.50419 13.41804 13.22237 13.09315 13.19720 14.00378 14.84291 15.40475
17.67833 18.46237 18.66856 17.59150 17.47715 16.39844 14.20710 12.45568 10.64983 9.96808 9.56644
9.72165 9.57588 9.78858 10.30771 10.81084 11.78807 11.89195 12.81054 13.25762 13.16955 13.28038
13.63512 14.39462 14.55579 15.93919 16.26273 17.57306 16.29081 17.02203 16.57325 17.01105 16.88590
18.16854 17.04512 17.25456 15.95210 15.87956 19.22038 18.93110
C1905x2TS073_5 0.34942037 18.38449 25.95964 17.82610 18.57304 16.99530 16.43813 17.79417 13.48106
15.95704 14.01556 15.25196 14.60321 14.85452 15.80779 14.91558 17.68895 16.06240 16.98757 17.87336
19.46788 19.02806 18.10399 20.06621 18.76303 18.86303 17.99145 17.51721 17.26778 16.38428 16.42119
15.81206 16.98314 16.71729 17.24207 16.81612 17.17645 17.58255 17.97705 18.18802 18.72410 19.28361
20.19994 19.63675 17.22298 15.99864 16.36182 16.18613 14.75261 13.48488 13.07114 12.57953 11.72078
12.14252 11.75926 11.43459 11.26878 11.26084 10.59994 11.33916 11.78537 11.96605 13.35012 13.88901
14.22356 13.54525 11.28109 8.72855 7.64078 7.16361 6.50079 5.89439 5.90137 5.32875 4.74056
4.62282 5.06332 5.19032 5.05583 4.92573 5.22721 5.02412 4.94382 5.20085 5.49719 5.18672 5.61289
6.09465 6.10188 5.93847 6.83997 7.05238 7.23670 7.92297 8.40026 8.35332 9.74889 10.57662 10.45636
10.56707 11.01891 10.81208 9.59394 8.69554 7.67657 6.58153 6.76240 6.76841 6.24260 6.14526
5.95460 5.42816 5.02447 5.11070 4.76067 4.54052 4.74188 4.59850 4.30474 4.10526 4.30672 4.12909
3.98685 4.42281 4.75934 4.65198 4.84911 5.30403 4.97862 5.20356 5.49416 6.00392 6.60583 7.46993
9.03329 11.52629 14.31283 15.71385 16.92103 17.67405 18.76001 18.37064 15.70993 12.70340 9.48023
7.81813 6.47065 6.30314 6.69856 7.73108 9.03551 11.12605 11.06619 9.78269 7.81598 5.96147 5.27407
5.01935 5.38486 5.72292 7.20298 8.78345 12.41896 13.05771 13.58883 13.91222 13.67242 13.38173
11.95299 10.49089 9.79956 11.49093 13.67113 14.51128 13.81499 13.58846 13.49467 12.53569 13.04980
13.43656 14.56912 15.99681 18.96684 21.10783 23.03768 22.44597 22.68864 20.49662 19.25148 18.43377
16.82053 16.93809 16.46215 15.08943 15.07907 15.45077 14.42405 13.47918 12.41348 11.67488 10.84957
9.91088 10.70923 11.00590 11.99300 15.40794 18.44919 19.55572 18.94157 18.01484 14.59398 12.71392
10.47883 9.66707 8.76734 9.12705 9.94691 10.20708 10.77345 12.41375 14.13746 15.74702 17.91953
16.66781 16.10888 15.66443 14.44464 14.07122 13.78251 13.91055 14.37051 14.88346 15.64649 16.86168
17.40092 17.62412 18.45916 18.38817 18.65601 17.78467 17.17149 16.47941 14.99406 13.62604 11.25259
12.24512 11.59300 12.11019 11.42392 12.11003 13.05442 14.91503 17.13682 17.79375 19.28009 19.50874
20.27122 20.54968 20.55960 20.39878 22.07047 22.29590 23.06890 25.07542 22.04982 23.63587 22.47165
23.55986 23.40442 24.51078 23.73808 23.60240 22.32101 21.98619 23.21891 21.97052
C1905x2TS123_1 0.34849048 17.97288 22.20028 16.21024 16.15067 13.25532 12.25725 14.41936 11.07685
14.82372 14.71818 18.97813 19.34961 21.74051 22.23095 21.00808 23.99742 20.01706 17.74531 16.58888
16.51937 16.79627 14.39581 14.46763 14.21415 13.93127 14.05410 12.25088 11.30293 9.48846 10.34445
8.87202 9.26737 9.88988 10.77505 10.57948 10.87326 11.61614 11.90874 11.04276 10.04069 10.38557
9.05732 8.58198 7.75930 7.78180 7.35393 7.45417 7.26123 6.81614 7.15611 7.20635 6.77927 6.98360
7.06784 7.01525 6.72748 6.77237 7.13719 7.56410 7.78885 7.81542 9.25777 8.76573 8.81019 7.70598
7.78740 7.83353 7.06785 6.33015 6.74033 6.90269 6.73322 7.20344 7.29148 7.46475 8.00774 7.78506
7.59774 7.76692 7.49497 7.59412 8.03937 9.89509 11.82949 13.07940 13.84714 13.76611 13.71549
14.44236 14.36113 13.07368 11.61447 12.38611 12.49676 12.39755 12.29761 12.63025 12.06468 11.20957
10.48981 10.81493 10.05979 9.29503 8.89143 8.84204 8.99023 8.29545 7.95454 7.76839 7.57806
6.90924 6.46876 6.52591 6.80020 6.49024 6.18859 6.73874 6.07846 6.80710 6.40382 5.95113 6.09906
5.06720 4.67287 4.92439 6.23252 6.36246 7.13587 7.87694 8.20360 8.08506 8.30863 8.33802 8.80273
9.25085 9.14608 9.99112 10.93254 11.26192 10.55570 10.95106 10.90653 10.44328 8.73147 7.92973
7.09199 7.73294 8.46957 10.27444 12.26854 15.74238 14.26207 12.42588 9.92723 7.11545 6.04493
5.13060 5.32910 4.95835 5.70259 6.69709 8.37301 9.04315 8.50021 7.00672 5.48644 4.69870 4.39768
4.69105 5.45615 7.21000 9.80334 9.41501 8.22043 6.58300 5.49755 5.11891 5.21064 5.77947 6.75163
7.77641 8.65817 8.65651 8.67778 8.52034 8.52833 8.66546 9.78433 11.84414 13.40281 15.75801
16.11585 15.65614 15.09708 14.09781 13.39170 12.58391 11.99210 11.27934 10.67208 8.75859 8.50697
8.05832 9.11460 9.53062 11.46121 12.74809 14.06277 13.53045 12.83066 11.71761 10.17378 10.96690
10.51953 10.95344 10.90476 10.32813 9.71863 9.04635 8.25765 8.67769 9.62934 8.71684 8.92543
8.89667 9.42647 8.99674 10.88608 11.66262 11.69755 11.90990 12.13980 11.55142 11.37319 11.01636
12.25793 12.27234 13.66512 14.25127 14.38279 13.41390 11.34027 10.38579 9.63928 10.93588 11.45881
12.71178 13.02427 14.00686 15.37734 17.12505 18.55828 18.48373 16.98467 17.22678 17.20254 16.39235
17.06316 19.08282 20.13639 18.76442 18.93729 19.73470 18.86408 20.50766 20.54911 19.84164 19.31502
21.03431 19.27507 18.56931 18.14717 18.07287 19.97200 19.44103
C1905x2TS073_3 0.34677178 20.75209 29.26912 23.17266 25.16396 22.24810 19.98006 21.10413 15.10479
18.51413 15.71453 17.34832 17.29586 16.82307 17.30531 15.96280 19.73507 18.31447 20.38480 20.08206
20.58077 21.01352 21.01634 21.37859 20.03237 20.69969 19.70385 19.28764 20.00807 18.00342 17.01617
14.31797 13.43326 12.31077 13.32447 14.50096 16.40755 17.30123 18.10904 17.04964 17.32145 14.12851
13.75968 12.41635 12.87559 11.88172 10.54037 10.48864 9.53888 9.37467 10.14137 10.74235 10.55749
11.23438 10.89505 10.89317 11.21385 11.22007 12.20469 12.24101 12.70407 12.55228 13.85108 13.18497
11.99707 11.83275 11.13173 9.78291 8.43356 7.86413 7.38284 6.59991 6.31245 5.76113 5.38179
5.00292 5.18682 5.40791 4.37966 4.34024 4.35639 4.03677 3.91098 4.61586 4.56094 4.48287 5.12829
5.46035 5.42138 5.64896 6.39805 6.41357 6.53935 6.75351 7.49719 7.21969 8.03128 9.54408 10.06179
9.74912 9.40764 9.29592 8.30445 8.38825 7.59964 6.80319 6.99639 6.82152 6.01009 5.50725 5.47144
5.01633 4.41856 4.55519 4.61910 4.18210 3.91580 4.17682 3.67791 3.36230 3.31226 3.64606 3.43329
3.99672 4.22457 4.47630 4.48364 4.71877 4.86424 5.18512 5.19841 5.39902 5.81071 6.78143 7.61704
8.35059 9.54078 11.22528 13.79080 16.48090 15.94091 16.34333 16.55753 13.73521 10.50117 8.28569
6.72638 6.71177 7.57485 9.15374 11.42638 11.80022 13.22981 12.39953 11.74437 11.50809 9.88399
8.76877 8.70931 8.06531 9.50637 10.98223 13.09490 14.84020 13.51995 12.74386 11.93011 12.21692
12.12895 11.31804 11.34094 12.45403 15.14711 15.92258 16.26211 14.50734 13.83566 12.05309 12.35332
12.04701 14.56145 14.86478 18.24703 20.21244 21.46754 21.10950 21.50603 20.69034 19.43171 19.04062
17.58333 18.16629 17.14815 16.86536 15.61080 15.17748 14.55881 13.65261 12.61140 12.01077 11.32473
11.53117 11.96844 13.06505 14.95623 17.09528 17.77280 17.71651 17.27560 17.09613 15.68819 14.91995
14.31432 13.86311 13.42388 13.62690 13.66407 14.55411 15.23427 16.40183 17.14947 17.23246 18.52281
18.59679 17.99944 17.15361 14.94850 13.60036 12.61002 11.83952 12.05255 12.40619 13.02907 13.15858
14.37532 15.02115 16.31427 17.34484 18.46277 17.71079 18.29529 18.03564 16.94285 15.75287 14.57381
14.14153 12.32163 12.16653 11.54516 12.29014 14.09540 15.16283 18.38752 18.49545 18.30832 18.36118
17.44497 16.50145 17.30344 17.81407 17.90343 17.60805 17.92076 19.89555 19.60223 20.14025 19.46878
21.13001 21.60987 24.29319 21.24853 21.54094 20.90217 21.27657 22.26647 21.37123
C1905x2TS073_1 0.346272 16.86240 21.43459 14.94092 16.35005 16.16054 16.43538 17.51729 14.03728
18.48567 17.52000 20.50555 20.92229 20.09316 20.23290 17.55188 19.82451 17.63491 17.66863 17.44480
18.93012 19.62806 18.67210 18.94296 17.86143 18.80687 18.19309 17.60648 17.67793 17.32919 17.38585
15.49140 15.40088 15.00538 15.43483 15.98251 16.85038 17.80369 18.74617 17.75684 17.54387 17.36525
17.47447 17.76844 17.99382 18.29978 17.47285 17.31672 17.69782 18.44348 17.61987 16.69086 17.43604
19.21844 20.23818 20.44444 20.21856 19.23745 17.66280 16.67983 16.50002 17.82700 18.16608 17.67549
17.36094 16.96106 16.88888 12.41602 10.67845 8.19624 7.02369 6.73251 6.47095 5.65643 4.91559
4.71060 4.47832 4.12016 3.95416 4.04570 4.21394 4.27703 4.72473 5.15044 5.10613 5.22250 5.79473
6.02971 5.95874 6.14224 7.00798 7.04062 6.96961 7.45710 7.70711 8.02709 8.66962 9.92587 11.06950
11.08830 11.26586 11.14738 10.54446 9.25233 8.51180 7.54804 7.35215 6.90610 6.15830 5.78775
5.70269 5.09533 4.52578 4.62206 4.53959 3.85133 3.59095 3.64943 3.29865 2.93580 2.99736 2.95473
2.91734 3.13631 3.41095 3.13906 3.06268 3.76865 4.26144 4.43486 5.30002 6.09343 6.47651 6.96116
8.11863 9.08344 9.71633 11.15347 14.05358 14.97326 14.73468 14.05188 11.37644 8.68741 6.29917
4.83321 4.08079 3.91727 4.18426 5.20262 6.35507 7.96310 8.94413 7.92763 6.64612 5.12319 4.43395
4.21658 4.50391 5.42212 7.55444 10.09835 14.13663 15.90026 16.10268 15.08889 13.09339 12.75804
11.14973 10.91872 11.61405 13.35791 14.93214 16.41380 16.55091 16.64193 14.92068 12.75460 11.32617
11.03331 12.00929 14.01671 16.94824 20.72081 22.92815 21.56954 21.05413 17.53224 16.92279 18.89744
18.50070 18.63492 19.52159 19.61290 17.98902 16.44871 14.96565 12.81384 11.48131 10.07420 10.13599
10.41421 12.26580 13.98364 18.14524 18.86908 20.13035 19.58047 19.82814 19.01021 17.72472 16.43036
15.47264 13.97828 12.97898 11.95643 12.18148 12.38878 13.26006 14.84533 15.15939 15.56124 16.15597
15.52720 15.19470 14.29529 12.97961 13.45339 12.99667 13.03847 13.11848 12.96042 13.94124 15.06551
16.65942 19.17740 19.32307 19.15120 20.41665 19.97094 19.40853 18.46427 18.58412 16.89953 15.39333
15.46332 15.30507 16.31073 15.62479 15.42245 15.66138 16.81902 19.10593 20.32089 20.49972 20.23219
21.07828 20.89612 22.32146 21.90643 22.22982 21.04850 21.68481 23.51747 22.95148 22.63873 21.86016
22.26278 21.21407 21.89507 20.63553 19.67717 17.71187 18.16402 20.94279 19.91709
C1905x2TS123_2 0.34583786 14.39468 16.52056 12.22262 11.05754 9.30908 8.29867 9.36575 7.97026
11.07635 12.17687 13.49146 13.53639 13.75047 15.10552 14.18447 17.58023 15.91174 18.16554 17.11893
19.61942 15.50981 15.60302 15.44459 15.63208 15.40697 14.99732 12.72099 11.38509 9.69247 10.11767
9.53155 9.83267 9.77948 10.44872 10.70325 11.18961 11.74235 11.40781 10.93862 10.58525 10.03713
9.82685 8.24276 7.48876 6.76292 6.38856 6.45051 6.06023 6.32660 6.52633 6.59552 6.40190 6.55829
6.41012 5.93431 5.56006 5.26450 5.09959 5.06684 5.13539 5.23353 5.52217 5.95819 6.38920 6.14264
5.80922 5.80679 6.10674 5.98704 5.73865 5.84275 5.61033 5.42245 5.35401 5.21125 5.36081 5.36471
5.09247 5.46351 5.71824 5.62049 6.25537 8.40806 9.92124 10.27813 9.63375 9.44369 9.24375 9.53678
10.37737 10.72416 11.55668 11.38643 11.89495 11.91524 12.02424 11.72993 11.23295 11.49222 11.68814
11.89692 10.84256 10.53516 9.32012 9.39376 9.66550 9.56597 9.03419 8.82495 8.45370 7.73866
7.22138 7.19571 7.01494 5.96933 5.47622 5.85182 5.47349 6.54700 5.69713 5.47146 4.88537 4.80495
4.91657 5.11059 5.26693 5.60169 5.84053 6.13051 6.08935 5.84271 5.73655 6.04587 6.43724 6.97980
7.45700 8.25381 8.71357 8.33733 7.51715 7.26297 7.05974 6.09487 5.82565 5.64485 5.53137 5.55633
5.63787 6.56625 7.83550 9.92297 10.24737 9.49077 8.14200 6.81905 5.87864 5.11621 4.84914 4.39773
4.74699 5.51994 6.37717 6.76806 6.71015 6.04928 5.32344 4.77763 4.60647 4.71829 5.38800 6.07344
7.28306 7.83352 7.35023 5.72249 4.58567 4.48187 4.41316 4.81043 5.88057 7.04319 7.67289 9.48827
10.10173 10.34658 10.11548 10.65361 11.46762 12.63652 13.51523 13.68237 13.63696 13.28476 12.97639
12.76269 13.26505 13.68521 15.05863 17.68828 19.00333 20.09875 19.84605 18.63051 17.61277 16.68340
15.94951 15.28308 15.38503 14.15634 12.63606 12.13969 11.62919 12.43743 13.04257 13.43623 12.24673
12.66021 11.98984 11.16868 11.45201 10.91857 10.20605 10.63663 10.97178 11.70843 12.92380 12.84624
14.31699 14.65119 15.24697 16.63169 16.90554 17.66097 16.49919 17.40109 17.56106 17.43319 17.79937
18.96751 19.55268 18.98419 19.50941 21.23040 21.43392 22.41118 25.13646 24.93500 22.93940 22.75220
23.30168 23.96712 24.05942 25.17148 25.44110 25.07769 25.37242 25.36097 26.04711 25.78701 26.84420
26.18887 25.67869 27.09499 26.07656 25.33787 25.21189 26.29815 24.82992 26.78800 26.35452 26.99617
24.57273 24.61551 22.49771 21.38891
C1905x2TS123_3 0.34440824 16.91620 23.84229 16.18840 16.99248 15.49220 15.14174 16.30388 12.80373
15.70303 13.97818 14.77580 14.43984 13.86451 14.82343 13.55337 16.61191 15.54049 16.27521 15.16929
15.96583 16.60999 16.02771 17.57744 17.09173 18.31294 17.04930 16.23892 15.02443 13.69814 14.43680
12.74837 14.46665 14.10791 14.98450 13.92919 14.89614 14.86010 16.04640 16.14043 17.50691 17.01701
16.54268 15.88513 15.88658 14.75730 12.93015 11.70297 9.71665 9.32737 8.46453 8.38766 8.27820
7.68127 7.64135 8.30581 9.05824 9.75726 10.08872 10.77033 11.11432 12.05264 12.82408 12.41048
10.99337 10.83659 9.31502 8.14192 8.03500 7.66785 7.40379 6.44552 6.06412 5.70363 5.35864 4.74874
5.13819 5.46440 5.38993 5.42055 6.08741 6.15866 6.50569 6.85304 7.41225 7.39770 7.55571 7.84809
8.01559 8.09802 8.72875 9.07734 9.35765 9.71637 10.48143 10.55478 11.00021 11.60162 12.90016
11.86879 11.53333 10.94225 11.01064 9.53004 9.23405 8.48195 7.65170 6.64262 5.37741 5.36313
5.18670 5.28511 4.89970 4.64566 4.32241 4.14668 3.71421 3.50846 3.61796 3.71491 3.73862 3.98705
4.13931 4.37064 4.45860 3.99222 4.05296 3.88326 3.75698 3.76865 4.30097 4.78490 5.32734 6.13119
6.75710 7.45241 8.19934 8.34753 7.60508 7.58324 8.03054 7.87452 9.23025 10.99782 9.47064 8.43734
7.44277 7.04381 7.62095 8.96216 10.93574 12.94724 13.55292 12.72784 10.70397 8.73168 6.58054
5.83839 5.57184 6.77168 8.76335 11.63415 13.23091 13.20861 13.16682 11.92650 11.36485 10.60383
10.85792 10.47411 11.51504 12.20949 15.93954 16.45777 16.19540 15.69052 15.21667 13.77293 14.32344
14.06034 13.98756 13.53801 12.75896 12.39086 11.46019 10.59844 10.51003 10.87071 11.11815 11.43424
11.40283 11.72204 11.64714 12.10368 11.92515 11.17177 10.73833 10.54532 10.62100 9.60663 9.72692
8.87637 8.99005 9.03162 9.36250 9.73745 9.63150 10.28943 11.74814 12.00480 10.68202 10.53503
10.04917 10.39290 10.40572 10.52163 10.71146 11.10986 12.16343 12.80518 13.46560 14.78998 16.15439
16.35395 16.43879 17.15603 15.99271 15.65794 14.13046 12.44352 11.83567 10.78395 11.36689 10.71006
11.30938 11.56429 12.21151 12.75421 14.40193 14.62255 15.67606 15.85523 14.07446 13.45977 12.82212
13.26525 13.11932 13.14873 12.59569 13.22280 13.21671 13.98197 14.43429 14.43730 13.37445 13.75016
13.10292 14.44083 14.65513 15.70119 16.90097 16.42781 16.31889 18.97850 17.96704 18.30994 18.80718
18.19771 17.21048 18.73486 16.68216 16.35455 15.46163 15.94485 19.25021 19.07458
C1905x2TS073_4 0.34038886 17.52201 22.78547 16.48879 18.73899 18.39501 17.89238 19.44584 14.65085
17.69814 15.43615 17.00058 16.64658 16.17631 17.19835 15.96801 18.04209 17.08226 16.41317 16.17263
17.24677 18.29037 17.80584 18.53345 17.79727 17.15070 16.49738 16.14813 15.78193 14.64034 15.83793
14.14820 14.74602 14.43483 15.58533 15.04810 16.04884 18.11754 18.52999 16.79311 16.85953 15.93309
15.04632 13.17724 12.24628 12.20269 12.05146 11.47538 11.75459 12.32540 12.10437 12.16374 13.27659
14.09550 13.59238 14.25195 14.45670 15.73225 15.14642 16.13797 15.22903 15.32495 15.04385 16.87592
16.68601 15.73678 14.83644 13.22780 10.33871 9.00150 8.63133 7.69270 6.87339 6.29640 5.51288
4.77391 4.12447 4.09804 3.81561 3.69461 3.65488 3.82655 3.84347 4.01969 4.29027 4.52093 4.88036
5.31554 6.12372 6.56046 7.33514 7.54356 7.45799 7.88696 7.98137 8.35930 9.00298 10.04711 10.54026
10.66595 10.20268 9.57369 8.26025 6.95003 6.41136 5.64240 6.04770 6.11746 5.50484 5.21459 5.37606
5.10254 4.35116 4.23177 4.31649 3.87235 3.52524 3.51993 3.66460 3.13675 3.05535 3.10117 3.32175
3.15194 3.27398 3.46889 3.40751 3.29167 3.51190 3.89781 3.81477 3.88358 4.24446 4.52078 5.45090
6.38389 7.26469 9.02875 10.65622 14.18165 15.42988 15.68176 15.18374 15.05050 12.38573 11.66126
10.07691 9.30843 10.05553 11.27062 12.48333 14.09465 14.76921 14.15489 13.14738 12.57024 11.53627
10.84956 10.54084 11.08416 12.82917 14.52234 16.58344 15.39090 13.44772 12.93072 12.17935 12.04595
11.48368 10.71514 11.98447 13.53395 16.12320 17.63021 18.36866 17.93800 16.27514 13.46271 11.58754
10.05230 10.08052 11.53543 13.82679 16.63067 19.16446 19.78921 19.97691 18.66406 18.56719 19.44473
19.62388 19.24843 17.95389 16.48964 15.54239 14.37294 13.56573 13.22120 12.89545 13.81435 14.61568
15.41681 15.12094 15.40383 16.66462 17.36856 18.61182 18.71719 18.92207 18.45235 16.44583 14.12262
12.73518 11.33399 11.95491 12.96528 13.14922 13.37077 13.35173 13.99586 15.21269 16.84834 19.93073
19.40102 17.55335 16.93357 14.89197 13.94289 14.10160 14.52998 14.98152 15.53002 15.50850 15.05220
15.79983 17.34587 17.32049 18.15877 19.30297 19.39708 18.25544 17.87882 17.16009 15.95618 15.75241
15.31956 15.50100 15.29475 14.49085 14.00706 15.64538 17.80383 18.55910 18.52664 19.73896 19.73910
18.93829 18.77320 19.36938 18.69003 18.89921 18.14012 18.51880 20.13849 19.99367 20.86888 19.24639
20.56547 18.78028 21.03682 19.23356 20.71802 18.83613 18.11731 20.25155 19.11708
C1905x2TS123_5 0.3378418 19.30015 28.17630 23.14118 28.11570 24.61859 24.14401 25.26746 18.97766
25.46956 21.16417 22.95535 23.54284 24.50454 24.36475 22.98026 27.32036 21.99815 21.32229 20.54732
20.89408 19.41491 16.42505 16.84042 16.06780 15.73036 16.63818 17.24686 17.75174 18.60832 19.56776
18.27893 18.18345 17.80243 16.65338 14.86846 12.38979 11.96006 10.50312 10.12171 8.90248 8.73165
7.72518 6.87293 6.59840 6.35710 5.76390 5.71695 5.64122 5.47745 5.54637 5.71349 5.55788 5.66998
5.67870 5.61203 6.06883 6.36832 6.54140 7.19348 7.46944 7.85929 7.56379 8.47075 8.77464 9.30595
10.15842 10.66636 10.76789 10.99637 10.68692 9.45367 8.95325 9.14096 8.58013 8.06534 8.08726
7.65123 6.24455 5.65048 5.30998 4.87898 4.49903 4.76636 4.65546 4.61122 4.72643 4.96259 4.96972
5.33566 5.70756 6.07743 6.65800 7.16714 7.88016 9.20492 11.09301 12.49402 13.51368 12.81893
12.66685 11.60225 10.54815 9.07438 7.07160 6.47691 6.20511 5.80794 5.24505 4.81686 4.43146
4.27554 3.99349 3.94856 3.59748 3.35053 3.49400 3.52133 3.49299 3.63293 3.92320 3.45770 3.47553
3.68626 4.43468 4.50652 5.00725 5.85892 6.63061 7.57435 9.44439 11.49033 12.90020 11.58594
13.04474 14.44030 13.25249 12.78654 11.27143 10.92234 10.37983 11.65641 13.82730 15.09853 13.68990
11.45572 9.82343 9.68232 9.83550 10.91669 12.80417 15.14198 14.09249 12.74494 12.90785 12.07342
11.88668 12.19493 11.69234 12.10361 12.12270 13.92746 14.77969 15.25085 14.01639 13.96200 14.05619
13.04425 13.01403 12.52706 12.88155 13.37762 15.17292 16.40610 17.35979 17.35866 16.71988 15.15175
16.32211 15.95859 14.53227 14.52337 14.98459 15.21609 13.01498 11.71759 11.36025 11.49178 11.91949
13.25992 15.42093 16.18645 15.62365 15.51564 15.36324 15.54587 15.90862 17.16282 17.42497 18.84064
21.83353 22.10210 23.08700 24.23809 23.04325 20.64851 21.52217 20.43010 19.29464 20.08690 21.84747
23.35986 23.53399 23.68502 23.73138 22.60771 20.67055 19.44440 18.63382 16.87289 16.01730 15.40106
16.19776 15.39619 15.98540 15.03025 15.60342 15.30780 14.89084 15.59871 16.17125 16.75980 18.97446
18.98969 19.00858 17.94034 17.73820 17.71085 18.34850 17.48994 17.58984 16.46639 15.80548 14.55416
13.27312 12.58796 12.09643 12.19581 12.37653 13.38450 13.61526 15.16506 17.19514 18.34248 18.84918
20.15766 19.32269 19.71125 20.47941 19.68273 20.30397 19.26469 17.92641 18.38696 18.10580 18.24602
18.66810 19.93410 19.08227 19.82089 18.69532 18.91541 17.95564 16.82603 19.69330 18.54603
C1905x2TS123_4 0.3378418 19.30015 28.17630 23.14118 28.11570 24.61859 24.14401 25.26746 18.97766
25.46956 21.16417 22.95535 23.54284 24.50454 24.36475 22.98026 27.32036 21.99815 21.32229 20.54732
20.89408 19.41491 16.42505 16.84042 16.06780 15.73036 16.63818 17.24686 17.75174 18.60832 19.56776
18.27893 18.18345 17.80243 16.65338 14.86846 12.38979 11.96006 10.50312 10.12171 8.90248 8.73165
7.72518 6.87293 6.59840 6.35710 5.76390 5.71695 5.64122 5.47745 5.54637 5.71349 5.55788 5.66998
5.67870 5.61203 6.06883 6.36832 6.54140 7.19348 7.46944 7.85929 7.56379 8.47075 8.77464 9.30595
10.15842 10.66636 10.76789 10.99637 10.68692 9.45367 8.95325 9.14096 8.58013 8.06534 8.08726
7.65123 6.24455 5.65048 5.30998 4.87898 4.49903 4.76636 4.65546 4.61122 4.72643 4.96259 4.96972
5.33566 5.70756 6.07743 6.65800 7.16714 7.88016 9.20492 11.09301 12.49402 13.51368 12.81893
12.66685 11.60225 10.54815 9.07438 7.07160 6.47691 6.20511 5.80794 5.24505 4.81686 4.43146
4.27554 3.99349 3.94856 3.59748 3.35053 3.49400 3.52133 3.49299 3.63293 3.92320 3.45770 3.47553
3.68626 4.43468 4.50652 5.00725 5.85892 6.63061 7.57435 9.44439 11.49033 12.90020 11.58594
13.04474 14.44030 13.25249 12.78654 11.27143 10.92234 10.37983 11.65641 13.82730 15.09853 13.68990
11.45572 9.82343 9.68232 9.83550 10.91669 12.80417 15.14198 14.09249 12.74494 12.90785 12.07342
11.88668 12.19493 11.69234 12.10361 12.12270 13.92746 14.77969 15.25085 14.01639 13.96200 14.05619
13.04425 13.01403 12.52706 12.88155 13.37762 15.17292 16.40610 17.35979 17.35866 16.71988 15.15175
16.32211 15.95859 14.53227 14.52337 14.98459 15.21609 13.01498 11.71759 11.36025 11.49178 11.91949
13.25992 15.42093 16.18645 15.62365 15.51564 15.36324 15.54587 15.90862 17.16282 17.42497 18.84064
21.83353 22.10210 23.08700 24.23809 23.04325 20.64851 21.52217 20.43010 19.29464 20.08690 21.84747
23.35986 23.53399 23.68502 23.73138 22.60771 20.67055 19.44440 18.63382 16.87289 16.01730 15.40106
16.19776 15.39619 15.98540 15.03025 15.60342 15.30780 14.89084 15.59871 16.17125 16.75980 18.97446
18.98969 19.00858 17.94034 17.73820 17.71085 18.34850 17.48994 17.58984 16.46639 15.80548 14.55416
13.27312 12.58796 12.09643 12.19581 12.37653 13.38450 13.61526 15.16506 17.19514 18.34248 18.84918
20.15766 19.32269 19.71125 20.47941 19.68273 20.30397 19.26469 17.92641 18.38696 18.10580 18.24602
18.66810 19.93410 19.08227 19.82089 18.69532 18.91541 17.95564 16.82603 19.69330 18.54603
C1905x2TS103_1 0.3295093 18.49584 26.43578 21.47115 21.97488 19.74342 20.43630 21.58271 17.51978
22.79158 22.19210 26.74810 25.57162 24.67585 25.39848 21.06374 23.24081 21.36813 22.10081 19.19542
19.19030 18.33184 17.01798 17.42097 18.31582 18.77204 20.04327 18.09602 17.68810 16.25773 18.91279
17.19749 19.18916 18.54587 18.58761 16.30741 14.34323 12.94280 13.00709 11.91967 11.63394 12.04263
11.90894 10.71792 9.43376 10.18190 9.31639 8.89110 9.20287 9.02425 8.33471 8.35032 8.56969
8.93835 8.70252 9.70449 10.20461 10.65272 11.02488 13.21847 14.35503 16.28636 16.72893 17.66036
16.11812 14.55266 12.71744 11.37847 11.72597 11.63106 10.69136 10.90210 10.48572 9.63647 9.37046
9.37948 9.26570 9.75201 8.53817 7.51143 7.06497 6.93862 6.45375 6.34881 6.83758 6.81624 6.65230
7.12711 7.75103 7.87362 7.98350 8.56393 9.12464 9.21950 8.94090 9.87800 10.11198 10.39251 10.26010
10.20581 9.63009 8.83373 8.08298 7.34900 6.61398 6.69248 6.82082 6.30358 5.93816 5.71957 5.74223
5.74371 5.80912 5.88929 5.84258 6.21216 6.15014 6.03114 6.13992 6.33927 6.61819 6.82245 7.33564
7.77006 8.08281 8.24720 8.61146 8.67357 9.04728 10.48528 12.86121 16.42292 18.05006 20.07870
18.62266 18.12142 17.48021 16.05881 13.78592 13.32348 13.09809 13.34183 14.25970 13.24996 12.56356
10.87153 11.37405 10.67402 10.37321 10.15511 10.39374 10.60194 11.29216 12.07724 11.85534 9.69737
8.23454 7.71354 7.77480 8.69357 10.16677 12.70102 15.04679 15.34188 15.41146 14.03373 12.65118
10.73006 10.66808 10.34664 10.65384 10.30856 11.11935 11.56060 11.78355 10.83680 10.42406 10.85501
11.73056 13.30867 14.41860 15.02284 16.80288 18.09091 18.78891 17.18559 15.55337 13.51614 13.44370
13.94085 14.61351 15.68987 17.23097 17.11273 16.87535 15.95499 14.96534 12.94456 10.91381 8.80534
7.70261 6.84093 6.82581 7.12461 7.57368 8.31171 9.93668 10.69933 12.02734 12.63130 11.73161
10.19591 9.11786 9.05186 9.02840 9.77876 9.50654 9.54581 9.64448 10.21073 11.21035 12.87819
13.38893 12.96613 13.16288 12.95458 13.31122 14.50237 16.37510 17.34856 17.54656 16.28241 14.86478
15.43463 16.29987 16.59406 17.60281 17.60252 17.03520 16.66927 17.78786 17.34407 16.38559 16.01582
14.79223 13.74545 13.38727 12.84356 13.38410 14.30644 15.19661 15.06241 16.50006 17.33064 17.18234
16.86398 17.00569 17.66197 17.13697 17.33497 18.24234 17.99150 18.06245 19.45020 18.68516 20.11082
19.21807 20.14507 20.34356 21.48027 20.26508 21.77935 19.67727 20.60117 21.73275 19.95240
C1905x2TS073_2 0.32731566 15.75716 21.92716 15.90786 18.37950 16.40097 15.87616 17.36369 12.73289
15.59719 14.52643 15.83862 15.14073 15.63293 17.74532 16.25060 19.13553 17.27292 17.11598 16.12600
16.89326 18.15123 18.51781 21.12588 20.29784 20.23561 17.62212 16.36670 16.12195 14.54850 14.50160
13.68663 15.00974 14.98275 16.30432 16.85697 17.79029 18.17262 19.15928 18.79618 18.81421 17.72182
17.52269 15.04816 13.86785 13.73025 13.16635 12.37323 12.20145 12.64233 12.15357 11.50103 13.01676
12.09531 12.03603 11.76882 12.28408 12.73234 12.92751 12.75917 14.02365 15.91541 15.11701 14.52327
13.58168 13.23663 12.74559 12.36950 11.55095 10.59081 9.98923 8.78041 8.08900 7.32495 6.56126
6.46337 5.88739 5.82375 5.65376 5.72789 5.79761 5.82057 6.00182 6.41300 6.43001 6.14709 6.40100
6.49668 6.53165 6.41331 6.84112 7.16094 6.92425 7.73674 7.81948 8.10788 8.70210 9.92485 10.38890
10.43108 10.14845 9.59120 8.67544 7.49671 7.06765 6.15598 6.59823 6.60559 5.97266 5.81599 5.69160
5.43523 5.11509 5.36313 5.05180 4.55304 4.16153 4.06169 3.93783 3.37982 3.70724 3.66189 3.59570
3.78445 4.17195 4.20648 4.29903 5.01984 4.90494 5.17296 5.73497 6.18114 6.68040 7.46959 8.37100
11.48803 13.60121 16.50300 18.26282 19.80552 18.99051 17.62734 16.26961 14.41438 13.23916 12.01307
11.44993 11.18336 11.76446 11.31628 11.79952 13.26646 15.45594 13.41372 11.91210 9.71333 8.61148
8.46255 8.40745 8.44414 9.45564 11.92605 14.16897 15.17397 15.48421 15.11672 13.66142 12.02566
10.81866 8.87720 8.40697 9.11905 10.89140 11.27460 10.92116 11.75295 12.29217 13.30343 15.62751
16.85566 17.19054 17.70130 19.68222 20.11585 19.02050 19.11893 17.74334 17.52919 15.76959 15.81549
14.79592 14.10101 14.17932 14.44555 14.62956 14.97704 14.23288 14.30811 13.14345 11.60375 11.09120
9.93004 11.03119 12.35714 14.08786 15.32905 17.03102 17.69172 17.46737 17.73646 17.80379 17.36771
16.19187 14.60267 11.98766 10.93533 10.45168 10.97082 11.45200 12.58928 14.08548 14.42070 15.57242
16.17821 16.96994 16.87264 15.56386 14.89196 13.64002 13.80785 13.53951 13.23749 13.23198 13.32562
13.98307 15.84866 16.32946 17.81576 17.93567 18.56396 18.42433 18.95959 17.63632 17.47865 16.80636
16.49920 16.05664 15.80238 15.19184 14.53088 14.54869 15.98758 16.83008 17.59516 18.12934 19.65659
19.26440 19.77944 21.86334 22.74078 22.77105 22.87375 22.33777 22.13439 22.06208 23.27019 22.53507
22.19000 22.03436 24.84146 23.79888 22.08353 19.69130 20.30778 23.01915 21.12357
C1905x2TS067_1 0.30842727 22.27202 29.64277 22.41202 26.52363 23.07171 23.68580 27.49701 20.02896
23.22771 20.94712 23.29420 21.09702 21.92668 24.41792 21.67044 25.03344 23.06627 25.80196 22.68375
24.06809 22.98061 22.23713 24.10374 24.63419 23.74345 24.66035 23.21809 21.31877 21.19943 22.55173
19.93339 19.59060 18.62217 17.95342 16.20498 17.83662 18.08683 17.52242 17.60089 17.07696 16.03985
15.18366 14.64582 14.86013 14.88515 14.18833 14.20773 14.68916 14.43375 14.00036 13.84222 14.62676
15.26223 16.51337 17.06086 17.37168 16.89506 15.15401 14.62999 14.72818 12.60110 10.75370 10.71207
10.36513 10.02777 9.25618 9.62816 9.21783 8.73083 8.59094 8.52772 8.04806 7.67072 7.74680 7.59454
7.28543 7.94093 8.20982 8.35401 8.59833 8.87304 9.03007 9.46443 10.70792 11.76412 12.56828
12.49694 14.43971 14.21949 14.74914 13.87292 13.60019 13.14998 13.22399 12.54255 11.87175 11.42453
10.95812 10.07312 9.08436 9.49158 8.58449 6.69125 6.33768 5.49595 4.73883 4.53520 4.66098 4.67835
4.44564 4.38004 4.31479 4.39027 4.29853 4.34421 4.44797 4.43391 4.46212 4.66686 4.83915 4.87684
5.26222 5.58108 6.01221 6.46809 6.88833 7.19403 7.86353 9.17871 11.56317 15.49604 17.75032
19.74513 19.59947 17.13214 16.00682 14.45283 14.62310 15.17297 15.21932 15.87655 15.88496 16.26089
15.90857 16.01459 15.18354 15.24109 15.93611 16.53935 19.16866 21.39388 21.67469 22.19003 21.69047
20.76673 19.87641 20.24793 18.42338 17.99615 17.97103 17.50167 16.27555 16.47977 14.69034 14.51997
13.41882 12.43996 11.72977 12.08484 12.15003 14.21011 15.43433 15.55149 16.09562 16.30314 13.01547
11.01035 10.76736 10.15051 10.08035 10.42263 12.44613 11.60283 11.83092 11.35173 10.45490 10.95001
12.19997 14.17052 15.93920 17.22920 18.50006 19.30903 19.66683 18.72762 17.94366 17.72638 17.47813
16.57172 14.83418 14.30742 13.27274 14.03490 15.59631 15.68372 16.39985 16.43991 16.16825 16.13197
15.52786 14.79016 14.01719 13.77500 13.50471 12.81505 12.45390 12.18385 12.79514 13.11758 13.48876
14.75411 16.32523 16.04353 15.31911 15.74607 15.38591 16.04218 16.53921 17.70278 18.00596 18.00260
17.35846 16.72779 16.77194 17.00928 15.63628 14.62862 15.72322 16.55420 16.37103 16.94576 17.38911
16.50053 16.17341 15.22125 14.17052 13.20738 11.85009 12.76502 13.95977 14.38854 16.63482 18.31813
20.15728 20.00080 20.34586 19.21086 18.44744 18.11703 19.15420 20.06184 20.00089 21.74278 20.95270
23.52723 22.41182 22.87664 21.26574 23.35087 23.67791 22.83680 20.78115 22.53951 22.71163 19.41224
C1905x2TS067_3 0.3062731 21.96078 29.31346 22.86844 26.60349 22.97802 23.29078 26.88544 19.92436
22.44039 20.55351 22.79388 21.17133 21.92174 24.49617 20.92320 24.52130 22.71557 25.54141 22.44093
22.01274 21.69837 21.06449 22.54310 22.34012 22.84413 23.64811 22.42014 20.41648 20.22334 21.71333
18.45208 18.57029 17.98531 17.76490 16.41342 17.86126 17.53407 16.51739 15.64783 14.99361 13.81441
12.69433 12.28034 12.51377 13.00272 12.72228 13.38805 14.09672 14.12100 13.99315 14.15240 14.76683
15.25006 15.57962 16.23323 15.74362 15.45286 13.86278 13.42257 13.92323 13.06608 11.78927 11.61008
11.92098 11.09077 10.38738 10.85376 10.74056 10.01155 9.68316 9.61889 9.03877 8.84472 8.89842
8.40913 7.94249 8.63708 8.73373 8.93864 9.13042 9.33821 9.46171 9.32962 11.43138 12.64460 13.34721
14.50530 14.36226 14.51415 13.24453 13.12839 12.34104 12.10839 11.16244 11.02381 10.59107 10.16123
8.81143 8.77569 8.65798 8.87609 7.39631 7.12899 6.24359 4.94430 4.67177 4.78792 4.69070 4.33636
4.11414 3.90009 3.89588 3.83251 3.92170 3.98520 4.05402 4.08372 4.22219 4.47026 4.55497 4.84562
5.30332 5.94139 6.35386 6.74653 7.72935 8.76549 10.19655 14.50318 13.60511 19.21648 18.82092
21.51155 21.10346 18.21646 16.91345 15.33550 15.19143 15.52568 15.46853 16.18059 16.06652 16.28664
15.80576 15.92892 15.10131 15.10197 15.76035 16.22998 18.86721 21.02118 21.05671 21.64223 21.23311
20.01569 19.12030 19.62100 18.00043 17.74728 18.14437 18.09363 17.49461 17.67689 15.57059 14.85580
13.01977 11.90954 11.28458 11.93877 12.50515 14.62205 16.18709 16.21839 16.70202 17.20687 13.51324
11.60933 11.09902 10.53213 10.30200 10.81323 12.46573 11.77613 11.96737 11.77298 11.08294 11.50432
12.97673 14.32735 16.22503 17.13192 18.60699 19.10821 19.70287 18.63398 17.78986 17.70317 17.73527
16.89188 15.10501 14.08247 12.43504 12.93501 14.09348 14.45525 15.37771 15.74976 15.47147 15.13970
14.21015 13.23082 12.72296 13.21368 13.97046 14.38099 14.58137 14.75362 14.96606 14.96823 14.43840
15.26768 16.34782 15.97233 15.23029 15.66868 15.30170 15.95809 16.45201 17.63097 17.93796 17.91669
17.24004 16.66418 16.72673 16.96088 15.57170 14.60384 15.67470 16.71287 16.42845 17.30605 17.38054
16.59600 15.93887 14.94062 13.91656 12.89739 11.37094 11.89306 12.96112 13.57438 16.21877 18.47723
20.62151 20.44693 20.61609 19.69166 19.12904 18.98630 19.98833 20.66307 20.12780 21.71928 20.81956
23.43069 22.33990 22.80338 21.20650 23.27900 23.59708 22.78062 20.73687 22.51326 22.69991 19.37642
C1905x2TS121_1 0.2956108 18.22656 25.71775 18.44167 17.79791 16.18937 15.38991 18.15769 14.20246
18.23808 16.55439 20.45303 19.33387 18.22760 19.00298 16.20143 17.19110 16.76222 18.58757 17.99981
18.84746 18.27654 16.98632 17.33189 16.57091 17.97334 19.09565 19.16872 17.95477 17.90363 18.40285
16.42512 17.41029 17.85280 18.40763 17.44257 16.82585 15.78168 14.51165 13.06506 11.85295 10.50311
10.08137 9.20620 9.74125 10.31732 9.74736 9.56691 8.93683 8.76398 8.48152 8.62057 8.43077 8.23721
8.08107 8.19763 8.56957 8.99553 9.57637 11.52822 13.83897 16.95583 19.29009 19.99302 18.93686
17.92902 16.14036 15.53779 15.57615 14.56736 13.61087 13.12371 12.29526 10.75182 10.60735 10.58377
10.14293 9.96263 10.13588 9.61662 9.57569 9.72974 9.24559 8.84088 9.53407 9.52285 9.11654 9.56116
9.95351 10.56706 10.46765 11.15845 11.38618 12.21589 12.31777 12.69017 13.39099 14.67380 14.30117
12.77180 11.83588 10.69596 10.95677 11.01234 11.18092 10.59973 10.20185 9.79456 8.26040 8.60260
8.09297 8.14936 7.18859 7.17311 6.59340 5.80648 5.58231 5.49252 5.53425 5.44110 6.00015 5.84210
5.71180 6.47790 6.59882 6.73147 6.33897 7.00390 7.99418 7.89130 8.09801 8.01889 8.21506 9.06681
9.88806 12.30915 13.04045 12.44467 10.52519 9.76233 9.81936 11.26765 11.27319 11.56217 11.29939
9.94831 9.87892 10.89064 11.74927 12.89646 12.71093 15.47124 14.98131 15.09012 14.67003 14.48203
14.38370 15.05319 16.09635 16.16680 16.42493 18.42777 19.58219 17.57953 14.90144 14.09501 13.02599
13.19808 15.54691 18.30634 18.93768 20.35524 20.66891 22.49708 21.44693 21.61431 22.33952 20.51481
20.61559 21.24470 19.36447 19.71140 18.44729 17.54164 16.87736 15.65717 14.56673 13.85195 14.19000
14.06081 14.61775 15.64606 16.57824 17.26504 17.20872 17.06877 18.76828 19.70208 19.60082 19.58821
19.33345 19.55955 19.98211 20.45557 19.75027 19.21772 18.69827 18.79226 18.61563 18.96625 19.09966
19.48863 18.27511 17.74260 16.34880 15.92301 15.13176 13.99721 13.44437 13.99820 14.01814 14.56442
14.93888 15.50439 15.31361 15.68460 15.32019 16.25341 16.42426 16.78642 15.84744 14.57552 13.98162
13.52265 13.62865 15.91312 17.23498 16.50430 16.85275 17.31470 17.54087 18.00409 18.94469 18.30000
15.34351 13.92823 12.56816 11.56370 10.11973 10.21292 10.89565 13.14604 14.88123 16.08933 17.32703
17.58449 17.61730 17.82257 18.06698 18.02650 18.98431 18.12334 16.99065 17.58077 15.61932 16.07373
15.65946 16.99722 16.25597 18.23553 19.51194 19.81416 18.38658 20.69826 22.19797 22.47178
C1905x2TS067_5 0.28453913 20.02135 28.73605 22.47109 24.59278 20.60695 21.70707 25.28099 18.86300
21.25741 18.92686 21.51718 20.19104 20.43806 21.82906 20.44190 26.61283 22.38145 22.87020 23.56815
24.26582 23.12582 22.59429 24.56242 23.39881 21.76143 21.82010 21.23315 20.35966 19.45931 21.21558
20.23522 20.73109 20.32052 21.22619 19.95850 19.95582 18.19075 18.99131 18.54385 18.08986 18.34587
17.79365 17.36702 17.62284 18.94534 18.46898 18.42076 18.37857 20.86640 21.18869 19.34137 18.46468
16.02494 15.02847 14.40657 14.15397 13.19198 12.75257 12.53834 12.76453 11.59713 11.73325 11.99650
11.73903 11.69742 12.33751 12.33939 11.58280 11.34931 11.29841 10.35585 9.28528 9.08463 9.41919
10.62583 10.67458 10.69439 10.76005 10.32014 9.89013 9.96891 9.94445 10.07241 10.09105 10.20417
9.97863 9.83647 9.88415 9.91935 10.46162 12.91891 14.15164 13.03633 11.60853 9.71580 9.92281
9.56287 9.99440 11.16420 11.15017 10.62950 11.51890 10.45637 10.04917 9.17511 9.26001 9.01080
8.58305 7.70860 7.83333 8.27887 8.85231 11.53223 12.01610 11.49424 11.00042 10.82562 12.17608
12.99900 12.88524 13.59481 14.16208 14.02482 13.89218 13.39726 12.76977 12.25624 12.27498 13.30547
15.16876 14.26613 16.18563 14.36668 14.82607 16.61509 20.06019 20.33969 19.40061 20.69038 19.94378
21.87771 22.28898 22.29781 21.15528 20.95818 20.68117 23.31833 22.36353 21.11957 20.97368 19.63474
19.37759 18.09851 16.77855 16.35995 16.42766 16.18414 16.92340 15.12887 15.21431 15.10011 15.97550
14.37966 13.84346 12.27876 10.15879 9.92468 9.60269 9.81064 10.35839 11.67097 13.53520 14.69818
15.10069 14.84843 16.78014 17.37933 19.20952 20.23105 20.27755 19.75963 19.12768 17.27804 15.99909
14.37722 12.65134 12.55054 13.16474 15.89778 17.39014 18.51136 19.80667 20.58747 19.50266 18.32437
17.53820 17.41840 15.39261 13.06259 12.07570 10.84320 10.24944 10.45568 11.97922 12.22840 13.81327
14.70071 15.70056 16.12189 16.71408 15.88859 14.91986 14.25122 14.17367 14.81803 15.51178 16.07607
16.03822 16.82643 16.94917 17.80511 18.45611 18.71079 19.01171 20.00572 19.46428 19.84578 18.74581
17.98580 18.19724 16.59183 15.70848 15.35185 16.08472 15.24845 15.87599 14.39328 15.15775 16.15724
17.69679 15.79851 13.80488 12.70716 12.22835 13.89347 15.54256 16.41003 16.83967 17.65256 18.38628
20.21913 21.97168 21.33684 22.04951 22.75400 21.65935 20.50449 22.32127 22.19303 22.83638 22.54851
22.15457 24.03954 23.47928 23.54852 24.03060 23.86042 23.44520 25.74050 24.22491 24.65965 22.29895
25.76483 25.26030 21.23133
C1905x2TS067_4 0.28447694 20.02137 28.73610 22.47113 24.59283 20.60699 21.70710 25.28102 18.86302
21.25742 18.92686 21.51720 20.19104 20.43808 21.82908 20.44191 26.61284 22.38147 22.87021 23.56814
24.26583 23.12584 22.59429 24.56244 23.39884 21.76146 21.82012 21.23317 20.35968 19.45933 21.21560
20.23524 20.73111 20.32054 21.22621 19.95852 19.95584 18.19076 18.99133 18.54387 18.08987 18.34589
17.79366 17.36703 17.62285 18.94535 18.46899 18.42078 18.37858 20.86642 21.18872 19.34138 18.46469
16.02494 15.02848 14.40657 14.15397 13.19199 12.75259 12.53835 12.76455 11.59716 11.73328 11.99653
11.73907 11.69745 12.33755 12.33941 11.58282 11.34932 11.29842 10.35586 9.28529 9.08464 9.41920
10.62585 10.67459 10.69440 10.76008 10.32017 9.89015 9.96894 9.94448 10.07245 10.09109 10.20421
9.97867 9.83651 9.88419 9.91939 10.46165 12.91896 14.15169 13.03636 11.60855 9.71582 9.92283
9.56290 9.99443 11.16423 11.15020 10.62953 11.51893 10.45639 10.04920 9.17514 9.26005 9.01083
8.58309 7.70863 7.83336 8.27890 8.85233 11.53226 12.01612 11.49426 11.00044 10.82563 12.17609
12.99902 12.88526 13.59483 14.16209 14.02483 13.89219 13.39726 12.76978 12.25624 12.27498 13.30547
15.16876 14.26613 16.18563 14.36669 14.82608 16.61510 20.06021 20.33970 19.40062 20.69038 19.94378
21.87772 22.28898 22.29782 21.15531 20.95823 20.68120 23.31837 22.36358 21.11963 20.97373 19.63480
19.37766 18.09856 16.77861 16.36001 16.42771 16.18417 16.92344 15.12891 15.21437 15.10016 15.97556
14.37971 13.84350 12.27880 10.15883 9.92473 9.60274 9.81069 10.35845 11.67102 13.53524 14.69822
15.10073 14.84845 16.78016 17.37936 19.20956 20.23108 20.27760 19.75968 19.12773 17.27809 15.99911
14.37725 12.65137 12.55057 13.16476 15.89781 17.39017 18.51139 19.80672 20.58751 19.50270 18.32440
17.53823 17.41843 15.39263 13.06261 12.07571 10.84322 10.25011 10.45688 11.98069 12.22935 13.81577
14.70374 15.70257 16.12327 16.71665 15.89100 14.92297 14.25439 14.17546 14.81805 15.51179 16.07608
16.03823 16.82644 16.94918 17.80513 18.45613 18.71082 19.01174 20.00575 19.46431 19.84581 18.74585
17.98584 18.19729 16.59187 15.70852 15.35189 16.08477 15.24848 15.87603 14.39331 15.15779 16.15728
17.69683 15.79856 13.80492 12.70720 12.22838 13.89349 15.54258 16.41005 16.83969 17.65258 18.38629
20.21915 21.97170 21.33684 22.04952 22.75401 21.65936 20.50449 22.32127 22.19301 22.83632 22.54842
22.15435 24.03912 23.47849 23.54692 24.03626 23.87456 23.48644 25.82314 24.33318 24.76734 22.41592
25.87909 25.37716 21.26081
C1905x2TS067_2 0.28251052 19.83677 28.37343 22.07163 24.33765 20.50639 21.62993 25.18771 18.86874
21.26804 18.68653 21.10356 19.39458 19.62833 20.66538 19.45026 25.10919 21.07733 20.91854 21.36521
21.69891 20.74372 20.17148 22.29021 21.30625 20.28789 20.45699 20.37838 19.89211 19.31674 21.04536
19.71364 20.04144 18.79321 19.48123 18.50001 18.42177 17.13081 17.67105 17.38562 17.10949 17.42534
17.16718 16.72761 17.26825 18.61432 18.53487 18.35610 18.38156 20.21993 20.44268 17.89324 17.18032
14.89913 13.96508 13.39985 13.11057 12.21257 11.59683 11.39072 11.53917 10.30024 10.31518 10.67218
10.48928 10.57671 11.32725 11.69889 11.20828 11.18973 11.27285 10.47895 9.43386 9.40969 9.86104
11.24978 11.37975 11.70651 11.72293 11.36302 10.74010 10.79353 10.56291 10.66988 10.74367 10.88636
10.75332 10.53551 10.49500 10.43045 10.95747 13.43378 14.37063 13.52254 11.98827 10.62347 10.74452
10.79466 11.63362 13.21354 13.57006 13.37537 14.07257 12.81975 12.13028 11.13309 11.18015 10.89350
10.53388 9.49718 9.59946 10.48196 11.08098 13.91116 14.05447 13.39997 12.22654 11.87002 13.08230
13.69751 13.38513 13.74814 14.29152 14.37076 14.25710 13.94288 13.46893 13.26627 13.33856 14.65293
15.61593 19.18940 19.47695 21.45387 21.34838 19.13513 18.25586 17.49339 17.71618 18.27900 17.71351
18.06870 17.82775 18.42384 18.04887 18.39916 17.58702 17.74745 18.61573 18.97643 20.75224 22.00881
22.31983 22.88449 22.10352 21.63006 21.04388 20.92430 18.76836 17.50681 17.79358 17.94177 18.53479
19.71487 18.31813 18.52702 17.03693 15.77357 15.22033 14.49672 14.62090 16.51497 18.25354 18.67856
19.29772 20.42557 16.30326 13.83558 13.01474 11.59297 10.84095 10.88618 12.58085 11.81226 12.22681
11.84304 11.27003 11.80981 13.50642 14.94695 16.95866 17.59679 19.20300 19.82263 20.47000 19.22758
17.34306 16.52806 14.85861 13.48014 11.65856 10.77654 10.48379 11.43548 12.76020 13.38047 14.43483
15.19279 15.76334 16.32549 16.32371 15.23190 14.76847 14.75793 15.26932 15.64127 16.08046 16.63849
17.02039 17.16387 16.49098 17.03091 18.09571 17.53548 16.75605 17.30665 16.92580 17.67713 18.20055
19.38974 19.03964 18.73636 17.84210 17.26529 17.46359 18.00643 16.75622 15.66063 16.96292 18.19968
17.95743 19.05217 19.07772 17.92256 17.50132 16.34793 15.76760 15.21993 14.45800 15.77632 17.42951
17.67892 19.83102 21.90130 23.48103 23.26967 23.07355 21.97387 21.36626 21.56122 23.01056 23.62889
22.48104 23.84401 22.45391 25.09340 24.01228 24.51943 22.94113 24.96741 25.26143 24.12786 22.03491
23.83450 23.77945 20.13266
C1905x2TS003_1 0.25822854 21.99866 28.73111 20.82052 23.95325 22.99649 23.67606 23.66530 17.31033
20.31024 18.92238 22.29059 21.55971 20.93090 23.63076 20.40841 23.34884 20.08090 19.70133 20.23861
21.65504 21.03430 20.03254 21.99442 21.95714 22.79513 22.69754 23.25892 23.65089 25.08249 25.32796
22.91667 23.07188 22.22319 20.97558 19.25459 19.10338 18.71826 16.06228 14.71008 14.35344 13.75296
12.97931 13.07125 11.95405 11.57981 12.49424 12.79710 13.08407 15.54561 15.89935 17.23269 17.17317
18.28336 16.90496 17.90057 16.75881 16.10032 15.58330 15.49028 15.63559 16.45139 16.80544 17.36611
19.58474 19.65282 19.94211 17.24760 18.25974 14.39007 11.99119 11.10000 11.67807 12.25954 11.87672
11.00258 11.55229 12.43987 12.90200 11.47984 10.53324 10.21105 10.79051 10.21539 11.03033 10.86011
11.70489 10.90324 10.39384 10.07155 9.92245 9.87158 9.60359 8.73426 8.62908 9.05501 10.02695
11.33106 11.83794 12.53474 12.54908 14.04761 15.15722 15.36940 15.74302 14.85984 17.54099 18.25285
15.88462 16.40794 16.60021 19.96711 21.42828 21.91377 21.42969 22.21558 21.65770 20.96810 17.18454
14.74497 14.06135 14.19235 14.54358 13.31684 13.50498 12.45843 14.56939 13.31011 11.83323 10.32876
11.05570 9.79390 9.72758 10.57050 11.20921 10.89124 11.48888 12.62732 13.92684 16.33906 15.27547
15.16457 14.16185 15.32416 15.51794 14.82948 15.97523 15.56389 14.74003 14.54863 14.64063 15.18814
16.10392 17.33510 18.98759 19.41008 19.96803 19.26800 19.54913 16.84905 16.19818 14.73654 15.64370
13.86181 14.02997 14.69634 15.83803 15.61728 15.05468 14.28620 14.05708 14.72033 16.08937 18.43185
17.48140 16.52304 15.54640 14.62974 15.12232 15.36667 14.95552 15.26053 15.38359 15.65081 16.45428
16.22227 15.61215 15.27913 15.28727 17.02734 18.02052 17.62497 17.04457 16.77205 17.55595 18.95470
19.50214 21.42516 22.36358 20.38564 20.91103 18.89256 19.91348 20.04354 20.66961 20.41333 20.08223
18.94768 19.09841 19.26249 18.32040 16.44509 15.80267 15.63404 14.10862 14.49372 13.69886 14.35035
13.84436 12.92863 13.04387 13.81484 13.80772 14.55675 15.46634 15.37225 15.17555 14.69594 15.61903
17.19564 18.03724 20.15566 21.15561 19.25055 17.89454 16.50773 18.08193 17.46137 17.15171 17.22211
17.35051 17.58225 18.03625 16.98898 16.99366 15.49864 15.07312 15.07972 14.87423 15.29431 15.88099
18.19654 18.52138 19.92521 18.98317 18.44791 18.01466 18.26257 18.14351 18.73037 20.53068 19.08349
19.50594 20.26502 18.47952 18.86443 18.97393 17.97621 17.59510 19.04705 18.45937 20.50070 20.07873
21.39589 22.23829 20.07063
C1905x2TS121_2 0.25456947 18.16032 25.02007 20.00464 20.83500 18.78084 19.74162 21.94500 16.69525
20.67200 20.39748 21.45708 19.58924 19.70214 20.47237 18.28017 21.96094 20.95352 21.77931 18.63635
19.27544 18.13127 17.79388 19.25652 19.34763 20.53306 21.46509 22.66323 21.24748 21.30985 23.29901
21.30098 21.38128 21.49936 21.57615 20.53922 20.32736 20.38330 19.76484 18.25522 17.55957 15.42560
13.52837 13.34565 13.59258 12.91083 12.08447 12.59867 11.76429 11.46485 11.20994 12.26927 11.81473
10.39668 10.15314 10.10544 9.56430 9.96166 10.42747 10.93147 10.88475 11.99862 12.61898 13.41497
12.86023 11.65719 9.75183 8.64069 7.48756 6.95975 6.84555 6.99309 7.37638 7.16456 7.05327 6.74035
6.65473 6.49002 6.34890 6.11121 6.25533 6.53900 6.80302 7.78801 8.56722 9.83128 11.18603 10.88797
11.61032 11.81756 12.98098 14.48044 15.26333 15.26940 16.11443 17.40802 18.48200 17.40693 15.62291
14.43707 13.99713 14.31013 12.44491 10.62190 8.80233 7.86632 8.42895 8.52330 7.71910 7.03061
6.53804 5.85900 5.41398 5.51882 5.03546 4.55156 4.15236 4.39652 4.42265 4.27479 4.95828 5.78505
5.70242 6.45397 6.61049 5.87317 5.95416 6.20468 7.02101 8.01591 8.94747 9.92052 10.02214 9.56778
10.67223 13.03852 15.79540 16.91895 17.95342 18.41020 18.62418 18.51346 17.90630 19.30699 20.77213
20.61867 21.42005 22.16944 20.45610 17.62090 18.46862 18.86673 18.18249 18.01963 18.06574 17.24617
16.93811 16.95971 15.16852 14.09479 14.02669 15.14086 17.02392 15.92322 13.87582 12.77778 11.62582
12.76661 14.16261 15.64792 16.39835 19.72278 21.56910 22.46682 23.08712 22.96176 22.17849 20.07714
20.23815 19.99548 17.62820 17.85746 17.45384 16.78513 19.05903 18.32350 16.68406 15.87915 17.03099
17.14965 15.67761 15.65995 16.45992 16.52148 17.22084 16.44188 16.43801 17.73330 18.79671 19.67480
20.20362 20.71232 21.33656 21.65641 21.01150 18.67417 18.59832 18.37878 18.90358 18.80500 18.02701
18.72671 18.28302 18.25090 18.65273 18.57961 18.00813 17.40076 18.06012 17.43107 15.27849 16.22338
16.84550 15.83932 15.57006 16.36892 15.52756 15.86428 16.69689 16.70251 16.80855 16.02357 16.66936
17.60457 18.32183 17.88399 18.26181 17.47750 16.65214 17.51899 18.15946 19.26345 19.87994 21.32875
20.19089 19.92455 20.07104 16.79316 16.36504 17.39739 19.44539 20.15873 20.18050 20.48632 20.39619
18.82577 19.12199 19.83078 19.77664 19.20977 21.03254 21.50274 20.06904 22.11120 21.05722 20.73692
20.12688 21.64053 22.21894 23.96705 22.94642 23.81174 21.11191 24.36234 25.75364 23.51322
C1905x2TS049_1 0.24789077 21.97628 28.72560 23.34827 25.91487 24.66354 25.47482 26.55282 20.11832
24.70238 22.20513 24.28870 24.65553 24.68833 24.66233 22.01089 25.07783 21.68180 22.00398 20.78854
21.38707 21.17637 18.85747 19.31258 20.10048 21.01630 21.04279 20.83885 20.60571 21.84396 21.01254
21.76135 22.68323 20.79751 20.96742 20.52830 18.73601 18.92943 18.45333 16.80624 16.89492 16.33103
17.24160 17.65544 17.97866 18.80641 19.87650 19.80949 22.89878 22.72013 22.40038 22.16899 22.26684
21.15223 20.31566 17.75909 16.53423 16.32351 15.01891 15.96427 16.77769 18.41288 19.37284 19.47857
20.14351 18.61347 20.78551 22.38761 19.83797 18.98193 17.56181 16.61790 15.72504 14.39464 13.40685
12.27256 11.25235 12.96535 12.28462 12.40040 11.90601 11.56676 11.76608 12.56219 12.21874 14.24780
14.82220 14.79620 17.09166 17.33148 17.36772 16.80931 15.71342 15.31006 14.98371 16.56310 15.47796
13.53841 13.65392 12.32341 11.59590 12.74022 11.41423 10.97882 9.79605 9.61324 9.76580 10.07386
9.31073 10.14385 10.20405 10.36570 11.69124 11.85358 12.15864 11.64767 13.56610 14.46762 12.99304
12.63701 11.38026 13.21461 13.43478 13.32854 13.06996 14.51279 13.91437 15.56308 14.40980 16.12473
16.01285 16.80500 17.29497 18.96699 20.15245 23.50829 25.06762 25.91617 26.01914 25.95935 23.10780
21.37066 19.48188 20.97519 21.39852 23.03919 25.85089 25.57661 25.84606 24.32762 22.85785 21.61849
22.18983 24.28916 25.23782 23.78692 25.75989 25.51313 22.62666 22.16508 21.35396 19.53877 18.51900
18.21081 17.07723 18.77881 20.20757 21.66433 23.27416 21.47811 18.74501 18.21972 17.17976 19.79264
20.43506 18.77786 19.42881 18.11685 17.78396 17.10730 17.68131 16.92876 17.37037 17.91337 16.06013
16.68537 15.91211 16.66907 17.58299 20.99284 19.28869 19.22568 18.92482 16.80194 17.12755 17.50447
17.10389 17.74620 18.79809 19.32508 19.88353 22.63836 24.05286 23.45732 22.30987 20.57066 19.11889
18.65442 17.44157 18.01361 17.87679 19.46427 21.36552 21.51789 22.53836 20.99140 20.37975 21.44067
20.11718 19.43063 19.32399 19.93874 18.49695 19.48823 20.58196 20.86367 22.79511 24.13931 25.28343
26.01196 26.11408 25.33026 23.67808 22.81141 20.19688 19.05562 18.87787 18.89398 18.34560 18.37536
19.94958 20.60205 21.28192 21.41271 22.02219 22.98799 23.88188 22.58108 20.86473 21.38544 21.52807
23.36208 23.27934 24.52405 24.10072 24.33054 23.15998 22.69372 24.10472 25.00917 25.36354 25.16535
24.86740 26.08530 25.10304 26.30844 26.28442 26.24058 25.04118 26.28122 26.75873 28.28543 26.90883
25.91815 25.61036 23.14987
C1905x2TS049_2 0.23688658 21.09121 29.72789 23.08916 28.13219 25.26176 23.90492 28.67303 22.24562
26.12096 22.28158 22.77003 20.87803 20.72814 21.82596 18.48109 22.34515 20.94246 23.06813 22.87475
22.50213 19.78978 20.12760 21.66127 20.32093 21.24652 22.58200 22.61507 22.15908 22.82403 23.38423
21.67450 21.43927 20.05700 19.67542 18.59975 17.23339 18.37714 17.47225 16.32716 16.97392 16.98414
18.70114 17.73669 17.22787 16.90593 17.33562 16.52710 16.24423 15.72582 16.09688 16.06506 16.66215
17.78632 20.16431 20.19274 19.65337 18.02830 17.21906 17.37677 17.68871 19.26815 19.73713 19.02097
19.37136 18.76348 18.51354 19.15788 20.44928 21.70319 21.54810 20.91953 19.40411 17.82741 16.42201
14.73810 14.45475 13.92237 14.11750 14.42086 13.89154 14.09028 15.08312 13.87376 13.24021 12.01855
11.81470 10.85685 11.29848 11.58578 12.25607 12.65426 11.51050 13.14817 11.27935 9.92053 9.49268
9.62691 9.58733 8.57270 9.70326 9.67005 11.40350 10.54758 11.19646 10.11988 10.12568 11.34835
11.35533 12.67993 12.55142 13.71087 12.22190 13.49205 12.98778 13.24316 12.45585 13.33612 14.11943
13.72736 13.58128 12.61012 12.61388 13.80810 14.98488 18.40081 19.33306 21.43020 21.70572 21.61786
21.18674 20.06779 18.40511 17.04760 16.45530 16.43830 17.25897 17.43581 17.70219 19.03072 19.23605
18.94133 18.45870 19.04748 20.02399 20.48630 20.73001 22.28885 20.04128 18.56664 16.72005 17.12319
15.98933 16.41277 19.34285 18.20335 19.21889 19.22973 17.97063 17.77606 17.91282 19.33874 19.87312
20.65407 20.77439 21.91839 19.32109 17.35335 15.58569 14.09455 13.21569 14.88604 17.94355 18.66082
15.82051 13.74386 11.53336 11.46680 11.83541 14.13849 16.31379 17.71097 19.14596 20.28474 21.20891
20.55660 19.50876 18.96511 19.31092 19.75279 19.39461 19.42843 18.27180 17.47617 17.02553 16.07054
15.62624 14.66607 15.11071 16.28699 18.43161 19.26320 21.42271 22.53799 21.99639 20.28307 19.20312
17.87959 17.37302 18.12376 18.71966 18.51564 19.69706 22.29077 21.88353 22.13967 21.54191 21.06337
20.91034 20.65341 19.36202 18.85123 19.11780 18.99498 18.94033 18.97479 19.12201 19.21706 21.44056
23.42373 22.87942 23.04352 21.82680 20.06354 18.91930 18.02292 17.14254 16.70564 16.74726 16.46310
16.81131 17.03601 17.68332 17.85645 18.83622 20.69418 21.32641 22.58451 20.70451 20.56360 20.64277
21.72046 21.99077 23.14486 23.24134 22.05175 23.55068 23.94273 24.01360 23.44114 25.32117 24.87043
25.09976 25.98412 25.18138 25.22400 25.62874 26.67513 26.13300 28.04898 27.33946 28.32160 26.19414
25.83490 24.70609 22.15470
C1905x2TS049_4 0.23466823 22.07084 26.76340 20.92008 23.25819 21.61633 21.77539 25.88607 19.88976
22.71235 21.53237 24.26986 22.21001 21.55189 19.87332 17.08302 18.74231 18.01041 20.73522 19.94107
21.57672 18.54584 17.86577 17.91334 17.43863 17.44676 17.14811 16.91282 16.09532 15.67383 16.27570
15.09697 15.59182 14.83537 15.25086 15.60423 16.36137 17.45721 17.66494 16.87001 18.34923 17.92865
19.32281 18.22008 18.50644 19.49399 19.92831 17.98396 17.28560 16.23114 15.93089 14.69065 13.29930
13.55420 13.73328 12.57564 11.96702 11.66682 12.04692 11.91164 13.04307 13.59183 12.90198 12.96684
13.17809 14.81301 14.48911 15.81106 17.35932 16.35361 15.44991 15.08220 14.35862 13.56402 12.66371
12.48625 12.23650 12.70106 13.44394 12.85706 12.98742 13.46153 13.31643 15.11034 15.32952 17.11098
16.09015 16.45854 14.50502 14.58975 13.51467 12.95669 12.76678 13.94050 15.09995 15.47983 14.72584
15.19646 14.04794 13.96837 13.83048 13.06587 11.47135 10.72236 10.67297 10.73031 11.32119 11.68042
11.98337 12.21568 11.86977 12.21485 12.13906 12.93344 14.88239 16.92908 17.61782 17.36558 17.76220
15.46578 16.30707 15.35786 13.88436 14.27840 14.18667 15.44903 14.85103 14.06027 13.88479 15.18990
16.22904 15.03356 13.16178 12.35792 12.70123 12.79700 12.75485 12.75889 12.99885 13.16140 12.30897
12.22219 13.66621 13.51431 14.75962 13.70478 12.49792 13.51622 13.72778 14.90641 15.46405 16.74309
17.09976 18.30261 22.08584 21.47193 22.98998 24.21395 23.44204 19.61795 17.53937 16.90585 16.55541
15.82739 16.04819 16.34636 17.24691 18.43399 19.38034 19.23137 17.94703 17.95611 17.95412 20.08393
19.81017 19.60458 20.20995 20.06722 19.85809 19.32312 19.01591 18.15505 19.95650 19.34291 20.07986
19.57272 19.99403 17.95298 18.11331 19.85628 19.54423 19.70979 19.67837 19.58808 19.56689 19.75214
19.92330 19.91116 20.90436 21.55222 22.92367 23.82136 24.23746 24.02464 22.95870 20.57370 18.67304
17.40405 16.99609 17.05391 17.25269 18.77197 18.64118 18.67090 18.97628 18.12092 16.91500 16.48399
16.74337 16.72363 17.29525 17.32660 17.89005 17.36985 18.34335 19.65133 19.30719 19.87722 20.46919
20.57614 19.81195 19.01098 18.15382 17.24839 16.22917 15.50453 14.90414 14.66169 15.22894 16.05583
15.39077 14.44382 13.68295 14.55583 15.59439 15.80876 17.03534 18.00668 15.93384 17.12586 16.56792
17.65523 17.90863 21.23793 22.12089 21.31018 22.39265 22.29402 23.10014 22.25936 23.75501 23.48680
21.80263 22.73934 22.51875 22.39116 23.41163 23.70470 22.43015 24.55335 23.85106 24.57137 23.21494
23.23112 22.95077 20.12825
C1905x2TS049_3 0.23458649 21.60117 27.71188 21.40698 24.22298 23.44893 24.40413 26.61197 21.57138
25.99545 24.10813 26.27421 27.11220 27.08414 26.88779 21.82419 26.39186 24.14859 23.94855 22.42198
24.17115 22.15125 21.87603 23.51582 21.71359 22.88387 23.44609 23.75351 22.68361 23.03798 23.04876
21.04241 20.34200 18.91360 18.90387 16.84127 18.01525 17.37905 15.89923 14.88097 16.32697 15.58691
15.90222 15.70453 16.83321 17.01007 17.70658 19.48592 19.03525 19.56735 18.93479 18.83785 18.64823
18.16723 17.01806 17.88150 17.59596 16.01518 15.54401 16.24957 16.98446 19.17677 19.55650 20.29780
20.58733 20.43899 18.58931 15.52102 14.60854 14.28079 13.64264 12.67519 12.74366 12.79993 12.58701
13.63959 12.41396 12.55775 12.77847 12.48503 12.39506 12.19877 12.47710 12.56386 12.59223 13.13402
13.40767 13.75879 14.09201 13.50446 15.06587 16.03673 14.96690 16.75322 18.57734 19.21455 20.88674
18.89816 18.86677 17.45045 15.85747 14.27488 13.55776 13.10051 13.50547 14.60003 15.35161 16.57898
18.06321 19.33738 19.73264 20.22373 21.86426 21.11877 23.25266 21.49087 19.26419 18.37942 18.04828
17.47948 18.14911 19.95932 21.68207 22.85360 25.27885 25.21392 25.56703 24.88926 24.57043 24.41856
24.82349 23.26842 21.08281 18.98920 18.62868 18.63908 18.17072 19.92638 19.38349 20.31969 20.29197
19.93445 19.79013 20.02920 21.44091 22.45979 23.46385 24.36221 23.09241 21.37545 20.00237 19.61952
18.41935 17.90457 19.24712 16.40851 15.15777 14.53575 14.07702 13.43878 13.04223 14.07492 13.46963
13.71946 11.76479 11.44146 12.49431 14.41203 16.60669 17.95376 17.58797 17.33200 16.94897 15.18185
15.60880 13.93248 12.58737 10.89447 10.21225 10.12913 10.53091 11.67079 12.50115 13.50130 12.41395
10.08628 8.81041 8.11090 9.26945 10.98755 13.50058 16.69410 19.03518 20.83525 21.54166 21.60315
22.07381 22.32613 23.66288 22.86013 24.53831 25.48680 25.08211 22.36615 21.25495 19.78591 19.13789
18.71025 18.49971 19.20361 19.32848 20.19400 20.35286 21.49958 20.56420 19.38739 18.66739 17.99838
17.33897 17.07826 16.69306 16.92486 16.23243 17.37400 17.93155 19.40841 20.29829 21.15216 21.91924
22.38643 22.92060 22.43982 21.95629 21.11823 19.84066 19.52941 18.30679 17.96061 18.76279 18.88162
19.06740 20.18190 20.09836 20.32405 22.65843 22.73856 25.32955 24.48795 22.69184 22.81265 22.45238
23.71585 23.41956 24.17434 24.39060 24.00550 24.14713 24.01036 24.79233 24.66989 25.93621 25.43571
24.90398 25.89232 24.91812 24.51773 24.31626 25.17648 24.01392 26.47118 26.33223 26.65293 25.31225
25.12441 23.27472 21.06675
C1905x2TS049_5 0.23306309 22.03732 29.16041 24.39679 27.86133 25.92490 24.55454 28.63650 21.83097
25.48670 22.54296 24.93064 23.15204 24.54904 24.62281 21.47762 26.02633 24.62511 25.26804 23.69899
26.67034 25.62142 23.92985 24.30103 23.29183 22.68795 23.15545 23.35719 22.58913 24.53486 24.20982
22.16507 21.88853 20.57821 19.78326 17.04490 16.97861 17.77402 16.28725 16.04239 16.53933 16.25981
15.95181 15.79954 15.10331 15.58777 15.41426 15.93090 16.67934 16.92718 16.58710 17.35065 18.82835
18.89514 19.38909 18.45375 19.69735 17.22637 18.96654 18.81640 20.61415 22.26501 22.52653 24.65589
25.16935 25.11512 25.42273 23.31475 20.37080 17.80233 19.75704 16.40385 16.97522 15.82298 16.73041
16.05509 17.21793 19.09051 19.05845 19.08816 17.24401 17.47059 17.47607 16.64119 18.01882 18.94935
18.89333 17.55606 17.24043 16.72827 15.84970 16.35872 15.51978 19.45125 19.27677 22.65084 22.49401
21.43732 19.71245 19.39010 18.77396 16.09383 15.98655 14.95837 14.93816 14.46042 15.43086 16.27267
15.87675 18.16175 17.25456 17.10655 16.39427 14.82263 16.20892 14.86823 15.20743 14.53163 15.92633
17.28596 20.46899 20.23292 18.13264 15.88125 14.81061 14.14489 12.99077 13.69653 14.06942 12.86529
11.33462 11.35230 10.51183 9.27674 10.14895 11.13775 10.34969 10.09778 9.07990 9.24750 8.34190
9.64493 10.31376 11.14100 9.55242 9.24066 8.11223 8.71091 9.35640 10.76312 12.99766 12.56948
13.09479 13.57786 14.16685 12.77402 14.60910 16.60661 16.93469 15.50201 17.79059 19.69468 20.63814
22.63380 23.23130 25.69434 25.29810 26.11165 22.19480 20.55644 16.58712 16.99291 15.48095 14.06062
12.93720 12.48180 14.11528 14.07192 17.78938 17.89998 17.79094 17.63594 18.35338 17.72810 20.11003
19.06406 18.49989 17.79262 18.89419 19.22792 18.14615 17.72202 16.21426 16.11127 16.51999 17.08716
17.76209 19.28456 21.18207 22.11309 23.47611 24.36060 24.88606 23.79297 23.05830 21.77192 20.71987
19.57066 19.24460 19.35532 20.02490 20.65016 21.36849 22.56508 21.74192 20.69339 20.43460 20.52397
19.39197 19.45435 19.23630 18.09734 17.94659 17.77212 18.17691 19.44218 20.14201 22.30027 23.44841
24.42636 24.66251 24.72061 24.10472 22.84750 21.02563 19.26196 18.25392 17.74730 18.00130 18.58920
19.23044 20.81793 21.22107 22.31859 22.98425 23.40456 23.57575 23.48442 21.24869 20.60333 20.88505
21.88328 22.20119 23.26415 23.38912 23.19243 23.19574 23.28803 23.98780 24.13474 25.62750 24.85851
24.07391 24.78584 24.39531 24.60090 24.10837 25.25728 24.32590 25.95171 25.77862 27.06010 25.14532
25.13228 24.36326 21.90178
END
