PFRMAT QA
TARGET C1908x2
MODEL 2
QMODE 2
C1908x2TS003_1 0.2364 11.595 12.172 11.292 10.860 11.438 10.275 10.465  9.398  9.763 10.072  9.359  9.067  9.367
 9.646  9.336  9.058  9.370  8.873  8.901  9.212  8.993  9.005  8.368  8.733  9.792  9.027  8.457  8.419
 8.610  8.534  8.523  7.987  8.365  8.283  7.910  7.408  7.942  8.246  8.555  8.167  8.460 10.235  8.842
 7.905  7.769  8.369  7.825  7.247  7.614  7.640  7.427  7.391  8.524  7.991  8.497  8.332  8.993  9.104
 8.604  9.104  8.343  8.574  8.434  8.195  7.819  7.306  8.111  7.721  8.232  9.294  9.390  9.276  9.370
 8.900  8.829  9.002  8.607  8.527  9.296  9.114  9.007  8.450  8.891  8.877  8.953  9.365  8.834  9.295
 8.859  9.397  9.144  9.289  9.062  9.349  9.574  8.917  9.292  9.656  9.966  9.971  9.385  9.302  9.372
 9.169  9.061  8.744  8.599  8.625  8.959  8.485  9.938  9.609  9.705 10.252  9.849 12.050 11.979 11.757
11.219 12.392 12.116
C1908x2TS026_1 0.3625 12.502 11.425 11.691 10.781 10.893 10.129  9.624  8.800  9.344  9.980  7.913  9.355  8.243
 6.731  6.829  7.817  7.038  6.016  6.719  7.483  6.426  6.724  6.600  7.617  8.961  8.821  7.497  6.394
 5.828  5.546  5.483  5.503  5.499  5.746  5.858  5.936  6.470  6.791  6.787  6.260  6.505  6.206  5.821
 6.020  6.029  6.803  6.793  6.767  6.860  6.727  7.080  7.069  7.316  7.706  7.490  7.355  7.408  6.863
 6.720  6.560  5.853  5.750  5.763  6.307  7.083  6.322  7.018  6.794  6.467  5.984  5.460  5.323  5.475
 5.994  6.519  6.907  6.873  7.463  6.869  6.848  6.977  7.229  6.896  7.798  7.553  9.436  7.772  8.619
 7.425  7.680  7.362  7.131  7.873  7.071  6.719  5.773  5.501  5.676  5.173  5.161  5.017  5.355  5.356
 5.866  5.474  5.994  5.676  6.300  6.177  6.028  5.695  5.854  5.336  5.453  5.094  5.247  5.028  4.990
 4.708  4.868  5.122
C1908x2TS026_2 0.3886 14.404 12.022 13.322 11.773 11.264 11.069 10.678  9.694 10.458 11.141  8.921  9.651  8.791
 6.882  6.526  7.373  6.338  5.592  6.052  6.222  5.365  5.625  5.729  6.666  8.817  8.109  6.413  5.442
 4.712  4.530  4.416  4.390  4.368  4.612  4.868  5.172  5.672  5.607  5.369  5.283  5.351  5.026  5.040
 5.281  5.434  6.106  6.198  6.240  6.252  5.949  6.604  6.702  6.709  7.371  7.852  7.491  6.672  6.129
 6.003  6.244  5.654  5.569  5.496  6.163  6.658  5.959  7.113  6.752  6.328  5.844  5.213  5.154  5.363
 5.931  6.503  7.096  7.208  7.993  7.294  7.293  7.316  7.592  7.242  8.022  8.045  9.817  7.604  7.943
 7.090  7.415  7.024  7.044  7.642  6.870  6.396  4.948  4.716  4.913  4.618  4.775  4.647  5.061  5.179
 5.543  5.413  6.041  6.082  6.736  6.484  5.991  5.539  5.537  5.268  5.194  4.803  5.062  4.781  4.722
 4.492  4.615  4.742
C1908x2TS049_1 0.2782  9.934 10.470  9.954 10.092  8.345  9.022  8.068  7.755  8.532  8.211  6.916  7.355  7.972
 7.196  6.849  7.399  7.365  7.046  7.268  9.584  7.759  8.007  7.673  7.562  8.140  8.293  7.791  8.131
 8.391  8.978  9.076  9.395  8.710  8.397  7.795  7.043  7.833  7.727  7.945  8.089  8.796  8.673  8.397
 8.217  8.077  8.195  7.954  8.231  8.272  7.850  8.133  7.906  7.251  7.291  6.964  6.275  6.935  7.279
 6.530  6.495  7.260  7.301  6.572  6.828  7.252  7.038  8.326  8.997 10.595 10.900 12.457 12.305 12.285
13.219 11.600 12.802 10.028  9.929 10.922  9.175  9.574  9.251  8.931  8.419  7.819  8.323  7.664  7.700
 7.073  7.233  6.894  6.761  7.134  7.424  7.762  7.598  7.564  7.677  7.791  7.752  7.990  8.083  8.006
 8.107  7.918  7.323  7.122  7.881  7.630  6.986  7.808  7.530  7.403  7.948  6.871  8.485  7.108  7.951
 7.292  8.163  8.078
C1908x2TS049_2 0.2433  9.951  9.768 10.283 10.083  9.654  9.868  9.253  8.589  8.756  8.366  7.483  7.913  8.215
 7.604  7.480  7.738  8.571  7.600  7.522  8.384  7.703  7.706  7.304  7.475  7.354  7.570  7.550  7.861
 8.016  7.683  8.378  8.491  9.134  8.004  7.913  7.352  7.937  7.997  8.479  8.414  8.981  9.029  9.072
 9.407  9.345  9.156  9.355  9.211  8.885  8.728  8.845  7.952  7.589  8.005  8.018  8.008  8.343  8.659
 7.541  7.768  7.688  7.968  7.540  7.395  7.639  7.128  7.975  7.668  8.430  9.265  9.739  9.372 10.069
10.551  9.831 10.991  9.523 10.670 11.958 10.993 11.721 10.643 11.529 11.567 11.007 11.594 11.196 12.544
11.335 11.561 10.109 10.600  9.712  9.308  9.440  9.127  9.675 10.062  9.625  9.390  9.082  8.923  8.679
 8.479  8.813  7.795  7.960  8.667  8.286  8.101  8.553  8.647  8.474  9.230  8.882  9.412  9.799  9.759
 9.796 10.910 10.805
C1908x2TS049_3 0.2750  9.784  8.746  8.888  9.149  8.447  7.793  7.598  7.099  7.491  7.384  6.977  7.304  7.446
 6.867  6.669  7.435  7.269  7.981  8.155 10.767  8.596  9.215  7.535  7.761  8.825  8.113  7.441  7.865
 8.132  7.556  8.531  8.864  8.965  8.837  8.532  8.168  8.915  8.092  9.181  7.834  9.672  8.775  9.389
 9.368  9.403  9.821  9.679  9.468  9.203  9.229 10.216  8.560  9.141  9.230  8.745  7.629  8.993  9.636
 7.780  7.488  9.187  8.663  7.202  7.260  8.327  7.278  7.787  7.617  8.891  8.939  8.779  9.055  8.889
 9.474  8.613  9.438  7.954  7.681  8.303  8.016  8.349  8.221  8.188  8.354  8.031  7.895  7.652  8.174
 7.564  7.550  6.817  6.984  6.608  6.492  7.100  6.712  6.777  7.265  7.155  7.262  7.300  7.978  7.493
 7.802  7.961  7.419  7.935  9.094  8.367  8.203  8.678  7.919  7.836  7.892  7.562  7.609  7.780  8.391
 7.752  8.558  8.872
C1908x2TS049_4 0.2644  9.345  9.060  8.994  8.936  8.643  7.684  7.515  7.653  7.788  7.483  7.486  7.676  8.089
 7.489  7.211  7.608  7.776  7.301  8.391  8.772  9.277  8.928  7.871  8.333  9.279  8.467  7.737  8.777
 8.699  8.886  9.036  9.148  8.940  8.587  7.971  8.300  7.850  7.904  8.401  7.767  8.509  8.754  9.191
 8.974  9.864  9.167  9.392  8.394  8.623  7.938  8.039  7.540  7.693  7.622  7.037  6.418  7.458  7.700
 6.266  6.433  7.674  7.353  5.907  6.641  7.840  7.022  7.669  7.482  8.127  8.667  8.743  8.456  8.973
10.115  8.731  9.170  7.752  8.474  9.340  8.790 10.397  9.764 10.628  9.975  9.222  9.526  9.136  9.846
 8.620  9.058  9.090  8.405  8.045  8.222  8.675  8.151  8.397  8.811  8.591  8.815  9.219  8.933  8.295
 8.319  8.141  7.765  8.062  9.195  8.676  8.435  9.363  9.113  8.671  9.976  8.509  8.782  8.405  8.660
 8.661  8.415  9.260
C1908x2TS049_5 0.2723  8.439  8.357  7.884  8.124  7.990  7.573  7.814  7.102  7.370  7.167  6.954  7.126  7.648
 7.472  7.435  8.017  8.739  7.705  7.549  9.602  9.048  9.258  7.771  8.600 10.149  9.735  8.679  9.472
 9.071  9.425  9.595  9.624 10.155  9.141  8.963  8.537  8.803  8.674  9.851  8.880 10.064  9.298  9.086
 8.419  8.448  8.198  7.805  7.594  7.621  7.085  7.038  6.806  7.039  6.682  5.973  6.253  6.827  6.465
 5.933  6.365  6.672  6.711  6.846  7.216  8.013  6.868  7.730  7.440  7.890  7.808  8.219  8.158  8.820
 9.117  9.849  9.973  8.919  8.877  9.696  9.166  9.523  8.536  9.024  8.868  8.316  8.585  9.154  9.500
 9.128  9.327  8.143  8.283  7.842  7.357  8.205  7.888  8.647  8.644  8.787  8.529  8.865 10.021  8.563
 9.027  9.032  8.126  7.935  9.378  8.104  7.567  8.687  8.013  7.586  7.881  7.713  7.777  8.183  8.333
 8.563  9.190  9.151
C1908x2TS067_1 0.2688 10.969 10.704 11.230 11.185 10.178 10.982 10.964 11.121 11.032 11.173 10.152 10.010  9.419
 8.312  9.099  9.491  9.506  9.018  9.854 11.621 10.418 10.228  8.976  8.812  9.071  8.375  7.980  8.737
 8.318  8.386  8.985  8.827  9.114  8.813  8.968  8.204  8.513  8.762  9.011  8.644  9.240  9.099  9.232
 9.074  9.611 10.228  9.835  9.431  9.247  8.218  8.512  7.806  8.174  8.614  7.737  7.937  8.413  8.902
 7.510  7.566  7.797  8.657  7.690  7.092  7.597  7.292  7.149  7.657  8.602  7.809  7.465  6.956  6.786
 6.538  6.517  6.635  6.619  7.525  7.947  7.117  7.193  6.712  6.380  6.571  6.376  6.419  6.554  6.522
 6.106  6.181  6.369  6.457  6.703  7.285  7.616  6.859  7.215  7.055  6.739  6.887  6.822  7.206  7.266
 7.997  8.018  8.083  7.673  8.235  8.088  7.735  8.323  8.415  8.840  9.926 10.067 10.739 10.838  9.710
10.264 10.594 10.168
C1908x2TS067_2 0.2713  9.328  9.176  8.476  7.721  7.544  8.275  7.560  6.784  7.705  8.190  7.008  7.139  8.025
 7.400  6.537  6.974  6.646  6.454  6.156  6.366  6.258  6.021  6.098  5.926  6.234  6.126  6.604  7.117
 7.059  7.147  7.587  7.751  8.025  7.448  7.838  7.979  8.140  8.149  8.300  8.336  8.298  8.178  7.699
 7.899  8.508  8.563  8.850  8.609  9.260  8.651  8.931  8.298  8.115  8.224  8.329  8.240  9.372  9.119
 8.686  9.784  8.790  8.781  8.122  8.423  8.212  7.986  7.737  7.752  8.605  8.424  8.826  8.864  9.920
 9.511  8.970  8.908  8.546  9.383  9.112  8.619  8.697  8.502  8.598  8.631  8.036  8.185  7.834  8.212
 8.147  7.698  7.749  8.354  8.077  7.978  8.934  8.356  8.519  9.167  8.933  9.245  9.110  9.582  9.838
 9.658 10.707  9.361  8.773 10.600  9.881  8.951  9.867  9.317  9.142 10.636  9.364  9.494  9.349  9.071
 9.118  9.118  8.851
C1908x2TS067_3 0.2698 10.819 10.513 12.328 12.280 13.614 12.128 11.943 11.191 11.459 11.410 10.117  9.654 10.107
 9.241  8.655  9.403  8.796  9.075  8.661 10.856  8.379  8.451  8.102  8.239  8.494  7.906  8.131  8.898
 8.577  8.171  8.685  8.977  9.207  8.700  9.091  8.336  9.126  8.969  9.409  9.398  9.813  9.791 10.253
 9.741  9.829  9.763  9.659  8.948  9.113  8.126  8.397  8.006  8.163  8.654  7.992  8.118  8.782  8.776
 7.814  8.163  8.298  8.986  8.204  7.517  7.856  7.334  7.543  7.503  8.270  7.602  7.709  7.112  6.852
 6.766  6.597  6.850  6.657  7.638  7.681  6.842  7.052  6.462  6.426  6.576  6.234  6.252  6.427  6.245
 5.840  5.908  6.156  6.223  6.224  6.836  7.235  6.346  6.545  6.735  6.376  6.405  6.286  6.826  6.700
 7.585  7.618  8.249  7.996  8.439  8.353  8.112  9.051  8.862  9.034 10.742 10.421 11.123 10.738 10.016
10.587 10.351  9.953
C1908x2TS067_4 0.2606 11.685 12.043 12.575 12.116 12.953 12.337 12.311 11.265 11.448 11.254  9.931 10.075  9.824
 8.534  8.522  9.304  8.892  8.730  9.395 10.376  8.092  7.916  6.891  7.461  8.000  7.363  7.161  8.239
 8.166  7.657  8.309  8.990  8.792  8.498  9.354  8.074  9.566  8.885  9.997 10.180 10.579 11.320 10.703
11.365 11.441 11.893 11.469 10.330 10.219  8.722  8.708  8.123  7.804  8.992  7.684  7.672  8.682  8.965
 7.642  7.740  7.843  7.836  7.696  7.084  7.705  7.048  7.393  7.528  8.575  8.875  8.202  7.260  6.931
 6.807  6.651  7.040  6.953  7.778  7.875  7.387  7.654  7.299  7.017  7.080  7.017  6.687  6.644  6.625
 6.117  6.199  6.624  6.512  6.825  7.301  7.463  6.893  6.995  7.085  6.795  6.973  6.788  7.108  7.025
 8.012  8.252  8.178  8.320  9.155  9.128  8.169  9.610  9.289  9.532 11.487 11.530 11.843 11.526  9.920
10.775 10.673 10.133
C1908x2TS067_5 0.2661 13.866 13.451 13.366 12.672 13.423 12.416 12.326 11.889 11.304 11.654 10.721 11.160 10.661
 9.585  9.430 10.028  9.728  8.659  9.161  9.626  7.641  7.361  6.765  7.297  7.771  7.186  6.681  7.432
 8.009  7.217  7.643  8.168  8.175  8.378  9.098  8.415  8.857  8.813  9.526  9.413 10.066 11.016  9.974
10.281 10.669 10.850 10.438  9.412  9.216  8.433  8.546  7.967  8.309  8.512  7.827  8.286  9.078  8.917
 7.415  7.842  8.113  8.451  7.947  7.496  7.632  7.061  7.618  7.801  9.390  7.897  7.313  7.160  6.871
 6.798  6.582  6.699  6.388  7.192  7.529  6.940  7.189  6.648  6.622  6.734  6.456  6.652  6.837  6.720
 6.229  6.414  6.722  6.630  6.746  7.236  7.592  6.826  6.886  7.141  7.070  7.247  7.045  7.635  7.430
 8.376  8.384  8.636  8.079  8.498  8.291  8.018  8.669  8.807  8.867  9.842 10.067 10.543 10.798  9.457
10.210 10.377 10.238
C1908x2TS073_1 0.3385  7.634  7.118  7.700  7.222  7.094  7.752  7.650  6.811  7.545  8.494  7.647  7.399  8.130
 7.211  7.992  7.588  7.238  6.476  6.579  7.109  7.615  7.255  7.405  7.817  7.688  7.407  7.209  7.879
 8.397  9.149  9.931 11.094  9.028  8.894  8.418  8.374  8.137  8.250  8.437  8.083  8.407  9.160  8.981
 8.230  8.713  8.854  8.400  8.209  7.833  8.079  8.593  8.036  7.625  7.237  6.167  5.985  7.008  6.399
 5.540  5.980  6.145  6.068  6.007  6.335  6.269  5.776  6.029  6.398  6.278  6.457  6.372  6.085  6.138
 6.696  6.562  6.932  6.585  6.236  6.429  6.133  6.280  6.261  6.351  6.773  6.581  6.506  6.539  6.593
 6.250  6.689  6.491  6.541  6.790  7.243  8.016  6.605  6.432  6.520  6.238  6.066  6.249  5.921  5.979
 6.225  5.910  6.421  6.056  6.498  6.565  6.253  6.429  6.409  6.630  6.311  6.288  6.207  5.949  6.568
 6.138  6.646  7.415
C1908x2TS073_2 0.3556  7.669  7.950  8.760  8.236  7.316  8.360  8.202  6.975  7.180  7.736  6.856  6.715  6.858
 6.587  6.378  6.795  6.792  6.450  6.665  7.001  6.713  6.773  6.953  7.224  7.353  7.751  8.105  8.375
 7.804  7.798  8.187  8.215  8.190  7.867  7.790  7.687  7.608  7.872  8.992  8.155  8.496  8.263  8.408
 7.798  8.242  7.866  8.226  8.021  7.963  7.145  7.688  6.605  6.673  6.636  6.140  5.690  5.977  5.671
 5.548  5.732  5.995  5.561  5.767  5.979  6.537  6.193  6.509  6.478  6.333  7.307  6.446  6.103  5.963
 6.661  6.022  6.448  5.895  5.639  5.438  5.592  5.662  6.064  6.362  6.667  6.616  6.491  6.198  6.283
 6.069  6.140  6.255  6.375  7.281  6.637  6.633  6.390  6.272  6.344  6.292  6.311  6.289  6.019  6.037
 5.819  5.661  5.754  5.587  6.089  5.979  5.631  5.872  6.011  6.015  6.776  6.973  6.706  6.171  6.474
 6.755  7.055  7.298
C1908x2TS073_3 0.3438  9.443  9.567  9.236  9.906  8.894  9.016  8.860  8.147  8.524  7.780  6.865  6.846  6.773
 6.126  5.809  6.134  6.183  5.390  5.640  6.203  6.101  6.080  6.177  6.567  6.538  7.269  6.966  7.192
 7.184  7.244  7.521  8.040  7.996  8.128  8.365  7.628  7.776  7.374  8.213  7.681  8.947  8.537  8.370
 8.171  8.051  7.787  8.210  7.418  7.781  7.345  7.803  7.438  7.755  7.608  7.565  7.155  6.795  6.827
 6.575  6.576  6.735  6.682  6.476  6.577  6.898  6.300  6.657  6.442  6.546  6.489  6.365  5.876  5.849
 5.781  5.871  5.836  5.477  5.286  5.340  5.216  5.488  5.631  5.878  6.422  6.417  6.700  6.674  7.115
 6.993  6.953  6.429  6.445  7.505  6.810  7.263  6.961  7.418  6.995  7.329  6.600  6.565  6.122  5.943
 5.976  5.794  5.910  5.772  6.086  5.885  5.804  6.200  6.669  6.941  7.564  7.160  7.390  7.989  7.738
 8.722  8.193  8.782
C1908x2TS073_4 0.3313 10.648 10.735 10.530  9.620  9.740  9.307  8.505  7.976  8.476  7.760  7.019  7.373  6.998
 6.378  5.854  6.487  6.523  6.087  5.809  6.403  6.473  6.805  6.572  6.758  6.902  7.117  6.970  7.427
 8.090  7.794  8.405  7.602  7.763  7.256  7.209  7.115  7.466  7.070  7.486  7.688  7.755  7.953  8.003
 7.791  7.896  7.527  7.583  7.002  6.912  6.634  6.698  6.787  6.973  7.304  7.009  7.103  6.816  6.943
 6.486  6.444  6.832  6.197  6.364  6.995  6.481  6.233  6.959  6.656  6.307  6.480  6.376  5.878  6.013
 6.042  6.057  5.914  5.688  5.819  6.081  6.108  5.967  6.343  6.472  6.651  6.155  6.350  6.388  6.643
 6.507  6.783  7.040  7.232  7.529  6.675  7.246  6.512  6.698  6.998  6.912  6.793  6.809  6.635  7.067
 6.644  7.451  7.380  7.894  9.078  8.014  7.641  7.659  8.265  7.555  8.459  7.886  8.109  8.316  8.164
 9.006  8.529  8.759
C1908x2TS073_5 0.3265 10.191  9.575 10.519  9.815  9.829  9.589  9.370  8.355  9.053 10.234  8.774  9.977  9.188
 7.507  7.332  8.237  7.390  6.675  6.938  7.246  6.880  7.399  7.290  7.590  7.432  7.462  7.233  7.678
 7.755  8.006  8.552  8.290  8.260  7.707  7.609  7.131  7.294  7.183  7.410  7.058  7.576  8.262  7.768
 7.619  7.656  7.404  8.171  7.531  7.685  7.032  7.839  7.857  7.460  7.444  6.961  6.419  6.829  6.040
 5.406  5.994  5.829  5.419  5.782  6.106  6.619  5.953  5.752  5.377  5.364  5.874  5.846  5.750  5.959
 6.219  5.924  6.203  6.027  6.200  6.295  6.050  6.174  6.504  6.432  6.972  6.901  6.803  6.048  6.490
 6.240  6.746  6.974  7.215  8.417  7.459  7.274  7.017  7.826  7.237  7.086  6.829  7.175  6.937  6.892
 7.116  7.597  7.059  7.004  7.873  7.577  7.036  7.399  7.848  7.722  7.659  7.460  7.520  7.302  7.342
 7.214  7.718  7.642
C1908x2TS103_1 0.2489 14.718 13.274 14.236 13.497 14.548 11.933 10.580 10.640 12.470 12.450 10.944 10.644 11.101
 9.074  8.104  9.887  8.954  7.780  7.844  8.018  7.918  8.035  8.254  8.037  8.521  8.165  8.017  8.192
 8.303  7.938  8.176  7.769  7.587  7.208  7.630  7.524  7.416  7.020  7.445  7.346  7.438  7.737  7.754
 7.857  7.755  7.644  7.872  7.763  8.093  7.694  8.128  7.648  8.030  8.968  8.609  9.053  9.896 12.465
10.468 10.622 11.249 10.146  9.338  9.199  8.891  8.395  8.688  8.303  8.318  8.627  8.457  8.297  8.687
 9.310  8.876  9.075  8.346  8.472  8.845  8.556  8.555  8.415  8.202  8.170  8.219  8.736  8.138  8.540
 7.874  8.833  7.778  7.863  8.209  7.494  7.996  7.690  8.124  7.996  8.178  8.125  8.631  8.869  8.299
 8.889  8.921  8.732  8.542  8.479  8.396  8.248  8.712  9.023  8.876  9.426  8.950  9.454  9.185  9.145
 8.636  9.434  9.418
C1908x2TS103_2 0.3934  7.524  6.534  6.443  5.758  5.760  5.761  5.198  4.709  5.115  5.143  4.608  4.564  4.957
 4.877  4.604  5.054  5.721  5.522  6.069  7.407  5.421  5.334  5.009  4.850  5.073  5.466  5.179  5.596
 6.561  7.057  7.613  8.529  8.626  7.829  6.951  6.995  7.501  7.234  7.483  7.176  7.264  7.249  7.568
 7.261  7.385  7.074  6.785  7.509  7.165  7.183  7.565  7.265  6.955  6.594  5.992  5.030  5.163  5.036
 4.560  4.423  4.712  4.710  4.136  4.235  4.535  4.046  4.548  4.885  5.310  5.466  4.832  5.024  5.272
 5.131  4.809  5.014  5.087  5.017  5.258  5.642  6.281  6.589  7.025  7.054  7.252  7.457  7.441  7.533
 7.430  7.195  6.807  6.828  6.915  6.324  6.746  6.213  6.330  6.544  6.841  6.902  7.181  7.358  7.521
 7.627  8.127  7.827  7.491  8.174  8.443  7.810  8.611  7.657  7.111  7.219  6.978  7.162  7.146  7.593
 7.684  8.751  9.292
C1908x2TS103_3 0.2264  8.690  8.532  8.610  9.074  9.471  9.800 10.991 10.245 10.243  9.248  8.564  9.120  9.310
 9.015  8.260  9.058  8.997  8.073  8.239  8.760  8.323  8.566  9.069  8.645  8.473  8.070  8.006  8.613
 8.347  8.269  8.795  8.632  8.079  8.154  8.318  7.780  8.522  8.331  8.679  8.739  8.617  8.323  8.181
 7.473  7.897  7.433  7.940  7.591  8.000  7.165  7.278  7.066  6.669  7.057  7.223  7.929  8.012  9.415
 9.822  9.959 10.914 11.386 10.458  9.984  8.876  8.995  9.082  8.975 10.627 11.985 10.616 10.873 11.642
10.825  9.423 10.425  8.490  8.488  8.783  8.509  8.487  8.429  8.498  8.709  8.525  9.061  9.064 10.404
 9.523  9.385  8.866  9.248  9.736  9.355  9.633  8.845  9.385  8.863  8.600  8.285  8.031  7.891  7.632
 8.194  8.463  7.356  7.322  7.781  7.536  7.484      X      X      X      X      X      X      X      X
     X      X      X
C1908x2TS123_1 0.3751  7.801  6.917  6.472  5.825  6.042  6.121  5.607  5.183  5.525  5.604  4.976  4.887  5.366
 5.242  4.783  5.255  5.525  5.245  5.008  5.490  5.757  5.611  5.524  6.051  6.121  5.885  5.957  6.589
 6.870  7.018  7.338  7.256  7.168  7.626  7.341  7.579  7.400  7.408  7.665  7.679  8.504  8.723  7.588
 7.468  7.530  7.465  7.257  7.205  7.227  6.718  7.152  6.938  6.774  6.639  6.444  5.920  5.976  6.162
 5.898  6.152  6.263  6.483  5.793  6.341  6.544  6.553  6.937  6.982  7.601  7.673  8.120  7.493  7.624
 7.790  8.160  7.939  7.120  7.076  7.047  6.718  6.768  6.470  6.387  6.416  6.147  6.056  5.790  6.121
 5.573  5.888  5.641  6.322  6.264  6.372  6.936  6.070  5.857  5.956  5.533  6.099  5.922  6.199  6.282
 6.899  7.037  6.608  6.795  7.490  7.346  6.896  6.651  6.576  5.965  6.072  5.880  6.093  5.514  6.305
 6.178  6.875  7.192
C1908x2TS123_2 0.3332  6.650  6.410  6.629  6.063  6.536  6.383  6.117  5.824  6.030  6.141  5.801  5.780  6.245
 6.202  5.615  6.320  6.750  6.583  6.699  7.040  6.936  7.412  7.469  7.550  7.635  7.740  7.636  7.895
 8.367  8.208  8.720  8.379  8.148  7.879  7.791  7.698  8.214  8.306  8.962  8.449  8.994  8.404  8.013
 7.595  7.873  7.622  7.502  7.557  7.154  6.963  7.239  7.267  7.321  7.317  7.393  7.256  7.143  7.216
 7.322  6.969  7.073  7.884  7.899  7.806  7.948  7.437  7.411  6.925  7.209  7.404  7.027  7.103  6.937
 7.671  7.102  7.213  6.688  7.066  7.196  6.804  7.045  6.872  6.945  7.322  7.011  7.032  6.955  6.954
 6.816  7.019  6.989  7.335  6.997  5.981  6.333  6.355  6.949  6.693  6.502  6.727  6.634  6.817  6.736
 7.210  7.224  7.526  7.607  7.777  7.830  6.921  7.459  6.834  6.748  6.557  6.328  6.330  6.117  6.194
 5.969  6.593  7.085
C1908x2TS123_3 0.3267  9.937  9.203 10.193  8.254  8.916  8.307  7.409  6.984  8.695  7.341  6.562  6.721  6.926
 7.044  6.501  6.971  7.423  6.258  6.768  7.703  8.452  7.855  7.741  7.691  7.953  7.463  7.587  7.261
 7.547  6.973  6.671  6.596  6.644  6.901  7.497  7.553  8.514  9.147  9.528  8.830  9.683  9.769  8.525
 7.683  7.991  7.431  7.401  7.214  7.288  7.066  8.008  7.314  7.020  7.279  7.655  6.850  7.089  7.445
 7.829  8.999  9.221  9.220  8.747  8.010  8.854  7.594  8.446  8.000  9.060  8.954  7.754  7.340  7.066
 6.593  6.751  6.626  5.982  6.175  6.047  6.453  6.127  6.140  6.019  5.781  6.040  6.217  6.389  6.668
 7.044  7.526  7.578  7.851  7.755  6.887  7.284  6.262  5.917  6.212  5.503  5.773  5.467  5.755  5.563
 5.722  6.370  6.170  6.679  8.071  7.247  6.875  6.491  6.646  5.594  5.992  5.708  6.255  5.770  6.419
 6.692  8.004  8.989
C1908x2TS123_4 0.3330  9.534  8.989  9.805  8.093  8.830  8.265  7.231  6.809  8.334  7.129  6.502  6.547  6.913
 7.008  6.318  6.985  7.561  6.221  6.802  7.811  8.747  7.879  7.548  7.583  7.944  7.315  7.340  7.105
 7.283  6.605  6.214  6.152  6.326  6.524  7.038  7.057  7.960  8.807  9.417  8.772  9.545  9.506  8.339
 7.516  7.963  7.318  7.171  7.210  7.273  7.035  7.804  7.206  7.210  7.224  7.608  6.747  6.970  7.374
 7.540  8.862  9.143  8.851  8.547  8.076  8.447  7.368  8.348  7.984  8.957  8.332  8.067  7.682  7.483
 6.681  6.738  6.850  6.216  6.260  5.985  6.145  5.841  5.969  5.878  5.547  5.767  5.860  6.073  6.349
 6.665  6.960  7.056  7.249  7.346  6.706  6.784  6.044  5.848  5.905  5.294  5.695  5.435  5.614  5.392
 5.834  6.253  6.446  7.069  8.739  7.768  7.455  6.842  7.004  5.712  6.052  5.877  6.321  5.850  6.422
 6.789  8.011  8.863
C1908x2TS123_5 0.3412  9.708  9.091 10.208  8.301  8.813  8.147  7.259  6.875  8.493  7.209  6.502  6.529  6.761
 7.021  6.695  6.888  7.072  6.286  6.893  7.504  8.603  8.248  7.820  7.399  7.838  7.187  7.263  7.029
 7.206  6.660  6.375  6.297  6.361  6.664  7.306  7.238  8.342  9.239  9.635  8.726  9.646  9.427  8.354
 7.502  7.690  7.093  7.196  6.844  6.816  6.670  7.455  7.234  6.839  7.163  7.463  6.623  6.679  7.034
 7.425  8.431  8.812  8.825  8.385  8.287  8.788  7.632  8.432  7.976  8.727  8.111  7.621  6.973  6.459
 6.058  6.096  5.913  5.464  5.459  5.461  5.351  5.480  5.587  5.537  5.307  5.601  5.707  5.986  6.253
 6.672  6.966  7.078  7.357  7.481  6.756  6.782  6.056  5.744  5.655  5.297  5.606  5.256  5.350  5.297
 5.410  5.909  6.008  6.760  8.733  7.421  7.179  6.633  6.747  5.801  6.180  6.013  6.436  6.048  6.695
 6.818  7.640  8.955
C1908x2TS131_1 0.3936      X      X      X      X      X      X      X      X      X      X      X      X      X
     X      X  7.657  6.934  6.716  6.063  5.850  5.713  6.179  5.396  5.082  5.119  4.987  5.332  5.017
 4.939  4.457  4.535  4.356  4.661  4.835  5.294  5.194  5.560  5.704  5.695  5.471  5.742  5.574  5.600
 5.041  4.846  4.772  4.812  5.034  5.427  5.531  6.023  5.715  5.650  5.700  5.712  5.536  4.889  4.788
 4.498  4.564  4.559  5.347  5.085  5.453  5.682  4.967  5.203  5.129  5.499  5.114  4.844  5.006  5.277
 5.251  5.736  5.976  5.330  5.708  5.966  5.930  5.852  6.075  5.738  6.516  5.518  5.480  5.128  5.133
 5.032  5.333  5.172  5.596  5.677  5.694  6.619  5.339  4.847  4.614  4.601  4.691  4.971  5.399  5.652
 6.376  6.941  6.082  5.956  6.195  6.581  6.866  6.405  6.655  6.289  6.739  5.808  7.023  6.409  6.653
 6.622  7.243  7.564
C1908x2TS131_2 0.4284      X      X      X      X      X      X      X      X      X      X      X      X      X
     X      X  6.565  5.947  5.605  4.974  4.598  4.471  4.633  4.831  4.808  4.508  4.942  4.951  4.673
 4.229  4.022  4.271  4.154  4.214  4.410  5.015  5.194  5.001  4.970  5.160  5.063  5.361  5.251  5.247
 4.727  4.572  4.541  4.404  4.636  4.820  4.913  5.584  6.067  5.836  5.669  5.482  5.229  4.538  4.278
 4.139  4.115  4.241  4.982  4.840  5.388  6.057  5.124  5.350  5.164  4.873  4.408  4.426  4.555  4.783
 5.024  5.150  5.472  4.809  5.279  5.495  5.735  5.368  5.467  5.203  5.473  4.802  4.828  4.568  4.805
 4.803  5.188  4.963  5.160  5.603  5.291  5.540  4.912  4.533  4.392  4.203  4.309  4.340  4.612  4.631
 5.117  5.511  5.549  5.817  6.246  6.495  6.279  6.199  6.214  5.841  6.427  6.018  7.169  6.127  6.679
 6.722  6.843  7.125
C1908x2TS131_3 0.3907      X      X      X      X      X      X      X      X      X      X      X      X      X
     X      X  6.676  6.275  6.140  5.938  5.653  5.597  6.044  5.841  5.833  5.505  5.424  5.568  5.360
 5.133  4.812  5.115  4.879  4.866  4.974  5.374  5.464  5.458  5.448  5.615  5.295  5.707  5.271  5.216
 4.827  4.765  4.570  4.845  4.899  5.046  5.442  5.553  5.786  5.682  5.242  5.433  5.411  5.034  4.881
 4.538  4.731  4.673  4.936  5.643  5.771  6.138  5.382  5.660  5.345  5.558  5.139  5.454  5.449  5.551
 5.766  6.090  6.064  5.325  5.713  5.825  5.808  5.835  5.616  5.703  6.104  5.912  5.376  4.866  5.261
 5.039  5.580  5.429  6.000  6.940  6.223  6.799  5.580  5.348  5.236  4.929  5.139  5.155  5.209  5.216
 5.711  5.720  5.489  5.450  5.904  6.074  6.312  6.200  6.249  6.038  6.605  6.170  7.296  6.181  6.778
 6.776  7.147  7.482
C1908x2TS131_4 0.3145      X      X      X      X      X      X      X      X      X      X      X      X      X
     X      X  7.809  7.031  6.903  6.615  6.994  6.993  7.711  6.938  6.307  5.936  6.037  6.218  6.085
 6.114  5.541  5.673  5.602  5.967  6.341  6.749  6.330  6.273  5.872  6.289  5.983  6.382  6.393  6.578
 6.067  5.903  5.980  5.762  5.939  6.307  6.578  6.793  6.961  6.840  6.584  6.987  7.090  6.507  6.424
 5.931  5.983  6.005  6.394  7.029  7.199  7.681  7.071  7.445  7.459  7.969  8.637  9.136  9.461  8.259
 8.291  8.002  8.295  7.561  7.752  7.982  6.744  6.889  6.662  6.278  6.336  5.619  5.822  5.118  5.646
 5.350  5.723  5.694  6.024  7.057  6.298  7.451  5.964  5.970  5.987  5.814  5.884  5.891  6.235  6.172
 6.838  6.796  6.708  6.430  7.131  6.859  6.825  7.225  7.642  7.154  7.731  7.086  8.474  7.650  8.637
 8.460  8.821  8.819
C1908x2TS131_5 0.3466      X      X      X      X      X      X      X      X      X      X      X      X      X
     X      X  7.508  7.037  7.052  6.223  5.731  5.612  5.584  5.594  5.573  5.263  5.063  5.486  5.067
 5.046  4.864  5.168  4.959  5.139  5.383  5.732  5.664  5.847  5.549  6.281  5.898  6.413  6.237  6.192
 5.966  6.036  6.235  5.637  5.818  5.903  5.902  6.209  6.261  6.394  6.035  6.454  6.010  5.819  5.486
 5.418  5.517  5.868  6.095  6.442  6.712  7.071  6.610  7.029  6.907  7.620  8.124  8.069  8.413  8.312
 9.491  8.154  8.618  7.393  7.953  7.723  6.885  6.630  6.202  6.147  6.371  5.687  5.928  5.272  5.576
 5.129  5.545  5.125  5.389  6.333  5.755  6.571  5.285  5.352  5.285  4.945  4.951  4.966  5.214  5.241
 5.568  5.794  6.093  5.662  6.592  6.325  6.895  6.804  7.351  6.885  7.819  6.951  7.657  7.298  7.556
 7.721  8.255  8.779
C1908x2TS179_1 0.3075  8.689  8.310  8.238  8.220  7.864  7.319  7.096  6.712  7.107  6.956  6.398  6.820  7.185
 6.522  6.304  6.971  6.887  6.383  6.182  7.363  7.039  6.797  6.659  6.719  6.968  6.826  6.650  7.475
 7.609  7.429  7.936  7.428  7.662  7.763  8.011  8.202  8.309  8.037  8.329  8.282  8.532  8.408  8.366
 8.183  8.162  7.940  7.675  7.358  7.546  7.408  7.530  7.479  7.355  7.622  7.627  7.594  7.998  7.985
 8.015  8.034  8.366  8.123  7.947  7.644  7.936  7.219  7.073  7.500  7.445  7.733  7.548  7.775  8.097
 7.987  7.855  8.224  7.331  7.540  8.014  7.605  7.887  7.535  7.469  7.600  7.354  7.354  7.061  7.316
 7.050  7.214  6.891  7.020  7.256  7.020  7.688  7.359  7.571  7.466  7.480  7.574  7.572  7.694  7.621
 7.790  7.986  7.745  7.920  8.225  7.723  7.411  7.477  7.535  7.162  7.185  7.098  7.067  6.987  7.004
 7.509  8.129  8.318
C1908x2TS210_1 0.4550  6.650  5.888  5.853  5.373  5.557  5.818  5.756  5.202  6.085  5.857  5.208  5.493  6.272
 5.773  5.370  6.290  6.274  5.885  5.820  6.129  5.716  6.151  5.767  5.694  5.995  6.169  5.730  5.997
 5.553  5.383  5.551  5.518  6.172  6.456  6.948  6.755  7.243  7.400  7.385  7.506  6.857  6.379  5.984
 5.769  5.534  5.006  4.854  4.736  4.854  4.541  5.119  5.250  5.195  5.387  5.131  5.069  4.759  4.978
 4.866  5.274  5.203  5.614  5.668  5.990  5.939  5.199  5.596  5.276  5.543  5.171  5.372  5.351  5.622
 5.378  5.420  5.273  4.705  4.917  5.029  5.064  4.794  4.928  5.365  5.187  5.904  5.779  6.315  6.182
 6.193  6.048  6.045  6.357  6.584  5.914  6.597  5.046  5.000  5.035  4.783  4.889  4.797  4.609  4.557
 4.247  4.408  4.450  4.960  5.404  5.239  4.548  4.668  4.200  4.174  4.521  4.341  4.975  4.671  5.151
 5.072  5.676  6.207
C1908x2TS210_2 0.4475  7.434  6.225  6.099  5.873  6.181  5.998  5.904  5.551  6.437  6.114  5.462  5.896  6.414
 5.875  5.759  7.027  6.433  6.178  6.336  6.454  6.224  6.601  6.064  5.948  6.327  6.463  6.191  6.425
 5.904  6.054  6.041  6.310  6.580  7.034  6.864  6.424  7.226  6.975  7.637  7.070  6.892  6.273  5.732
 5.481  5.528  5.242  5.228  4.881  5.289  5.053  5.587  5.608  5.490  5.516  5.408  5.170  4.819  5.186
 4.981  5.212  4.975  5.230  5.441  5.795  6.182  5.219  5.300  5.032  5.265  4.935  4.981  4.884  4.914
 4.637  4.763  4.746  4.378  4.563  4.695  4.445  4.377  4.598  4.591  4.963  5.757  5.725  6.419  5.932
 6.223  6.017  6.115  6.374  6.487  6.165  7.136  5.312  4.992  5.171  5.018  4.850  4.651  4.467  4.255
 4.317  4.438  4.411  5.229  6.109  5.665  4.985  4.840  4.699  4.657  4.711  4.751  5.066  4.778  5.235
 5.251  5.781  6.577
C1908x2TS210_3 0.5103  6.156  5.753  5.692  5.236  5.171  5.200  5.185  4.577  5.172  5.106  4.624  4.670  5.242
 4.962  4.606  5.127  5.320  5.024  4.924  5.018  4.877  5.116  4.744  4.565  4.693  4.537  4.521  4.540
 4.484  4.308  4.559  4.514  5.413  6.280  6.194  5.934  6.288  6.501  7.092  6.284  6.118  5.804  5.709
 4.860  4.952  4.206  4.243  3.776  4.092  3.793  4.306  4.383  4.624  4.995  4.579  4.348  3.820  4.141
 3.760  4.091  4.027  4.688  4.909  5.346  5.547  4.658  4.627  4.475  4.552  4.153  4.346  4.203  4.673
 4.395  4.940  4.697  4.296  4.706  4.784  5.066  5.023  5.371  5.287  5.363  5.267  4.991  4.861  4.876
 4.801  4.967  4.886  5.244  5.188  4.759  4.649  4.309  4.294  4.565  4.528  4.605  4.775  4.756  4.919
 4.959  5.348  5.268  5.826  6.270  6.003  5.480  5.263  4.907  4.802  4.871  4.341  4.693  4.401  4.876
 4.522  5.147  5.989
C1908x2TS210_4 0.4925  6.473  5.390  5.176  4.555  5.020  5.366  5.009  4.387  5.430  5.381  4.514  4.855  5.591
 5.003  4.928  6.374  6.314  5.670  5.625  6.161  5.555  5.999  5.592  5.535  5.836  5.903  5.809  6.153
 5.760  5.201  5.422  5.236  6.163  6.686  6.716  6.492  6.819  7.124  6.822  6.735  6.566  6.276  5.815
 4.739  4.732  4.174  4.401  4.062  4.632  4.265  4.753  4.636  4.734  5.022  4.471  4.465  4.035  4.182
 3.842  4.049  3.942  4.237  4.501  4.926  4.953  4.202  4.342  4.079  4.414  4.233  4.461  4.359  4.664
 4.509  4.663  4.552  4.145  4.502  4.492  4.718  4.751  4.858  4.767  5.020  5.248  5.113  4.974  5.022
 5.010  5.046  5.053  5.563  5.749  5.482  5.413  4.850  4.743  4.858  4.879  4.808  5.096  4.982  5.165
 4.985  5.110  4.983  5.289  6.053  5.896  5.408  5.290  4.791  4.859  4.986  4.791  5.088  4.622  5.043
 4.653  5.047  5.391
C1908x2TS210_5 0.4573  6.465  5.736  6.001  5.573  5.539  5.748  5.863  5.226  5.970  6.052  5.517  5.466  6.163
 6.053  5.769  6.242  6.205  6.172  5.887  5.987  5.478  5.992  5.406  5.659  5.971  6.136  5.821  6.532
 6.713  6.602  6.568  6.790  7.154  7.058  6.967  6.698  6.955  6.830  7.280  7.070  7.066  6.923  5.959
 5.260  5.231  4.502  4.902  4.301  4.753  4.328  4.732  4.743  4.904  5.130  4.729  4.781  4.375  4.913
 4.288  4.720  4.354  4.818  4.613  4.998  5.199  4.334  4.557  4.223  4.748  4.435  4.690  4.590  4.860
 4.976  5.171  5.168  4.589  4.972  5.240  5.232  5.352  6.280  5.532  5.516  5.916  5.678  5.347  5.268
 5.080  5.055  5.044  5.440  5.396  5.257  5.378  5.139  5.100  5.257  5.009  5.300  5.488  5.302  5.409
 5.629  5.803  5.956  6.259  6.953  6.561  5.856  5.345  5.322  4.854  4.894  4.676  4.840  4.591  4.762
 5.121  5.582  6.196
C1908x2TS215_1 0.6842  4.839  3.965  3.896  3.451  3.554  3.710  3.259  3.165  3.351  3.145  2.849  3.092  3.199
 3.014  3.069  3.630  4.069  3.710  3.222  3.205  3.182  3.329  3.090  3.440  3.363  3.880  3.851  3.595
 4.048  4.288  4.147  4.207  4.582  4.974  4.999  4.801  4.925  5.444  5.883  5.437  4.628  4.428  4.011
 3.923  3.531  3.171  3.213  3.192  3.587  4.043  4.847  5.775  5.551  5.786  5.083  4.235  3.273  3.017
 2.884  2.720  3.206  3.242  3.378  3.655  3.656  3.154  2.963  3.001  2.962  2.716  2.661  3.058  2.948
 3.275  3.401  4.038  3.433  3.322  3.743  3.175  2.903  2.784  2.797  2.654  2.882  2.856  2.507  2.959
 2.694  3.042  3.301  3.490  3.812  3.876  3.238  2.608  2.344  2.447  2.022  2.370  2.262  2.398  2.615
 2.342  2.406  2.612  2.954  3.397  2.911  2.684  2.787  2.462  2.499  2.540  2.332  2.652  2.328  2.742
 2.669  3.235  3.838
C1908x2TS215_2 0.6440  6.336  4.610  4.277  4.331  3.845  3.868  3.690  3.562  3.226  3.284  3.806  3.349  2.876
 2.999  3.398  3.263  3.114  3.391  3.195  2.721  2.724  3.058  3.473  3.549  4.073  4.453  4.033  4.115
 4.031  4.251  4.566  4.717  4.770  4.869  4.436  3.566  3.089  2.773  2.780  2.819  3.010  3.166  3.149
 2.967  2.935  2.952  3.167  3.238  3.468  3.649  4.080  4.232  4.052  4.130  3.954  3.889  3.370  3.459
 3.382  3.261  3.186  3.332  3.958  4.702  4.580  3.594  3.993  3.685  4.014  4.322  4.047  4.691  5.046
 7.137  5.313  6.924  5.000  4.968  4.967  4.104  3.535  3.270  3.208  3.027  2.821  2.884  2.669  2.798
 2.796  3.078  3.644  3.195  3.374  3.232  3.039  2.968  2.544  2.847  2.500  2.880  2.995  3.305  3.278
 3.585  3.960  3.908  3.964  4.480  4.049  3.937  5.061  4.758  5.166  4.389  3.885  4.159  3.352  3.797
 3.506  3.923  4.845
C1908x2TS215_3 0.7332  5.956  4.847  3.698  3.394  3.267  3.551  3.116  2.806  2.919  2.941  2.572  2.626  2.587
 2.425  2.339  2.461  2.489  2.534  2.606  2.544  2.394  2.325  2.195  2.530  2.595  2.187  2.274  2.403
 2.517  2.906  2.571  2.839  2.965  3.098  3.164  3.045  3.039  3.284  3.422  3.383  3.467  3.727  3.430
 3.309  3.003  2.743  2.839  2.605  2.710  2.624  2.840  3.288  3.725  3.655  3.243  2.909  2.535  2.688
 2.599  2.742  2.548  2.784  3.007  3.228  3.656  2.991  3.054  2.612  2.590  2.379  2.407  2.310  2.567
 2.942  3.190  3.337  2.936  2.790  2.384  2.342  2.347  2.458  2.447  2.800  2.759  3.049  2.700  2.849
 3.030  3.123  3.033  3.150  3.759  3.602  3.584  3.072  2.594  2.759  2.461  2.663  2.775  2.804  2.502
 2.716  2.778  3.223  4.018  4.576  4.768  4.400  5.150  4.460  3.848  3.239  2.943  2.840  2.879  2.983
 3.351  3.898  4.508
C1908x2TS215_4 0.7294  5.213  4.118  3.437  2.981  3.020  3.082  3.074  2.981  3.113  3.272  3.278  3.422  3.349
 3.765  4.369  4.720  4.952  5.115  4.237  4.135  3.509  3.003  2.508  2.409  2.376  2.342  2.599  2.303
 2.723  2.516  2.490  2.731  3.003  3.119  3.401  3.752  3.620  3.417  3.402  3.493  4.233  4.894  3.837
 3.243  3.186  2.720  2.839  2.479  2.382  2.462  2.740  3.336  3.749  3.294  3.054  2.494  2.753  2.360
 2.437  2.831  2.936  3.304  3.737  4.068  4.636  3.621  3.513  3.151  2.994  2.612  2.730  2.524  2.521
 2.623  3.765  3.771  4.204  3.191  2.693  2.324  2.317  2.452  2.451  2.538  2.547  2.439  2.268  2.462
 2.410  2.332  2.281  2.720  2.739  2.478  2.425  2.412  2.285  2.575  2.186  2.368  2.373  2.389  2.474
 2.563  2.682  2.730  2.862  2.937  2.832  2.793  2.608  2.699  2.665  3.017  2.684  2.729  2.579  3.081
 3.144  4.048  5.030
C1908x2TS215_5 0.6329  6.015  4.178  3.610  3.449  3.548  3.205  3.124  3.307  3.430  3.145  3.096  3.461  3.531
 3.531  3.564  3.682  3.737  3.582  3.678  3.910  4.269  4.375  4.497  4.403  4.297  4.085  3.542  3.799
 3.613  4.283  4.107  4.325  4.475  4.363  4.177  3.576  3.680  3.418  3.463  3.443  3.506  3.745  3.626
 3.818  3.664  3.496  3.448  3.222  3.610  3.983  5.548  5.315  5.480  5.278  5.145  6.239  5.180  4.368
 4.230  4.409  4.373  4.847  5.005  4.970  4.962  4.380  4.649  4.997  4.312  4.173  3.901  4.023  3.827
 4.355  4.822  6.194  4.761  3.943  3.766  3.546  3.393  3.268  3.658  3.712  4.655  3.860  3.594  3.839
 3.588  4.054  5.032  3.852  4.314  3.740  3.785  3.245  2.919  3.299  2.786  2.761  2.567  2.658  2.528
 2.829  2.783  2.851  3.116  3.396  2.883  2.762  2.898  2.716  2.621  2.847  2.884  2.687  2.615  3.092
 3.057  3.837  4.474
C1908x2TS228_1 0.3889  7.525  6.933  6.743  6.202  6.468  6.443  6.099  5.482  6.211  6.067  5.788  5.917  6.116
 5.719  6.009  6.273  6.046  6.362  6.056  6.304  6.120  6.385  5.774  6.183  6.257  6.281  5.929  6.541
 6.651  6.844  6.935  7.122  7.298  7.127  7.328  7.044  7.436  7.535  7.572  7.381  7.659  7.550  7.301
 7.080  6.903  6.544  6.070  5.689  5.906  5.542  5.905  5.866  5.729  5.690  5.419  5.590  5.102  5.278
 4.897  5.552  5.711  6.144  6.109  6.290  6.483  5.899  5.874  5.562  5.917  5.421  5.692  5.745  6.005
 6.195  6.337  6.420  6.022  6.015  6.242  5.866  6.185  6.292  6.424  6.783  6.760  6.518  6.530  6.359
 6.741  6.880  6.443  6.715  7.146  6.471  6.738  5.788  5.592  5.970  6.048  5.990  6.059  6.267  6.217
 5.957  6.145  6.263  5.970  6.483  6.481  6.444  6.646  6.344  5.850  5.886  5.706  5.888  5.939  6.396
 6.644  7.316  8.026
C1908x2TS228_2 0.4288  6.372  5.608  5.244  4.585  4.729  4.898  4.562  4.228  4.960  4.921  4.600  4.788  5.583
 5.324  5.165  5.500  5.781  5.901  5.716  5.933  5.857  6.338  5.623  5.663  6.113  6.134  5.831  6.399
 7.174  6.994  8.005  7.431  7.382  7.040  7.207  7.172  7.250  7.372  7.267  7.388  7.760  7.143  6.997
 6.952  6.181  6.243  5.724  5.517  5.588  5.345  5.793  5.751  5.354  5.576  5.456  5.238  4.821  5.242
 4.877  4.943  5.075  5.765  5.715  6.021  6.116  5.372  5.521  5.127  5.364  4.936  4.920  4.936  5.284
 5.625  6.155  6.332  5.775  5.560  5.774  5.190  5.166  5.354  5.267  5.266  5.445  5.427  5.894  5.934
 6.257  6.736  6.740  6.756  6.940  6.257  5.956  5.670  5.344  5.242  5.110  4.985  5.131  4.772  4.934
 5.385  5.705  5.956  6.469  7.193  6.366  6.076  5.761  5.793  5.650  5.724  5.435  5.856  5.609  6.067
 5.975  6.619  6.890
C1908x2TS228_3 0.4196  6.953  5.999  5.413  5.369  5.432  5.198  4.934  4.902  4.866  4.526  4.773  4.981  4.694
 4.656  5.051  5.112  4.754  5.380  5.162  5.205  4.851  4.947  4.534  4.449  4.599  4.903  4.468  4.953
 5.131  5.850  6.061  6.084  6.539  6.464  6.761  6.408  6.791  6.988  7.375  7.420  7.589  7.533  7.375
 7.154  7.271  6.931  6.553  6.266  6.282  6.133  6.465  6.527  6.727  6.326  6.632  6.392  5.974  5.886
 5.872  6.071  6.213  6.893  6.938  7.352  7.447  6.714  7.119  6.663  6.550  6.606  6.519  6.773  6.657
 7.084  7.034  7.453  6.408  6.425  6.558  6.278  6.111  6.027  6.008  6.135  6.007  5.487  5.667  5.546
 5.444  6.012  6.260  6.428  6.523  5.650  5.673  5.046  5.029  5.193  5.055  5.133  5.212  5.245  5.438
 5.701  6.323  6.198  6.405  6.847  6.788  6.494  6.669  6.329  5.247  5.091  4.690  4.743  4.476  5.035
 5.060  5.843  6.408
C1908x2TS228_4 0.3446  7.527  7.167  6.951  7.143  7.293  6.937  6.301  6.732  6.681  6.831  6.543  6.753  6.535
 6.419  6.482  6.573  6.609  6.501  6.381  6.735  6.291  6.911  6.313  6.373  6.766  6.545  6.003  6.399
 7.037  6.665  7.052  7.293  7.362  7.346  7.368  7.458  7.598  7.669  7.821  7.513  7.414  7.320  7.296
 7.037  6.753  6.813  6.593  6.484  6.913  6.391  6.884  6.883  6.332  6.574  6.499  6.759  6.050  6.246
 6.223  6.275  6.350  6.898  6.784  6.674  6.777  6.361  6.258  6.376  6.704  6.537  6.781  6.860  7.003
 7.458  7.562  7.906  7.102  7.171  7.469  7.286  7.471  7.069  7.128  7.106  7.246  7.100  6.726  7.003
 6.908  6.710  6.561  6.807  6.777  6.523  6.596  6.212  6.586  6.655  6.749  7.124  7.210  6.988  6.889
 7.262  7.339  7.182  7.647  7.650  7.557  6.995  7.406  6.965  7.121  7.486  7.018  7.042  6.854  6.972
 7.239  7.727  8.543
C1908x2TS228_5 0.4046  6.617  6.001  5.893  5.038  5.164  5.750  5.369  4.554  5.276  5.328  5.025  4.915  5.628
 5.696  5.276  5.535  5.847  5.734  5.486  5.517  5.159  5.836  5.085  4.938  5.563  5.415  4.870  5.464
 6.056  6.194  6.403  6.533  7.107  6.830  7.094  7.135  7.531  7.492  7.409  7.501  7.433  7.401  6.751
 6.514  6.411  6.460  6.220  5.808  6.048  5.609  6.089  5.610  5.258  5.211  5.184  5.567  5.228  5.393
 5.061  5.460  5.530  6.007  5.957  6.148  6.220  5.592  5.452  5.309  5.662  5.480  5.647  5.468  5.733
 5.612  5.950  6.379  5.842  6.304  6.676  6.601  6.997  6.727  7.060  6.665  6.697  6.588  6.406  6.667
 6.676  6.878  6.483  7.060  7.037  6.369  6.232  6.246  6.230  6.327  5.914  5.778  6.084  6.077  6.396
 6.591  7.137  6.998  7.027  7.684  7.243  7.248  6.942  6.836  6.350  6.331  5.881  5.938  5.758  5.796
 6.207  6.652  7.011
C1908x2TS270_1 0.5031  5.329  4.504  4.443  4.022  3.740  4.004  3.889  3.424  3.759  3.980  3.696  3.574  4.169
 4.184  3.948  4.304  4.713  4.793  4.623  4.913  5.786  5.964  5.289  5.282  5.319  5.582  5.670  5.603
 5.539  5.586  5.199  5.310  5.310  5.742  6.023  5.716  5.871  5.644  6.345  6.562  6.028  6.022  5.528
 5.311  5.136  4.916  4.792  4.525  4.610  4.418  4.811  5.190  5.465  5.492  4.727  4.656  4.253  4.378
 4.340  4.786  4.991  5.920  5.939  6.105  5.974  5.540  6.015  5.685  5.468  5.701  5.216  5.537  5.461
 5.617  5.622  5.737  5.115  5.221  4.941  4.861  4.600  4.654  4.873  5.528  5.513  5.551  5.491  5.633
 5.645  5.572  5.588  6.129  6.228  5.850  5.438  4.740  4.702  5.020  4.476  4.361  3.955  4.244  4.075
 4.543  4.696  5.029  4.820  4.984  4.538  4.593  4.473  4.476  4.092  4.203  3.843  4.130  4.074  4.585
 4.514  4.832  5.303
C1908x2TS345_1 0.7178  6.322  5.229  4.934  4.311  3.379  3.284  3.167  3.046  2.908  2.895  2.822  2.822  2.564
 2.513  2.555  2.866  3.053  2.882  2.713  2.734  2.519  2.489  2.352  2.312  2.441  2.632  2.934  2.838
 2.994  2.894  2.873  2.670  2.693  2.954  2.499  2.526  2.507  2.605  2.904  2.992  2.825  2.675  2.803
 2.998  3.029  3.199  3.232  3.444  3.641  4.232  4.842  4.963  4.942  4.809  4.538  5.201  4.521  4.054
 3.750  3.911  3.614  3.483  3.202  3.380  3.618  3.214  3.394  4.235  3.140  2.788  2.934  2.701  2.830
 2.869  3.578  4.121  3.677  3.096  2.511  2.208  2.304  2.266  2.495  2.395  2.839  2.984  2.976  3.210
 3.453  4.640  3.419  3.914  4.031  3.432  3.262  2.992  2.739  2.739  2.314  2.292  2.125  2.339  2.160
 2.272  2.699  3.765  3.423  3.714  2.884  3.050  2.741  2.507  2.366  2.189  2.040  2.352  2.371  2.826
 2.996  3.318  4.294
C1908x2TS345_2 0.7804  3.773  3.080  2.875  2.488  2.414  2.705  2.671  2.260  2.371  2.567  2.352  2.302  2.651
 2.569  2.520  2.762  2.751  2.616  2.483  2.637  2.830  2.465  2.437  2.808  3.103  2.512  2.623  2.757
 2.734  2.689  2.619  2.859  2.813  3.090  3.161  2.690  2.871  2.359  2.416  2.296  2.526  2.443  2.298
 2.508  2.296  2.046  2.185  2.091  2.443  2.562  3.335  3.852  2.950  2.383  2.159  1.927  2.080  2.080
 1.977  2.055  2.223  1.953  2.053  2.384  2.633  2.217  2.686  2.371  2.291  2.321  2.179  2.452  2.854
 2.966  3.548  3.511  3.234  3.859  3.201  3.671  3.404  3.349  3.106  2.779  3.077  2.792  2.545  2.776
 2.743  3.004  2.699  2.662  3.260  2.732  2.905  2.826  2.327  2.251  2.102  2.184  2.178  2.464  2.225
 2.590  2.584  3.377  3.096  3.372  2.718  2.642  2.715  2.839  2.590  2.628  2.134  2.140  1.893  2.118
 2.468  2.707  3.834
C1908x2TS345_3 0.7516  5.048  4.199  4.272  3.448  3.518  3.639  3.129  2.740  3.065  3.139  3.094  2.687  2.863
 3.137  2.669  2.725  2.833  2.955  2.517  2.493  2.751  2.578  2.192  2.242  2.573  2.043  2.040  2.135
 2.079  2.100  1.924  2.074  2.423  2.306  2.427  2.540  2.689  2.680  2.877  3.430  2.962  3.585  3.537
 3.076  2.863  2.421  2.542  2.327  2.321  2.387  2.611  2.607  2.304  2.282  2.015  2.007  2.275  2.070
 2.086  2.237  2.156  2.080  2.385  2.471  2.499  2.382  2.344  2.576  2.831  2.463  2.537  2.287  2.487
 2.211  2.381  2.639  2.242  2.277  2.258  2.483  2.326  2.751  2.760  3.184  2.986  2.909  2.693  2.698
 2.663  2.402  2.397  2.229  2.754  2.432  2.445  2.845  2.638  2.796  2.483  2.970  2.938  3.368  3.405
 3.881  4.414  4.559  5.501  5.606  5.465  5.005  5.045  4.808  3.707  3.915  3.248  3.107  2.748  3.162
 3.028  3.640  4.983
C1908x2TS345_4 0.6286  5.579  5.110  4.421  3.542  3.236  3.300  3.315  3.015  2.920  3.033  3.195  2.958  2.972
 3.361  3.391  3.336  3.561  3.765  3.763  4.231  4.514  5.030  5.199  4.497  4.845  5.605  5.174  4.590
 3.844  3.562  3.485  2.899  3.249  3.760  4.335  4.560  4.329  4.187  4.565  4.098  4.015  3.998  3.833
 3.416  4.020  4.481  3.906  4.218  4.838  4.750  4.340  4.083  4.277  4.545  4.462  3.740  3.780  3.771
 3.576  3.383  3.395  3.475  3.108  3.133  3.400  3.710  3.612  4.151  4.870  4.650  4.810  4.531  4.207
 4.607  4.883  5.795  5.385  6.521  6.761  5.893  4.971  4.186  3.813  3.213  2.762  2.710  2.462  2.752
 2.590  2.859  3.226  3.197  3.623  3.167  3.484  3.710  3.059  2.914  2.571  2.769  2.559  3.064  2.977
 3.515  3.289  3.798  4.104  4.405  4.430  3.837  3.398  3.734  3.625  3.487  3.068  3.268  3.159  3.467
 3.556  4.188  4.881
C1908x2TS345_5 0.5695  6.315  4.626  4.259  4.167  3.814  3.842  3.529  3.393  3.503  3.619  3.273  3.392  3.715
 3.630  3.518  4.079  4.241  4.373  3.683  4.054  4.275  4.016  3.706  3.808  3.757  3.526  3.253  3.196
 3.244  3.189  3.516  3.395  4.030  4.342  5.404  4.775  4.792  4.785  4.938  4.712  4.340  3.847  4.299
 3.787  3.844  3.629  4.019  4.298  4.749  4.465  5.577  5.852  6.508  5.490  4.931  4.971  5.405  4.835
 5.362  4.891  5.289  5.660  5.132  5.601  5.890  5.883  5.174  5.179  4.794  4.520  4.547  4.485  4.374
 4.524  4.410  5.436  4.768  4.993  4.242  3.722  3.982  4.036  4.150  4.324  4.661  5.672  5.813  5.713
 6.323  6.096  5.433  5.376  5.304  5.150  4.744  3.834  3.613  3.595  3.544  3.449  3.472  3.475  3.523
 3.717  3.769  4.233  4.671  4.928  4.582  4.354  4.174  3.988  4.095  3.787  3.768  3.675  3.518  3.595
 3.623  4.229  4.976
C1908x2TS389_1 0.3949  7.593  6.644  6.289  5.798  5.897  5.744  5.185  4.773  5.312  5.308  4.892  4.917  5.379
 5.316  4.904  5.180  5.616  5.507  5.375  5.614  5.683  6.154  5.445  5.373  5.681  5.702  5.266  5.624
 6.200  6.443  6.510  6.862  6.986  6.966  7.045  7.400  7.411  7.500  7.230  7.502  7.686  7.712  7.096
 6.712  6.525  6.100  6.082  5.731  6.195  5.886  6.395  6.714  6.494  6.558  6.550  6.145  5.738  6.000
 5.756  6.159  6.195  6.913  6.954  6.787  7.059  6.087  6.324  6.051  6.482  6.392  6.213  6.247  6.179
 6.714  6.513  7.600  6.262  6.128  6.413  6.091  6.278  6.201  6.230  6.247  6.448  6.490  6.633  6.809
 7.095  7.231  6.697  6.980  7.209  6.758  6.922  6.020  6.179  6.180  5.935  5.840  5.928  5.669  5.875
 5.876  6.033  6.157  6.346  7.027  6.679  6.382  6.544  5.979  5.709  5.855  5.581  5.640  5.372  5.523
 5.597  6.029  6.421
C1908x2TS389_2 0.4311  5.816  5.148  5.130  4.463  4.569  4.757  4.521  3.962  4.492  4.614  4.174  4.069  4.709
 4.693  4.278  4.541  4.905  4.876  4.525  4.612  4.563  5.230  4.664  4.382  4.800  5.026  4.531  4.858
 5.391  5.570  5.744  6.415  6.374  6.845  7.016  7.014  7.201  7.089  7.069  7.069  7.291  7.392  6.702
 6.186  5.933  5.610  5.650  5.206  5.924  5.302  5.876  6.021  5.943  6.163  6.187  5.891  5.502  5.631
 5.456  5.814  5.742  6.460  6.540  6.614  6.523  5.657  6.035  5.849  6.072  5.880  5.634  5.864  5.991
 6.812  6.527  7.450  6.404  6.378  6.499  6.449  6.375  6.537  6.448  6.508  6.446  6.268  6.445  6.381
 6.774  6.589  6.589  6.865  7.188  6.584  6.699  5.783  5.805  5.874  5.757  5.567  5.899  5.402  5.692
 5.757  6.087  6.320  6.749  7.495  6.500  6.120  5.893  5.735  5.517  5.439  5.105  5.035  4.891  5.105
 5.197  5.788  6.269
C1908x2TS389_3 0.3837  6.432  5.694  5.857  5.086  5.342  5.419  5.177  4.708  5.372  5.291  4.834  4.968  5.700
 5.428  5.030  5.701  5.811  5.393  5.380  5.895  5.740  6.375  5.721  5.852  6.280  6.053  5.617  6.374
 7.010  6.884  6.930  7.265  7.205  7.317  7.228  7.365  7.591  7.232  7.242  7.222  7.752  7.790  7.151
 6.802  6.856  6.362  6.281  6.035  6.388  5.983  6.403  6.500  6.589  6.789  6.548  6.380  6.284  6.347
 6.322  6.566  6.612  7.179  7.158  6.877  7.169  6.385  6.535  6.366  6.612  6.430  6.224  6.364  6.365
 6.899  7.011  7.126  6.421  6.225  6.492  6.290  6.514  6.530  6.532  6.624  6.558  6.568  6.851  6.929
 7.148  7.189  6.733  7.008  7.431  6.658  6.702  6.094  6.228  6.199  6.047  6.054  6.241  5.947  6.095
 6.155  6.457  6.502  6.508  7.416  6.572  6.378  6.756  6.180  5.975  6.058  5.798  5.943  5.864  5.870
 5.841  6.373  7.013
C1908x2TS389_4 0.4179  6.603  5.627  5.236  4.709  4.759  4.983  4.692  4.153  4.640  4.771  4.316  4.374  4.970
 5.013  4.421  4.677  5.254  5.141  4.982  4.878  4.550  5.321  4.670  4.270  4.754  4.939  4.406  4.808
 5.437  5.624  5.837  6.305  6.448  6.811  6.863  7.193  7.370  7.303  7.342  7.561  7.743  7.616  7.068
 6.802  6.404  6.054  5.994  5.687  5.940  5.555  6.228  6.279  6.122  6.095  6.266  5.913  5.474  5.637
 5.381  5.825  5.902  6.705  6.722  6.547  6.812  5.944  6.066  5.720  6.110  5.758  5.779  5.680  5.691
 6.089  6.390  6.869  6.019  6.036  6.225  5.962  6.273  6.335  6.527  6.588  6.370  6.524  6.692  6.622
 7.010  6.854  6.678  6.896  7.282  6.912  6.890  6.064  6.153  6.159  5.987  5.905  6.136  5.756  6.056
 5.885  6.269  6.287  6.530  7.315  6.465  6.346  6.588  6.545  5.930  6.073  5.777  5.813  5.485  5.650
 5.694  5.991  6.386
C1908x2TS389_5 0.3760  7.171  6.144  6.385  5.532  5.515  6.193  5.752  4.895  5.550  5.994  5.164  5.129  5.854
 5.715  5.118  5.479  6.065  5.579  5.204  5.467  5.143  5.916  5.106  4.973  5.625  5.655  5.290  5.783
 6.271  6.507  6.813  7.274  7.246  7.309  7.520  7.382  7.623  7.626  7.442  7.370  7.821  7.755  7.301
 7.114  6.954  6.600  6.490  6.148  6.565  6.242  6.780  7.258  6.942  7.067  6.933  6.642  6.144  6.361
 6.048  6.467  6.408  7.138  7.016  6.936  7.131  6.560  6.634  6.353  6.689  6.635  6.159  6.319  6.291
 7.081  6.855  7.717  6.765  6.827  6.781  6.645  6.754  7.161  6.848  6.844  6.695  6.649  6.734  6.819
 6.844  6.835  6.411  6.866  7.037  6.406  6.758  6.218  6.518  6.612  6.331  6.505  6.491  6.252  6.499
 6.547  6.883  6.634  6.782  7.439  6.624  6.442  6.410  6.665  6.145  6.339  6.219  6.455  6.197  6.157
 6.262  6.627  7.063
C1908x2TS404_1 0.3263  9.138  8.323  7.938  7.016  7.429  8.062  6.870  5.750  7.170  6.888  5.234  5.597  6.284
 5.079  4.664  5.708  5.629  4.757  4.951  5.623  5.487  5.609  5.610  6.055  6.952  6.586  6.724  6.882
 7.172  6.861  6.738  6.637  6.442  6.827  7.001  7.265  7.596  7.634  7.731  7.856  8.065  7.707  7.624
 7.381  7.173  7.364  7.445  7.257  7.812  7.358  8.359  7.807  7.872  8.041  8.229  8.074  7.881  8.120
 8.030  9.025  9.651  9.257  9.415  9.694  9.949  8.349  8.179  7.258  7.402  7.356  7.157  7.084  6.720
 7.615  7.402  7.989  7.042  7.060  7.277  6.776  6.520  6.730  6.867  6.917  6.768  6.993  7.404  7.962
 7.208  8.159  7.713  7.748  7.806  7.630  7.893  7.095  7.243  7.326  7.004  6.924  6.635  6.573  6.513
 6.931  7.137  7.278  7.165  7.328  7.116  7.155  7.493  7.280  7.485  7.922  7.585  7.792  7.976  8.414
 8.351  8.908  9.390
C1908x2TS404_2 0.3917  7.522  6.572  5.286  5.601  5.273  5.302  4.435  4.336  4.724  5.089  4.588  4.755  5.017
 4.446  4.073  5.038  5.101  4.609  4.977  5.328  5.614  5.603  5.811  6.045  7.053  6.521  6.452  6.205
 6.026  5.715  5.415  5.466  5.536  5.818  6.285  6.432  6.857  6.940  7.077  7.320  7.664  7.150  6.844
 6.431  6.293  6.158  6.398  6.472  7.142  6.640  7.619  7.394  7.246  7.583  7.861  7.888  7.749  7.487
 7.513  8.658  9.646  9.971  8.845  8.506  8.101  7.375  7.728  6.847  6.706  6.526  6.298  6.183  5.944
 6.547  6.506  7.071  6.247  6.020  5.778  5.413  5.541  5.510  5.524  5.708  5.782  6.007  6.386  6.949
 6.983  7.371  7.286  7.454  7.328  6.992  7.335  6.592  6.501  6.418  5.905  5.596  5.302  5.091  5.036
 5.292  5.313  5.746  5.882  6.190  5.903  5.668  6.007  5.734  5.877  6.115  5.816  6.094  6.338  7.125
 7.260  7.755  7.952
C1908x2TS404_3 0.3220  9.631  8.809  8.714  7.721  7.889  8.028  7.610  6.286  7.114  6.920  5.330  5.831  6.778
 5.847  5.040  6.188  6.381  5.132  5.434  6.423  6.500  6.412  6.231  6.745  8.138  7.103  6.856  7.033
 7.151  7.178  6.912  7.077  7.103  7.254  7.636  7.780  8.476  8.066  8.170  8.343  8.619  8.098  8.069
 7.852  7.585  7.392  7.537  7.356  7.639  7.357  8.111  8.013  7.488  8.258  8.022  7.786  7.455  7.687
 7.632  8.600  9.814  9.941  8.429  8.645  9.282  8.009  7.724  7.005  7.023  6.737  6.606  6.458  6.360
 6.839  6.811  7.416  6.671  6.404  6.344  6.113  6.065  6.344  6.385  6.827  6.648  7.091  7.140  8.563
 7.352  8.455  7.598  8.267  8.021  7.449  7.774  7.155  7.225  7.377  7.072  6.944  6.487  6.200  6.146
 6.353  6.511  6.874  7.005  7.053  6.979  7.081  7.364  7.235  7.414  7.768  7.654  7.771  8.205  8.847
 8.844  9.006  9.355
C1908x2TS404_4 0.3137 10.085  8.965  7.601  5.772  6.178  6.404  5.491  5.149  6.806  6.294  4.705  4.939  6.039
 5.065  4.343  6.162  6.286  4.825  5.091  6.163  5.769  5.920  5.825  6.107  6.847  7.298  6.818  7.395
 7.289  7.998  7.637  7.575  7.531  7.572  7.839  7.791  8.435  8.426  8.620  8.577  9.532  8.928  9.287
 8.749  8.745  8.319  8.234  8.065  8.076  7.700  8.159  8.121  8.039  8.359  8.418  7.878  7.908  8.320
 7.692  8.501  9.215  9.246  8.138  8.165  8.780  8.006  7.681  7.458  7.547  7.473  7.177  7.085  7.192
 7.750  7.588  8.374  7.309  7.414  7.890  7.215  7.321  7.531  7.404  7.663  7.434  7.503  7.656  8.275
 8.014  8.614  7.790  8.011  7.871  7.545  7.737  7.234  7.348  7.662  7.534  7.507  7.142  7.054  6.789
 7.344  7.414  7.604  7.546  7.689  7.388  7.363  7.686  7.767  7.566  8.356  8.066  8.202  8.298  8.697
 8.590  9.039  9.163
C1908x2TS404_5 0.3082  9.953  9.082  7.680  7.236  7.080  7.430  6.448  5.846  6.637  6.367  5.404  5.911  6.413
 5.378  5.109  6.283  6.102  5.069  5.286  6.028  5.983  5.823  6.021  6.593  7.743  7.270  7.311  7.240
 7.778  7.141  7.265  6.961  6.904  7.229  7.364  7.533  7.849  7.978  8.222  8.227  8.537  7.975  7.667
 7.667  7.426  7.472  7.954  7.691  8.139  7.713  8.768  8.109  8.370  8.353  8.581  8.722  8.376  8.946
 8.096  9.833 10.497 10.955  8.993  8.729  9.233  8.344  8.161  7.340  7.387  7.376  6.896  6.684  6.572
 6.983  6.861  7.354  7.056  7.007  6.982  6.548  6.704  6.908  7.119  7.529  7.348  7.813  8.023  9.064
 7.878  9.221  8.329  8.698  8.278  7.922  8.220  7.355  7.527  7.652  7.486  7.471  7.106  7.144  6.991
 7.182  7.315  7.298  7.463  7.891  7.742  7.844  8.188  8.265  8.167  8.939  8.544  8.833  8.877  9.118
 8.739  9.385  9.691
C1908x2TS405_1 0.4366  6.883  6.312  6.141  5.629  5.818  5.953  5.768  5.207  5.977  6.081  5.324  5.567  6.379
 6.119  5.791  6.909  6.740  6.384  6.310  6.458  5.918  6.152  5.666  5.825  6.133  5.894  5.504  5.793
 5.200  5.039  5.331  5.154  5.854  6.418  6.608  6.627  7.031  7.448  7.871  7.388  6.815  6.357  6.061
 5.572  5.332  4.973  4.842  4.673  5.069  4.729  5.254  5.423  5.413  5.682  5.275  5.221  4.912  5.199
 5.000  5.467  5.236  5.746  5.813  6.207  6.275  5.503  5.873  5.691  6.084  5.711  5.828  5.695  6.060
 6.078  5.972  5.867  5.407  5.410  5.542  5.349  5.297  5.365  5.623  5.516  6.185  5.970  6.425  6.166
 6.002  6.184  5.951  6.410  6.332  5.683  6.025  5.096  5.150  5.467  5.190  5.430  5.472  5.163  4.788
 4.620  4.725  4.705  5.190  5.872  5.753  4.708  4.752  4.669  4.455  5.074  4.827  5.449  4.992  5.811
 5.610  6.222  7.000
C1908x2TS405_2 0.4487  7.328  6.144  6.077  5.620  5.950  5.789  5.689  5.227  6.095  5.996  5.339  5.631  6.232
 5.793  5.676  6.665  6.369  6.098  6.049  6.234  5.964  6.409  5.971  5.897  6.248  6.321  6.060  6.063
 5.562  5.650  5.809  6.060  6.346  6.999  6.801  6.231  7.046  6.828  7.781  7.068  6.682  6.194  5.735
 5.551  5.549  5.301  5.302  5.014  5.396  5.137  5.636  5.694  5.439  5.661  5.399  5.228  4.849  5.166
 4.933  5.162  5.027  5.252  5.577  5.835  6.273  5.413  5.488  5.249  5.525  5.247  5.252  5.193  5.185
 4.913  4.964  4.954  4.522  4.623  4.829  4.680  4.454  4.677  4.673  4.980  5.677  5.753  6.376  5.984
 6.242  6.054  6.113  6.283  6.468  5.973  6.704  5.272  5.039  5.235  5.039  4.929  4.780  4.686  4.353
 4.461  4.511  4.534  5.109  5.451  5.257  4.763  4.775  4.597  4.624  4.786  4.758  5.149  4.891  5.431
 5.362  5.831  6.590
C1908x2TS405_3 0.5203  5.995  5.468  5.479  5.009  5.192  5.192  5.080  4.619  5.171  5.039  4.536  4.759  5.516
 5.070  4.730  5.488  5.433  5.332  5.182  5.130  4.757  5.100  4.814  4.792  4.851  4.675  4.682  4.757
 4.556  4.239  4.485  4.399  5.401  6.035  6.031  5.765  6.161  6.425  7.064  6.152  5.946  5.634  5.593
 4.702  4.756  4.024  4.194  3.823  4.295  3.929  4.352  4.372  4.797  5.153  4.680  4.474  4.010  4.192
 3.834  4.032  4.003  4.339  4.603  4.726  4.941  4.348  4.306  4.068  4.274  4.069  4.255  4.231  4.632
 4.541  4.919  4.518  4.248  4.613  4.546  4.724  4.759  5.208  4.966  5.336  5.426  4.948  4.750  4.507
 4.335  4.410  4.417  4.645  4.797  4.483  4.354  3.878  3.994  4.328  4.247  4.305  4.534  4.565  4.960
 4.963  5.436  5.329  5.812  6.264  6.085  5.385  5.053  4.839  4.806  4.717  4.290  4.520  4.240  4.600
 4.297  4.831  5.277
C1908x2TS405_4 0.4730  6.294  5.142  4.869  4.303  4.585  4.961  4.890  4.493  5.467  5.454  4.825  5.137  5.692
 5.362  5.226  6.760  6.636  6.050  6.016  6.336  5.792  6.110  5.656  5.638  6.000  5.734  5.547  6.043
 5.725  5.242  5.349  5.278  5.989  6.595  6.418  6.715  7.002  7.291  7.127  7.001  7.004  6.485  5.745
 4.921  4.851  4.423  4.609  4.464  4.809  4.657  5.047  5.127  5.257  5.514  5.254  5.029  4.641  4.957
 4.678  4.759  4.601  4.929  4.954  5.343  5.776  4.870  4.967  5.048  5.219  5.096  5.043  4.965  5.304
 5.122  5.064  5.058  4.489  4.894  4.883  5.168  4.906  5.246  5.162  5.036  5.326  5.198  5.090  5.036
 5.021  5.188  5.123  5.786  6.068  5.887  5.561  5.082  4.901  5.098  4.756  4.889  4.841  4.962  4.894
 5.122  5.396  5.077  5.348  6.071  5.651  5.028  5.118  4.588  4.486  4.693  4.421  4.783  4.486  5.016
 4.621  5.315  5.706
C1908x2TS405_5 0.4440  6.870  6.040  6.256  5.855  5.600  5.928  5.875  5.214  5.918  6.176  5.564  5.415  6.299
 5.971  5.459  5.994  5.892  5.913  5.573  5.656  5.283  5.911  5.354  5.532  5.878  5.948  5.681  6.249
 6.538  6.420  6.527  6.870  7.298  7.244  7.414  7.212  7.424  6.956  7.206  7.158  7.085  6.879  6.285
 5.376  5.581  4.997  5.273  4.741  5.073  4.735  5.114  5.157  5.167  5.299  4.908  4.864  4.480  4.941
 4.600  4.972  4.602  4.937  4.885  5.258  5.415  4.634  4.650  4.365  4.830  4.544  4.895  4.709  5.056
 4.985  5.259  5.257  4.790  5.129  5.290  5.311  5.446  6.243  5.520  5.399  5.856  5.771  5.396  5.304
 5.398  5.805  5.470  5.896  6.514  6.089  6.278  5.499  5.494  5.539  5.165  5.321  5.360  5.439  5.427
 5.712  5.896  6.138  6.456  7.036  6.617  5.999  5.509  5.315  4.903  4.984  4.705  5.047  4.835  5.137
 5.387  5.988  6.467
C1908x2TS432_1 0.5096  5.926  4.890  4.536  4.684  5.098  4.709  4.570  4.698  4.870  4.682  4.547  4.734  4.633
 4.518  4.678  4.794  4.865  5.041  4.927  4.895  4.742  4.741  4.457  5.235  4.834  5.070  4.863  5.310
 5.321  5.018  5.164  5.081  5.406  5.450  5.796  5.573  5.517  5.727  6.617  6.898  6.414  6.866  6.210
 5.772  5.889  5.425  5.319  4.788  5.162  5.168  5.432  5.118  4.488  4.555  4.434  4.170  4.226  4.353
 4.307  4.714  4.563  4.914  4.952  5.405  5.499  5.292  5.137  5.459  5.308  5.423  4.842  4.455  4.513
 4.241  4.381  4.279  3.852  3.918  4.363  3.945  4.141  3.952  4.346  4.380  4.902  5.118  5.013  5.223
 5.151  5.360  5.308  5.812  5.730  6.459  7.026  5.711  5.477  5.420  5.046  4.968  4.038  4.262  3.836
 4.715  3.621  3.662  3.299  3.771  3.478  3.992  4.406  4.231  3.901  4.397  4.369  4.972  5.125  5.687
 5.617  6.221  6.819
END
