PFRMAT QA
TARGET C1905x2
MODEL 2
QMODE 2
C1905x2TS003_1 0.2114 11.153 11.006 11.873 11.998 11.556 11.257 11.491 12.209 11.379 11.418 10.812 10.720 11.597
10.292 10.543 10.456 10.093  9.333  9.920  9.965 10.154  9.371 10.037  9.404  9.348  9.032  9.503 10.767
10.585  9.838 10.564 10.008  9.453  9.189  9.917  8.968  9.126  8.867  9.080  8.641  8.357  8.534  8.822
 8.451  8.687  9.259  9.450  9.141  9.204  9.743  9.232 10.035 10.305 10.376 10.138 10.613 10.176  9.950
10.200  9.592 10.449 10.809 10.755 10.259 11.112 10.756 11.054 11.933 11.847 10.666 10.933 10.125 10.106
 9.469  9.219  8.354  8.453  8.089  8.485  8.262  7.944  7.703  8.018  8.250  7.659  7.846  7.799  7.829
 7.997  8.358  8.309  8.257  8.497  8.724  8.345  8.436  9.141  8.790  9.043  8.021  8.897  8.445  9.151
 9.128 10.212 10.316 10.595 11.635 12.521 11.868 11.987 11.450 11.338 11.616 11.692 10.301 10.650 11.057
10.293 10.934 10.469  9.880 10.361 10.517 10.599 10.646 10.602 10.245  9.659  9.313  9.552  9.268  9.395
 9.313  9.201  9.013  9.229  9.968 10.287 10.376 10.570 10.153  9.772  9.840 10.051 10.387  9.948  9.347
 9.473  9.220  8.341  8.237  8.546  8.521  8.802  8.667  8.712  8.603  8.565  8.560  8.503  8.744  8.845
 8.527  8.588  9.476  9.931  9.801  9.957  9.734  9.848  8.997  8.937  8.892  9.812  9.497  8.999  9.477
 8.924  8.596  8.412  8.934  8.727  9.428  9.325  9.357  8.611  9.206  9.038  8.557  8.249  8.946  9.320
 8.417  8.585  8.524  8.811  8.753  8.829  9.516  9.281 10.012  9.773 10.351 10.990 11.455 11.105 10.666
 9.982 10.161 11.414 11.780 10.545 10.544 12.020 10.313  9.655 10.046 10.507  9.960  9.457  9.592 10.256
 9.660 10.657  9.731  9.718 10.270 10.147 10.832 10.692 11.805 10.966 10.265  9.866 10.541 10.234  9.849
 9.523  9.372  9.018  9.998  9.998 10.895  9.593  9.857  9.935  9.552 10.078  9.394  9.178  8.918  9.577
 9.218 10.497  9.962 10.097 10.236  9.527 10.410 10.627 10.673 11.650 11.011  9.026  9.456  9.715  9.120
 9.867  9.690  8.940  9.247 11.006 10.523 10.997
C1905x2TS049_1 0.1441 13.430 12.485 12.943 13.350 13.117 12.751 13.509 12.682 11.711 12.684 11.893 12.545 12.798
13.002 11.751 10.728 11.190 10.625 11.162 11.642 11.579 11.862 11.763 11.419 11.572 11.267 11.566 12.736
12.255 12.340 11.723 12.511 11.834 11.425 12.762 12.110 12.429 11.904 11.693 11.894 12.786 12.074 13.915
13.717 13.851 14.063 14.205 14.026 13.564 14.171 14.999 15.220 13.999 13.381 13.476 14.015 12.597 11.980
12.307 12.149 12.626 13.162 12.273 12.562 12.030 11.210 11.198 10.710 11.495 10.679 11.560 11.590 12.195
11.354 11.634 11.297 11.600 12.494 12.380 11.945 12.189 11.671 12.387 13.152 12.602 12.589 13.530 13.217
12.782 13.569 14.385 14.030 13.573 13.987 14.473 15.275 14.455 13.748 13.021 12.667 13.187 12.236 12.637
11.865 13.009 12.898 12.697 12.641 12.865 12.382 12.775 13.031 13.142 13.197 12.899 12.398 12.148 13.169
12.996 14.384 14.448 13.399 14.718 14.046 13.907 13.179 13.325 13.703 12.919 13.252 14.095 12.438 12.241
11.508 11.355 10.624 10.746 11.101 11.312 11.692 11.908 11.216 10.786 11.460 13.241 13.286 12.435 12.761
12.865 12.861 12.515 12.192 13.279 13.668 12.509 13.733 13.464 13.332 13.152 13.291 12.363 12.132 13.146
13.085 12.364 12.308 12.658 12.716 13.095 12.049 12.120 11.088 11.100 10.882 10.956 10.844 11.020 12.070
13.167 12.478 11.984 11.970 11.581 12.395 11.571 12.620 11.909 11.786 12.734 11.202  9.968 10.392 11.345
10.455  9.969 10.363 11.113 10.866 12.103 12.633 12.081 12.606 12.597 11.415 10.493 11.727 12.513 11.284
10.539 10.493 12.668 12.935 11.843 12.554 12.731 11.927 11.637 12.070 11.964 11.565 10.787 11.311 11.420
11.532 12.308 11.424 12.519 13.510 13.506 14.260 13.635 13.444 13.581 11.856 12.312 13.458 12.547 12.096
11.728 11.085 11.400 11.935 12.182 12.217 12.811 13.185 12.428 12.448 12.486 11.455 11.395 12.052 12.818
11.733 12.387 13.489 12.414 11.968 13.380 13.118 11.140  9.742 11.932 11.971  9.674 10.310  9.573  9.878
 9.968 10.068  9.529 10.379 10.998 10.927 11.045
C1905x2TS049_2 0.1465 12.966 13.682 14.958 14.844 14.039 15.980 15.983 14.873 13.007 14.195 13.204 12.722 12.630
12.500 12.991 12.910 11.464 10.818 10.577 10.608  9.960  9.578 10.095  9.774  9.294  9.435 10.214 11.468
10.678 11.408 11.605 11.396 10.594 12.433 12.953 12.257 12.584 12.553 12.208 12.061 12.906 13.119 13.180
13.030 14.006 14.178 13.485 13.779 12.956 14.838 13.417 13.135 14.684 15.199 13.987 14.372 13.198 12.003
12.499 11.653 12.193 13.038 13.171 12.255 12.734 11.388 11.325 11.836 13.034 12.341 12.331 11.618 12.900
11.531 10.921 11.132 12.001 12.255 13.308 12.975 14.318 13.241 13.158 13.791 14.311 13.182 13.659 13.243
12.895 13.194 13.469 12.365 13.214 13.784 13.519 13.147 12.551 12.142 11.702 11.295 11.957 11.769 12.661
12.389 13.458 13.286 12.995 12.586 12.261 12.736 12.590 12.230 12.182 12.851 12.472 11.432 11.612 11.864
11.365 12.630 13.475 13.156 13.225 13.682 13.368 13.565 13.762 13.561 13.513 13.719 13.841 12.808 12.664
12.514 12.206 11.184 11.933 12.331 12.614 12.566 13.354 12.274 12.306 12.072 13.010 13.899 13.623 14.214
14.106 12.689 12.449 12.300 13.839 13.741 13.214 13.524 14.391 14.080 13.963 14.936 14.545 14.781 15.487
13.518 14.782 14.780 15.758 16.406 15.482 13.876 13.026 11.693 10.333 10.539 11.021 11.659 11.950 11.400
12.169 11.600 11.101 11.296 11.573 12.031 11.710 11.505 10.733 10.747 11.086 10.076  9.653 10.569 11.520
10.847  9.674 10.064 10.873  9.911 10.258 11.242 11.490 11.348 10.972 10.758 10.357 10.923 11.224 11.158
10.482 10.705 11.849 11.590 10.637 11.745 12.092 11.764 11.385 11.689 12.147 11.082 10.845 11.388 11.500
10.869 12.309 11.673 12.337 12.977 13.570 13.955 13.398 13.286 13.461 12.014 11.945 12.514 11.923 10.854
10.720 11.023 10.687 11.005 11.395 11.820 11.356 12.526 11.328 11.358 11.791 11.495 10.266 11.093 11.160
10.379 12.097 12.288 12.582 11.252 12.389 13.278 11.932 11.452 12.361 12.560 11.571 10.931 10.728  9.655
 9.368  9.144  8.706  8.857  9.106  8.815  9.859
C1905x2TS049_3 0.1406 13.987 12.853 14.893 14.682 13.990 13.125 13.859 14.765 13.548 14.720 12.805 13.332 14.455
13.349 14.046 13.398 12.944 12.364 11.807 13.005 11.952 11.084 11.580 10.901 10.618 10.372 11.305 11.929
11.842 10.777 12.260 11.989 11.970 12.189 12.328 12.127 12.786 11.766 11.474 11.748 12.124 12.426 13.647
13.000 14.304 14.676 14.922 14.062 13.600 14.174 12.821 14.188 13.236 13.713 13.919 13.616 12.158 11.306
12.027 11.341 11.543 12.789 12.143 11.382 12.285 11.475 11.036 11.639 11.981 11.388 11.161 11.212 11.679
10.569 10.616 10.496 12.026 11.428 12.531 12.792 13.231 12.787 14.220 14.073 13.591 13.959 14.709 13.967
13.414 14.520 15.002 14.846 15.047 15.826 14.773 14.322 14.685 14.782 13.391 12.119 13.542 12.433 13.294
14.711 14.868 15.504 16.053 14.866 15.679 16.018 15.646 15.128 14.774 15.048 14.685 13.145 13.243 14.621
12.819 14.948 15.694 13.933 16.087 15.500 14.102 14.334 14.902 13.975 14.796 14.466 13.637 13.075 13.495
12.892 12.766 12.644 12.684 12.013 12.266 13.755 12.590 11.737 12.585 12.639 13.583 13.313 13.940 13.810
13.880 12.786 12.066 12.163 13.402 13.609 12.278 12.869 13.965 13.700 13.950 14.320 13.950 13.330 13.316
13.836 13.582 13.393 13.268 14.055 13.519 12.658 12.313 12.063 10.632 10.624 10.990 10.863 10.862 10.615
11.681 10.776 11.018 11.270 11.175 11.859 11.709 11.869 11.067 11.159 11.702 11.364 10.800 10.685 11.676
10.755 10.445 10.311 11.324 10.873 11.172 12.264 12.153 12.056 12.660 12.091 11.461 11.564 12.018 11.805
11.094 11.145 12.220 12.878 12.389 12.819 12.132 11.364 10.781 11.281 11.834 11.306 11.514 11.567 11.151
11.109 12.559 11.844 13.070 14.161 14.492 13.803 13.010 13.583 14.000 12.606 12.127 13.153 12.497 11.494
10.949 10.654 11.602 11.749 11.315 12.505 11.984 12.956 11.921 11.686 11.986 11.125 10.442 10.219 11.270
10.217 11.458 11.345 10.590 10.037 10.252 10.275  9.476  9.422 10.484 11.102 10.026 10.090 10.360  9.863
10.353 10.471 10.739 10.433 10.914 11.758 12.070
C1905x2TS049_4 0.1574 11.634 11.964 13.021 12.728 11.912 11.837 12.422 13.319 12.201 13.282 12.668 14.783 13.259
11.974 13.440 11.987 12.560 11.434 12.297 13.426 14.350 13.975 13.161 12.849 12.627 12.117 12.100 12.941
13.308 11.002 11.027 10.578 11.230 10.894 11.441 10.582 10.664 10.526 10.918 10.346 11.171 10.583 10.811
10.860 12.124 11.876 12.134 12.231 11.949 12.302 11.882 11.676 12.567 12.636 12.763 12.113 11.439 11.528
11.817 11.056 11.477 12.254 12.172 11.496 11.496 10.543 10.267 10.234 10.813 11.044 11.612 11.849 11.686
10.415 10.229 10.000 11.174 11.728 12.527 11.939 12.245 12.107 12.573 12.090 11.785 12.557 12.267 11.719
11.684 11.577 11.987 11.454 11.907 12.864 12.475 12.424 11.618 11.530 10.973  9.871 10.882 10.223 10.424
11.016 11.866 11.887 11.554 11.628 11.871 12.001 12.161 11.971 12.041 11.854 11.281 10.373 10.399 11.324
11.039 11.856 11.710 11.364 12.619 13.303 13.666 13.409 14.521 14.149 14.311 15.160 14.591 14.228 13.656
13.005 13.067 12.829 12.984 12.851 13.101 13.408 12.750 11.683 11.699 11.328 12.075 11.800 11.911 12.091
11.665 11.790 11.294 11.478 12.391 11.765 11.377 12.710 13.477 11.459 11.223 11.996 10.923 11.216 10.800
10.775 10.566 10.614 10.864 10.672 10.868 10.070 10.503  9.339  9.478  8.713  8.957  9.513  9.435  9.699
11.238 10.619  9.971 10.185 10.823 12.100 11.047 12.172 11.098 10.628 11.496 11.138 10.407 10.837 12.178
10.627 10.127 10.013 11.976 11.516 11.872 14.402 12.685 12.258 13.288 12.754 11.827 12.489 11.410 10.836
10.926 11.321 12.504 12.413 12.037 12.986 13.270 12.078 11.038 11.533 11.770 11.350 11.345 10.090 10.326
10.914 12.667 12.440 12.942 13.557 13.030 13.460 13.199 13.904 12.885 11.863 12.178 12.582 12.082 10.637
10.894  9.994 10.220  9.878 10.728 12.297 11.718 12.131 11.609 12.293 11.784 10.901 12.306 12.192 11.907
10.335 10.993 11.454 10.312 10.338 11.243 11.657 10.522 11.082 11.357 11.120  9.399  9.371  9.138  9.523
10.048 10.491 10.685 10.516 11.655 10.927 12.996
C1905x2TS049_5 0.1408 11.916 12.732 12.926 13.499 13.786 13.859 13.712 15.007 14.323 14.438 12.103 12.202 13.553
13.012 13.369 11.011 11.072 10.628 10.403 10.961 10.620 10.629 10.274 10.246 10.164 10.120 10.606 11.600
12.119 11.342 11.331 11.482 11.841 11.718 13.173 11.948 12.408 12.325 12.837 12.036 12.367 11.604 13.341
13.006 14.156 14.271 14.264 13.938 12.662 13.481 12.866 13.851 13.036 11.920 12.866 12.242 10.355 10.648
10.322 10.830 10.301 11.228 11.605 10.404 11.821 11.985 10.628 11.807 12.338 11.430 11.981 11.837 12.181
10.974 11.375 11.307 11.342 11.077 12.877 13.034 13.368 13.379 14.270 14.443 13.793 14.208 14.759 14.351
13.589 13.504 13.878 12.802 13.276 14.111 13.329 13.346 13.621 12.776 11.509 11.395 11.833 10.881 11.284
11.452 13.245 13.545 13.315 12.798 12.620 12.885 12.971 13.006 13.751 14.224 12.528 12.789 13.583 14.089
14.422 15.912 16.784 15.338 16.854 17.321 17.731 16.795 17.765 16.875 18.460 19.165 19.209 19.358 20.748
18.838 19.515 18.666 18.817 18.407 19.168 19.091 17.478 15.711 14.927 14.622 15.326 13.517 13.052 12.501
12.565 12.202 12.091 11.245 12.144 12.797 11.537 12.164 12.207 12.141 11.553 12.132 11.531 11.625 12.866
13.408 11.665 12.393 14.473 14.611 14.887 14.462 13.817 12.513 13.653 12.264 12.030 12.206 11.497 12.006
11.746 10.880 10.111 11.850 11.279 12.144 11.182 11.766 11.170 10.692 11.476 10.145  9.605 10.462 11.252
10.595 10.254 10.463 11.052 10.586 10.797 12.638 12.516 12.722 13.408 13.589 12.786 12.051 12.671 13.025
12.428 11.967 13.105 13.475 13.159 12.621 13.467 11.622 12.607 12.438 12.641 11.312 11.013 10.367 10.288
10.245 12.155 12.271 13.202 13.830 13.583 13.668 13.991 13.968 13.669 11.219 12.207 12.897 12.199 10.165
11.033 10.319 11.084 11.091 12.083 12.565 12.055 12.252 12.101 12.674 12.825 11.238 10.684 10.965 11.539
10.647 11.588 12.585 12.316 11.870 11.503 11.729 10.690 11.029 10.351 11.445 10.340  9.976  9.253  9.620
10.649 11.523 10.176 10.134 11.236 11.209 12.023
C1905x2TS067_1 0.3497 10.396 10.509 10.421 10.019 10.680 10.190  9.974 10.365 10.483 10.498  9.506  9.820  9.644
10.022  9.613  9.149  9.743  9.462  9.258  9.451  9.082  9.347  9.792  9.160  8.465  8.582  8.484  9.675
 9.176  8.996  9.686  9.903  9.983  9.852  9.917  9.205  9.591  9.257 10.225 10.120 10.322 10.163 10.130
10.201 10.857 10.980 10.936 10.632 10.756 11.553 11.008 11.076 10.352 10.706 10.593 10.853  9.707  9.644
 9.063  9.122  9.205  9.230  8.753  8.659  8.813  8.235  8.207  8.630  8.550  8.454  8.588  8.415  9.231
 9.135  8.657  8.966 10.290  9.356 10.591 11.636 11.843 11.114 11.376 11.426 11.684 12.159 12.776 11.722
12.221 12.533 11.640 11.284 11.319 11.626 10.923 11.505 10.161 10.150 10.316  9.947 10.098  8.886  9.227
 8.982  9.904 10.405 10.638 10.602  9.939  9.745  9.518  9.430  9.887 10.180 10.585  9.854  9.698 10.075
 9.779 10.796 10.912 10.398 11.689 11.203 12.226 11.116 10.608 10.693 10.637 10.359  9.739  9.859  9.990
 8.740  8.440  7.454  6.082  6.035  6.166  6.104  6.103  5.969  6.068  5.799  5.678  5.102  4.772  4.680
 4.805  4.871  4.847  5.027  5.044  4.617  4.481  4.353  4.690  4.674  4.424  4.330  4.128  3.957  3.831
 4.005  3.984  4.029  3.903  3.951  3.673  3.674  3.533  3.175  3.175  3.329  3.700  3.692  3.778  3.694
 3.775  3.998  3.771  4.034  3.970  3.997  3.675  3.788  4.296  4.616  5.403  5.433  5.668  5.578  6.290
 5.261  5.165  4.740  5.104  4.955  4.944  4.977  4.701  4.180  4.314  4.228  4.350  4.203  4.263  4.484
 4.475  4.836  4.851  4.860  4.679  4.642  4.367  4.359  4.293  4.170  4.079  4.099  4.071  4.031  3.896
 3.736  3.858  4.141  4.085  4.532  4.633  5.025  5.171  5.888  5.622  6.043  6.233  6.974  7.348  7.056
 7.368  7.522  7.489  7.856  8.131  8.026  7.539  7.897  7.416  6.715  6.779  6.151  5.780  5.931  5.753
 5.849  6.300  6.830  6.262  6.353  6.150  5.637  5.303  5.626  6.367  7.168  6.684  6.793  6.704  6.878
 6.252  6.202  6.228  6.298  6.299  6.287  7.227
C1905x2TS067_2 0.2294  8.923  7.486  7.392  7.682  7.797  8.057  8.657  9.081  8.571  9.231  9.279  9.596 10.462
10.443  9.446  8.122  8.004  8.412  8.679  8.541  7.514  7.289  7.744  7.919  8.129  7.726  7.499  8.040
 7.599  7.089  7.225  7.782  7.416  7.750  8.341  8.787  8.601  8.623  8.636  8.219  9.349  9.290  9.658
 9.496 10.583 10.647 10.807 10.311  9.877 10.108  9.967  9.864  9.031  8.682  8.816  8.814  8.787  8.510
 8.259  8.136  7.830  7.608  7.214  7.136  7.613  6.854  6.958  7.550  7.568  6.944  7.504  7.777  8.172
 8.417  8.721  8.275  8.936  8.080  8.339  8.750  8.638  8.225  9.188  8.705  8.576  8.941  9.159  9.052
 8.994  9.733  9.982  9.891 10.316 10.544  9.721  9.706  9.911 10.200  9.588  9.025  9.333  8.770  8.845
 9.027  9.593  9.032  9.411  9.477  9.228  9.201  9.935 10.701 11.107 11.183 11.911 10.903 12.000 12.640
12.824 15.093 17.255 18.746 21.954 22.239 23.881 21.429 24.574 23.951 24.310 24.970 24.129 20.725 20.782
16.809 16.734 14.744 14.256 13.503 12.826 11.804 11.240 10.605 10.651 10.458 10.439  9.613  8.718  8.156
 7.958  7.470  7.107  7.244  7.655  7.682  7.890  7.887  8.229  8.451  8.129  8.152  7.495  7.563  7.415
 8.063  8.502  9.219  9.685  9.724  9.595  9.314  8.985  8.626  9.084  8.795  8.909  9.078  9.048  9.043
 9.426  9.604  9.622  9.405  9.404  9.419  8.854  9.224  8.357  8.597  8.599  8.342  8.847  9.219  9.838
 9.657  9.401  8.848  8.842  8.222  7.787  8.012  7.525  7.367  7.239  7.288  7.345  7.682  7.716  8.018
 8.163  8.927  9.091  8.899  8.295  8.350  8.469  8.494  8.654  8.571  8.732  8.791  8.566  9.042  9.542
 9.447  9.540  8.893  8.230  8.389  8.062  8.599  8.493  8.934  8.986  9.725  9.776 10.022 10.505  9.556
 9.487  9.447  8.848  9.064 10.304 10.772 10.600 10.836 10.630 10.644 10.396 10.383 10.260 10.380 10.116
 9.883 10.432 10.045  9.905  9.549  9.643  9.506  9.108  9.447  8.969  9.310  8.940  8.678  9.028  9.011
 8.663  8.800  9.340  9.421  9.531  9.592 10.487
C1905x2TS067_3 0.2324  9.429  7.750  7.713  8.160  7.856  7.560  8.116  7.930  7.491  7.861  7.605  7.670  7.921
 7.779  7.962  7.943  8.077  8.317  8.299  9.163  8.713  9.170  9.377  9.564  9.712  8.229  8.418  9.185
 9.001  8.385  8.681  8.892  9.167  8.744  8.927  8.176  8.467  7.927  8.104  8.676  8.892  8.648  8.819
 8.144  8.920  8.885  8.626  8.681  8.315  8.966  8.822  9.122  9.952  9.885  9.616  9.860  9.285  8.622
 8.295  7.040  7.181  7.558  6.417  6.137  7.279  6.558  5.606  6.609  6.898  5.744  6.101  6.725  7.096
 6.953  7.143  8.095  8.610  9.065 10.295 10.325 10.438 10.700 11.376 11.561 11.947 11.958 12.337 12.019
11.675 11.840 11.136 10.331 10.900 10.488 10.480 10.443 10.522  8.976  9.022  8.584  8.755  7.958  8.391
 8.400  8.170  8.648  9.251  8.001  7.732  8.130  8.260  7.868  7.754  8.154  8.014  7.626  7.977  8.535
 8.283  8.661  8.945  8.586  9.166 10.275 10.738 11.011 11.459 12.368 12.753 11.833 12.359 11.816 11.341
10.862  9.651  8.980  9.161  9.125  9.087  9.084  9.066  8.952  9.218  9.055  9.793  9.449  8.919  8.887
 9.123  8.872  8.845  9.748 10.142 10.621 10.667 11.112 10.959 10.531 10.539  9.925  9.592  9.609 10.214
10.665 11.145 10.576 10.022 10.015  9.744  9.266  9.018  8.503  9.118  8.489  8.457  8.351  8.245  8.335
 9.034  8.555  8.670  8.493  8.410  8.838  8.805  8.933  8.945  9.032  9.312  9.100  9.313 10.066 11.782
10.167  9.092  9.295  9.419  9.250  9.223 10.028  9.330  9.343  9.086  9.021  8.763  8.844  8.787  8.743
 8.283  8.885  9.123  9.523  8.974  9.161  9.168  9.195  9.103  9.360  9.463  9.506  9.744  9.889  9.762
 9.492  9.916  9.765  9.195  9.410  9.464  9.388  9.429  9.868 10.113 10.400 10.127 10.715 11.285 10.228
 9.244  9.154  8.884  9.578 10.776 10.636 10.110 10.643 10.711 10.302 10.331  9.854  9.697 10.095 10.374
10.168 10.519 10.532 10.221  9.829  9.754 10.086  9.483  9.939 10.078 11.077  9.903  9.444 10.016  9.770
 9.111  9.448  9.624  9.540  9.935  9.481  9.936
C1905x2TS067_4 0.1947  9.941  8.735  8.724  8.352  8.968  9.029  9.612  9.687  9.412 10.229 10.206 10.746 11.518
11.146 10.416  9.692 10.028  9.280  9.429  9.542  9.025  9.309  8.748  9.025  9.164  8.909  8.712  9.366
 9.281  8.953  8.855  9.932 10.089 10.264 10.843 10.854 11.431 10.801 11.115 10.579 11.563 10.755 11.842
11.848 13.010 13.225 12.450 11.789 12.502 12.608 11.893 12.634 11.778 11.523 12.100 11.613 10.978 10.299
10.312 10.020  9.874 10.670 10.023  9.865 10.196  9.783  9.494  9.650 10.528  9.622  9.878 10.491 10.889
10.586 11.129 10.355 11.408 10.747 11.762 11.897 11.201 10.618 11.113 10.493  9.675 10.000 11.073 10.304
10.033 11.027 11.800 11.236 11.477 12.041 11.666 11.385 12.008 11.531 10.470  9.872 10.964  9.685 10.203
10.050 10.814 10.690 11.028 11.425 11.125 10.668 11.114 10.767 10.691 10.779 11.173  9.640  9.994 10.459
 9.883 11.545 12.955 13.325 15.654 16.188 17.302 17.029 20.835 19.385 19.982 19.569 19.839 18.240 17.640
15.706 14.925 14.858 14.471 13.900 13.659 13.481 12.907 11.778 11.757 11.078 11.762 11.733 10.595 10.295
10.547  9.591  9.538  9.607 10.035 10.338  9.665 10.257 10.492 10.153  9.560  9.123  9.718  9.333  9.033
 8.981  8.807  9.535  9.185  8.713  8.068  7.606  7.553  7.365  7.209  7.350  7.118  6.620  7.006  7.138
 7.362  6.971  7.312  7.600  8.151  8.201  8.230  9.026  8.801  9.186  9.836  9.727  8.529  9.462 10.435
 9.470  9.267  9.300  9.358  9.059  8.996  9.707  9.484  9.760  9.954  9.849  9.777  9.516  9.782  9.604
 9.591  9.711  9.837  9.315  9.522  9.280  9.065  8.552  8.369  8.670  9.085  8.645  8.869  8.748  9.463
 9.013 10.269  9.632  9.893  9.946  9.683  9.626  9.860 10.154  9.591  9.319  9.305  9.859  9.512  9.314
 9.901  9.363  8.731  8.999  9.595 10.772 10.905 10.928 11.119 10.850 10.649 10.445  9.846 10.359 10.467
10.345 10.772 11.232 10.730 11.147 11.505 11.520 11.177 11.548 11.166 10.661 10.198 10.340 10.156 10.198
10.000 10.357 10.975 10.108 11.688 11.052 11.795
C1905x2TS067_5 0.2255  7.634  6.707  6.898  6.897  6.801  7.124  7.428  7.439  6.863  6.957  6.873  6.966  6.840
 6.314  6.166  5.965  5.556  5.806  5.928  5.897  5.468  5.062  5.404  5.362  5.178  5.515  5.600  6.450
 6.219  5.981  6.525  7.472  7.543  7.679  8.997  9.608  9.852  9.216 10.771 10.294 11.147 11.471 11.967
11.723 11.466 11.891 11.357 11.355 10.954 11.666 10.772 11.260 10.765  9.882  9.847  9.531  8.570  8.110
 7.674  7.552  7.164  6.949  6.312  6.552  7.021  6.421  6.415  7.171  7.802  7.031  7.134  7.986  8.416
 8.537  9.310  9.032  9.407  9.264  9.791  9.623  9.209  8.898  9.037  9.021  8.627  9.384  9.734  9.538
 9.540 10.554 10.432  9.969 10.281 10.825 11.270 10.149  9.746  9.931  9.496  8.949  9.480  9.243  9.744
 9.036  8.822  8.922  8.667  8.204  8.525  8.876  8.872  9.464  9.850 10.688 11.363 10.208 10.904 11.638
11.294 13.079 14.348 14.036 16.264 17.260 17.962 18.343 20.455 20.978 20.649 19.530 19.871 18.189 19.365
16.650 17.212 16.025 16.071 15.154 16.062 14.814 14.314 12.569 11.707 11.463 12.080 11.677 11.526 10.967
11.216 10.557 10.385 10.244 10.433 10.515  9.323 10.062  9.847  9.606  9.687  9.461  9.913  9.504  9.335
 9.016  9.101  8.960  8.843  8.600  8.592  8.058  8.303  8.227  8.739  8.365  8.404  8.689  8.930  9.266
 9.356  8.802  8.940  9.290  9.548  9.626  9.626 10.246  9.509  9.428  9.815  9.595  9.311  9.938 10.221
 9.103  8.522  8.220  8.913  8.783  9.083  8.936  9.270  9.753 10.171  9.686  9.277  9.297  9.400  9.239
 8.888  9.204  9.561  9.550  9.329  9.475  9.308  9.151  9.550  9.973  9.564  9.703  9.265  9.281  9.606
 9.785 11.508 10.407 10.821 11.452 10.955 10.886 10.770  9.851  9.972  9.804  9.938  9.599  9.277  9.531
 9.623  9.029  8.718  8.787  9.337  9.510  9.372 10.019  9.764  9.509  9.656  9.514  9.376 10.239 10.178
10.617 10.662 10.700 10.471 10.498 10.470 11.005 10.586 10.266 10.632 10.407  9.586  9.971 10.601 10.862
11.500 11.087 10.330 11.205 11.529 11.727 12.644
C1905x2TS073_1 0.3644  8.192  7.082  7.211  7.154  7.488  7.275  7.282  7.380  8.051  8.356  8.046  8.892  8.888
 8.699  9.140  9.403  8.998  8.530  8.788  9.104  8.468  8.297  8.720  8.727  8.615  8.826  9.355 10.237
 9.130  9.291  9.869  8.841  8.860  8.272  8.288  8.064  7.762  7.804  7.549  7.242  6.624  6.394  6.807
 6.160  6.144  6.636  6.669  6.208  6.305  6.882  6.676  6.889  7.330  8.159  8.538  9.210  8.957  8.441
 8.354  7.247  7.540  8.052  8.850  6.997  7.683  6.506  5.934  6.236  5.497  5.021  5.969  5.473  4.786
 4.564  5.253  4.762  4.632  4.931  5.088  4.924  4.692  4.678  4.848  4.672  4.335  4.556  4.689  4.383
 4.174  4.214  4.179  3.682  3.588  3.397  3.360  3.211  3.260  3.303  3.245  3.036  3.461  3.549  3.345
 3.843  4.264  4.197  4.010  4.492  4.332  3.563  3.629  4.387  4.039  3.559  4.200  4.468  3.853  3.538
 4.398  4.314  3.574  3.788  4.377  3.999  3.564  4.156  4.117  3.924  3.957  4.398  4.542  4.355  4.515
 4.986  4.990  4.775  5.562  6.245  6.218  6.470  6.590  6.494  6.860  6.529  6.300  6.216  5.996  5.839
 5.924  5.837  6.368  7.008  6.969  6.490  6.021  6.109  6.229  6.172  6.482  7.110  6.961  7.141  7.262
 7.181  7.395  7.045  6.961  7.091  7.073  7.148  7.444  7.532  7.914  7.433  7.825  8.025  7.981  7.719
 8.100  8.274  8.939  8.686  9.957 10.571  8.896  9.838  9.215  8.441  8.540  9.056  8.668  9.496 10.917
 9.849  8.622  7.988  8.072  8.186  7.909  8.452  7.875  8.168  7.568  8.359  8.254  8.704  8.604  8.217
 8.471  7.637  7.725  7.454  7.617  7.745  7.648  7.301  7.239  7.865  8.690  8.324  8.366  8.121  7.997
 7.285  7.579  7.386  7.444  7.865  7.344  7.781  7.553  7.584  7.799  7.862  7.935  8.664  7.818  7.794
 7.494  7.262  6.944  7.057  7.080  7.076  7.553  7.305  7.459  7.193  7.646  7.535  7.161  7.807  8.298
 8.551 10.033  9.944 10.962 10.451 10.960 10.608 10.218  9.572 10.026  9.730  9.039  9.465  9.929  9.424
 9.034  9.039  8.531  8.623  9.075  9.613  9.708
C1905x2TS073_2 0.2890  9.915  9.599  9.704  8.936  8.656  8.627  9.045  8.217  8.320  8.463  8.001  7.765  8.095
 8.987  8.263  7.894  7.728  7.874  7.945  8.472  8.313  7.972  9.180  7.902  7.669  6.790  7.593  8.288
 8.228  7.954  8.284  8.975  9.254  8.554  9.231  8.974  8.721  8.266  8.720  8.203  8.438  7.564  7.635
 7.150  7.209  7.233  7.366  7.032  7.121  6.969  7.040  6.948  6.822  7.413  7.203  7.508  7.005  6.754
 7.574  6.686  7.805  8.017  6.705  6.041  6.308  6.210  5.608  5.959  6.657  6.294  6.445  6.868  7.020
 6.470  7.275  6.730  7.045  6.498  6.807  6.802  6.406  6.016  6.491  6.620  6.167  6.068  6.493  6.186
 5.525  5.831  6.024  5.222  5.226  5.580  5.574  4.878  5.378  5.140  4.806  4.855  5.574  6.319  5.178
 4.990  5.737  6.012  5.869  6.074  6.364  5.656  5.688  5.999  5.856  5.690  5.489  5.813  5.672  5.520
 5.458  5.854  5.441  5.258  5.924  6.111  5.761  5.918  6.647  6.688  6.558  6.951  7.668  7.862  7.340
 7.687  7.995  8.165  8.877  8.609  8.776 10.576 10.103  8.686  9.019  8.595  8.855  8.958  8.980  8.886
 8.179  8.407  8.564  8.903  9.309  8.819  8.463  8.789  8.790  8.821  8.744  9.472  8.915  9.106  9.298
 9.061  9.835  9.234  8.943  8.597  8.406  8.439  8.874  8.464  8.610  8.211  8.317  8.337  8.680  8.868
 9.445  9.440  9.051  9.215  9.570 10.859 10.735 10.803  9.430  9.209  9.449  9.097  8.708  8.592  9.323
 8.448  8.663  7.958  9.461  8.718  8.592  8.431  8.165  8.678  8.700  8.980  9.372  9.709 10.218  9.161
 8.520  8.969  9.121  9.133  8.611  8.789  9.008  8.620  8.903  8.658  8.745  8.952  8.511  8.525  8.194
 7.920  8.239  7.846  8.066  7.978  8.536  8.895  9.248  8.894  9.231  9.446  9.568 10.292  9.705  9.467
 9.322  8.910  8.725  8.558  9.849  9.564  9.270  9.890  9.424  9.090  8.891  8.725  8.712  8.994  9.829
 9.853 10.842 11.528 11.299 10.447 10.994 11.084 10.928  9.883 10.792 10.538  8.904  9.238  9.861  9.371
 9.652  9.792 10.028  9.474 10.401  9.318 10.477
C1905x2TS073_3 0.3347 10.794 10.566 10.852 11.021 10.773 10.046  9.751  9.813  8.890  9.292  8.810  8.930  8.984
 9.247  9.380  9.024  9.158  8.309  8.479  9.177  8.191  7.717  8.428  8.080  8.642  7.365  7.389  8.415
 8.410  7.701  8.172  8.549  8.501  7.945  8.608  8.200  8.217  8.230  8.160  7.872  7.823  7.189  7.315
 7.076  6.762  7.150  6.749  6.411  5.765  6.166  5.872  5.709  5.968  6.182  6.003  5.912  5.931  6.077
 6.335  6.573  7.475  7.226  7.847  7.056  7.386  6.612  5.766  5.534  7.270  6.044  5.645  6.139  5.856
 5.303  5.146  4.943  5.362  4.593  4.592  4.929  5.044  4.404  4.580  5.068  4.661  4.473  5.009  5.355
 4.590  4.896  5.772  5.274  4.744  5.372  6.182  5.530  5.349  6.567  6.662  5.848  9.287  5.779  5.237
 4.924  5.300  4.942  4.802  4.989  4.845  4.460  5.103  4.799  4.495  4.868  5.145  4.514  4.463  5.071
 4.921  4.659  4.771  5.233  5.172  4.887  5.169  5.395  5.095  5.102  5.453  5.539  5.304  5.580  5.695
 5.667  5.626  5.971  6.618  6.600  6.973  7.722  8.902  7.825  7.283  7.335  7.252  7.080  7.019  7.629
 7.229  7.701  7.587  7.561  7.543  6.904  6.911  6.925  6.692  6.750  6.437  6.440  6.658  7.013  7.127
 7.785  7.692  7.393  6.891  7.261  6.555  6.647  6.794  6.915  7.474  7.326  7.671  8.062  8.288  8.184
 8.780  9.093  8.971  8.704  9.093 11.493  9.753 13.296 11.619 10.272 10.468  9.547  9.158  9.804 11.614
 8.978  8.731  7.815  7.571  7.357  7.138  7.211  7.044  7.624  7.654  8.105  9.090  8.118  8.124  8.305
 8.243  7.510  7.629  7.596  6.786  6.804  6.860  7.032  6.592  7.108  7.240  8.153  7.615  7.981  7.364
 7.248  7.326  7.209  7.057  7.024  6.936  6.925  7.035  7.363  7.504  7.516  7.780  8.782  8.419  8.405
 7.998  8.362  7.991  7.610  8.234  8.228  8.038  7.513  7.282  7.379  7.774  7.446  7.601  8.493  8.549
 8.536  8.833  8.927  9.014  9.141  9.423  9.926  9.713  9.493  9.923  9.758  9.222  9.441  9.279  9.508
 9.546  9.998  9.940  9.466 10.514  9.990 11.115
C1905x2TS073_4 0.3311  8.661  7.298  7.416  8.022  8.144  7.855  8.266  9.037  8.833  8.675  8.907  9.794  9.927
 9.495 10.605  9.333  9.608  8.921  8.844  9.167  8.453  8.126  8.092  7.734  7.568  6.997  7.428  8.285
 7.505  7.237  8.384  8.092  7.622  8.074  8.383  8.072  8.267  8.247  8.115  8.082  8.152  7.790  7.829
 6.752  7.018  7.055  6.788  6.923  6.933  6.713  6.433  6.825  6.482  6.274  7.308  6.908  6.160  6.171
 7.475  6.362  6.547  7.131  7.610  7.687  7.454  6.714  6.494  5.588  5.916  6.101  5.646  5.476  5.731
 5.641  5.273  5.302  5.755  5.590  5.350  5.442  5.961  5.469  5.562  6.092  5.855  5.122  5.960  6.354
 5.207  4.751  5.769  5.305  4.363  4.919  5.592  4.712  4.589  5.232  5.066  4.414  4.570  4.028  3.553
 3.728  3.698  3.838  4.629  4.704  4.079  4.068  4.665  4.278  4.117  4.433  4.921  4.403  4.583  4.978
 4.638  4.499  4.884  5.025  4.697  4.976  5.233  5.197  4.973  5.285  5.559  5.388  5.124  5.548  5.526
 5.345  5.107  5.495  5.831  5.612  6.293  6.873  6.960  7.142  8.054  7.114  7.474  7.137  7.216  6.923
 7.459  7.359  7.441  7.711  7.642  7.683  7.821  7.839  7.626  7.739  7.862  7.968  8.324  8.559  9.004
 9.210  9.148  9.749  8.804  8.298  8.236  8.634  8.721  8.341  8.551  8.539  8.916  8.900  8.530  8.226
 8.252  8.256  8.197  8.951  9.059  9.138  8.925  9.459  8.397  8.772  9.250  8.534  8.256  8.660  8.451
 8.241  8.390  8.643  8.904  8.666  8.941  9.314  9.444  9.430  8.741  8.711  8.666  9.637  9.021  8.247
 8.495  7.736  7.603  7.280  7.347  7.496  7.674  7.928  7.577  8.358  7.866  8.054  8.062  8.121  7.755
 7.476  7.918  7.534  7.658  7.693  7.602  7.838  8.467  7.933  8.175  8.107  8.082  8.832  9.766  8.830
 9.965  9.211  8.152  7.984  8.166  8.302  8.228  8.622  8.354  8.273  8.428  8.198  7.827  8.507  8.911
 9.130  9.862  9.522  9.435  9.274  9.650  9.494  9.620  9.767 10.045 10.277  9.650  9.347  9.808  9.786
 9.243  9.428  9.013  8.535  9.572  8.579  9.178
C1905x2TS073_5 0.3314 10.228 10.480 10.284  9.563  9.325  8.880  8.733  8.827  8.852  9.042  9.122  9.313  9.775
 9.698 10.188  9.443  9.445  8.890  9.377 10.117 10.127 10.049 10.035  9.250  9.138  8.853  8.466  8.677
 8.317  8.150  8.015  8.704  8.313  8.333  8.543  8.580  8.656  8.774  9.280  8.726  8.457  8.460  8.210
 6.982  7.693  6.956  6.755  6.988  6.945  6.255  6.399  6.687  6.398  6.054  6.526  6.629  6.236  6.295
 7.467  6.836  6.886  7.626  7.141  6.890  8.098  6.871  6.024  6.491  6.382  5.688  5.300  6.024  5.806
 5.064  5.141  5.495  5.492  4.975  5.286  5.622  5.055  4.953  5.210  5.121  4.643  4.791  4.917  4.565
 4.234  4.471  4.680  4.192  4.402  4.455  4.897  4.554  4.801  6.263  5.493  5.290  6.431  5.003  4.932
 4.694  4.711  4.797  4.628  4.904  4.861  4.540  4.848  5.023  4.642  4.436  4.895  4.993  4.646  4.783
 5.323  4.940  4.487  4.654  5.182  4.716  4.593  5.252  5.282  4.984  5.383  5.785  5.924  5.791  6.142
 6.661  8.048  7.295  7.392  8.541  8.055 10.256  8.905  7.867  7.934  7.503  7.140  6.735  6.515  6.282
 6.253  6.121  6.682  7.442  7.484  7.214  6.776  6.517  6.350  6.433  6.200  6.820  6.697  6.966  7.588
 7.572  7.573  8.019  7.941  7.373  7.208  7.306  7.152  7.622  7.752  7.345  7.848  7.757  8.084  8.689
 9.018  9.392  8.767  9.727 11.073 10.330 10.474 11.721 10.412  9.889  9.623  8.465  8.084  8.716  9.908
 8.227  7.734  7.707  7.995  7.253  6.752  6.439  6.742  7.229  7.237  7.404  8.422  9.254  9.676  8.041
 7.834  7.322  7.727  7.373  7.014  7.243  6.919  6.986  7.537  7.254  7.712  7.925  7.252  7.036  6.966
 6.960  7.029  6.969  6.683  6.973  6.758  7.139  6.851  7.565  7.413  7.838  7.683  7.867  8.370  7.711
 7.809  8.905  8.288  8.236  8.969  8.851  9.205  9.176  8.138  8.250  8.517  8.092  8.165  9.018  9.174
 8.606  9.089  9.558  9.656  9.796 10.447 10.245 10.235  9.551  9.610 10.244  9.212  9.946 10.009  9.182
 9.067  9.301 10.227  8.791 10.089  9.329 11.407
C1905x2TS103_1 0.2677  9.482  8.581  9.045  9.505  9.514  9.211  9.548 10.496 10.068 11.275  9.344 10.162  9.571
 9.090  8.988  8.497  8.338  8.471  8.368  9.315  8.757  8.012  8.567  8.529  7.674  7.058  7.461  7.655
 7.027  6.644  7.342  7.415  7.036  7.614  7.866  7.844  7.640  8.077  7.680  7.755  8.126  8.027  8.502
 7.650  7.889  7.978  7.375  7.797  7.521  7.449  7.200  7.303  7.735  7.872  7.645  7.846  8.565  8.270
 9.342  8.395  9.609 10.107 10.015  9.181 12.221  9.237  7.016  8.124  8.894  7.350  7.133  8.008  8.069
 6.948  7.126  7.785  9.765  8.396  8.581  8.257  7.746  7.063  7.745  7.811  7.260  6.851  7.422  7.086
 6.275  6.660  7.205  6.333  5.962  6.600  6.704  5.767  5.588  6.286  7.090  6.136  6.170  5.213  5.220
 5.376  5.331  5.080  5.616  5.543  5.433  5.651  6.188  6.003  5.632  5.881  6.448  6.153  5.980  5.931
 6.022  6.427  6.381  6.523  6.987  7.075  7.497  8.069  7.870  8.356  9.376 11.924  9.947  9.846 10.235
 9.371  9.818  8.832  8.977  8.650  8.371  8.132  7.940  8.005  8.798  8.253  9.001  9.139  8.465  8.736
 8.758  9.016  9.012  9.724 10.697  9.962  9.723  9.402  8.848  8.611  8.937  8.714  8.999  9.799  9.856
 9.997  9.442  9.425  9.061  8.879  8.714  8.830  9.464  8.953  9.059  8.908  8.935  9.100  9.034  9.203
 9.868  9.757  9.262  9.642  9.301  8.874  8.754  8.775  8.733  8.709  8.870  8.967  9.038  9.244 10.273
 9.418  9.805  9.548  9.219  8.971  8.683  8.732  8.701  8.430  8.676  8.794  9.002 10.027 10.060 10.789
10.208  9.244  8.796  8.738  8.718  9.104  9.314  9.669 10.095  9.731 10.661  9.435  9.492  9.171  9.737
 9.580  9.940 10.194 10.708 11.318 11.518 10.520 11.033 10.400  9.438  9.147  9.474 10.890  9.787  8.872
 8.642  8.518  7.675  8.292  8.813  8.926  8.667  8.667  8.412  8.076  8.001  7.894  7.979  8.350  8.477
 8.053  8.066  8.019  7.969  8.490  8.912  9.079  8.968  9.167  9.151  9.283  8.750  9.006  9.054  9.044
 9.523  8.508  9.011  8.371  9.488  9.015 10.493
C1905x2TS121_1 0.2935 10.045  9.197  9.206  9.099  8.925  8.427  8.355  7.766  7.458  7.406  7.080  6.974  6.948
 7.299  7.121  6.649  6.763  6.872  7.260  8.060  7.277  7.681  8.136  8.462  7.821  7.954  8.596  9.717
 8.635  8.454  9.525  9.597  8.853  8.402  8.745  8.346  8.165  8.317  8.272  7.890  7.892  8.035  8.121
 6.938  7.027  7.434  6.750  6.717  6.510  6.604  6.426  6.778  6.415  6.174  6.601  7.286  6.492  6.183
 8.002  8.444  9.234  9.209  9.333  8.183  8.459  8.295  7.585  7.861  7.687  7.677  7.397  7.473  7.432
 6.719  6.630  7.009  6.893  6.286  6.542  7.260  6.734  6.635  7.403  7.546  6.747  6.802  8.489  7.662
 6.892  7.877  8.866  6.849  6.429  7.584  7.924  6.765  6.606  7.290  6.760  6.658  8.153  7.364  7.530
 7.576  7.173  7.152  6.875  6.956  6.822  6.514  6.727  7.100  6.857  6.871  7.059  6.724  6.502  6.770
 6.812  7.102  7.079  6.701  7.386  7.859  7.431  6.616  7.318  7.502  7.282  7.520  7.912  8.179  8.078
 8.119  7.993  8.178  7.972  8.420  7.927  8.203  8.379  8.387  8.552  8.766  9.276  9.014  8.696  9.025
 9.121  8.905  8.838  9.139  9.429  9.538  9.377 10.434  9.485  9.720  9.651  9.700  9.532  9.633 10.578
11.053 10.407 10.033 10.898 10.878 10.842 10.181 10.079  8.937  8.498  8.328  8.698  8.355  9.249  9.115
 9.228  8.533  8.267  7.913  7.312  6.690  6.323  6.230  6.037  5.944  6.038  5.955  5.952  6.463  6.399
 6.054  6.309  6.519  7.818  6.769  6.969  7.315  6.781  6.658  6.746  7.277  7.509  7.848  7.439  7.530
 7.496  7.899  7.627  7.272  7.151  6.923  7.598  7.775  7.847  8.198  9.156  8.179  7.732  7.420  7.317
 7.387  7.997  7.491  7.004  7.518  7.262  7.146  6.975  7.407  7.599  8.574  9.293  9.944 10.003  9.644
 8.898  8.886  7.945  7.933  7.933  7.510  7.352  7.592  7.457  7.487  7.512  7.524  7.270  7.818  7.912
 7.816  8.280  8.590  8.473  8.515  9.026  9.485  9.176  9.620  9.555  8.702  7.856  7.765  7.604  7.804
 7.773  8.293  8.325  8.373  8.471  9.199 10.750
C1905x2TS121_2 0.2297 10.513  9.948  9.745  9.800 10.119 10.002 10.745 10.390 10.701 10.968 10.049 10.470 10.328
10.368  9.847  9.430  9.836  9.254  9.679 10.299  9.102  8.603  9.168  8.526  8.935  9.030  9.544 10.047
 9.987  9.668  9.430  9.757 10.487 10.023  9.878 10.098 10.156  9.467 10.164  9.987 10.265 10.272 11.142
10.166 10.377 10.479 11.070 10.420 10.195 10.775 10.654 10.828 10.938 10.715 11.470 11.574 10.860 10.140
 9.797  9.518 10.117 10.629  9.868  9.302  9.355  9.049  9.345  8.472  8.854  9.090  9.090  9.247  8.873
 8.347  8.716  9.219  9.716  9.495  9.570 10.079 10.623 10.631 10.699 10.287 10.735 11.156 10.904 11.426
11.821 11.565 10.996 11.224 11.526 11.430 11.152 11.671 11.216 11.525 11.601  9.813 10.649  9.769  9.913
 9.941 10.918 11.529 11.992 11.655 11.867 11.408 11.667 11.044 10.876 11.094 11.010 10.147 10.735 11.635
11.313 11.707 11.146 11.269 11.626 11.863 11.291 11.955 12.491 12.468 12.340 12.392 12.108 11.154 11.054
10.738  9.709  9.923  9.697 10.096 10.572 10.716 10.538  9.904  9.627  9.327 10.260 10.247  9.093  9.423
 9.560  8.756  8.646  8.925  9.006  8.687  8.693  9.148  9.181  9.705  9.633 10.061 10.005 10.758 11.405
10.346 10.148  9.802 10.049  9.931  9.626  9.500  9.228  8.724  8.386  7.855  8.033  8.710  8.435  8.541
 8.349  8.478  7.863  7.728  7.633  7.731  7.305  7.650  7.786  7.956  8.396  7.733  7.023  7.259  7.383
 7.119  7.394  7.656  8.009  7.826  8.099  8.483  8.195  8.707  8.685  8.640  8.361  8.573  8.395  8.340
 8.101  7.963  7.983  7.895  6.971  7.389  7.523  7.924  8.036  7.989  8.425  7.967  8.582  8.924  8.556
 7.780  7.960  7.313  7.469  7.900  8.013  8.413  8.648  9.033  9.644  9.296  9.891 11.257 10.718  9.593
 9.352  8.360  8.566  9.800 10.427 10.128  9.511  9.837 10.014  9.565  9.099  8.402  7.605  7.439  7.207
 6.582  6.178  6.630  5.702  5.825  5.918  6.329  5.957  6.173  6.160  6.066  5.828  6.059  6.086  6.227
 6.641  7.563  7.448  7.074  8.326  8.107  8.733
C1905x2TS123_1 0.2867 10.771 10.083 10.359 10.041  9.712  9.349  9.095  9.023  8.690  9.212  8.656  8.769  8.722
 8.394  7.971  7.339  7.040  6.970  6.828  7.110  6.582  6.563  7.466  8.394  8.380  8.158  8.654  9.239
 8.983  8.474  8.685  8.349  8.352  8.388  8.569  8.712  8.811  8.617  9.161  8.996  9.231  8.698  8.572
 7.953  8.182  7.759  7.078  7.037  7.056  6.741  6.352  6.784  6.860  6.418  6.754  7.093  6.857  6.864
 7.335  7.691  8.013  8.766  8.320  7.999  8.419  7.975  7.736  7.401  7.285  6.909  6.597  7.250  7.195
 6.518  6.565  6.797  6.870  6.542  6.960  7.425  7.509  7.637  8.344  9.122  9.346  8.923  9.071  8.375
 7.658  8.101  7.470  6.901  7.225  7.357  7.065  7.174  7.654  7.654  8.265  8.256  8.879  7.685  8.120
 7.367  7.269  7.240  7.077  7.011  6.975  6.699  6.706  6.516  6.699  6.949  7.018  6.629  7.042  6.962
 7.084  7.260  7.382  7.076  7.031  6.949  6.650  6.257  6.315  6.259  5.955  5.804  6.273  6.182  6.232
 6.294  6.481  6.768  7.718  7.749  7.727  8.035  8.194  8.243  8.555  8.411  8.641  8.370  8.635  8.292
 8.963  8.917  9.212  8.828  9.344  8.778  8.343  7.877  7.628  7.254  7.383  7.367  7.866  8.104  8.266
 8.133  7.807  7.476  6.826  6.961  6.577  7.187  7.418  7.506  7.624  6.925  6.692  6.587  6.434  6.565
 6.594  7.070  7.733  8.034  7.866  7.994  7.900  7.998  7.996  8.229  8.812  8.921  8.372  8.856  9.275
 8.445  8.116  8.081  8.343  7.997  7.822  8.019  7.323  6.955  6.485  6.870  6.993  7.836  8.259  8.696
 7.840  7.257  7.112  6.996  7.098  7.628  8.334  9.362  9.013  8.525  8.572  8.396  8.585  8.057  7.894
 7.836  8.359  7.424  7.322  8.273  7.991  7.363  8.969  8.421  8.288  7.577  7.669  8.217  8.332  8.480
 9.951  9.568  9.148  9.015  9.090  8.909  8.785  8.901  9.117  8.989  9.245  9.357  9.360  9.456  9.511
 9.473  9.710  9.796  9.830  9.736  9.507 10.295 10.004  9.884 10.421 10.611  9.453  9.541  9.842  9.523
 9.037  8.911  9.275  9.121  9.806  9.687  9.282
C1905x2TS123_2 0.3361  9.836  8.836  8.398  8.566  8.383  8.093  8.611  8.635  8.688  9.364  9.072  9.393  8.874
 8.942  8.745  8.700  8.940  8.930  9.115  9.865  8.490  8.315  8.731  8.594  8.704  8.653  8.771  9.172
 8.841  7.834  7.771  7.750  7.422  7.566  7.722  7.585  8.074  7.456  6.988  6.491  6.637  6.524  6.312
 5.504  6.013  5.808  5.284  5.385  5.474  5.223  4.912  5.484  5.480  4.823  4.955  5.552  5.129  4.865
 5.095  5.507  5.389  5.615  5.472  5.284  5.361  5.286  4.881  4.934  5.218  4.906  4.606  5.103  4.972
 4.657  4.860  5.466  5.489  5.164  5.717  6.254  6.590  7.040  7.692  8.444  8.190  8.169  8.854  8.328
 7.192  7.198  7.236  6.653  6.875  7.132  7.033  7.616  8.103  8.070  8.075  7.419  7.866  7.241  7.048
 6.905  7.687  6.542  6.024  6.931  6.586  5.918  6.273  6.522  6.369  5.873  6.065  6.078  6.343  6.384
 5.915  5.890  5.727  5.199  5.549  4.999  4.653  4.554  4.659  4.455  4.256  4.534  4.668  4.529  4.683
 5.066  5.375  5.940  6.117  6.225  6.258  5.916  6.182  6.610  6.594  6.261  6.171  5.620  5.637  5.216
 5.500  5.966  6.511  6.866  6.726  6.121  5.481  5.581  5.601  5.419  5.470  6.010  6.435  6.787  6.518
 6.541  6.283  5.822  5.381  5.051  4.955  4.933  5.102  5.449  6.332  5.786  5.944  5.277  4.930  5.044
 5.082  5.253  5.797  5.843  5.809  6.055  6.691  7.539  6.878  6.784  7.540  7.811  7.550  7.676  7.443
 7.416  7.635  7.854  8.712  8.571  9.488  9.839 10.109  8.971  8.527  8.696  8.247  8.826  8.367  8.228
 7.203  6.528  6.058  5.623  5.883  6.292  6.606  6.792  6.669  6.752  6.620  6.847  7.318  7.575  7.311
 7.004  7.211  7.260  7.225  7.564  8.048  8.458  8.760  9.242 10.908 10.636 10.615 10.492 10.558 10.277
10.228 10.133 10.036 10.578 12.109 12.443 12.294 13.983 13.201 12.993 14.215 14.503 14.026 13.806 14.228
14.453 14.954 15.847 14.334 13.341 12.897 13.440 11.441 11.110 11.381 11.535 10.714 11.104  9.942  9.892
12.124 11.292 10.885 11.751 13.505 11.515 12.997
C1905x2TS123_3 0.2806  9.988 10.446  9.795  9.809  9.689  9.385  9.747  9.133  9.651  9.830  9.230  9.592  9.189
 8.908  9.158  9.077  8.781  8.235  8.392  8.350  7.893  7.896  8.112  8.053  8.311  8.034  8.590  9.112
 9.326  8.606  8.623  8.273  8.399  8.138  8.324  8.037  8.401  8.174  8.519  8.430  8.652  8.496  8.509
 8.218  8.584  8.874  8.124  7.544  7.543  7.691  6.769  6.973  7.254  6.762  6.668  7.030  6.499  6.548
 7.315  7.311  7.382  7.851  7.746  7.265  7.667  6.987  6.910  6.445  6.432  5.997  5.122  5.653  6.169
 5.536  5.106  5.597  5.923  5.411  5.504  6.039  6.060  5.607  6.140  6.504  6.290  6.131  6.562  6.808
 6.227  6.435  6.621  6.096  5.813  6.433  6.510  5.950  5.704  6.405  6.223  5.927  8.066  7.045  7.861
 8.321  8.493  8.127  7.946  6.932  7.154  6.968  6.657  6.442  6.357  6.424  6.734  6.602  6.344  6.747
 6.765  6.856  6.762  6.867  6.923  7.108  6.936  6.657  6.917  7.635  6.856  6.763  7.099  7.020  6.906
 6.773  6.681  6.838  7.186  7.457  7.738  8.067  8.127  8.499  9.073  8.694  8.993  8.659  8.816  9.190
 9.112  9.465  9.321 10.518 11.375 10.214  9.280  9.242  9.029  8.891  8.639  8.610  8.959  9.236  9.469
 8.856  9.282  9.095  8.719  9.066  9.154  9.217  9.607  8.838  8.555  8.453  8.351  8.565  8.599  8.767
 8.836  9.461  9.149  9.469  9.026  9.096  9.179  9.158  8.887  9.272 10.496  9.530  9.240  9.612  9.938
 9.074  8.701  8.299  8.483  8.453  8.429  8.329  8.186  8.365  8.225  8.492  9.364  9.171  9.970 10.426
 9.090  8.711  9.371  9.224  8.497  9.183  8.370  8.578  8.353  8.571  8.424  8.613  8.394  8.574  7.769
 7.913  8.397  8.047  8.265  8.248  8.026  8.438  8.353  8.464  8.544  8.528  8.907  8.792  8.687  9.255
 9.232  8.614  8.545  8.956  9.107  9.341  9.069  9.676  9.071  9.381  9.475  9.491  8.947  9.934  9.129
 8.810  9.636  9.228  9.308  9.081  9.415  9.306  9.065  8.755  9.212  9.115  8.952  9.227  9.073  8.645
 8.376  8.435  8.503  8.155  8.785  9.342 10.221
C1905x2TS123_4 0.3142  9.691  9.649 10.288  9.328  9.896 10.624 10.241 10.977  9.055  9.302  8.565  8.189  7.772
 7.622  7.462  6.640  6.341  6.516  6.803  6.755  6.630  6.763  7.059  6.993  7.088  6.923  7.454  7.921
 6.959  6.648  7.052  6.720  5.929  6.403  6.528  6.649  6.602  7.428  7.012  6.805  8.487  7.440  7.055
 6.362  6.379  6.022  6.009  5.796  5.467  5.360  5.450  5.555  5.581  5.392  5.871  6.516  5.859  5.521
 5.582  5.716  5.238  5.392  5.117  4.891  5.438  5.595  5.082  5.646  6.133  6.250  6.984  6.913  6.805
 5.664  5.884  5.794  5.337  5.037  5.325  5.378  5.092  5.045  5.285  5.203  5.110  5.065  5.370  5.433
 5.240  5.497  5.791  5.807  5.870  6.279  6.986  7.365  9.640  9.334  8.043  7.230  7.612  6.638  6.695
 7.331  6.188  6.285  6.652  6.005  5.609  6.105  6.032  5.264  5.477  5.978  5.380  5.077  5.499  5.687
 5.100  5.010  5.443  5.461  5.030  5.372  5.851  5.562  5.595  6.898  7.576  8.040  8.367  8.931  8.853
 8.749  8.704  7.712  7.719  7.731  8.201  8.795  8.198  7.867  8.138  7.078  6.752  6.345  6.541  6.517
 6.748  7.001  6.824  6.693  6.889  7.167  6.599  6.506  6.456  6.594  7.036  7.556  7.696  7.779  8.128
 7.788  7.864  7.495  7.170  7.126  6.704  6.763  7.139  7.283  7.698  7.326  7.718  7.751  7.400  7.666
 7.892  7.728  7.643  7.591  7.131  6.945  6.722  6.425  6.761  6.975  7.278  7.659  8.115  8.124  8.079
 8.306  8.296  8.204  9.630  8.858 10.276 12.028  9.792 10.958 10.629 11.702 11.810 12.592 12.332 11.992
10.721 10.682 11.972 13.292 11.689 14.150 13.981 11.358 10.426 11.077 10.761  9.409  9.189  9.568  9.242
 9.163  9.566  9.885  9.477  9.653  9.654  9.531  9.453  9.526  9.673  9.472 10.328 11.096  9.709  9.780
 9.219  9.610  9.334  9.356 10.073 10.095  8.726  9.281  8.590  8.747  8.747  8.763  8.631  9.138  9.803
10.200 11.031 11.140 10.038  9.632 10.271  9.340  9.122  9.083  8.915  8.965  8.395  8.273  8.728  9.684
 9.163  9.573  9.376  9.226  9.780  9.002 10.020
C1905x2TS123_5 0.3303 10.131  9.609 10.410  9.289  9.698 10.169 10.188 10.610  8.677  9.150  7.838  7.807  7.104
 7.049  7.199  6.463  6.005  6.254  6.463  6.655  6.449  6.605  7.030  6.930  6.928  6.792  7.326  7.929
 6.824  6.533  6.878  6.543  5.793  6.323  6.512  6.464  6.383  7.211  6.837  6.608  8.131  7.267  6.838
 6.097  6.047  5.664  5.570  5.404  5.263  5.276  5.243  5.364  5.289  5.245  5.762  6.111  5.555  5.215
 5.327  5.133  4.720  4.821  4.618  4.469  4.892  5.038  4.695  5.143  5.599  5.647  6.126  6.409  6.097
 5.265  5.127  5.044  5.026  4.755  4.746  4.909  4.808  4.650  4.903  4.956  4.772  4.826  5.120  5.246
 5.057  5.269  5.605  5.603  5.605  5.868  6.586  7.116  9.732  9.221  7.728  6.580  6.641  6.000  6.313
 6.510  5.682  5.970  6.288  5.649  5.311  5.875  5.905  5.081  5.218  5.808  5.241  4.898  5.286  5.494
 4.831  4.716  5.074  5.103  4.707  5.102  5.417  5.298  5.285  6.163  7.042  7.570  7.833  8.420  8.693
 8.129  8.241  7.595  7.707  7.584  7.834  8.445  8.220  7.962  8.304  7.019  6.743  6.342  6.444  6.643
 7.005  7.978  7.498  7.456  7.196  7.236  6.638  6.377  6.394  6.537  6.867  7.459  7.680  7.542  7.792
 7.350  7.484  7.158  6.787  6.853  6.352  6.519  6.821  6.935  7.358  7.067  7.316  7.473  7.533  7.732
 7.823  7.771  7.977  8.282  7.272  7.237  6.982  6.754  6.952  7.074  7.348  7.850  8.109  8.107  8.140
 8.226  8.513  8.267  9.083  8.642  9.737 11.575  9.391 10.459 10.394 11.277 11.112 11.857 11.592 11.342
10.279 10.229 11.604 12.437 11.126 13.223 13.613 10.663  9.757 10.392 10.124  8.773  8.832  8.866  8.970
 8.868  8.960  9.804  9.118  8.889  8.688  8.362  8.350  8.181  8.621  8.503  9.501  9.980  9.017  9.111
 9.027  9.611  9.209  9.691  9.551  9.585  8.205  8.871  8.239  8.599  8.528  8.278  8.299  8.884  9.804
10.038 11.157 11.066  9.908  9.391 10.352  9.273  9.073  8.933  8.747  8.923  8.279  8.094  8.546  9.558
 8.960  9.494  9.308  8.909  9.806  8.750  9.913
C1905x2TS215_1 0.7448  4.050  3.107  2.755  2.472  2.502  2.291  2.430  2.402  2.299  2.651  2.600  2.840  2.473
 2.629  2.717  2.659  2.638  2.665  2.683  3.138  2.599  2.356  2.502  2.551  2.828  2.841  3.333  3.753
 3.552  3.101  3.146  2.790  2.794  2.781  3.110  3.305  3.631  3.983  3.418  3.721  3.890  4.230  4.251
 4.309  4.029  3.560  3.216  2.982  2.633  2.578  2.644  2.658  2.362  2.405  2.894  2.704  2.473  2.617
 2.840  2.569  2.719  2.664  2.829  3.001  2.776  3.480  3.318  3.142  2.833  3.028  3.055  3.311  3.012
 3.312  2.929  2.544  2.637  3.098  3.429  3.549  2.864  2.795  2.883  2.701  2.500  2.619  2.369  2.625
 2.691  2.622  2.549  2.658  3.010  2.825  2.825  3.159  4.341  4.594  4.725  4.073  4.654  4.622  4.202
 3.966  3.752  3.257  3.085  3.041  2.941  2.721  2.639  2.658  2.685  2.523  2.466  2.643  2.853  3.026
 2.985  2.989  2.741  2.644  2.585  2.886  2.945  2.647  2.793  3.044  3.040  3.208  3.094  3.207  2.994
 3.307  3.435  3.185  3.235  3.728  3.544  3.352  3.293  3.099  2.684  2.437  2.303  2.480  2.587  3.218
 3.288  2.908  3.095  3.485  3.388  3.372  2.898  2.493  2.656  2.360  2.399  2.313  2.512  2.719  2.825
 2.758  2.855  2.676  2.389  2.531  2.289  2.532  2.420  2.821  2.700  2.898  2.750  3.023  2.529  2.559
 2.591  2.748  3.353  3.434  3.614  3.785  3.975  3.688  3.781  4.089  4.247  4.260  4.069  3.662  3.090
 3.324  3.222  3.145  3.157  2.740  3.046  2.537  2.633  2.391  2.265  2.323  2.353  2.422  2.997  3.261
 2.914  2.477  2.366  2.225  2.249  2.247  2.187  2.195  2.388  2.284  2.440  2.360  2.627  2.491  2.507
 2.496  2.408  2.305  2.283  2.376  2.248  2.496  2.370  2.236  2.311  2.251  2.668  2.787  3.042  2.953
 3.088  3.162  3.312  3.128  2.694  2.617  2.489  2.391  2.345  2.250  2.194  2.532  2.449  2.600  2.665
 2.385  2.425  2.592  2.999  3.159  3.336  3.072  2.869  2.863  2.752  3.204  3.179  3.049  2.922  3.048
 2.979  2.732  2.619  3.151  3.662  3.836  4.036
C1905x2TS215_2 0.5911  7.293  6.938  6.607  5.979  5.714  5.274  5.047  5.185  5.036  5.064  5.098  5.404  5.075
 5.194  5.117  4.837  5.036  5.186  6.053  6.416  6.146  5.509  5.077  4.743  4.972  4.860  4.739  4.637
 4.898  5.086  5.030  4.776  4.894  5.056  4.967  5.213  5.185  5.332  5.221  4.982  4.589  4.486  4.070
 4.089  4.468  4.044  3.860  4.118  4.177  4.033  3.963  4.168  4.098  4.140  4.284  4.574  5.048  5.323
 5.088  5.815  5.426  4.604  4.827  4.663  4.177  3.859  3.676  4.173  3.857  3.498  3.828  3.968  3.653
 3.427  4.403  4.558  3.987  3.894  3.825  3.754  3.859  3.227  3.554  3.370  3.029  3.491  3.613  3.385
 3.205  3.840  4.050  3.773  3.742  4.081  4.020  3.703  4.164  4.413  4.687  5.149  5.112  4.272  4.064
 3.622  4.070  4.022  3.744  3.893  3.894  3.730  3.554  3.624  3.579  3.454  3.209  3.428  3.351  2.917
 3.029  3.301  3.232  2.938  3.051  3.366  3.539  3.260  3.241  3.521  3.472  3.468  3.321  3.637  3.858
 3.828  3.713  3.723  4.139  4.347  3.947  3.870  3.889  3.721  3.201  3.281  3.191  3.222  3.492  3.648
 3.810  3.799  4.316  4.899  4.480  4.019  3.644  3.583  3.401  3.582  3.351  3.541  3.425  4.042  3.412
 3.316  3.506  3.255  3.675  3.288  3.262  3.011  3.336  3.258  3.456  3.300  3.759  3.961  3.423  3.427
 3.856  4.037  4.439  4.730  4.882  4.970  5.149  5.617  5.425  5.642  5.538  5.589  5.219  5.717  6.622
 5.663  6.010  6.087  7.260  5.541  4.054  3.760  3.208  3.029  3.383  3.789  4.094  3.879  3.683  3.388
 3.647  3.699  3.616  3.111  2.844  2.906  2.754  3.103  3.467  3.673  3.856  4.014  4.076  4.419  5.112
 4.362  4.635  4.080  3.817  3.495  3.453  3.220  3.178  3.113  3.028  3.183  3.312  3.810  3.771  3.472
 3.945  3.987  4.191  4.475  3.741  3.196  3.345  3.367  3.476  3.352  3.461  3.777  3.814  4.035  4.330
 4.429  4.286  4.147  4.038  4.677  4.787  4.083  3.909  3.989  4.006  4.465  5.034  5.735  5.865  6.137
 6.472  5.806  5.461  5.301  6.034  5.493  6.925
C1905x2TS215_3 0.7513  3.911  3.238  3.143  3.075  2.943  2.738  2.616  2.534  2.520  2.577  2.497  2.855  2.922
 3.152  3.317  3.733  4.017  3.622  3.544  3.325  3.585  3.560  3.888  3.639  3.491  3.588  3.438  3.856
 3.641  3.631  3.472  3.944  3.654  3.349  2.979  2.632  2.745  2.736  2.809  2.558  2.853  3.039  3.058
 2.585  2.769  2.600  2.732  2.708  2.588  2.692  2.695  2.572  2.816  2.732  2.644  2.820  2.894  2.798
 2.732  3.053  2.969  2.679  2.252  2.924  2.602  2.363  2.258  2.660  2.985  2.689  2.790  2.773  2.982
 2.749  2.793  2.827  3.024  2.618  2.406  2.542  2.630  2.548  2.470  2.534  2.671  2.728  2.607  2.630
 2.709  2.734  2.629  2.836  2.998  2.907  2.790  3.198  3.306  3.577  3.414  3.295  3.762  4.154  3.542
 3.496  3.197  2.974  3.408  3.358  3.160  3.342  2.933  2.672  2.709  2.601  2.537  2.442  2.522  2.374
 2.291  2.422  2.367  2.239  2.294  2.492  2.438  2.244  2.388  2.419  2.355  2.377  2.651  2.517  2.502
 2.749  2.797  2.712  2.986  3.090  2.942  2.829  3.213  3.050  2.755  2.973  3.075  2.917  2.922  3.086
 3.051  3.087  3.305  3.416  3.280  3.462  3.268  2.856  2.729  2.804  2.509  2.354  2.490  2.623  2.920
 2.986  2.633  2.187  2.137  2.105  2.295  2.563  2.859  3.021  3.066  2.803  2.468  2.379  2.321  2.194
 2.103  2.160  2.398  2.518  2.485  2.454  2.900  2.923  2.710  2.733  3.100  3.242  2.649  2.799  3.048
 2.987  3.311  3.317  3.283  3.396  3.096  3.075  2.681  2.561  2.400  2.240  2.277  2.363  2.536  2.742
 2.699  2.424  2.338  2.266  2.286  2.516  2.638  2.501  2.600  2.837  2.786  3.088  2.970  2.858  3.210
 3.222  3.080  2.752  2.562  2.745  2.416  2.556  2.354  2.768  2.809  2.654  2.689  2.860  3.585  3.560
 3.088  3.410  3.402  3.655  3.262  2.579  2.618  2.390  3.036  2.826  3.718  3.819  4.198  4.341  3.971
 3.722  3.289  3.093  2.826  2.612  2.616  2.689  2.700  2.921  2.616  2.681  2.659  2.591  2.771  2.865
 2.531  2.482  2.647  2.918  3.011  3.179  3.117
C1905x2TS215_4 0.7418  4.135  3.825  3.598  3.991  3.534  3.285  2.991  2.911  2.707  2.770  2.561  2.838  2.844
 2.936  2.971  3.106  3.312  3.321  3.850  3.416  3.764  3.422  3.498  3.922  4.247  3.980  4.134  3.937
 4.296  4.155  4.093  4.249  4.341  3.874  3.782  3.569  3.354  2.913  2.282  2.286  2.310  2.532  2.949
 2.593  2.582  2.586  2.586  2.581  2.617  2.818  2.567  2.469  2.704  2.530  2.564  2.605  2.610  2.620
 2.691  2.754  3.076  2.846  2.720  3.027  2.604  2.312  2.408  2.556  2.426  2.231  2.383  2.318  2.422
 2.207  2.499  2.385  2.593  2.893  3.055  2.511  2.220  2.532  2.673  2.258  2.093  2.399  2.517  2.191
 2.254  2.487  2.533  2.377  2.685  3.087  2.897  2.696  2.923  3.146  3.005  2.884  3.106  3.612  3.487
 3.623  3.583  3.298  3.106  2.749  2.640  2.489  2.356  2.445  2.600  2.521  2.685  3.166  2.927  2.869
 2.923  2.882  2.375  2.066  2.257  2.219  2.279  2.205  2.107  2.212  2.408  2.432  2.459  2.686  2.786
 2.930  2.969  3.252  3.179  3.286  3.182  3.124  3.358  3.215  2.675  2.348  2.432  2.574  2.939  2.990
 3.181  3.527  4.116  4.544  4.969  3.729  3.227  3.035  2.725  2.833  2.768  2.603  2.569  2.543  2.560
 2.871  3.125  3.239  3.489  3.196  2.896  2.943  3.423  3.687  3.554  3.196  3.025  3.054  2.998  3.079
 2.974  3.239  3.361  3.238  3.179  3.273  3.310  3.124  3.012  2.919  3.052  3.536  3.862  4.232  4.070
 4.271  4.440  4.064  3.893  3.526  3.461  3.187  3.160  3.264  3.143  3.135  3.119  3.299  3.152  3.005
 2.875  2.561  2.747  2.590  2.281  2.311  2.182  2.455  2.649  3.183  3.307  3.350  4.140  3.978  4.300
 4.342  3.958  3.702  2.884  2.677  2.232  2.264  2.034  2.397  2.048  2.229  2.084  2.104  2.403  2.145
 2.329  2.248  2.201  2.103  2.138  1.969  2.049  2.021  2.453  2.343  2.932  2.915  2.990  3.142  3.229
 3.257  3.117  2.861  2.691  2.619  2.597  2.537  2.662  2.575  2.870  3.037  3.084  2.962  2.700  2.867
 2.973  2.760  2.673  2.704  2.917  3.004  3.600
C1905x2TS215_5 0.7163  4.269  3.236  2.762  3.039  3.266  2.740  2.803  2.689  2.718  2.770  2.682  2.764  2.815
 3.108  3.255  3.354  3.979  3.755  3.380  3.300  3.408  3.075  3.088  2.932  3.576  3.123  3.164  3.626
 3.437  3.424  3.639  4.193  3.878  3.208  3.094  2.845  2.728  3.051  3.086  3.311  3.473  3.618  3.629
 3.319  3.301  3.200  3.112  3.250  2.958  3.056  3.078  3.162  2.933  3.129  4.038  3.348  3.097  2.805
 2.805  2.506  2.465  2.644  2.544  2.711  2.673  2.946  2.693  2.869  2.978  2.760  2.700  2.872  3.055
 2.814  2.971  2.880  3.011  3.049  2.860  2.885  3.192  3.003  3.005  3.089  3.262  3.163  3.161  3.332
 3.513  3.749  3.528  2.940  2.672  2.762  2.862  2.620  2.498  2.648  2.713  2.778  2.702  2.829  2.841
 2.986  2.861  2.988  2.922  2.678  2.765  2.670  2.661  2.517  2.571  2.575  2.394  2.462  2.542  2.627
 2.515  2.546  2.662  2.651  2.462  2.703  2.896  2.792  2.825  3.074  3.164  3.145  3.088  3.344  3.450
 3.527  3.589  3.781  3.713  3.811  3.632  3.583  3.419  3.308  2.895  3.086  2.753  2.561  2.471  2.575
 3.087  3.040  3.260  3.128  3.170  3.246  2.850  2.793  2.743  2.698  2.621  2.843  2.998  3.286  3.372
 3.378  3.808  3.364  3.016  2.952  2.676  2.721  2.874  3.194  3.158  3.261  2.590  2.933  2.900  3.170
 3.306  3.743  4.290  4.567  4.704  4.345  4.687  4.364  4.117  4.322  4.348  4.362  3.528  3.954  3.708
 3.535  3.530  3.466  3.094  2.854  2.899  2.403  2.189  2.161  2.453  2.618  2.551  2.883  2.868  2.747
 2.905  2.739  2.681  2.174  2.098  2.060  2.192  2.340  2.576  2.564  3.355  3.952  3.848  4.366  4.465
 3.510  3.258  2.944  2.583  2.672  2.391  2.654  2.236  2.505  2.530  2.385  2.577  2.505  2.557  2.757
 2.671  2.768  2.955  3.121  3.414  3.150  3.201  2.692  2.743  2.661  2.655  2.465  2.678  3.043  2.961
 2.504  2.837  2.737  2.909  2.688  2.850  2.982  3.275  3.724  3.888  4.784  4.938  5.140  5.943  5.800
 5.504  5.814  5.487  5.451  5.897  6.506  6.516
C1905x2TS228_1 0.4792  6.344  5.381  4.993  5.075  4.701  4.685  4.886  5.070  4.912  5.172  5.352  5.972  6.046
 5.998  6.558  6.336  6.634  6.271  6.845  6.986  6.519  6.831  7.107  6.797  6.972  7.056  7.584  7.690
 7.366  7.167  6.933  6.516  6.203  5.785  5.884  5.822  6.341  5.967  6.741  6.048  5.971  5.584  5.724
 5.265  5.448  4.992  5.059  4.870  4.712  4.886  4.798  4.547  4.698  5.030  5.212  5.233  5.424  6.095
 7.360  6.702  7.723  6.358  6.027  5.303  5.078  4.943  4.467  4.769  4.611  4.243  4.294  4.516  4.422
 4.625  4.942  5.331  5.670  5.994  5.771  5.405  5.261  5.056  4.789  4.507  4.525  4.500  4.417  4.056
 4.115  4.610  4.332  3.722  4.005  4.570  4.121  3.870  4.160  4.076  3.660  3.235  3.512  3.899  4.135
 3.707  3.803  3.696  3.598  3.218  3.132  3.282  3.245  2.890  3.149  3.365  3.346  3.263  3.642  3.820
 3.432  3.585  3.962  3.911  3.675  4.123  4.232  3.936  3.975  4.547  4.585  4.312  4.652  4.921  4.929
 5.312  5.424  5.271  5.095  5.279  5.225  5.296  5.212  4.664  4.588  4.199  4.216  4.196  4.253  4.254
 4.365  4.427  4.842  5.755  6.408  5.426  5.231  4.997  5.014  5.006  5.331  5.350  5.668  5.992  5.945
 5.968  5.758  5.526  5.136  5.078  4.960  5.367  5.538  5.774  5.708  5.307  4.886  4.793  4.804  4.622
 5.092  5.328  6.161  6.109  5.950  5.521  5.408  5.170  5.382  5.851  6.507  5.998  5.764  5.336  5.079
 5.135  5.269  4.936  5.456  4.843  4.189  4.128  3.884  4.000  3.953  4.185  4.042  4.524  4.861  4.794
 5.055  4.590  4.505  4.333  4.169  3.991  4.236  4.339  4.943  4.704  4.415  4.245  4.529  4.220  4.129
 4.089  4.408  4.659  4.687  4.379  4.439  4.560  4.817  5.290  5.679  6.390  6.539  6.646  6.804  6.487
 6.817  6.463  6.117  6.159  5.973  5.734  5.551  5.787  6.192  5.790  6.007  6.271  7.029  7.269  6.848
 6.928  6.299  6.399  6.325  7.088  7.567  8.668  7.840  8.941  8.825  8.268  7.952  8.514  8.549  9.097
 8.881  8.822 10.174 10.227 10.780 10.976 10.962
C1905x2TS389_1 0.3797  7.127  5.806  5.968  6.021  5.950  5.864  6.322  6.361  6.249  7.000  7.241  7.501  7.883
 8.248  9.076  7.970  8.230  8.440  8.354  8.660  8.405  8.489  8.569  8.127  8.053  7.935  8.269  8.183
 7.979  7.968  8.008  7.715  7.739  7.595  7.636  7.107  7.370  6.781  7.577  6.695  6.822  6.597  6.312
 5.365  5.354  5.219  5.119  5.051  4.834  4.659  4.775  4.694  4.623  4.656  5.060  5.118  4.955  5.201
 5.594  5.628  5.717  6.528  6.842  5.740  6.202  6.311  5.453  5.400  5.531  5.383  5.416  5.472  5.800
 5.586  5.593  5.498  5.928  5.854  5.849  5.853  5.707  5.562  5.565  5.358  5.072  5.046  5.016  4.696
 4.626  4.659  4.291  3.882  4.087  4.254  3.711  3.607  3.927  3.742  3.484  3.474  3.912  3.506  3.872
 3.850  4.060  4.108  3.745  3.857  4.287  4.104  3.997  4.089  4.388  4.125  4.083  4.410  4.468  4.165
 4.227  4.650  4.552  4.230  4.723  5.034  4.778  4.829  5.388  5.463  5.694  6.191  6.404  6.372  6.892
 7.271  7.106  6.708  7.290  7.408  7.284  7.537  7.409  7.711  7.552  7.501  6.878  6.977  6.573  6.560
 6.574  6.625  6.771  7.272  7.529  7.149  6.766  6.425  6.370  6.536  6.873  6.893  6.992  7.518  7.380
 7.437  6.995  6.749  6.440  6.434  6.442  6.726  6.996  6.948  7.491  6.549  6.068  6.201  6.224  6.102
 6.140  6.346  7.020  7.380  7.216  7.437  7.603  8.389  8.122  8.514  9.368  8.607  7.970  8.293  7.639
 7.485  7.514  7.557  7.893  7.419  7.418  7.702  7.655  7.907  8.006  7.900  8.164  8.265  8.692  9.203
 8.365  8.337  8.166  8.039  8.019  8.072  8.056  8.136  8.020  7.874  8.221  7.722  7.921  7.832  7.390
 7.032  7.245  7.076  6.673  6.664  6.013  6.166  6.150  6.442  6.752  7.648  7.791  8.056  8.285  8.329
 8.753  8.219  7.388  7.003  7.451  7.441  6.940  6.582  6.215  6.215  6.448  6.626  6.927  7.445  7.825
 7.276  7.259  7.205  7.130  7.416  8.034  8.544  8.378  8.130  8.297  8.281  8.079  7.940  8.023  7.980
 8.215  8.237  8.397  8.480  8.853  8.402  9.383
C1905x2TS389_2 0.3948  7.273  6.378  6.325  6.554  6.449  6.620  7.174  7.261  7.116  7.823  7.623  8.376  9.638
 9.201 10.206  9.163  8.677  8.661  8.896  9.777  9.123  9.329  9.065  9.125  8.989  7.999  8.510  8.496
 8.654  7.469  7.245  7.611  7.440  6.778  6.789  6.599  6.790  6.548  6.619  5.768  5.805  5.245  5.420
 4.629  4.784  4.865  4.833  4.739  4.527  4.724  4.645  4.573  4.506  4.386  4.516  4.531  4.635  4.538
 4.705  4.955  5.039  5.410  5.759  6.287  6.528  6.857  6.694  6.047  6.391  6.793  7.074  6.557  7.566
 8.188  7.788  6.720  6.046  5.799  5.662  5.367  4.942  4.804  4.942  4.614  4.346  4.320  4.453  3.987
 3.967  4.212  4.178  3.630  3.766  3.954  3.537  3.525  3.888  4.022  3.747  3.718  4.369  4.167  4.384
 4.336  4.699  4.219  3.978  4.167  4.237  3.765  3.741  4.091  3.966  3.804  3.895  4.137  3.921  3.885
 4.193  4.369  4.255  4.267  4.774  4.912  5.071  5.242  5.693  6.129  6.117  6.463  6.690  6.906  7.224
 6.877  6.942  6.755  6.874  6.961  6.927  7.163  7.433  7.233  7.467  7.158  6.871  6.800  6.487  6.622
 6.563  6.739  6.909  7.320  7.354  6.598  6.198  6.255  6.021  6.624  6.615  6.694  7.091  7.007  7.064
 6.893  6.467  6.237  5.641  5.125  5.220  5.075  5.534  5.583  5.035  4.779  4.504  4.572  4.948  4.899
 5.398  5.598  6.594  6.470  6.348  6.604  6.865  7.190  6.925  7.245  7.746  7.723  7.071  7.256  6.872
 6.641  6.221  6.271  6.229  6.061  6.174  6.023  5.970  5.372  6.176  6.004  6.987  7.137  7.820  7.580
 7.676  7.257  6.711  6.772  6.279  7.027  7.383  7.157  6.704  6.258  6.180  6.127  6.459  6.214  6.319
 6.016  6.695  6.774  6.838  6.911  7.145  7.165  7.831  7.798  7.497  7.750  8.002  8.484  8.202  8.219
 9.571  8.939  8.466  8.478  8.849  8.592  8.020  7.960  7.583  7.586  7.624  7.352  7.394  7.326  7.562
 7.031  7.355  7.272  7.433  7.595  7.548  8.247  7.755  7.673  8.162  8.026  7.617  7.440  7.974  8.051
 8.402  8.954  8.708  8.974  9.425  8.855  9.748
C1905x2TS389_3 0.3976  8.339  7.708  7.400  7.563  7.364  6.944  7.563  7.819  7.805  8.883  8.609  8.579  9.047
 8.708  9.843  9.226  8.943  8.798  9.128  9.469  8.380  8.664  9.289  8.336  7.976  7.899  7.997  8.207
 7.972  7.642  7.645  6.926  5.935  5.271  4.870  4.927  5.091  4.340  4.184  3.980  3.849  3.911  3.832
 3.668  3.869  3.962  3.883  3.814  3.929  3.871  4.000  4.208  4.562  4.635  4.846  5.084  4.991  5.261
 5.526  5.690  5.345  5.875  5.691  5.423  6.715  6.370  5.309  5.598  6.487  5.642  5.495  6.059  6.248
 5.663  5.865  5.799  6.395  6.242  6.241  6.070  5.792  5.475  5.338  5.169  5.002  4.787  4.677  4.335
 4.278  4.215  4.145  3.734  3.758  3.706  3.600  3.391  3.463  3.576  3.501  3.717  3.799  3.829  4.019
 3.930  4.113  4.159  3.714  3.959  4.299  3.960  4.054  4.165  4.398  3.968  4.278  4.650  4.610  4.225
 4.598  5.143  4.819  4.462  5.287  5.742  5.593  5.518  6.112  6.586  6.278  6.419  7.019  6.638  6.394
 6.782  6.744  6.941  6.929  7.182  6.909  7.471  7.059  7.279  7.225  7.169  6.607  6.430  5.855  5.675
 5.744  5.596  5.976  6.584  6.799  5.936  5.577  5.540  5.450  5.840  5.849  6.214  6.491  6.690  6.608
 6.933  6.657  6.277  5.993  6.061  5.794  5.886  6.225  6.447  6.116  6.174  5.866  5.581  5.826  6.001
 6.400  6.320  6.876  7.714  7.793  7.495  7.695  7.283  7.391  7.620  8.104  8.190  7.876  8.570  8.432
 8.080  7.580  7.557  7.658  7.441  7.241  7.047  6.956  7.059  7.235  7.626  8.455  8.297  9.192  8.873
 8.714  8.513  8.229  7.933  7.823  7.726  8.019  7.634  7.602  7.562  7.691  7.457  7.345  6.936  6.852
 6.492  6.602  6.380  5.933  5.897  5.617  5.681  5.753  6.226  6.720  7.109  7.154  7.769  8.159  8.330
 8.822  8.585  8.117  7.874  7.814  7.368  6.963  6.694  6.265  5.697  6.059  6.187  6.350  6.676  6.689
 6.447  6.477  6.425  6.674  7.144  7.700  7.396  7.601  7.780  7.922  8.225  8.110  8.320  7.913  7.941
 8.459  8.427  8.742  8.584  9.090  8.672  9.201
C1905x2TS389_4 0.4680  6.621  5.582  5.677  5.931  5.903  6.122  6.745  6.806  6.823  7.938  7.691  7.898  8.034
 8.016  8.163  8.431  8.620  8.368  8.148  8.205  7.568  7.138  6.457  5.851  6.023  5.407  5.150  5.417
 5.114  4.860  4.950  5.148  5.029  5.335  5.788  6.410  6.931  6.432  6.549  6.083  5.921  5.442  5.163
 4.311  4.204  4.173  4.174  4.056  3.898  3.751  3.780  3.853  3.641  3.629  3.947  4.086  3.958  4.145
 4.452  4.631  4.536  5.282  6.144  6.622  7.499  7.610  7.265  6.826  6.593  6.798  6.795  6.692  6.095
 6.322  6.209  5.462  5.365  5.374  5.122  4.915  4.746  4.734  4.564  4.056  4.230  4.333  3.958  3.488
 3.628  3.669  3.268  2.935  3.233  3.273  2.839  2.914  3.408  3.152  2.937  2.977  3.624  2.990  3.257
 2.977  3.171  3.299  2.831  2.632  3.226  3.104  2.878  2.914  3.459  3.371  3.144  3.535  3.641  3.552
 3.603  3.964  4.118  3.955  4.145  4.700  4.967  4.596  5.035  5.619  5.890  5.607  5.896  6.030  6.112
 6.007  6.124  5.935  6.242  6.372  6.160  6.672  6.499  6.717  7.400  6.289  5.310  5.230  5.094  5.293
 5.342  5.715  6.065  6.488  6.332  5.644  5.319  5.159  4.883  5.022  5.300  5.178  5.710  5.908  6.237
 5.425  5.067  4.527  4.349  3.983  4.218  4.081  4.721  4.718  4.793  4.025  3.953  3.738  4.267  3.841
 4.484  4.659  5.484  5.796  5.689  5.581  5.763  5.859  5.930  6.190  6.528  6.766  6.761  6.942  6.682
 6.940  6.723  6.276  6.220  5.945  5.817  4.932  4.610  4.046  4.437  4.284  5.156  5.635  6.604  6.669
 6.126  5.976  5.289  5.419  5.138  5.295  5.646  5.738  6.035  6.239  6.192  6.502  6.735  7.685  7.090
 6.632  6.703  6.718  6.175  5.710  5.350  5.325  5.181  5.525  5.685  6.360  6.360  7.054  7.075  6.989
 6.960  7.178  6.694  6.884  6.765  6.275  5.910  5.225  5.128  5.131  5.325  5.968  5.970  6.253  6.232
 5.821  5.871  5.320  5.295  5.254  5.307  6.007  6.329  6.955  7.091  7.062  7.142  7.281  7.516  7.636
 7.701  7.670  7.585  7.325  7.930  7.619  8.487
C1905x2TS389_5 0.4368  6.998  5.852  6.232  6.476  6.001  5.858  6.583  6.365  6.206  6.996  6.838  7.327  7.210
 6.914  7.266  6.989  7.183  7.066  7.236  7.856  7.859  7.784  7.881  7.010  7.502  6.867  7.064  8.117
 8.155  7.720  7.630  8.365  8.478  7.855  7.572  7.408  7.326  7.209  7.637  7.366  7.105  6.650  5.798
 5.284  5.542  4.979  4.700  4.975  4.630  4.298  3.954  4.278  4.326  3.880  4.100  4.737  4.435  4.119
 6.883  5.424  5.119  5.120  4.630  4.311  4.398  4.047  3.764  4.398  4.193  3.617  3.899  4.501  4.201
 3.765  4.624  4.690  4.320  4.287  4.990  5.106  4.516  4.926  5.346  4.967  4.794  5.359  5.523  4.701
 4.803  5.809  5.122  4.690  5.226  5.596  5.103  5.078  5.454  5.650  6.333  5.426  5.448  5.073  5.022
 4.825  4.619  4.756  4.807  4.481  4.516  4.792  4.720  4.415  4.509  4.883  4.639  4.355  4.638  4.807
 4.429  4.303  4.784  4.671  4.325  4.497  4.654  4.440  4.304  4.534  4.422  4.447  4.316  4.314  4.410
 4.508  4.301  4.717  5.339  5.555  5.595  6.073  5.931  5.610  5.453  4.906  4.783  4.347  4.657  4.435
 4.543  4.915  5.599  6.496  6.365  5.522  4.760  4.598  4.414  4.616  4.654  5.152  5.471  5.862  5.943
 5.705  5.373  4.719  4.660  4.483  4.514  4.412  5.057  5.103  5.229  4.688  4.824  4.610  4.969  4.744
 5.115  5.354  6.112  6.092  5.950  6.403  6.337  6.565  6.758  6.889  8.074  7.337  7.324  8.148  9.082
 7.270  6.871  6.963  6.534  6.687  5.934  5.011  4.939  4.394  4.672  4.542  4.618  5.001  5.606  5.764
 6.120  6.086  6.241  6.151  6.424  6.652  7.334  7.092  6.837  6.831  6.964  7.120  7.447  7.005  7.569
 7.012  7.645  7.071  6.603  6.750  6.683  6.084  5.750  5.449  5.642  5.649  5.888  6.259  6.300  6.200
 5.778  5.896  5.490  5.826  6.175  6.490  6.415  6.598  8.069  7.829  7.139  6.881  7.172  7.115  6.718
 6.707  6.679  6.708  6.756  6.269  6.888  6.854  6.300  6.555  6.887  7.283  6.813  7.025  7.673  7.555
 8.032  8.187  8.561  8.373  8.781  8.698  9.381
END
