PFRMAT QA
TARGET C1901
AUTHOR 5229-7541-3942
REMARK Graph-QA
METHOD Graph-QA
METHOD -------------
MODEL 2
QMODE 2
C1901TS003_1 0.153 11.194 11.098 9.801 9.808 10.855 10.577 9.873 9.923 10.218 10.297 10.635 8.459 9.178 10.104 10.753 11.135 8.9 8.809 8.848 7.479 7.091 
6.653 6.349 7.074 6.932 6.251 6.918 6.667 6.332 6.55 8.016 8.698 8.472 8.239 9.67 8.684 9.364 9.299 9.125 9.137 10.106 9.357 
9.895 10.46 9.794 10.431 9.625 9.475 9.886 8.477 8.024 7.922 8.031 8.309 7.607 7.922 7.758 7.295 6.675 8.626 9.083 9.735 10.041 
10.367 10.063 10.239 10.516 9.762 11.974 10.02 11.071 10.013 9.918 9.611 10.741 10.181 10.644 9.787 11.088 9.579 9.998 9.706 11.868 10.207 
10.877 11.222 10.48 9.764 10.449 10.603 10.68 10.337 11.304 10.107 11.268 10.348 11.002 10.73 10.38 11.006 10.568 9.688 9.617 11.345 10.45 
9.756 10.008 10.314 9.767 9.625 9.086 9.067 10.196 9.555 9.245 10.831 9.559 9.247 11.445 9.888 10.794 8.564 8.767 10.288 9.153 8.435 
9.051 8.995 8.558 9.116 9.596 8.767 9.245 9.098 10.658 9.739 9.377 9.402 9.228 9.8 10.209 8.121 8.39 8.503 8.89 9.382 7.881 
9.012 8.513 7.96 10.128 8.424 8.257 7.618 9.012 9.063 9.047 8.76 9.045 8.727 8.702 8.348 9.048 9.177 8.023 9.162 8.913 8.982 
9.18 8.581 8.572 8.671 7.936 8.416 8.893 8.857 9.149 8.446 10.435 10.876 10.414 10.029 10.228 10.081 9.79 8.96 8.904 9.801 10.628 
8.815 8.534 8.44 9.124 9.389 9.617 8.636 10.044 9.465 8.603 8.917 8.683 9.715 9.445 9.475 9.589 10.129 11.337 10.933 10.61 11.386 
10.732 10.248 11.738 10.994 10.762 10.867 11.596 11.007 10.048 9.806 9.984 11.858 10.481 10.219 9.463 10.845 9.307 9.428 10.548 11.502 11.72 
10.132 10.393 8.887 8.319 9.707 10.952 10.797 10.028 9.998 9.64 10.619 11.734 9.743 10.775 11.162 10.329 10.456 9.743 10.525 10.624 9.817 
10.67 9.99 9.97 9.417 8.849 8.342 8.377 7.815 7.896 8.694 9.249 9.925 8.492 10.863 10.118 9.343 9.391 10.448 10.347 8.998 9.355 
9.082 9.973 9.308 9.582 8.73 9.597 9.381 7.69 7.877 7.489 7.588 6.88 7.382 8.671 8.825 9.927 8.526 8.153 8.135 7.831 7.063 
7.536 8.661 8.797 7.793 8.235 8.765 7.627 7.013 7.246 7.522 7.018 6.785 8.05 7.364 7.145 7.763 8.293 8.075 8.035 8.365 7.897 
7.567 6.502 6.187 6.836 6.392 6.644 6.922 7.045 8.676 8.829 8.865 8.631 9.786 10.971 9.636 9.714 9.704 9.316 8.454 8.909 9.557 
10.147 9.636 9.001 9.296 11.834 9.395 8.49 8.061 8.055 8.785 9.202 9.167 10.073 10.592 9.317 8.052 8.352 8.898 7.596 9.739 7.884 
9.024 9.599 8.954 7.108 7.969 7.24 6.839 7.318 6.864 6.946 8.568 8.155 7.425 6.718 6.974 6.675 7.039 8.306 8.421 9.216 8.708 
9.274 9.219 7.711 7.798 7.553 7.882 8.002 8.099 9.699 10.078 10.054 9.384 9.704 8.829 10.374 10.267 11.525 10.393 9.501 9.006 9.188 
8.528 7.006 6.343 6.071 6.762 6.453 6.37 5.62 5.364 5.783 6.342 5.605 6.28 7.025 7.351 8.446 8.858 9.643 10.584 9.848 11.074 
11.009 10.599 11.442 11.821 11.142 10.358 10.726 10.491 10.172 10.407 10.105 11.702 11.149 10.665 10.142 11.047 11.851 10.334 10.085 10.109 11.282 
10.118 9.956 10.282 9.591 9.689 9.611 10.565 9.697 11.698 10.284 9.754 10.02 9.905 11.0 10.51 10.005 9.167 9.673 9.429 9.987 9.134 
8.014 7.297 6.857 7.698 6.629 7.015 7.062 6.951 7.684 7.224 6.964 6.959 7.343 6.83 7.409 8.919 9.468 9.641 8.611 8.402 7.997 
8.136 7.428 7.658 8.058 7.385 9.021 9.23 10.399 9.289 9.046 8.308 8.097 7.986 7.977 9.266 7.878 7.87 8.064 7.717 9.516 9.438 
10.016 10.684 9.764 11.475 9.929 9.97 10.697 10.191 10.724 10.861 10.234 9.618 8.933 9.037 9.644 10.144 9.77 9.642 10.006 9.195 8.907 
7.28 7.445 7.438 8.014 8.805 7.644 8.72 7.856 7.712 8.164 7.519 7.871 7.459 6.84 8.462 8.543 8.387 8.773 9.609 9.814 9.503 
9.846 10.158 11.294 11.124 11.306 10.627 11.411 11.487 10.924 11.455 10.968 11.256 11.738 11.364 12.443 10.764 11.713 10.761 10.299 11.302 10.97 
10.717 11.003 10.596 11.265 12.039 12.008 11.935 12.164 12.548 11.416 13.051 11.574 11.997 11.815 11.677 12.02 11.123 10.835 11.199 10.071 10.266 
9.618 9.227 9.18 9.76 9.52 10.486 11.511 10.303 10.515 12.417 12.201 10.913 10.736 10.144 10.532 10.12 9.841 9.735 8.963 10.392 10.296 
10.151 9.807 9.869 9.249 8.713 9.297 9.248 9.679 9.341 9.516 8.631 9.458 10.243 9.539 9.214 9.825 9.749 9.647 9.341 8.708 9.135 
9.701 9.5 9.916 8.621 8.42 8.558 8.028 8.39 
END



