PFRMAT QA
TARGET C1903x2
MODEL 2
QMODE 2
C1903x2TS215_1 0.627 1.34 1.30 1.21 1.14 1.11 1.15 1.15 1.17 1.22 1.34 1.42 1.46 1.51 1.48 1.44 1.41 1.35 1.28 1.25 1.27
1.27 1.27 1.32 1.43 1.48 1.45 1.44 1.54 1.60 1.78 2.02 2.36 2.63 2.73 2.81 2.78 2.57 2.31 2.11 1.96
1.84 1.78 1.75 1.74 1.69 1.66 1.65 1.60 1.58 1.64 1.59 1.59 1.48 1.53 1.59 1.64 1.68 1.74 1.69 1.73
1.70 1.72 1.77 1.88 1.93 2.02 2.04 2.07 2.06 1.96 1.80 1.69 1.56 1.49 1.49 1.56 1.81 2.08 2.25 2.40
2.43 2.33 2.15 1.84 1.62 1.45 1.36 1.33 1.36 1.52 1.72 1.88 1.95 2.01 2.07 2.05 2.01 1.98 2.01 2.07
2.19 2.38 2.42 2.35 2.28 2.11 1.95 1.79 1.75 1.81 1.82 1.77 1.80 1.79 1.74 1.66 1.56 1.47 1.41 1.38
1.43 1.48 1.53 1.56 1.56 1.60 1.64 1.69 1.79 1.89 1.94 1.92 1.84 1.84 1.85 1.88 1.97 2.07 2.11 2.01
1.87 1.69 1.55 1.42 1.34 1.28 1.35 1.44 1.52 1.60 1.72 1.75 1.75 1.62 1.55 1.44 1.28 1.15 1.11 1.00
0.99 1.04 1.10 1.13 1.17 1.20 1.21 1.16 1.10 1.16 1.29 1.48 1.54 1.55 1.48 1.39 1.24 1.09 1.04 1.14
1.24 1.32 1.34 1.45 1.46 1.51 1.51 1.55 1.63 1.70 1.74 1.89 1.96 2.07 2.14 2.19 2.23 2.24 2.23 2.16
2.04 1.95 1.85 1.71 1.64 1.59 1.58 1.60 1.65 1.71 1.84 1.93 2.08 2.18 2.17 2.15 2.12 1.97 1.88 1.68
1.57 1.52 1.39 1.38 1.49 1.58 1.65 1.67 1.71 1.91 2.13 2.42 2.88 3.20 3.24 3.11 2.65 2.21 1.89 1.58
1.50 1.54 1.52 1.52 1.48 1.39 1.35 1.29 1.34 1.52 1.66 1.70 1.70 1.75 1.80 1.85 1.96 2.10 2.19 2.24
2.16 2.06 1.95 1.79 1.66 1.62 1.60 1.71 1.79 1.85 1.93 1.98 1.96 1.88 1.78 1.66 1.49 1.33 1.20 1.14
1.19 1.21 1.29 1.38 1.42 1.50 1.64 1.74 1.83 1.91
C1903x2TS215_4 0.621 1.92 1.90 1.87 1.87 1.86 1.88 1.84 1.84 1.89 2.03 2.21 2.41 2.54 2.59 2.52 2.39 2.22 2.11 2.04 2.00
1.96 1.94 1.88 1.88 1.82 1.74 1.66 1.68 1.71 1.83 1.87 1.99 2.08 2.07 2.00 1.94 1.83 1.79 1.75 1.75
1.72 1.68 1.62 1.54 1.36 1.20 1.11 1.06 1.01 0.95 0.94 1.11 1.14 1.23 1.55 1.93 2.17 2.33 2.39 2.47
2.32 2.05 1.90 1.91 1.80 1.72 1.67 1.72 1.72 1.68 1.61 1.63 1.59 1.53 1.55 1.64 1.82 1.98 2.08 2.26
2.40 2.50 2.58 2.56 2.53 2.39 2.26 2.15 2.10 2.19 2.39 2.62 2.72 2.69 2.71 2.68 2.63 2.65 2.68 2.75
2.73 2.75 2.66 2.49 2.38 2.35 2.29 2.29 2.35 2.50 2.57 2.62 2.71 2.70 2.53 2.28 2.03 1.78 1.51 1.38
1.40 1.43 1.46 1.47 1.43 1.39 1.32 1.32 1.41 1.51 1.55 1.51 1.39 1.35 1.35 1.33 1.47 1.60 1.66 1.62
1.48 1.36 1.34 1.30 1.35 1.39 1.50 1.66 1.77 1.89 2.03 2.09 2.09 1.97 1.87 1.77 1.64 1.55 1.53 1.47
1.49 1.54 1.56 1.54 1.52 1.47 1.41 1.31 1.26 1.31 1.42 1.59 1.65 1.63 1.57 1.45 1.29 1.11 1.02 1.19
1.33 1.44 1.51 1.64 1.69 1.69 1.65 1.71 1.76 1.78 1.80 2.03 2.24 2.40 2.45 2.48 2.46 2.43 2.37 2.41
2.36 2.29 2.20 2.06 1.96 1.91 1.94 1.98 2.01 1.99 2.08 2.10 2.18 2.18 2.06 1.96 1.88 1.71 1.59 1.41
1.38 1.47 1.43 1.41 1.44 1.42 1.40 1.29 1.27 1.42 1.61 1.79 1.96 2.10 2.14 2.09 1.87 1.57 1.41 1.28
1.35 1.47 1.50 1.57 1.48 1.37 1.31 1.25 1.37 1.51 1.57 1.57 1.47 1.42 1.34 1.27 1.31 1.36 1.43 1.53
1.64 1.71 1.69 1.57 1.47 1.34 1.25 1.25 1.27 1.30 1.36 1.42 1.42 1.47 1.55 1.62 1.66 1.69 1.62 1.54
1.39 1.27 1.16 0.95 0.80 0.83 0.92 0.98 1.07 1.22
C1903x2TS215_3 0.620 2.24 2.19 2.16 2.17 2.15 2.14 2.11 2.07 2.03 2.03 2.03 2.06 2.08 2.02 1.92 1.82 1.73 1.60 1.56 1.57
1.60 1.65 1.70 1.82 1.88 1.82 1.83 1.91 1.95 2.01 2.08 2.25 2.44 2.64 2.92 3.12 3.14 3.09 2.99 2.77
2.45 2.16 1.93 1.73 1.47 1.32 1.35 1.40 1.46 1.48 1.44 1.52 1.48 1.50 1.62 1.76 1.92 2.06 2.21 2.47
2.55 2.54 2.53 2.51 2.37 2.25 2.27 2.34 2.37 2.28 2.15 2.04 1.87 1.74 1.80 1.91 2.18 2.46 2.62 2.78
2.88 2.92 2.93 2.77 2.58 2.35 2.05 1.82 1.62 1.62 1.79 1.96 2.02 2.01 1.98 1.87 1.68 1.54 1.50 1.50
1.45 1.47 1.51 1.45 1.46 1.56 1.74 1.99 2.14 2.22 2.21 2.06 1.95 1.76 1.60 1.51 1.41 1.33 1.32 1.40
1.62 1.79 1.93 1.99 1.96 1.92 1.85 1.79 1.78 1.80 1.80 1.79 1.72 1.72 1.73 1.72 1.72 1.75 1.74 1.71
1.58 1.49 1.47 1.39 1.34 1.29 1.34 1.49 1.59 1.70 1.83 1.86 1.95 2.05 2.24 2.39 2.44 2.33 2.17 1.87
1.66 1.63 1.68 1.72 1.83 1.88 1.90 1.81 1.74 1.71 1.69 1.66 1.70 1.71 1.75 1.83 1.90 1.91 1.94 1.99
2.03 2.00 1.92 1.88 1.77 1.66 1.56 1.55 1.53 1.53 1.51 1.58 1.66 1.74 1.79 1.83 1.90 1.93 1.95 1.90
1.84 1.83 1.73 1.65 1.61 1.59 1.62 1.67 1.69 1.72 1.75 1.86 1.99 2.02 1.88 1.79 1.68 1.49 1.35 1.25
1.29 1.46 1.46 1.54 1.66 1.69 1.70 1.61 1.51 1.55 1.70 1.93 2.22 2.46 2.65 2.70 2.50 2.24 2.13 2.04
2.01 1.94 1.89 1.82 1.66 1.47 1.36 1.31 1.31 1.38 1.44 1.45 1.34 1.22 1.01 0.89 0.78 0.86 0.99 1.15
1.21 1.27 1.24 1.21 1.12 1.07 1.02 1.09 1.12 1.12 1.16 1.25 1.26 1.20 1.15 1.12 1.05 1.00 1.03 1.09
1.12 1.11 1.12 1.05 0.96 0.93 1.10 1.23 1.32 1.48
C1903x2TS215_2 0.616 1.83 1.79 1.73 1.67 1.64 1.72 1.73 1.80 1.83 1.91 1.95 1.92 1.90 1.80 1.68 1.64 1.60 1.59 1.67 1.77
1.89 2.01 2.08 2.12 2.10 1.99 1.92 1.89 1.85 1.87 1.93 2.01 2.07 2.14 2.26 2.32 2.31 2.29 2.23 2.25
2.21 2.22 2.22 2.21 2.13 2.04 1.89 1.82 1.78 1.71 1.59 1.57 1.47 1.46 1.48 1.55 1.62 1.60 1.59 1.62
1.59 1.67 1.82 1.98 2.06 2.12 2.22 2.33 2.40 2.42 2.37 2.22 1.97 1.76 1.60 1.49 1.52 1.62 1.66 1.83
1.98 2.12 2.23 2.25 2.20 2.10 1.97 1.88 1.75 1.66 1.58 1.55 1.46 1.41 1.47 1.48 1.52 1.60 1.66 1.73
1.65 1.64 1.62 1.52 1.52 1.62 1.74 1.93 2.01 2.09 2.10 1.95 1.79 1.69 1.54 1.41 1.34 1.35 1.43 1.51
1.67 1.88 2.02 2.07 2.09 2.11 2.07 2.16 2.33 2.50 2.54 2.41 2.13 1.84 1.52 1.29 1.22 1.24 1.34 1.48
1.54 1.59 1.64 1.63 1.61 1.49 1.45 1.48 1.49 1.52 1.61 1.63 1.67 1.62 1.60 1.57 1.54 1.52 1.56 1.57
1.62 1.70 1.73 1.72 1.72 1.65 1.56 1.46 1.38 1.36 1.40 1.47 1.53 1.48 1.39 1.26 1.15 1.01 0.99 1.08
1.27 1.41 1.53 1.63 1.66 1.70 1.70 1.73 1.82 1.88 1.92 2.03 2.09 2.11 2.06 2.06 2.17 2.22 2.25 2.31
2.32 2.26 2.08 1.92 1.85 1.75 1.71 1.72 1.73 1.71 1.68 1.69 1.78 1.83 1.80 1.85 1.92 1.92 1.91 1.89
1.96 2.07 2.02 1.97 1.94 1.87 1.79 1.74 1.70 1.74 1.83 1.95 2.14 2.26 2.35 2.36 2.25 2.09 2.01 1.96
2.01 2.07 2.08 2.02 1.95 1.91 1.89 1.84 1.86 1.92 1.94 1.90 1.88 1.94 1.96 1.96 2.05 2.21 2.26 2.29
2.25 2.14 1.94 1.68 1.46 1.38 1.31 1.36 1.41 1.49 1.62 1.80 1.89 1.93 2.01 2.03 1.98 1.92 1.86 1.91
1.92 1.89 1.82 1.70 1.58 1.54 1.54 1.58 1.64 1.77
C1903x2TS131_2 0.615 2.39 2.42 2.35 2.27 2.14 1.99 1.73 1.57 1.48 1.51 1.49 1.51 1.54 1.50 1.40 1.37 1.34 1.32 1.29 1.35
1.40 1.43 1.42 1.45 1.47 1.41 1.34 1.40 1.48 1.66 1.88 2.17 2.40 2.61 2.70 2.70 2.58 2.41 2.29 2.24
2.12 2.05 1.95 1.85 1.69 1.50 1.40 1.32 1.34 1.38 1.35 1.43 1.47 1.58 1.72 1.88 2.05 2.23 2.27 2.26
2.17 1.99 1.80 1.64 1.43 1.36 1.36 1.33 1.34 1.29 1.22 1.13 0.99 0.92 0.92 0.95 1.07 1.24 1.44 1.67
1.91 2.23 2.53 2.68 2.67 2.48 2.33 2.12 1.90 1.80 1.81 1.89 1.87 1.80 1.86 1.92 2.01 2.08 2.13 2.24
2.27 2.29 2.29 2.25 2.26 2.24 2.16 2.08 1.99 1.92 1.83 1.75 1.73 1.67 1.60 1.53 1.44 1.35 1.29 1.30
1.34 1.34 1.37 1.33 1.20 1.14 1.11 1.12 1.18 1.24 1.29 1.26 1.11 1.07 1.13 1.12 1.23 1.30 1.36 1.40
1.38 1.37 1.44 1.45 1.49 1.43 1.43 1.48 1.50 1.61 1.75 1.85 1.99 2.07 2.17 2.21 2.12 2.04 1.92 1.72
1.59 1.56 1.53 1.47 1.43 1.34 1.25 1.13 1.01 0.99 1.00 1.09 1.28 1.39 1.47 1.47 1.38 1.21 1.01 0.91
0.96 1.07 1.16 1.23 1.21 1.20 1.14 1.16 1.26 1.36 1.47 1.69 1.88 2.04 2.08 2.17 2.27 2.28 2.19 2.21
2.29 2.33 2.22 2.16 2.19 2.20 2.12 2.08 2.00 1.88 1.70 1.52 1.47 1.47 1.46 1.60 1.77 1.84 1.87 1.84
1.81 1.76 1.61 1.58 1.67 1.76 1.87 1.98 2.06 2.18 2.28 2.37 2.50 2.59 2.60 2.57 2.38 2.19 2.11 2.20
2.45 2.75 3.01 3.19 3.04 2.80 2.47 2.31 2.26 2.33 2.46 2.54 2.42 2.33 2.11 1.99 1.95 2.03 2.23 2.46
2.57 2.62 2.51 2.34 2.20 2.14 2.18 2.28 2.33 2.31 2.30 2.25 2.19 2.09 2.12 2.25 2.48 2.71 2.86 2.94
2.96 2.77 2.48 2.21 2.01 1.91 1.92 1.93 1.98 2.11
C1903x2TS215_5 0.607 2.38 2.25 2.11 2.00 1.85 1.68 1.61 1.63 1.67 1.77 1.87 2.02 2.16 2.19 2.19 2.18 2.10 2.02 1.92 1.83
1.75 1.68 1.65 1.65 1.59 1.57 1.56 1.64 1.72 1.89 2.13 2.40 2.65 2.88 3.08 3.17 3.11 3.07 3.04 2.93
2.74 2.55 2.36 2.16 1.95 1.84 1.84 1.83 1.84 1.87 1.79 1.80 1.71 1.74 1.81 1.87 1.91 1.98 1.99 2.02
1.96 1.86 1.75 1.67 1.58 1.58 1.64 1.73 1.89 1.95 1.93 1.92 1.89 1.89 1.94 1.98 2.10 2.19 2.18 2.24
2.24 2.26 2.33 2.33 2.25 2.11 1.97 1.88 1.79 1.78 1.87 1.96 1.97 2.04 2.13 2.11 2.04 1.98 1.85 1.71
1.49 1.40 1.44 1.38 1.46 1.67 1.86 2.01 2.03 1.93 1.84 1.67 1.65 1.62 1.61 1.59 1.57 1.51 1.48 1.50
1.63 1.69 1.77 1.79 1.76 1.74 1.75 1.90 2.07 2.19 2.27 2.24 2.11 1.97 1.80 1.73 1.80 1.82 1.81 1.76
1.66 1.61 1.61 1.64 1.80 1.88 2.00 2.15 2.30 2.46 2.62 2.70 2.78 2.58 2.34 2.03 1.76 1.52 1.39 1.27
1.34 1.43 1.52 1.60 1.68 1.71 1.68 1.62 1.56 1.58 1.64 1.83 1.96 2.00 2.00 1.95 1.85 1.68 1.54 1.57
1.62 1.67 1.72 1.82 1.89 1.92 1.92 1.98 2.05 2.09 2.07 2.11 2.19 2.23 2.20 2.23 2.32 2.43 2.49 2.55
2.57 2.58 2.52 2.39 2.31 2.29 2.26 2.21 2.12 2.01 2.00 1.94 1.94 1.99 2.06 2.14 2.22 2.20 2.17 2.07
2.01 1.96 1.87 1.86 1.89 1.83 1.77 1.76 1.78 1.96 2.21 2.42 2.63 2.68 2.52 2.29 1.85 1.48 1.30 1.19
1.30 1.56 1.75 1.83 1.82 1.72 1.54 1.34 1.25 1.37 1.45 1.42 1.43 1.48 1.50 1.53 1.54 1.58 1.55 1.51
1.47 1.42 1.34 1.26 1.19 1.18 1.16 1.24 1.37 1.52 1.70 1.92 2.11 2.22 2.23 2.26 2.28 2.26 2.18 2.14
2.07 1.86 1.56 1.27 1.19 1.25 1.41 1.58 1.76 1.97
C1903x2TS131_3 0.605 2.73 2.77 2.79 2.84 2.89 2.84 2.69 2.53 2.40 2.29 2.20 2.17 2.18 2.08 1.98 1.94 1.83 1.71 1.64 1.61
1.60 1.56 1.52 1.51 1.43 1.32 1.29 1.33 1.36 1.49 1.71 1.90 2.09 2.33 2.62 3.03 3.37 3.37 3.22 2.91
2.50 2.10 1.73 1.50 1.37 1.19 1.06 0.97 0.97 1.01 1.00 1.11 1.10 1.18 1.27 1.36 1.52 1.68 1.84 1.98
2.05 2.11 2.09 2.08 2.00 1.98 1.97 1.89 1.81 1.70 1.52 1.40 1.28 1.24 1.22 1.17 1.23 1.31 1.35 1.49
1.64 1.85 2.03 2.08 2.07 1.96 1.85 1.77 1.66 1.65 1.70 1.82 1.88 1.89 1.94 1.97 2.07 2.19 2.32 2.47
2.46 2.39 2.29 2.16 2.12 2.16 2.26 2.43 2.44 2.34 2.20 2.03 1.90 1.80 1.70 1.67 1.60 1.49 1.40 1.34
1.31 1.31 1.35 1.37 1.30 1.27 1.26 1.34 1.48 1.54 1.58 1.54 1.37 1.26 1.24 1.21 1.32 1.38 1.44 1.44
1.38 1.34 1.44 1.46 1.54 1.57 1.68 1.79 1.90 2.07 2.27 2.35 2.34 2.22 2.10 1.96 1.84 1.78 1.75 1.69
1.60 1.54 1.46 1.40 1.38 1.35 1.34 1.33 1.30 1.31 1.32 1.42 1.52 1.51 1.54 1.55 1.47 1.30 1.12 1.06
1.09 1.09 1.10 1.17 1.14 1.14 1.14 1.18 1.28 1.38 1.49 1.63 1.74 1.87 1.97 2.04 2.13 2.17 2.20 2.21
2.25 2.23 2.15 2.07 1.98 1.86 1.74 1.68 1.62 1.48 1.34 1.23 1.14 1.10 1.03 1.09 1.24 1.34 1.41 1.41
1.45 1.55 1.52 1.50 1.58 1.63 1.67 1.70 1.75 1.89 2.07 2.25 2.50 2.72 2.84 2.92 2.74 2.58 2.52 2.47
2.63 2.88 3.14 3.28 3.11 2.93 2.72 2.58 2.58 2.74 3.01 3.15 3.08 2.99 2.71 2.60 2.60 2.75 2.90 3.01
2.95 2.89 2.69 2.46 2.33 2.30 2.28 2.34 2.35 2.39 2.48 2.60 2.69 2.72 2.76 2.80 2.75 2.72 2.69 2.77
2.93 3.04 3.09 2.95 2.72 2.54 2.41 2.31 2.30 2.39
C1903x2TS131_4 0.599 2.18 2.21 2.30 2.37 2.43 2.42 2.30 2.22 2.19 2.18 2.19 2.20 2.20 2.06 1.90 1.77 1.65 1.54 1.44 1.39
1.38 1.30 1.29 1.29 1.30 1.30 1.39 1.58 1.77 2.05 2.33 2.53 2.68 2.87 3.06 3.27 3.26 3.19 3.10 2.89
2.59 2.40 2.18 2.03 1.82 1.62 1.50 1.37 1.30 1.28 1.23 1.27 1.23 1.28 1.39 1.54 1.70 1.85 1.97 2.11
2.14 2.07 1.99 1.90 1.77 1.70 1.67 1.64 1.63 1.54 1.41 1.28 1.14 1.12 1.16 1.16 1.28 1.44 1.57 1.75
1.91 2.13 2.32 2.35 2.30 2.18 2.12 2.09 2.04 2.06 2.11 2.19 2.17 2.03 1.98 1.92 1.91 1.95 1.98 2.08
2.14 2.19 2.27 2.31 2.43 2.49 2.55 2.55 2.40 2.18 1.97 1.80 1.74 1.68 1.68 1.68 1.63 1.52 1.40 1.34
1.31 1.31 1.36 1.37 1.28 1.26 1.27 1.33 1.50 1.61 1.73 1.75 1.59 1.50 1.45 1.35 1.41 1.44 1.50 1.52
1.47 1.46 1.56 1.60 1.69 1.73 1.81 1.90 1.95 2.04 2.18 2.29 2.34 2.29 2.25 2.12 1.99 1.84 1.75 1.67
1.62 1.57 1.53 1.47 1.50 1.45 1.41 1.35 1.32 1.30 1.30 1.38 1.56 1.63 1.68 1.69 1.62 1.45 1.25 1.16
1.20 1.24 1.28 1.36 1.33 1.31 1.28 1.34 1.44 1.58 1.75 1.99 2.14 2.23 2.28 2.30 2.34 2.37 2.45 2.57
2.69 2.74 2.70 2.52 2.35 2.16 2.01 1.90 1.81 1.72 1.63 1.52 1.45 1.42 1.30 1.31 1.39 1.39 1.37 1.32
1.35 1.48 1.48 1.50 1.63 1.72 1.78 1.83 1.88 2.04 2.25 2.45 2.73 2.90 2.90 2.83 2.59 2.39 2.34 2.43
2.68 2.99 3.22 3.26 3.04 2.79 2.53 2.44 2.44 2.60 2.92 3.11 3.06 3.02 2.78 2.66 2.62 2.65 2.80 2.91
2.90 2.89 2.73 2.51 2.39 2.36 2.38 2.48 2.53 2.57 2.61 2.71 2.80 2.84 2.85 2.84 2.75 2.70 2.64 2.70
2.91 3.07 3.16 3.00 2.74 2.45 2.21 1.98 1.85 1.82
C1903x2TS131_1 0.597 2.50 2.52 2.48 2.44 2.38 2.31 2.13 2.02 1.93 1.99 2.00 2.01 2.04 1.97 1.83 1.71 1.58 1.51 1.49 1.50
1.52 1.49 1.44 1.40 1.36 1.26 1.23 1.30 1.37 1.56 1.75 1.97 2.25 2.62 3.02 3.49 3.76 3.69 3.39 3.06
2.73 2.53 2.34 2.26 2.18 2.04 1.89 1.75 1.67 1.62 1.52 1.45 1.34 1.34 1.49 1.71 1.97 2.21 2.37 2.45
2.34 2.07 1.81 1.62 1.43 1.37 1.39 1.46 1.53 1.51 1.45 1.39 1.32 1.30 1.32 1.32 1.43 1.58 1.68 1.82
2.01 2.18 2.33 2.31 2.24 2.11 1.99 1.91 1.85 1.85 1.92 2.02 2.03 1.96 1.94 1.93 1.91 1.93 1.92 1.99
2.04 2.13 2.22 2.26 2.33 2.38 2.33 2.22 2.09 2.00 1.91 1.81 1.82 1.85 1.86 1.82 1.72 1.61 1.53 1.49
1.47 1.45 1.50 1.49 1.39 1.33 1.32 1.34 1.45 1.48 1.54 1.52 1.39 1.35 1.35 1.26 1.36 1.39 1.43 1.43
1.38 1.37 1.46 1.48 1.55 1.63 1.75 1.87 1.94 2.05 2.21 2.31 2.32 2.29 2.26 2.14 2.03 1.90 1.81 1.72
1.63 1.55 1.47 1.36 1.35 1.28 1.23 1.17 1.14 1.12 1.11 1.21 1.36 1.42 1.47 1.48 1.38 1.20 0.97 0.89
0.90 0.93 0.99 1.11 1.12 1.15 1.16 1.25 1.42 1.55 1.69 1.93 2.14 2.25 2.30 2.29 2.29 2.27 2.27 2.35
2.49 2.51 2.45 2.33 2.18 2.01 1.86 1.79 1.72 1.60 1.51 1.43 1.41 1.36 1.27 1.29 1.32 1.32 1.37 1.34
1.35 1.42 1.37 1.37 1.47 1.55 1.71 1.82 1.89 2.11 2.42 2.77 3.22 3.61 3.85 3.79 3.33 2.83 2.57 2.40
2.37 2.53 2.82 3.02 3.03 2.93 2.76 2.68 2.62 2.71 2.98 3.14 3.14 3.10 2.86 2.80 2.92 3.20 3.58 3.99
4.20 4.15 3.81 3.34 3.01 2.87 2.71 2.73 2.76 2.79 2.88 2.98 3.09 3.16 3.21 3.18 3.03 2.98 2.91 2.93
3.12 3.19 3.15 2.95 2.64 2.36 2.22 2.10 2.13 2.24
C1903x2TS131_5 0.579 3.95 4.14 4.20 4.23 4.17 3.88 3.37 2.89 2.52 2.34 2.20 2.12 2.09 1.94 1.76 1.58 1.41 1.28 1.23 1.28
1.35 1.36 1.37 1.39 1.36 1.22 1.10 1.19 1.30 1.55 1.81 2.16 2.47 2.72 2.96 3.18 3.23 3.26 3.29 3.28
3.13 2.94 2.74 2.49 2.14 1.81 1.63 1.45 1.35 1.29 1.21 1.19 1.08 1.05 1.12 1.26 1.45 1.68 1.90 2.05
2.05 1.93 1.75 1.56 1.35 1.28 1.32 1.38 1.43 1.39 1.30 1.21 1.14 1.12 1.18 1.28 1.46 1.70 1.87 2.09
2.38 2.72 3.03 3.19 3.19 3.10 2.97 2.76 2.59 2.60 2.67 2.75 2.75 2.67 2.64 2.59 2.61 2.69 2.80 2.85
2.90 2.87 2.75 2.54 2.50 2.41 2.36 2.27 2.16 2.06 1.93 1.82 1.83 1.84 1.90 1.96 1.95 1.89 1.79 1.75
1.69 1.64 1.68 1.66 1.55 1.51 1.49 1.48 1.58 1.69 1.81 1.82 1.67 1.60 1.58 1.46 1.49 1.51 1.55 1.56
1.52 1.53 1.65 1.70 1.81 1.84 1.94 2.02 2.09 2.21 2.37 2.47 2.42 2.24 2.11 1.95 1.81 1.73 1.69 1.69
1.69 1.68 1.64 1.58 1.57 1.50 1.39 1.26 1.19 1.19 1.18 1.27 1.36 1.43 1.47 1.47 1.39 1.23 1.05 1.00
1.03 1.14 1.22 1.33 1.33 1.31 1.26 1.28 1.39 1.51 1.61 1.79 1.91 2.05 2.08 2.10 2.17 2.23 2.27 2.36
2.53 2.68 2.68 2.64 2.58 2.45 2.25 2.07 1.96 1.81 1.62 1.52 1.51 1.49 1.39 1.37 1.40 1.36 1.26 1.14
1.11 1.18 1.11 1.12 1.22 1.36 1.46 1.56 1.66 1.93 2.25 2.65 3.13 3.69 4.19 4.36 4.12 3.75 3.61 3.49
3.59 3.88 4.25 4.34 4.15 3.79 3.41 3.13 3.03 3.09 3.30 3.37 3.30 3.23 2.95 2.85 2.90 3.15 3.56 4.00
4.22 4.22 3.97 3.58 3.27 3.10 3.03 3.16 3.26 3.33 3.44 3.51 3.59 3.53 3.49 3.46 3.38 3.40 3.36 3.38
3.63 3.80 3.85 3.90 3.74 3.51 3.16 2.86 2.68 2.56
C1903x2TS228_3 0.573 2.99 2.89 2.72 2.48 2.14 1.79 1.42 1.17 1.00 1.04 1.16 1.34 1.57 1.68 1.72 1.76 1.78 1.75 1.70 1.71
1.78 1.83 1.95 2.17 2.37 2.48 2.59 2.70 2.71 2.66 2.65 2.70 2.82 2.88 3.05 3.29 3.41 3.32 3.23 3.18
3.18 3.12 3.04 3.09 2.99 2.79 2.56 2.37 2.26 2.16 1.98 1.88 1.70 1.61 1.56 1.52 1.58 1.60 1.64 1.71
1.77 1.75 1.79 1.80 1.70 1.58 1.50 1.48 1.54 1.44 1.36 1.35 1.24 1.13 1.10 1.10 1.21 1.33 1.41 1.58
1.73 1.82 1.98 2.05 2.07 2.04 2.06 2.10 2.13 2.14 2.24 2.39 2.40 2.39 2.46 2.54 2.66 2.74 2.86 2.88
2.70 2.58 2.44 2.20 2.13 2.13 2.19 2.24 2.24 2.25 2.22 2.07 2.09 2.05 1.98 1.90 1.87 1.84 1.82 1.84
2.01 2.13 2.24 2.23 2.16 2.12 2.09 2.17 2.41 2.75 3.06 3.23 3.12 3.01 2.89 2.69 2.57 2.50 2.42 2.26
1.98 1.79 1.78 1.70 1.69 1.68 1.73 1.75 1.77 1.90 2.08 2.21 2.28 2.29 2.26 2.11 1.91 1.81 1.72 1.67
1.70 1.86 1.92 1.97 2.02 2.07 2.06 1.96 1.94 2.04 2.05 2.20 2.42 2.53 2.61 2.61 2.53 2.37 2.15 2.11
2.18 2.15 2.11 2.08 1.94 1.78 1.57 1.50 1.57 1.62 1.65 1.72 1.74 1.74 1.66 1.64 1.70 1.76 1.85 1.90
1.94 1.94 1.88 1.81 1.75 1.67 1.60 1.50 1.40 1.29 1.19 1.09 1.08 1.05 0.93 0.85 0.85 0.84 0.81 0.79
0.91 1.11 1.17 1.28 1.52 1.72 1.90 2.09 2.27 2.56 2.83 3.12 3.58 4.06 4.58 5.16 5.49 5.68 5.74 5.32
5.09 4.82 4.53 4.10 3.61 3.19 2.87 2.68 2.60 2.67 2.91 3.01 2.93 2.76 2.46 2.34 2.40 2.66 3.08 3.64
4.12 4.24 3.85 3.20 2.71 2.36 2.12 2.13 2.17 2.22 2.36 2.54 2.72 2.79 2.86 2.96 2.85 2.78 2.74 2.81
3.05 3.30 3.46 3.60 3.59 3.64 3.63 3.56 3.55 3.66
C1903x2TS301_1 0.571 2.81 2.78 2.65 2.52 2.32 2.13 1.87 1.68 1.58 1.61 1.59 1.67 1.73 1.65 1.51 1.45 1.43 1.41 1.41 1.48
1.56 1.59 1.61 1.66 1.67 1.64 1.78 1.95 2.09 2.26 2.40 2.49 2.45 2.34 2.30 2.24 2.15 2.05 1.90 1.78
1.65 1.57 1.47 1.38 1.28 1.18 1.16 1.15 1.15 1.18 1.15 1.18 1.14 1.18 1.34 1.51 1.70 1.93 2.08 2.17
2.22 2.22 2.24 2.25 2.26 2.46 2.64 2.74 2.83 2.67 2.41 2.19 1.92 1.76 1.66 1.58 1.64 1.73 1.81 2.05
2.29 2.61 3.11 3.46 3.66 3.76 3.72 3.61 3.39 3.28 3.40 3.60 3.69 3.69 3.68 3.55 3.44 3.37 3.34 3.38
3.38 3.46 3.56 3.56 3.62 3.67 3.61 3.42 3.07 2.76 2.41 2.10 1.93 1.76 1.64 1.54 1.46 1.42 1.40 1.48
1.62 1.74 1.89 1.98 2.06 2.22 2.39 2.55 2.78 2.90 2.94 2.75 2.44 2.23 2.03 1.82 1.83 1.79 1.77 1.69
1.53 1.37 1.28 1.15 1.21 1.24 1.34 1.43 1.51 1.65 1.80 1.87 1.95 1.98 2.06 2.00 1.96 1.92 1.90 1.79
1.70 1.68 1.73 1.70 1.71 1.73 1.73 1.69 1.71 1.83 1.97 2.18 2.32 2.42 2.43 2.35 2.23 2.06 1.87 1.84
1.84 1.81 1.78 1.80 1.74 1.70 1.64 1.64 1.69 1.78 1.85 1.98 2.09 2.23 2.36 2.54 2.82 3.11 3.50 3.75
3.91 3.88 3.57 3.18 2.82 2.52 2.34 2.21 2.15 2.11 2.14 2.13 2.12 2.12 2.01 1.94 1.84 1.74 1.67 1.60
1.76 2.07 2.24 2.40 2.55 2.56 2.43 2.22 2.15 2.24 2.42 2.65 2.96 3.16 3.18 3.11 2.91 2.75 2.79 2.97
3.26 3.66 3.94 3.93 3.56 3.15 2.77 2.52 2.37 2.36 2.48 2.51 2.41 2.33 2.15 2.09 2.19 2.44 2.78 3.18
3.46 3.60 3.47 3.15 2.89 2.77 2.69 2.76 2.81 2.82 2.85 2.86 2.83 2.88 2.93 3.03 3.10 3.12 X X
X X X X X X X X X X
C1903x2TS044_1 0.571 2.81 2.78 2.65 2.52 2.32 2.13 1.87 1.68 1.58 1.61 1.59 1.67 1.73 1.65 1.51 1.45 1.43 1.41 1.41 1.48
1.56 1.59 1.61 1.66 1.67 1.64 1.78 1.95 2.09 2.26 2.40 2.49 2.45 2.34 2.30 2.24 2.15 2.05 1.90 1.78
1.65 1.57 1.47 1.38 1.28 1.18 1.16 1.15 1.15 1.18 1.15 1.18 1.14 1.18 1.34 1.51 1.70 1.93 2.08 2.17
2.22 2.22 2.24 2.25 2.26 2.46 2.64 2.74 2.83 2.67 2.41 2.19 1.92 1.76 1.66 1.58 1.64 1.73 1.81 2.05
2.29 2.61 3.11 3.46 3.66 3.76 3.72 3.61 3.39 3.28 3.40 3.60 3.69 3.69 3.68 3.55 3.44 3.37 3.34 3.38
3.38 3.46 3.56 3.56 3.62 3.67 3.61 3.42 3.07 2.76 2.41 2.10 1.93 1.76 1.64 1.54 1.46 1.42 1.40 1.48
1.62 1.74 1.89 1.98 2.06 2.22 2.39 2.55 2.78 2.90 2.94 2.75 2.44 2.23 2.03 1.82 1.83 1.79 1.77 1.69
1.53 1.37 1.28 1.15 1.21 1.24 1.34 1.43 1.51 1.65 1.80 1.87 1.95 1.98 2.06 2.00 1.96 1.92 1.90 1.79
1.70 1.68 1.73 1.70 1.71 1.73 1.73 1.69 1.71 1.83 1.97 2.18 2.32 2.42 2.43 2.35 2.23 2.06 1.87 1.84
1.84 1.81 1.78 1.80 1.74 1.70 1.64 1.64 1.69 1.78 1.85 1.98 2.09 2.23 2.36 2.54 2.82 3.11 3.50 3.75
3.91 3.88 3.57 3.18 2.82 2.52 2.34 2.21 2.15 2.11 2.14 2.13 2.12 2.12 2.01 1.94 1.84 1.74 1.67 1.60
1.76 2.07 2.24 2.40 2.55 2.56 2.43 2.22 2.15 2.24 2.42 2.65 2.96 3.16 3.18 3.11 2.91 2.75 2.79 2.97
3.26 3.66 3.94 3.93 3.56 3.15 2.77 2.52 2.37 2.36 2.48 2.51 2.41 2.33 2.15 2.09 2.19 2.44 2.78 3.18
3.46 3.60 3.47 3.15 2.89 2.77 2.69 2.76 2.81 2.82 2.85 2.86 2.83 2.88 2.93 3.03 3.10 3.12 X X
X X X X X X X X X X
C1903x2TS389_2 0.559 2.10 2.14 2.12 2.13 2.15 2.12 2.03 1.99 2.06 2.16 2.20 2.23 2.26 2.16 1.99 1.88 1.79 1.72 1.73 1.76
1.76 1.77 1.81 1.92 1.99 2.03 2.14 2.28 2.35 2.49 2.76 3.08 3.43 3.75 4.18 4.61 4.84 4.73 4.60 4.21
3.66 3.10 2.62 2.31 2.02 1.82 1.71 1.66 1.68 1.69 1.63 1.69 1.62 1.61 1.63 1.73 1.95 2.11 2.26 2.47
2.56 2.50 2.39 2.28 2.07 1.88 1.77 1.63 1.59 1.49 1.43 1.42 1.33 1.26 1.27 1.28 1.41 1.60 1.78 2.08
2.34 2.57 2.83 3.02 3.14 3.11 3.10 3.06 2.96 2.86 2.82 2.83 2.73 2.63 2.67 2.66 2.67 2.67 2.72 2.75
2.63 2.60 2.61 2.57 2.62 2.60 2.66 2.69 2.59 2.43 2.30 2.18 2.18 2.16 2.12 2.08 2.00 1.86 1.79 1.83
1.95 2.07 2.16 2.21 2.23 2.29 2.37 2.61 3.02 3.33 3.52 3.51 3.24 3.08 2.89 2.81 3.00 3.10 3.11 3.06
2.83 2.56 2.33 2.05 1.94 1.83 1.78 1.82 1.89 2.06 2.24 2.26 2.24 2.15 2.11 2.03 1.95 1.94 1.99 1.98
2.00 2.03 2.06 2.10 2.16 2.17 2.17 2.17 2.24 2.35 2.44 2.65 2.76 2.72 2.59 2.40 2.20 1.95 1.74 1.71
1.66 1.59 1.53 1.51 1.44 1.39 1.38 1.51 1.64 1.73 1.81 1.91 2.00 2.09 2.21 2.50 2.89 3.15 3.34 3.41
3.28 2.98 2.66 2.44 2.26 2.02 1.85 1.79 1.74 1.61 1.55 1.51 1.52 1.53 1.45 1.51 1.64 1.69 1.70 1.65
1.71 1.87 1.82 1.91 2.14 2.32 2.42 2.52 2.59 2.77 2.86 2.99 3.26 3.48 3.67 3.85 3.70 3.53 3.49 3.37
3.44 3.64 3.89 3.95 3.71 3.38 3.06 2.76 2.63 2.69 2.90 2.98 2.88 2.71 2.42 2.29 2.27 2.44 2.69 3.06
3.29 3.23 2.97 2.64 2.35 2.23 2.14 2.25 2.32 2.38 2.47 2.53 2.58 2.63 2.69 2.72 2.64 2.63 2.64 2.72
2.91 3.00 3.11 3.08 2.92 2.81 2.84 2.88 2.98 3.09
C1903x2TS389_1 0.553 2.51 2.53 2.45 2.34 2.20 2.04 1.90 1.82 1.78 1.86 1.96 2.06 2.15 2.09 2.01 1.98 1.91 1.82 1.77 1.78
1.79 1.76 1.79 1.88 1.94 1.93 2.02 2.17 2.30 2.56 2.85 3.20 3.46 3.46 3.48 3.39 3.11 2.76 2.45 2.21
2.03 1.91 1.86 1.90 1.93 1.89 1.84 1.77 1.79 1.83 1.76 1.82 1.82 1.86 1.93 2.03 2.24 2.44 2.62 2.93
3.11 3.05 2.90 2.71 2.42 2.14 1.91 1.75 1.71 1.57 1.41 1.33 1.24 1.19 1.14 1.03 1.14 1.30 1.40 1.65
1.90 2.12 2.27 2.32 2.33 2.30 2.28 2.33 2.40 2.53 2.67 2.83 2.84 2.84 2.85 2.83 2.84 2.94 3.15 3.33
3.35 3.37 3.26 3.05 2.93 2.82 2.81 2.83 2.74 2.60 2.40 2.27 2.21 2.12 2.06 2.08 2.06 2.00 2.01 2.11
2.23 2.33 2.42 2.42 2.35 2.27 2.28 2.43 2.75 3.03 3.26 3.30 3.03 2.72 2.44 2.21 2.23 2.22 2.23 2.30
2.25 2.13 2.09 1.96 1.93 1.86 1.85 1.91 1.95 2.01 2.15 2.13 2.18 2.24 2.39 2.46 2.43 2.38 2.35 2.20
2.13 2.12 2.19 2.24 2.29 2.32 2.28 2.22 2.23 2.26 2.37 2.56 2.67 2.66 2.50 2.32 2.09 1.79 1.61 1.66
1.73 1.74 1.76 1.83 1.80 1.75 1.74 1.82 1.93 2.01 2.08 2.20 2.29 2.39 2.50 2.66 2.88 3.12 3.41 3.61
3.70 3.60 3.37 3.11 2.77 2.42 2.22 2.09 1.97 1.83 1.75 1.66 1.59 1.51 1.37 1.29 1.23 1.14 1.10 0.98
0.90 1.05 1.05 1.13 1.36 1.58 1.88 2.19 2.52 2.98 3.47 3.91 4.42 4.83 5.11 5.38 5.12 4.92 4.66 4.31
4.05 3.98 3.93 3.88 3.62 3.49 3.23 3.05 2.91 2.96 3.12 3.17 3.03 2.84 2.50 2.33 2.29 2.46 2.77 3.17
3.52 3.66 3.47 3.09 2.78 2.60 2.50 2.53 2.55 2.53 2.55 2.59 2.68 2.73 2.92 3.29 3.52 3.69 3.82 4.08
4.44 4.49 4.41 4.30 4.03 3.97 3.87 3.84 3.95 4.15
C1903x2TS228_5 0.553 2.15 2.11 2.01 1.91 1.75 1.56 1.36 1.27 1.22 1.29 1.36 1.51 1.61 1.60 1.56 1.60 1.62 1.63 1.65 1.72
1.75 1.74 1.78 1.91 1.99 2.06 2.23 2.49 2.72 2.90 3.05 3.29 3.32 3.21 3.14 3.23 3.18 2.98 2.75 2.57
2.33 2.13 1.88 1.81 1.71 1.63 1.60 1.54 1.57 1.68 1.65 1.72 1.70 1.74 1.81 1.85 2.04 2.22 2.41 2.68
2.88 2.90 2.93 2.94 2.86 2.67 2.49 2.35 2.27 2.03 1.80 1.70 1.53 1.37 1.26 1.16 1.23 1.35 1.41 1.57
1.72 1.90 2.06 2.10 2.15 2.14 2.13 2.12 2.12 2.21 2.31 2.36 2.37 2.37 2.50 2.55 2.52 2.59 2.73 2.85
2.90 2.95 3.02 2.94 2.76 2.62 2.59 2.62 2.58 2.49 2.37 2.26 2.18 2.14 2.13 2.13 2.06 1.98 1.96 1.99
2.05 2.10 2.19 2.17 2.07 2.03 2.02 2.08 2.24 2.43 2.63 2.66 2.57 2.60 2.60 2.50 2.51 2.50 2.43 2.24
1.98 1.81 1.80 1.72 1.78 1.84 1.94 2.04 2.15 2.34 2.68 2.81 2.93 2.98 3.15 3.13 2.98 2.84 2.84 2.69
2.57 2.52 2.52 2.52 2.49 2.35 2.21 2.06 1.95 1.95 1.91 2.08 2.30 2.38 2.44 2.52 2.46 2.29 2.08 2.08
2.15 2.15 2.09 2.11 2.02 1.94 1.86 1.86 1.95 2.08 2.10 2.14 2.17 2.17 2.17 2.12 2.19 2.22 2.17 2.11
2.07 1.93 1.85 1.75 1.73 1.67 1.65 1.68 1.72 1.67 1.69 1.75 1.91 1.97 1.96 2.03 2.14 2.07 1.96 1.77
1.75 1.79 1.74 1.79 2.04 2.26 2.50 2.73 2.92 3.30 3.69 4.04 4.58 5.18 5.60 5.99 5.58 5.28 4.98 4.54
4.32 4.34 4.27 4.11 3.77 3.52 3.22 3.05 2.97 3.03 3.26 3.38 3.39 3.47 3.41 3.48 3.67 3.97 4.40 4.64
4.48 4.16 3.78 3.28 2.91 2.78 2.75 2.91 3.02 3.13 3.31 3.44 3.41 3.31 3.19 3.07 2.87 2.85 2.85 2.95
3.17 3.41 3.73 3.93 3.97 4.10 4.07 3.92 3.82 3.76
C1903x2TS389_4 0.547 2.63 2.69 2.63 2.59 2.50 2.40 2.21 2.05 1.96 1.96 1.95 1.98 2.02 1.94 1.87 1.84 1.79 1.70 1.62 1.62
1.62 1.60 1.65 1.81 1.91 1.95 2.03 2.25 2.53 2.92 3.29 3.73 4.11 4.16 4.04 3.82 3.50 3.10 2.70 2.35
2.10 2.00 1.92 1.92 1.90 1.83 1.76 1.69 1.70 1.76 1.72 1.81 1.79 1.84 1.93 2.06 2.34 2.62 2.96 3.38
3.63 3.53 3.31 3.04 2.68 2.31 2.09 1.89 1.83 1.67 1.48 1.38 1.26 1.17 1.10 1.02 1.15 1.34 1.47 1.72
1.97 2.19 2.39 2.46 2.49 2.46 2.44 2.45 2.46 2.56 2.71 2.88 2.90 2.88 2.93 2.91 2.88 2.92 2.98 3.04
2.98 3.01 3.01 2.94 2.99 3.12 3.22 3.25 3.13 2.95 2.68 2.42 2.26 2.17 2.09 2.06 2.05 1.99 1.98 2.03
2.12 2.18 2.25 2.23 2.21 2.20 2.27 2.46 2.80 3.07 3.26 3.23 2.92 2.61 2.40 2.24 2.25 2.24 2.24 2.24
2.11 1.95 1.93 1.83 1.80 1.73 1.73 1.79 1.86 1.99 2.19 2.24 2.32 2.32 2.42 2.41 2.36 2.34 2.36 2.26
2.22 2.19 2.25 2.25 2.25 2.27 2.26 2.24 2.26 2.30 2.42 2.62 2.73 2.70 2.53 2.33 2.09 1.77 1.56 1.60
1.68 1.70 1.71 1.80 1.79 1.77 1.76 1.84 1.93 2.03 2.13 2.29 2.41 2.52 2.61 2.82 3.10 3.43 3.75 3.98
3.97 3.80 3.44 3.18 2.87 2.59 2.37 2.23 2.04 1.87 1.75 1.65 1.55 1.49 1.37 1.33 1.31 1.26 1.25 1.10
0.98 1.09 1.12 1.20 1.46 1.72 2.04 2.31 2.56 2.93 3.32 3.64 4.05 4.43 4.71 5.01 4.96 4.90 4.71 4.37
4.24 4.29 4.34 4.36 4.16 3.98 3.66 3.35 3.16 3.15 3.29 3.29 3.12 2.90 2.58 2.47 2.51 2.69 3.03 3.43
3.71 3.83 3.62 3.28 3.04 2.87 2.75 2.76 2.73 2.66 2.66 2.72 2.82 2.88 3.00 3.28 3.48 3.60 3.66 3.89
4.29 4.47 4.50 4.39 4.16 4.09 3.97 3.88 3.96 4.14
C1903x2TS389_5 0.540 2.46 2.47 2.40 2.41 2.40 2.38 2.30 2.29 2.29 2.40 2.42 2.47 2.50 2.36 2.21 2.12 2.02 1.99 2.04 2.12
2.18 2.24 2.34 2.47 2.56 2.59 2.67 2.82 2.92 3.16 3.54 3.99 4.37 4.54 4.54 4.31 3.82 3.36 3.08 2.90
2.73 2.65 2.60 2.57 2.45 2.32 2.24 2.17 2.17 2.19 2.14 2.19 2.15 2.19 2.29 2.36 2.52 2.55 2.55 2.67
2.74 2.74 2.77 2.82 2.77 2.57 2.43 2.34 2.35 2.25 2.16 2.15 2.05 1.89 1.82 1.77 1.85 1.93 2.04 2.29
2.48 2.62 2.88 3.09 3.18 3.07 2.93 2.85 2.75 2.64 2.67 2.83 2.88 2.83 2.82 2.76 2.82 2.87 2.86 2.86
2.75 2.70 2.69 2.61 2.68 2.82 2.98 3.09 2.93 2.80 2.65 2.46 2.39 2.34 2.29 2.24 2.15 2.05 2.00 1.99
2.13 2.27 2.38 2.39 2.38 2.43 2.48 2.54 2.72 2.84 3.02 3.18 3.24 3.38 3.38 3.32 3.41 3.23 3.02 2.89
2.73 2.59 2.46 2.29 2.27 2.21 2.19 2.24 2.32 2.49 2.77 2.88 2.98 2.94 2.91 2.78 2.60 2.43 2.39 2.26
2.22 2.20 2.19 2.22 2.30 2.33 2.41 2.39 2.39 2.43 2.46 2.55 2.59 2.50 2.40 2.24 2.03 1.76 1.57 1.54
1.55 1.55 1.58 1.73 1.81 1.85 1.88 1.97 2.05 2.07 2.07 2.11 2.11 2.08 2.08 2.18 2.35 2.49 2.67 2.78
2.78 2.63 2.40 2.24 2.10 1.98 1.92 1.97 1.98 1.93 1.88 1.82 1.80 1.77 1.67 1.70 1.76 1.85 1.97 2.04
2.15 2.36 2.36 2.37 2.41 2.43 2.46 2.47 2.45 2.58 2.68 2.74 2.90 3.05 3.19 3.36 3.34 3.37 3.48 3.50
3.58 3.80 3.97 4.02 3.74 3.44 3.15 2.92 2.76 2.82 3.00 3.08 2.97 2.86 2.58 2.44 2.45 2.64 2.91 3.28
3.54 3.65 3.38 2.96 2.67 2.50 2.36 2.37 2.40 2.46 2.53 2.57 2.63 2.61 2.63 2.67 2.62 2.68 2.78 3.04
3.45 3.70 3.84 3.77 3.50 3.34 3.24 3.21 3.27 3.42
C1903x2TS073_2 0.538 2.35 2.46 2.47 2.42 2.38 2.40 2.33 2.22 2.21 2.34 2.49 2.53 2.56 2.52 2.40 2.25 2.05 1.89 1.81 1.76
1.79 1.88 1.98 2.09 2.11 2.08 2.06 2.13 2.19 2.37 2.78 3.32 3.82 4.13 4.21 4.27 4.04 3.75 3.78 4.14
4.35 4.44 4.16 3.85 3.36 2.90 2.57 2.42 2.29 2.25 2.21 2.26 2.19 2.24 2.34 2.44 2.59 2.72 2.83 2.91
2.84 2.69 2.57 2.50 2.44 2.40 2.45 2.54 2.62 2.51 2.38 2.31 2.20 2.08 2.02 2.00 2.15 2.39 2.51 2.71
2.85 2.96 2.98 2.80 2.65 2.59 2.52 2.44 2.34 2.30 2.32 2.32 2.25 2.27 2.38 2.43 2.59 2.86 3.18 3.27
3.15 3.08 2.86 2.50 2.31 2.27 2.39 2.44 2.43 2.45 2.37 2.24 2.22 2.14 2.12 2.13 2.09 2.08 2.12 2.18
2.32 2.44 2.59 2.65 2.62 2.60 2.65 2.64 2.60 2.62 2.66 2.60 2.52 2.56 2.67 2.77 2.93 3.08 3.17 3.23
3.16 2.99 2.88 2.79 2.75 2.57 2.48 2.60 2.63 2.59 2.60 2.60 2.56 2.32 2.12 2.01 1.84 1.65 1.54 1.48
1.53 1.66 1.76 1.91 2.09 2.15 2.17 2.10 2.06 2.09 2.23 2.49 2.71 2.80 2.80 2.66 2.46 2.20 2.06 2.08
2.14 2.20 2.18 2.18 2.11 2.10 2.06 2.07 2.17 2.24 2.25 2.29 2.28 2.31 2.29 2.35 2.51 2.64 2.84 3.00
3.05 3.02 2.94 2.83 2.68 2.48 2.41 2.38 2.31 2.18 2.13 2.18 2.29 2.30 2.24 2.38 2.57 2.59 2.57 2.71
2.90 3.11 3.11 3.15 3.28 3.15 2.84 2.63 2.39 2.32 2.42 2.53 2.79 3.04 3.16 3.16 2.90 2.61 2.56 2.52
2.63 2.79 2.99 3.13 3.08 2.94 2.90 2.84 2.93 3.06 3.20 3.19 3.07 3.00 2.77 2.62 2.63 2.78 2.91 2.91
2.83 2.83 2.70 2.56 2.47 2.51 2.61 2.72 2.74 2.72 2.81 3.02 3.16 3.20 3.25 3.24 3.01 2.74 2.55 2.50
2.64 2.87 3.11 3.18 3.13 3.11 3.13 3.09 3.10 3.28
C1903x2TS389_3 0.532 2.42 2.44 2.38 2.40 2.37 2.33 2.22 2.18 2.18 2.28 2.29 2.34 2.37 2.24 2.10 2.01 1.91 1.89 1.93 1.98
2.04 2.08 2.14 2.25 2.31 2.33 2.43 2.63 2.80 3.13 3.58 4.06 4.51 4.66 4.67 4.48 3.96 3.46 3.17 2.92
2.72 2.60 2.51 2.46 2.34 2.20 2.15 2.07 2.06 2.08 2.03 2.10 2.07 2.17 2.32 2.45 2.70 2.87 2.98 3.10
3.10 2.99 2.91 2.81 2.64 2.46 2.38 2.33 2.33 2.20 2.11 2.06 1.94 1.77 1.69 1.66 1.73 1.79 1.87 2.11
2.31 2.45 2.72 2.98 3.14 3.15 3.10 3.08 2.98 2.88 3.01 3.29 3.46 3.62 3.86 3.89 3.89 3.85 3.88 4.14
4.42 4.95 5.69 5.76 5.61 5.03 4.39 3.87 3.33 3.01 2.82 2.62 2.56 2.47 2.41 2.33 2.18 2.03 1.96 1.93
2.02 2.13 2.22 2.23 2.21 2.25 2.28 2.38 2.58 2.75 2.97 3.16 3.29 3.46 3.45 3.37 3.44 3.27 3.02 2.84
2.65 2.51 2.39 2.22 2.19 2.15 2.13 2.18 2.24 2.39 2.64 2.80 2.94 2.92 2.91 2.78 2.58 2.38 2.27 2.12
2.08 2.05 2.07 2.13 2.22 2.27 2.34 2.34 2.36 2.38 2.40 2.52 2.59 2.56 2.49 2.38 2.20 1.95 1.74 1.71
1.72 1.74 1.76 1.84 1.85 1.81 1.75 1.78 1.86 1.90 1.92 1.97 1.97 1.96 1.91 1.95 2.07 2.19 2.35 2.40
2.35 2.21 2.00 1.85 1.77 1.78 1.85 1.96 2.04 2.06 2.04 1.94 1.87 1.82 1.68 1.66 1.76 1.87 2.04 2.16
2.37 2.64 2.70 2.74 2.81 2.78 2.70 2.59 2.54 2.65 2.77 2.88 3.08 3.28 3.49 3.74 3.81 3.93 4.13 4.17
4.29 4.48 4.59 4.56 4.17 3.73 3.33 3.03 2.87 2.87 3.00 3.02 2.90 2.74 2.45 2.31 2.35 2.59 2.96 3.43
3.84 4.05 3.81 3.32 2.90 2.67 2.51 2.52 2.57 2.68 2.79 2.88 3.00 3.07 3.14 3.17 3.06 3.07 3.09 3.23
3.63 4.01 4.36 4.52 4.29 4.08 3.84 3.65 3.58 3.56
C1903x2TS228_2 0.532 2.82 2.77 2.64 2.52 2.36 2.12 1.96 1.86 1.84 1.88 1.93 2.03 2.09 2.02 1.94 1.87 1.78 1.68 1.65 1.68
1.71 1.76 1.94 2.20 2.40 2.65 3.00 3.43 3.62 3.69 3.74 3.62 3.39 3.16 3.02 2.93 2.81 2.68 2.64 2.56
2.51 2.56 2.53 2.49 2.36 2.26 2.24 2.15 2.11 2.15 2.11 2.18 2.19 2.33 2.53 2.65 2.76 2.87 3.02 3.16
3.20 3.28 3.40 3.39 3.26 3.12 3.06 2.99 2.87 2.64 2.39 2.19 1.99 1.80 1.68 1.62 1.66 1.76 1.82 1.99
2.17 2.31 2.44 2.55 2.55 2.65 2.77 2.87 2.97 3.03 3.06 3.13 3.01 2.99 3.10 3.17 3.36 3.64 4.05 4.43
4.35 4.15 3.71 3.17 2.78 2.57 2.56 2.65 2.68 2.71 2.59 2.40 2.28 2.18 2.11 2.02 1.98 1.95 1.97 2.01
2.12 2.26 2.44 2.47 2.40 2.41 2.39 2.40 2.46 2.51 2.57 2.44 2.11 2.01 1.87 1.78 1.85 1.94 2.02 2.11
2.04 2.06 2.15 2.19 2.29 2.38 2.51 2.65 2.80 3.00 3.36 3.67 3.99 4.18 4.49 4.72 5.00 5.25 5.50 5.50
5.39 4.81 4.18 3.73 3.41 3.05 2.71 2.43 2.28 2.11 1.99 1.98 2.03 2.00 1.94 1.89 1.86 1.80 1.73 1.77
1.91 2.06 2.10 2.15 2.09 2.04 1.92 1.89 1.95 2.06 2.10 2.18 2.22 2.31 2.46 2.65 2.88 3.07 3.15 3.11
3.05 3.02 2.91 2.77 2.65 2.54 2.43 2.32 2.24 2.19 2.14 2.04 1.99 1.93 1.80 1.76 1.72 1.63 1.58 1.48
1.46 1.57 1.58 1.68 1.91 2.14 2.39 2.62 2.80 3.09 3.29 3.42 3.68 3.95 4.28 4.71 4.90 4.97 4.94 4.53
4.27 4.01 3.86 3.69 3.41 3.13 2.92 2.76 2.69 2.69 2.84 2.89 2.79 2.65 2.40 2.35 2.44 2.68 3.06 3.55
3.97 4.09 3.76 3.26 2.84 2.55 2.34 2.37 2.51 2.64 2.77 2.85 2.89 2.87 2.82 2.83 2.75 2.79 2.88 3.06
3.43 3.76 3.98 4.09 3.97 4.00 3.97 3.93 4.05 4.25
C1903x2TS123_1 0.531 4.20 4.08 3.88 3.63 3.29 2.86 2.40 2.08 1.87 1.76 1.68 1.68 1.74 1.68 1.58 1.55 1.47 1.37 1.28 1.19
1.11 1.04 1.00 1.05 1.10 1.14 1.29 1.59 1.84 2.13 2.43 2.78 3.08 3.28 3.54 3.92 4.23 4.73 5.16 5.44
5.18 4.50 3.80 3.22 2.62 2.27 2.07 1.90 1.81 1.69 1.51 1.54 1.53 1.59 1.75 1.96 2.30 2.71 3.14 3.73
4.22 4.60 4.93 4.96 4.71 4.56 4.41 4.33 4.24 3.95 3.71 3.48 3.18 2.87 2.56 2.31 2.23 2.16 2.03 2.02
1.98 1.97 1.96 1.84 1.73 1.62 1.53 1.50 1.54 1.60 1.73 1.87 1.91 1.92 2.06 2.15 2.37 2.54 2.63 2.71
2.70 2.74 2.80 2.79 2.96 3.17 3.34 3.53 3.56 3.54 3.33 3.06 2.92 2.75 2.59 2.54 2.47 2.38 2.29 2.26
2.34 2.44 2.57 2.68 2.76 2.94 3.34 3.87 4.47 4.88 5.03 4.62 3.78 3.24 3.02 2.98 3.11 3.20 3.25 3.22
2.95 2.69 2.46 2.25 2.13 1.97 1.87 1.81 1.76 1.76 1.76 1.70 1.61 1.48 1.39 1.27 1.18 1.14 1.21 1.25
1.35 1.52 1.69 1.90 2.17 2.40 2.62 2.80 2.90 2.99 2.93 2.89 2.81 2.65 2.48 2.38 2.22 2.08 1.97 1.91
1.96 2.08 2.10 2.14 2.09 1.96 1.79 1.67 1.73 1.87 1.88 1.92 1.92 1.84 1.63 1.52 1.61 1.81 2.19 2.65
3.12 3.50 3.68 3.62 3.39 3.12 3.04 3.04 2.96 2.75 2.63 2.49 2.34 2.18 2.01 1.92 1.88 1.83 1.81 1.86
1.95 2.10 2.07 2.01 2.03 2.00 2.00 2.02 2.04 2.33 2.73 3.14 3.54 4.10 4.57 4.98 4.58 4.61 5.06 5.60
5.98 6.84 7.27 6.87 5.48 4.64 4.06 3.78 3.72 3.82 4.12 4.20 4.04 3.90 3.53 3.41 3.40 3.43 3.51 3.58
3.57 3.48 3.30 3.20 3.09 3.12 3.12 3.14 3.13 3.13 3.17 3.24 3.25 3.26 3.32 3.25 3.09 3.06 3.05 3.15
3.48 3.77 4.20 4.42 4.51 4.58 4.40 4.22 4.14 4.02
C1903x2TS228_1 0.530 3.16 3.23 3.22 3.18 3.07 3.05 2.88 2.78 2.67 2.61 2.52 2.43 2.30 2.18 2.07 2.07 2.06 2.04 2.03 2.05
2.04 2.04 2.12 2.32 2.46 2.59 2.89 3.31 3.52 3.69 3.79 3.92 3.80 3.58 3.56 3.57 3.38 3.21 3.11 3.22
3.18 3.17 3.14 3.07 2.79 2.52 2.36 2.29 2.24 2.22 2.10 2.07 1.97 2.01 2.17 2.33 2.52 2.64 2.76 2.89
2.89 2.78 2.75 2.68 2.49 2.28 2.17 2.14 2.16 2.04 1.93 1.86 1.70 1.57 1.51 1.46 1.55 1.71 1.82 2.01
2.19 2.38 2.70 2.95 3.20 3.42 3.42 3.35 3.16 2.97 2.91 2.88 2.87 2.93 2.97 3.01 3.16 3.31 3.46 3.64
3.73 3.82 3.79 3.63 3.61 3.54 3.46 3.38 3.21 2.98 2.70 2.46 2.34 2.25 2.17 2.13 2.08 2.01 1.96 1.98
2.04 2.15 2.26 2.31 2.35 2.49 2.65 2.78 2.97 3.25 3.43 3.32 3.02 2.85 2.73 2.57 2.53 2.59 2.66 2.63
2.44 2.26 2.15 2.02 1.99 1.97 2.09 2.22 2.30 2.45 2.68 2.72 2.76 2.68 2.65 2.50 2.40 2.33 2.38 2.36
2.48 2.61 2.63 2.61 2.69 2.70 2.65 2.53 2.51 2.54 2.47 2.47 2.45 2.37 2.26 2.18 2.13 2.06 2.00 2.13
2.29 2.44 2.49 2.59 2.54 2.45 2.32 2.30 2.35 2.38 2.34 2.30 2.23 2.17 2.13 2.16 2.30 2.46 2.61 2.62
2.65 2.73 2.69 2.62 2.54 2.51 2.47 2.40 2.28 2.19 2.10 1.98 1.88 1.79 1.64 1.56 1.53 1.48 1.44 1.35
1.36 1.52 1.56 1.65 1.88 2.13 2.35 2.53 2.71 3.01 3.27 3.47 3.76 4.06 4.34 4.61 4.74 4.83 4.88 4.62
4.44 4.38 4.27 4.06 3.76 3.48 3.20 2.99 2.87 2.92 3.08 3.13 3.03 2.87 2.56 2.45 2.55 2.82 3.20 3.73
4.20 4.25 3.81 3.16 2.70 2.42 2.18 2.16 2.25 2.33 2.47 2.61 2.74 2.82 2.88 2.98 2.92 2.94 2.98 3.15
3.54 3.92 4.28 4.52 4.54 4.63 4.59 4.49 4.49 4.62
C1903x2TS228_4 0.529 3.58 3.39 3.18 2.99 2.69 2.36 2.09 1.95 1.84 1.76 1.68 1.68 1.65 1.52 1.41 1.40 1.38 1.32 1.28 1.33
1.39 1.43 1.54 1.76 1.99 2.22 2.55 2.96 3.23 3.40 3.46 3.43 3.34 3.18 3.23 3.39 3.41 3.40 3.40 3.31
3.15 2.95 2.81 2.76 2.61 2.52 2.58 2.60 2.62 2.65 2.60 2.60 2.53 2.59 2.76 2.90 3.26 3.74 4.08 4.15
3.95 3.58 3.17 2.71 2.35 2.12 1.97 1.88 1.86 1.75 1.67 1.66 1.62 1.55 1.55 1.57 1.70 1.93 2.09 2.34
2.56 2.77 3.01 3.08 3.02 2.99 2.88 2.77 2.64 2.62 2.68 2.78 2.81 2.83 2.95 3.19 3.58 4.07 4.62 5.17
5.34 5.09 4.53 4.03 3.85 3.68 3.62 3.60 3.52 3.38 3.08 2.84 2.77 2.65 2.52 2.39 2.28 2.13 2.04 2.10
2.22 2.36 2.52 2.59 2.58 2.60 2.72 3.00 3.34 3.57 3.76 3.75 3.45 3.25 3.18 3.19 3.35 3.34 3.25 3.09
2.72 2.40 2.25 2.06 2.03 2.03 2.11 2.26 2.38 2.55 2.71 2.78 2.89 2.94 3.00 2.97 2.93 2.87 2.79 2.69
2.73 2.80 2.80 2.78 2.82 2.80 2.72 2.58 2.51 2.56 2.67 2.89 3.14 3.14 3.01 2.76 2.39 1.99 1.75 1.73
1.86 1.96 2.03 2.14 2.12 2.07 1.95 1.91 1.94 2.00 1.98 2.01 1.97 1.95 1.91 1.92 2.03 2.22 2.37 2.46
2.50 2.57 2.60 2.60 2.58 2.57 2.56 2.50 2.32 2.16 2.07 1.96 1.85 1.74 1.56 1.44 1.35 1.23 1.16 1.04
1.01 1.17 1.20 1.29 1.55 1.79 2.02 2.23 2.40 2.71 2.99 3.27 3.69 4.06 4.33 4.58 4.60 4.61 4.61 4.51
4.49 4.51 4.43 4.26 3.92 3.61 3.30 3.11 2.97 3.01 3.19 3.30 3.22 3.10 2.83 2.80 2.87 3.07 3.42 3.90
4.23 4.14 3.71 3.18 2.78 2.49 2.25 2.24 2.29 2.31 2.44 2.58 2.77 2.89 2.99 3.11 3.06 3.08 3.13 3.31
3.75 4.09 4.23 4.28 4.23 4.29 4.26 4.20 4.31 4.55
C1903x2TS073_3 0.526 4.11 3.96 3.62 3.26 2.88 2.44 2.25 2.14 2.20 2.38 2.51 2.62 2.70 2.66 2.61 2.55 2.48 2.42 2.37 2.33
2.30 2.27 2.28 2.32 2.30 2.26 2.24 2.40 2.59 2.90 3.22 3.51 3.73 3.74 3.65 3.65 3.55 3.34 3.17 2.95
2.77 2.62 2.53 2.53 2.46 2.37 2.37 2.33 2.29 2.26 2.21 2.24 2.18 2.24 2.54 2.85 3.16 3.37 3.44 3.51
3.40 3.20 3.21 3.24 3.17 3.08 2.91 2.84 2.92 2.83 2.74 2.70 2.59 2.43 2.28 2.31 2.73 3.26 3.61 3.92
4.09 3.91 3.63 3.27 3.02 2.85 2.73 2.59 2.55 2.62 2.81 3.01 3.03 3.04 3.05 2.91 2.83 2.78 2.65 2.50
2.33 2.43 2.51 2.50 2.60 2.71 2.74 2.61 2.46 2.42 2.33 2.25 2.26 2.26 2.23 2.12 2.05 1.99 1.97 2.06
2.22 2.37 2.56 2.62 2.55 2.43 2.31 2.35 2.42 2.49 2.62 2.61 2.43 2.30 2.17 2.16 2.30 2.49 2.80 3.08
3.13 3.07 2.96 2.80 2.73 2.55 2.54 2.61 2.65 2.73 2.83 2.84 2.88 2.69 2.55 2.37 2.15 1.97 1.86 1.73
1.74 1.77 1.78 1.84 1.96 2.03 2.02 1.99 2.01 2.08 2.20 2.42 2.58 2.59 2.51 2.38 2.25 2.07 1.98 2.04
2.13 2.14 2.11 2.12 2.10 2.11 2.11 2.18 2.33 2.46 2.53 2.67 2.85 3.14 3.32 3.51 3.74 3.90 3.91 3.71
3.49 3.37 3.19 2.98 2.82 2.72 2.66 2.60 2.53 2.46 2.46 2.43 2.46 2.55 2.62 2.68 2.75 2.67 2.63 2.46
2.35 2.38 2.33 2.29 2.38 2.36 2.41 2.37 2.34 2.47 2.63 2.74 2.96 3.15 3.31 3.34 3.16 2.99 2.95 2.80
2.74 2.86 3.10 3.37 3.54 3.70 3.75 3.66 3.75 4.04 4.41 4.54 4.38 4.19 3.66 3.20 3.11 3.27 3.45 3.67
3.72 3.62 3.45 3.15 2.89 2.84 2.78 2.83 2.85 2.80 2.83 2.83 2.73 2.64 2.60 2.52 2.39 2.29 2.25 2.34
2.46 2.58 2.71 2.78 2.81 2.81 2.85 2.94 3.00 3.14
C1903x2TS073_1 0.525 3.77 3.80 3.67 3.56 3.39 3.21 3.02 2.90 2.82 2.93 3.06 3.20 3.28 3.12 2.93 2.76 2.49 2.23 2.08 1.99
1.93 1.86 1.87 1.96 1.98 1.94 2.00 2.07 2.10 2.18 2.33 2.55 2.71 2.82 3.00 3.16 3.22 3.17 3.12 3.03
2.88 2.71 2.56 2.43 2.28 2.17 2.17 2.12 2.12 2.14 2.17 2.31 2.36 2.47 2.76 3.06 3.31 3.55 3.74 3.99
4.03 3.83 3.82 3.82 3.58 3.36 3.19 3.06 2.96 2.70 2.51 2.38 2.18 2.04 2.05 2.10 2.29 2.49 2.65 2.82
2.89 2.98 3.08 3.03 2.94 2.91 2.91 2.77 2.60 2.53 2.56 2.56 2.43 2.45 2.56 2.58 2.61 2.64 2.62 2.62
2.45 2.36 2.24 2.11 2.14 2.21 2.23 2.29 2.24 2.12 1.97 1.82 1.87 1.91 1.97 2.03 2.03 1.98 1.92 1.94
2.06 2.21 2.43 2.60 2.65 2.66 2.65 2.75 2.81 2.81 2.77 2.61 2.33 2.15 2.05 2.05 2.24 2.48 2.69 2.75
2.67 2.54 2.43 2.19 2.10 2.01 2.01 2.05 2.07 2.09 2.15 2.15 2.17 2.08 2.06 2.08 2.12 2.10 2.12 2.15
2.23 2.28 2.24 2.28 2.39 2.35 2.32 2.28 2.29 2.34 2.32 2.41 2.49 2.46 2.35 2.24 2.15 2.03 1.93 1.93
2.00 2.06 2.02 2.00 1.93 1.88 1.85 1.90 2.07 2.36 2.69 3.10 3.47 3.84 3.95 4.02 4.02 4.08 4.21 4.15
4.02 3.87 3.56 3.29 3.06 2.89 2.89 2.92 2.93 2.88 2.87 2.91 3.03 3.09 2.98 2.90 2.82 2.71 2.62 2.53
2.66 2.91 2.91 2.88 2.83 2.76 2.62 2.46 2.46 2.63 2.79 2.95 3.23 3.55 3.85 4.08 4.04 3.89 3.79 3.53
3.40 3.33 3.40 3.53 3.56 3.60 3.64 3.59 3.74 3.92 4.07 3.93 3.69 3.56 3.25 2.98 3.00 3.13 3.32 3.52
3.65 3.75 3.70 3.52 3.39 3.27 3.29 3.43 3.51 3.49 3.49 3.42 3.21 2.98 2.90 2.81 2.67 2.64 2.68 2.77
2.91 3.05 3.21 3.18 3.00 2.97 3.06 3.11 3.22 3.39
C1903x2TS123_3 0.523 3.83 3.85 3.79 3.75 3.64 3.47 3.30 3.25 3.28 3.50 3.71 3.97 4.14 4.01 3.79 3.60 3.45 3.38 3.41 3.46
3.52 3.54 3.56 3.46 3.38 3.31 3.36 3.40 3.40 3.34 3.26 2.98 2.73 2.48 2.26 1.99 1.69 1.36 1.11 0.94
0.91 1.05 1.18 1.31 1.33 1.31 1.38 1.48 1.58 1.70 1.77 1.88 1.85 1.87 2.00 2.13 2.30 2.47 2.73 3.10
3.30 3.29 3.23 3.11 2.90 2.64 2.57 2.67 2.79 2.70 2.52 2.48 2.36 2.15 2.05 2.02 2.05 2.07 1.94 1.98
1.93 1.86 1.86 1.84 1.83 1.85 1.83 1.88 1.94 2.01 2.13 2.32 2.53 2.76 3.01 3.21 3.45 3.66 3.70 3.65
3.56 3.62 3.70 3.69 3.72 3.76 3.69 3.57 3.42 3.30 3.21 3.16 3.13 2.95 2.71 2.49 2.31 2.12 2.05 2.19
2.44 2.62 2.82 3.04 3.15 3.14 3.17 3.38 3.76 3.86 3.80 3.58 3.29 3.05 2.76 2.55 2.51 2.33 2.14 1.94
1.69 1.52 1.41 1.32 1.34 1.31 1.39 1.57 1.70 1.85 2.06 2.13 2.21 2.18 2.26 2.36 2.52 2.79 3.21 3.48
3.69 3.68 3.48 3.14 2.86 2.61 2.36 2.17 2.03 1.98 2.02 2.28 2.73 3.24 3.77 4.30 4.48 4.16 3.62 3.34
3.16 2.87 2.67 2.55 2.33 2.11 1.89 1.82 1.80 1.76 1.80 1.87 1.87 1.81 1.81 1.90 2.06 2.29 2.62 2.90
3.10 3.20 3.14 3.08 3.05 3.00 2.97 2.95 2.85 2.72 2.48 2.19 1.99 1.74 1.46 1.28 1.17 1.07 1.03 0.92
0.93 1.08 1.11 1.22 1.45 1.67 1.90 2.06 2.26 2.58 2.77 2.91 3.18 3.40 3.44 3.54 3.60 3.62 3.83 3.94
4.35 4.79 4.76 4.53 4.12 3.63 3.35 3.19 3.23 3.47 3.78 3.91 3.91 3.91 3.71 3.65 3.78 3.94 3.94 3.75
3.49 3.26 3.01 2.76 2.74 2.93 3.08 3.24 3.38 3.64 3.96 4.27 4.57 4.72 4.73 4.48 4.14 4.08 4.02 4.16
4.67 4.97 5.29 5.36 5.14 5.19 5.10 5.02 5.13 5.18
C1903x2TS123_2 0.523 3.30 3.58 3.59 3.57 3.47 3.21 2.81 2.50 2.34 2.40 2.44 2.57 2.64 2.56 2.40 2.25 2.07 1.93 1.89 1.97
2.04 2.10 2.17 2.23 2.16 2.03 1.95 1.99 1.99 2.08 2.22 2.42 2.57 2.68 2.78 2.90 2.90 2.79 2.75 2.89
2.91 2.89 2.79 2.72 2.53 2.29 2.11 2.14 2.16 2.18 2.15 2.27 2.25 2.34 2.49 2.69 2.91 3.05 3.16 3.44
3.50 3.60 3.81 4.21 4.64 4.76 4.71 4.44 3.94 3.32 2.80 2.47 2.26 2.09 2.02 1.99 2.13 2.31 2.42 2.56
2.63 2.68 2.73 2.62 2.58 2.58 2.54 2.47 2.42 2.47 2.58 2.63 2.58 2.54 2.52 2.45 2.45 2.45 2.41 2.40
2.33 2.33 2.38 2.56 2.88 3.18 3.39 3.54 3.45 3.21 2.97 2.90 2.86 2.79 2.67 2.53 2.33 2.10 1.96 2.00
2.13 2.26 2.42 2.52 2.55 2.61 2.61 2.78 3.03 3.19 3.32 3.22 2.94 2.71 2.44 2.23 2.20 2.15 2.19 2.21
2.21 2.20 2.24 2.17 2.21 2.16 2.17 2.13 2.16 2.26 2.40 2.48 2.56 2.59 2.81 3.05 3.36 3.72 4.07 4.09
3.84 3.44 3.09 2.84 2.73 2.63 2.50 2.42 2.43 2.49 2.56 2.68 2.85 3.00 3.04 3.15 3.28 3.38 3.39 3.38
3.29 3.17 2.93 2.70 2.48 2.36 2.24 2.20 2.21 2.29 2.32 2.41 2.60 2.94 3.16 3.48 3.78 3.96 3.91 3.72
3.44 3.23 2.99 2.88 2.84 2.86 2.97 3.10 3.04 2.83 2.66 2.48 2.33 2.20 2.10 2.05 2.06 2.02 1.98 1.88
1.86 1.96 1.96 2.02 2.19 2.33 2.42 2.45 2.40 2.44 2.45 2.56 2.74 3.08 3.42 3.90 3.93 3.88 3.78 3.55
3.30 3.26 3.23 3.24 3.03 2.80 2.66 2.55 2.48 2.52 2.67 2.72 2.72 2.66 2.58 2.61 2.78 3.11 3.59 3.94
4.22 4.21 3.91 3.45 3.07 2.82 2.60 2.50 2.45 2.40 2.34 2.33 2.36 2.37 2.37 2.44 2.52 2.67 2.81 3.01
3.41 3.90 4.26 4.52 4.65 4.76 4.79 4.66 4.65 4.87
C1903x2TS123_5 0.505 3.24 3.09 2.78 2.49 2.18 1.92 1.64 1.50 1.45 1.53 1.58 1.68 1.78 1.74 1.62 1.56 1.43 1.25 1.13 1.09
1.08 1.11 1.21 1.37 1.43 1.42 1.49 1.59 1.65 1.86 2.17 2.52 2.88 3.41 4.19 4.78 5.01 4.93 4.54 3.97
3.37 2.97 2.74 2.56 2.36 2.18 2.07 2.00 2.00 1.94 1.83 1.89 1.85 1.84 1.93 2.09 2.29 2.48 2.65 2.80
2.93 3.02 3.14 3.27 3.31 3.48 3.70 3.75 3.90 3.91 3.80 3.60 3.27 2.90 2.57 2.24 2.09 2.06 2.01 2.03
2.09 2.14 2.19 2.08 1.94 1.81 1.72 1.68 1.68 1.78 2.01 2.25 2.38 2.47 2.70 2.96 3.28 3.52 3.49 3.46
3.38 3.41 3.50 3.49 3.74 4.20 4.44 4.58 4.65 4.68 4.51 4.07 3.70 3.27 2.89 2.56 2.27 2.05 1.96 1.98
2.12 2.26 2.42 2.44 2.37 2.32 2.33 2.48 2.74 3.10 3.74 4.25 4.51 4.58 4.56 4.40 4.19 3.78 3.68 3.51
3.16 2.88 2.81 2.65 2.52 2.33 2.30 2.32 2.21 2.21 2.21 2.06 1.88 1.64 1.54 1.42 1.34 1.42 1.57 1.74
1.89 1.99 2.09 2.17 2.30 2.43 2.52 2.65 2.83 2.95 3.04 3.15 3.23 3.21 3.06 2.91 2.75 2.50 2.29 2.25
2.25 2.21 2.16 2.19 2.15 2.06 1.97 1.95 1.99 1.99 1.95 1.99 2.07 2.20 2.41 2.74 3.27 3.94 4.74 5.37
5.97 6.55 6.74 6.62 6.26 5.73 5.13 4.48 3.86 3.33 3.03 2.75 2.58 2.47 2.24 2.12 2.01 1.87 1.72 1.53
1.41 1.43 1.34 1.35 1.46 1.58 1.71 1.83 1.95 2.15 2.39 2.60 2.83 3.03 3.23 3.48 3.48 3.34 3.30 3.12
2.99 2.94 2.88 2.98 3.02 3.01 3.00 2.92 2.91 2.98 3.05 3.07 3.11 3.24 3.30 3.41 3.66 3.88 4.09 4.27
4.53 5.15 6.21 8.23 15.70 29.85 29.85 29.85 29.85 29.85 29.85 29.85 29.85 29.85 29.85 29.85 29.85 29.85 10.65 7.52
7.31 8.32 13.41 29.85 29.85 29.85 29.85 29.85 29.85 29.85
C1903x2TS123_4 0.505 3.24 3.09 2.78 2.49 2.18 1.92 1.64 1.50 1.45 1.53 1.58 1.68 1.78 1.74 1.62 1.56 1.43 1.25 1.13 1.09
1.08 1.11 1.21 1.37 1.43 1.42 1.49 1.59 1.65 1.86 2.17 2.52 2.88 3.41 4.19 4.78 5.01 4.93 4.54 3.97
3.37 2.97 2.74 2.56 2.36 2.18 2.07 2.00 2.00 1.94 1.83 1.89 1.85 1.84 1.93 2.09 2.29 2.48 2.65 2.80
2.93 3.02 3.14 3.27 3.31 3.48 3.70 3.75 3.90 3.91 3.80 3.60 3.27 2.90 2.57 2.24 2.09 2.06 2.01 2.03
2.09 2.14 2.19 2.08 1.94 1.81 1.72 1.68 1.68 1.78 2.01 2.25 2.38 2.47 2.70 2.96 3.28 3.52 3.49 3.46
3.38 3.41 3.50 3.49 3.74 4.20 4.44 4.58 4.65 4.68 4.51 4.07 3.70 3.27 2.89 2.56 2.27 2.05 1.96 1.98
2.12 2.26 2.42 2.44 2.37 2.32 2.33 2.48 2.74 3.10 3.74 4.25 4.51 4.58 4.56 4.40 4.19 3.78 3.68 3.51
3.16 2.88 2.81 2.65 2.52 2.33 2.30 2.32 2.21 2.21 2.21 2.06 1.88 1.64 1.54 1.42 1.34 1.42 1.57 1.74
1.89 1.99 2.09 2.17 2.30 2.43 2.52 2.65 2.83 2.95 3.04 3.15 3.23 3.21 3.06 2.91 2.75 2.50 2.29 2.25
2.25 2.21 2.16 2.19 2.15 2.06 1.97 1.95 1.99 1.99 1.95 1.99 2.07 2.20 2.41 2.74 3.27 3.94 4.74 5.37
5.97 6.55 6.74 6.62 6.26 5.73 5.13 4.48 3.86 3.33 3.03 2.75 2.58 2.47 2.24 2.12 2.01 1.87 1.72 1.53
1.41 1.43 1.34 1.35 1.46 1.58 1.71 1.83 1.95 2.15 2.39 2.60 2.83 3.03 3.23 3.48 3.48 3.34 3.30 3.12
2.99 2.94 2.88 2.98 3.02 3.01 3.00 2.92 2.91 2.98 3.05 3.07 3.11 3.24 3.30 3.41 3.66 3.88 4.09 4.27
4.53 5.15 6.21 8.23 15.70 29.85 29.85 29.85 29.85 29.85 29.85 29.85 29.85 29.85 29.85 29.85 29.85 29.85 10.65 7.52
7.31 8.32 13.41 29.85 29.85 29.85 29.85 29.85 29.85 29.85
C1903x2TS121_1 0.488 3.05 3.13 3.17 3.35 3.60 3.70 3.60 3.52 3.42 3.43 3.36 3.51 3.83 3.83 3.75 3.74 3.57 3.36 3.23 3.29
3.42 3.48 3.66 3.88 3.93 3.76 3.58 3.64 3.61 3.63 3.80 3.94 4.03 3.97 3.84 3.64 3.32 3.01 2.88 2.81
2.75 2.77 2.79 2.71 2.55 2.39 2.27 2.12 1.99 1.94 1.86 1.89 1.88 1.98 2.14 2.27 2.46 2.65 2.82 3.08
3.25 3.23 3.25 3.24 3.14 3.11 3.18 3.23 3.28 3.10 2.87 2.67 2.37 2.11 1.98 1.82 1.78 1.79 1.77 1.91
2.02 2.23 2.42 2.45 2.47 2.46 2.48 2.57 2.68 2.89 3.13 3.33 3.40 3.44 3.55 3.55 3.58 3.50 3.34 3.25
3.14 3.19 3.25 3.19 3.29 3.47 3.76 4.13 4.36 4.53 4.43 4.06 3.68 3.25 2.93 2.66 2.40 2.21 2.13 2.22
2.45 2.63 2.83 2.87 2.75 2.57 2.39 2.38 2.59 2.72 2.87 2.91 2.93 3.02 3.06 3.09 3.35 3.46 3.55 3.46
3.20 3.10 3.14 3.21 3.31 3.30 3.36 3.31 3.02 2.78 2.64 2.50 2.36 2.23 2.25 2.22 2.16 2.21 2.41 2.56
2.73 2.96 3.40 3.82 4.10 4.31 4.43 4.17 3.85 3.64 3.52 3.49 3.32 3.11 2.91 2.71 2.52 2.36 2.29 2.36
2.50 2.66 2.83 3.06 3.13 3.18 3.14 3.15 3.23 3.27 3.29 3.38 3.31 3.17 2.96 2.87 2.91 2.97 3.22 3.49
3.64 3.58 3.41 3.29 3.17 3.03 3.07 3.19 3.23 3.16 3.12 3.08 3.13 3.12 3.00 3.03 3.32 3.84 4.19 4.28
4.57 4.77 4.37 3.97 3.85 4.10 4.14 4.01 3.99 4.05 3.93 3.81 3.92 4.16 4.28 4.35 4.15 3.92 3.82 3.66
3.77 3.93 3.91 3.96 4.02 3.92 3.99 4.08 4.43 4.61 4.56 4.24 3.99 3.67 3.34 3.15 3.18 3.20 3.25 3.32
3.35 3.37 3.47 3.46 3.43 3.50 3.47 3.48 3.34 3.28 3.44 3.60 3.77 4.04 4.24 4.15 3.72 3.39 3.02 2.73
2.69 2.73 2.84 2.86 2.86 3.07 3.17 3.20 3.28 3.39
C1903x2TS073_5 0.484 3.40 3.21 3.00 2.83 2.62 2.43 2.32 2.27 2.31 2.45 2.58 2.74 2.88 2.81 2.71 2.63 2.53 2.45 2.43 2.51
2.67 2.79 2.93 3.22 3.46 3.57 3.85 4.31 4.67 5.18 5.44 5.88 6.25 6.41 6.61 6.78 6.07 5.70 5.19 4.82
4.49 4.20 3.75 3.49 3.12 2.91 2.86 2.87 3.01 3.03 2.84 2.89 2.81 2.80 2.91 3.09 3.32 3.35 3.23 3.24
3.20 3.09 3.07 3.22 3.36 3.47 3.67 3.96 4.30 4.19 3.80 3.44 3.00 2.59 2.34 2.31 2.50 2.78 3.11 3.63
4.08 4.43 4.48 4.34 4.03 3.64 3.34 3.12 2.91 2.84 2.79 2.83 2.77 2.78 2.90 2.93 3.01 3.14 3.32 3.47
3.33 3.31 3.26 3.01 2.88 2.80 2.74 2.67 2.56 2.52 2.47 2.40 2.46 2.53 2.55 2.52 2.55 2.56 2.59 2.68
2.89 3.12 3.33 3.46 3.48 3.48 3.34 3.18 3.10 3.02 2.92 2.81 2.62 2.61 2.67 2.69 2.80 2.88 2.89 2.90
2.77 2.65 2.71 2.73 2.74 2.69 2.74 2.82 2.85 2.90 3.02 3.02 2.92 2.71 2.63 2.52 2.44 2.35 2.32 2.26
2.29 2.39 2.48 2.61 2.85 2.97 2.94 2.76 2.68 2.70 2.62 2.70 2.82 2.94 2.96 2.88 2.82 2.74 2.58 2.59
2.68 2.80 2.79 2.79 2.71 2.63 2.44 2.38 2.43 2.52 2.57 2.78 3.02 3.21 3.20 3.23 3.34 3.31 3.20 3.14
3.24 3.36 3.41 3.49 3.64 3.65 3.55 3.37 3.21 3.02 2.87 2.79 2.84 2.79 2.67 2.70 2.80 2.79 2.77 2.76
2.98 3.26 3.31 3.42 3.63 3.65 3.50 3.20 3.00 2.96 2.91 2.89 3.04 3.26 3.51 3.75 3.77 3.87 4.12 4.13
4.25 4.50 4.59 4.51 4.29 4.16 4.11 4.00 4.09 4.41 4.83 4.98 4.99 4.95 4.40 4.05 3.84 3.66 3.67 3.66
3.54 3.44 3.30 3.19 3.13 3.15 3.23 3.41 3.53 3.64 3.77 3.90 3.99 4.02 3.95 3.89 3.67 3.53 3.34 3.36
3.52 3.59 3.78 4.00 4.09 4.12 4.24 4.45 4.73 4.87
C1903x2TS073_4 0.479 4.02 4.05 3.91 3.75 3.60 3.42 3.10 2.86 2.75 2.79 2.84 2.94 3.10 3.12 3.08 3.03 2.90 2.70 2.58 2.59
2.67 2.75 2.87 3.11 3.29 3.24 3.23 3.31 3.34 3.35 3.31 3.41 3.50 3.44 3.35 3.19 2.92 2.58 2.30 2.15
2.03 2.00 2.02 2.02 1.96 1.91 1.90 1.94 2.02 2.09 2.20 2.41 2.48 2.65 2.92 3.18 3.48 3.58 3.63 3.67
3.50 3.25 3.18 3.20 3.14 3.11 3.20 3.24 3.32 3.21 3.11 2.99 2.76 2.59 2.59 2.49 2.56 2.67 2.81 2.84
2.80 2.81 3.02 3.02 2.92 2.77 2.73 2.59 2.43 2.38 2.54 2.72 2.85 2.96 3.09 3.20 3.28 3.29 3.19 3.00
2.72 2.57 2.44 2.34 2.42 2.62 2.86 3.11 3.28 3.38 3.36 3.20 3.10 3.00 2.81 2.60 2.47 2.37 2.31 2.34
2.48 2.63 2.74 2.67 2.62 2.57 2.49 2.51 2.67 2.77 2.81 2.69 2.61 2.61 2.61 2.66 2.94 3.28 3.56 3.64
3.56 3.40 3.32 3.08 2.95 2.79 2.85 2.94 2.91 2.94 3.12 3.22 3.27 3.03 2.92 2.83 2.61 2.41 2.33 2.33
2.40 2.50 2.58 2.83 3.15 3.31 3.38 3.47 3.65 3.75 3.67 3.65 3.58 3.26 2.90 2.63 2.54 2.43 2.42 2.52
2.70 2.80 2.86 2.92 2.93 2.90 2.89 2.99 3.31 3.85 4.54 5.21 5.73 5.74 5.17 4.86 4.66 4.81 5.38 5.72
5.71 5.38 4.69 4.32 4.01 3.82 3.82 3.94 3.89 3.73 3.60 3.57 3.67 3.68 3.55 3.66 3.83 3.82 3.77 3.64
3.74 3.93 3.74 3.69 3.82 3.84 3.74 3.53 3.37 3.50 3.73 4.14 5.12 6.69 8.30 9.25 7.51 5.92 5.16 4.62
4.63 4.79 4.97 4.99 4.69 4.24 3.86 3.65 3.76 3.97 4.30 4.48 4.33 4.01 3.44 3.08 3.01 3.02 3.20 3.45
3.68 3.87 3.93 3.90 3.92 3.88 3.96 4.06 4.02 4.12 4.30 4.43 4.40 4.22 4.12 4.01 3.67 3.54 3.50 3.61
4.03 4.48 4.98 5.26 5.13 4.91 4.68 4.44 4.36 4.48
C1903x2TS103_1 0.468 4.54 4.40 4.10 3.86 3.53 3.19 2.96 2.90 2.94 3.18 3.42 3.69 3.86 3.79 3.62 3.53 3.40 3.22 3.18 3.10
2.94 2.80 2.70 2.64 2.60 2.55 2.63 2.90 3.14 3.59 4.23 5.13 6.30 7.67 7.87 7.67 6.32 4.92 3.95 3.43
2.98 2.77 2.62 2.64 2.60 2.55 2.61 2.64 2.58 2.54 2.42 2.42 2.34 2.41 2.64 2.81 3.02 3.24 3.28 3.26
3.18 3.03 2.93 2.89 2.77 2.70 2.66 2.60 2.65 2.55 2.42 2.40 2.27 2.13 2.12 2.14 2.39 2.75 3.07 3.42
3.60 3.56 3.43 3.11 2.77 2.53 2.39 2.29 2.28 2.34 2.47 2.68 2.76 2.81 2.91 2.97 3.10 3.30 3.42 3.53
3.42 3.54 3.71 3.60 3.55 3.65 3.76 3.69 3.41 3.32 3.30 3.26 3.29 3.30 3.26 3.11 2.97 2.83 2.65 2.59
2.68 2.73 2.76 2.73 2.67 2.66 2.63 2.74 2.98 3.27 3.77 4.34 4.68 4.98 4.70 4.23 3.93 3.52 3.24 3.08
2.85 2.75 2.68 2.53 2.61 2.70 2.88 3.26 3.73 4.52 5.77 6.32 6.17 5.48 4.76 3.99 3.47 3.14 3.13 3.05
3.03 3.05 3.05 2.97 2.94 2.89 2.83 2.76 2.77 2.85 2.83 2.93 3.00 3.07 3.07 3.00 2.89 2.75 2.54 2.53
2.58 2.62 2.61 2.61 2.51 2.43 2.35 2.41 2.63 2.86 3.11 3.65 4.23 4.80 4.99 4.92 4.78 4.30 3.73 3.27
2.91 2.62 2.27 1.96 1.78 1.71 1.72 1.81 1.92 2.02 2.11 2.21 2.39 2.55 2.62 3.01 3.66 4.62 5.84 7.23
9.85 12.80 8.13 6.37 5.71 5.29 4.78 4.33 4.07 4.08 3.89 3.82 3.98 4.09 4.15 4.39 4.28 4.13 4.10 4.31
4.61 5.06 5.60 6.20 6.18 6.00 5.62 5.42 5.22 5.26 5.57 5.29 4.83 4.57 4.22 4.24 4.53 4.88 5.28 5.20
4.67 4.15 3.64 3.24 3.08 3.11 3.16 3.27 3.25 3.30 3.38 3.45 3.50 3.54 3.56 3.61 3.78 4.16 4.52 5.01
6.04 7.22 9.00 10.98 12.85 16.73 13.70 10.35 8.48 7.06
C1903x2TS067_3 0.452 2.06 2.04 2.03 2.09 2.15 2.22 2.22 2.29 2.40 2.61 2.86 3.16 3.43 3.45 3.45 3.38 3.23 3.18 3.24 3.34
3.44 3.53 3.67 3.85 3.92 3.97 3.98 4.10 4.16 4.36 4.57 4.71 4.76 4.80 4.84 4.77 4.49 4.22 4.12 4.08
3.98 4.02 4.16 4.43 4.46 4.34 4.34 4.37 4.27 4.06 3.66 3.56 3.30 3.14 3.17 3.20 3.38 3.45 3.43 3.41
3.23 3.06 3.07 3.16 3.27 3.49 3.89 4.35 4.79 4.78 4.63 4.40 3.95 3.64 3.39 3.27 3.37 3.46 3.48 3.55
3.53 3.52 3.46 3.23 3.00 2.77 2.67 2.82 3.06 3.41 3.72 3.99 3.89 3.58 3.30 3.05 2.96 2.90 2.73 2.63
2.47 2.46 2.45 2.39 2.60 2.85 3.06 3.27 3.41 3.61 3.73 3.89 4.22 4.37 4.27 3.94 3.55 3.15 2.81 2.74
2.90 3.09 3.32 3.43 3.44 3.35 3.06 2.86 2.81 2.69 2.62 2.55 2.44 2.55 2.72 3.00 3.55 3.98 4.40 4.70
4.39 4.08 3.83 3.53 3.36 3.06 2.94 2.94 2.85 2.86 3.04 3.06 2.97 2.88 2.93 2.90 2.82 2.84 3.09 3.23
3.37 3.60 3.76 3.78 3.85 3.76 3.44 3.12 2.83 2.59 2.27 2.05 1.99 2.00 2.01 2.13 2.20 2.17 2.09 2.13
2.22 2.31 2.36 2.53 2.54 2.54 2.57 2.72 3.02 3.33 3.51 3.79 3.97 4.15 4.27 4.46 4.82 5.14 5.21 5.10
5.02 4.81 4.38 4.04 3.82 3.74 3.70 3.77 3.93 3.98 4.06 4.09 4.06 4.03 3.87 3.81 3.83 3.85 4.09 4.43
4.89 5.51 5.79 6.46 7.42 8.55 10.46 12.73 14.88 14.59 12.21 11.89 12.60 13.90 12.93 12.36 11.11 9.59 8.91 8.33
8.58 9.56 9.13 8.11 6.82 5.86 5.09 4.65 4.75 5.11 5.51 5.60 5.24 4.85 4.15 3.77 3.68 3.61 3.58 3.56
3.39 3.18 3.00 2.88 2.82 2.87 2.96 3.13 3.20 3.25 3.41 3.45 3.40 3.29 3.19 3.20 3.15 3.36 3.66 4.13
5.03 5.89 6.88 7.64 7.45 7.92 7.46 7.02 6.91 6.79
C1903x2TS067_2 0.452 2.06 2.04 2.03 2.09 2.15 2.22 2.22 2.29 2.40 2.61 2.86 3.16 3.43 3.45 3.45 3.38 3.23 3.18 3.24 3.34
3.44 3.53 3.67 3.85 3.92 3.97 3.98 4.10 4.16 4.36 4.57 4.71 4.76 4.80 4.84 4.77 4.49 4.22 4.12 4.08
3.98 4.02 4.16 4.43 4.46 4.34 4.34 4.37 4.27 4.06 3.66 3.56 3.30 3.14 3.17 3.20 3.38 3.45 3.43 3.41
3.23 3.06 3.07 3.16 3.27 3.49 3.89 4.35 4.79 4.78 4.63 4.40 3.95 3.64 3.39 3.27 3.37 3.46 3.48 3.55
3.53 3.52 3.46 3.23 3.00 2.77 2.67 2.82 3.06 3.41 3.72 3.99 3.89 3.58 3.30 3.05 2.96 2.90 2.73 2.63
2.47 2.46 2.45 2.39 2.60 2.85 3.06 3.27 3.41 3.61 3.73 3.89 4.22 4.37 4.27 3.94 3.55 3.15 2.81 2.74
2.90 3.09 3.32 3.43 3.44 3.35 3.06 2.86 2.81 2.69 2.62 2.55 2.44 2.55 2.72 3.00 3.55 3.98 4.40 4.70
4.39 4.08 3.83 3.53 3.36 3.06 2.94 2.94 2.85 2.86 3.04 3.06 2.97 2.88 2.93 2.90 2.82 2.84 3.09 3.23
3.37 3.60 3.76 3.78 3.85 3.76 3.44 3.12 2.83 2.59 2.27 2.05 1.99 2.00 2.01 2.13 2.20 2.17 2.09 2.13
2.22 2.31 2.36 2.53 2.54 2.54 2.57 2.72 3.02 3.33 3.51 3.79 3.97 4.15 4.27 4.46 4.82 5.14 5.21 5.10
5.02 4.81 4.38 4.04 3.82 3.74 3.70 3.77 3.93 3.98 4.06 4.09 4.06 4.03 3.87 3.81 3.83 3.85 4.09 4.43
4.89 5.51 5.79 6.46 7.42 8.55 10.46 12.73 14.88 14.59 12.21 11.89 12.60 13.90 12.93 12.36 11.11 9.59 8.91 8.33
8.58 9.56 9.13 8.11 6.82 5.86 5.09 4.65 4.75 5.11 5.51 5.60 5.24 4.85 4.15 3.77 3.68 3.61 3.58 3.56
3.39 3.18 3.00 2.88 2.82 2.87 2.96 3.13 3.20 3.25 3.41 3.45 3.40 3.29 3.19 3.20 3.15 3.36 3.66 4.13
5.03 5.89 6.88 7.64 7.45 7.92 7.46 7.02 6.91 6.79
C1903x2TS067_1 0.452 2.06 2.04 2.03 2.09 2.15 2.22 2.22 2.29 2.40 2.61 2.86 3.16 3.43 3.45 3.45 3.38 3.23 3.18 3.24 3.34
3.44 3.53 3.67 3.85 3.92 3.97 3.98 4.10 4.16 4.36 4.57 4.71 4.76 4.80 4.84 4.77 4.49 4.22 4.12 4.08
3.98 4.02 4.16 4.43 4.46 4.34 4.34 4.37 4.27 4.06 3.66 3.56 3.30 3.14 3.17 3.20 3.38 3.45 3.43 3.41
3.23 3.06 3.07 3.16 3.27 3.49 3.89 4.35 4.79 4.78 4.63 4.40 3.95 3.64 3.39 3.27 3.37 3.46 3.48 3.55
3.53 3.52 3.46 3.23 3.00 2.77 2.67 2.82 3.06 3.41 3.72 3.99 3.89 3.58 3.30 3.05 2.96 2.90 2.73 2.63
2.47 2.46 2.45 2.39 2.60 2.85 3.06 3.27 3.41 3.61 3.73 3.89 4.22 4.37 4.27 3.94 3.55 3.15 2.81 2.74
2.90 3.09 3.32 3.43 3.44 3.35 3.06 2.86 2.81 2.69 2.62 2.55 2.44 2.55 2.72 3.00 3.55 3.98 4.40 4.70
4.39 4.08 3.83 3.53 3.36 3.06 2.94 2.94 2.85 2.86 3.04 3.06 2.97 2.88 2.93 2.90 2.82 2.84 3.09 3.23
3.37 3.60 3.76 3.78 3.85 3.76 3.44 3.12 2.83 2.59 2.27 2.05 1.99 2.00 2.01 2.13 2.20 2.17 2.09 2.13
2.22 2.31 2.36 2.53 2.54 2.54 2.57 2.72 3.02 3.33 3.51 3.79 3.97 4.15 4.27 4.46 4.82 5.14 5.21 5.10
5.02 4.81 4.38 4.04 3.82 3.74 3.70 3.77 3.93 3.98 4.06 4.09 4.06 4.03 3.87 3.81 3.83 3.85 4.09 4.43
4.89 5.51 5.79 6.46 7.42 8.55 10.46 12.73 14.88 14.59 12.21 11.89 12.60 13.90 12.93 12.36 11.11 9.59 8.91 8.33
8.58 9.56 9.13 8.11 6.82 5.86 5.09 4.65 4.75 5.11 5.51 5.60 5.24 4.85 4.15 3.77 3.68 3.61 3.58 3.56
3.39 3.18 3.00 2.88 2.82 2.87 2.96 3.13 3.20 3.25 3.41 3.45 3.40 3.29 3.19 3.20 3.15 3.36 3.66 4.13
5.03 5.89 6.88 7.64 7.45 7.92 7.46 7.02 6.91 6.79
C1903x2TS121_2 0.388 10.88 11.85 11.52 11.32 10.34 7.42 6.11 5.46 4.90 4.72 4.68 4.94 5.38 5.36 5.28 5.24 5.03 4.71 4.63 4.86
5.25 5.93 6.86 7.99 8.96 8.27 7.35 6.86 6.03 5.73 5.62 5.56 5.51 5.31 5.19 4.90 4.28 3.68 3.47 3.39
3.26 3.33 3.50 3.66 3.45 3.27 3.32 3.32 3.29 3.38 3.35 3.40 3.22 3.27 3.39 3.49 3.72 3.93 4.02 4.03
4.01 4.08 4.24 4.47 4.56 4.66 4.81 4.78 4.75 4.42 4.11 3.93 3.56 3.24 3.12 3.02 3.14 3.37 3.45 3.63
3.70 3.83 4.08 4.02 3.96 3.99 4.01 4.02 4.04 4.26 4.72 5.21 5.38 5.56 6.06 6.09 6.49 6.62 6.23 5.86
5.21 5.01 4.92 4.52 4.68 5.08 5.51 5.83 5.72 5.57 5.25 4.72 4.43 4.13 3.90 3.70 3.58 3.50 3.54 3.73
4.11 4.39 4.51 4.15 3.70 3.40 3.06 2.83 2.86 2.90 3.11 3.28 3.50 3.95 4.32 4.65 5.15 5.22 5.14 4.92
4.42 4.04 3.79 3.48 3.28 3.12 3.12 3.24 3.31 3.48 3.67 3.54 3.31 3.09 3.00 2.90 2.95 3.17 3.62 3.96
4.36 4.82 5.50 6.08 6.87 7.48 7.94 7.25 6.41 5.75 5.29 4.99 4.65 4.31 4.15 4.03 3.87 3.70 3.56 3.61
3.74 3.70 3.59 3.55 3.31 3.14 2.91 2.86 3.09 3.50 3.91 4.38 4.62 4.76 4.62 4.59 4.74 4.90 5.13 5.10
4.85 4.48 4.12 3.90 3.92 3.85 3.94 4.12 4.28 4.36 4.50 4.57 4.86 5.10 5.06 5.41 6.71 10.53 21.91 29.85
29.85 29.85 29.85 25.76 17.30 29.85 24.64 15.24 14.41 25.96 26.15 29.85 29.85 29.85 29.85 29.85 11.65 8.42 7.66 7.36
7.61 9.88 19.60 29.85 29.85 29.85 29.85 29.85 17.46 10.75 9.08 7.22 6.00 5.37 4.63 4.38 4.31 4.32 4.50 4.64
4.69 4.80 4.89 5.04 5.26 5.54 5.84 6.41 6.75 7.43 8.49 10.35 11.33 10.55 9.31 8.43 6.77 5.90 4.99 4.77
5.29 5.71 6.46 7.60 8.21 8.09 6.85 5.97 5.77 5.36
C1903x2TS067_5 0.379 3.62 3.69 3.68 3.70 3.65 3.44 3.18 3.12 3.15 3.30 3.48 3.83 4.24 4.36 4.49 4.79 5.04 5.18 5.23 5.30
5.42 5.51 5.77 6.26 6.31 5.92 5.45 5.24 5.06 5.22 5.61 6.23 6.84 7.02 6.70 6.36 5.75 5.24 4.86 4.84
4.91 5.30 5.63 6.04 6.15 6.33 6.27 6.30 6.16 6.20 5.80 5.67 5.26 5.23 5.40 5.44 5.38 5.13 4.78 4.60
4.41 4.27 4.28 4.56 4.99 5.58 6.54 8.06 11.22 11.84 9.62 8.29 6.41 5.18 4.54 4.03 3.93 4.05 4.09 4.46
4.81 5.25 6.01 6.06 5.77 5.38 4.95 4.51 4.28 4.17 4.37 4.74 4.76 4.64 4.97 5.58 6.93 8.92 10.44 10.25
7.38 5.99 5.04 4.51 4.64 5.48 7.05 9.14 11.77 19.95 29.85 29.85 29.85 19.73 12.53 8.70 6.75 5.52 4.97 4.95
5.20 5.54 5.81 5.87 5.65 5.47 5.43 5.72 6.23 6.53 6.66 6.19 5.59 5.40 5.22 5.53 6.62 8.29 12.82 29.85
29.85 19.64 11.20 7.66 6.18 5.10 4.47 4.21 3.97 3.88 3.88 3.62 3.42 3.20 3.05 2.90 2.89 3.01 3.31 3.53
3.80 4.12 4.49 4.81 5.31 5.55 5.48 5.11 4.72 4.38 4.00 3.78 3.74 3.77 3.87 4.14 4.42 4.60 4.61 4.73
4.81 4.80 4.66 4.88 4.82 4.74 4.59 4.56 4.67 5.23 6.01 7.25 7.94 8.28 6.90 5.60 4.58 4.03 3.91 3.76
3.89 4.06 3.96 3.94 3.87 3.81 3.85 3.83 3.99 4.06 4.07 4.03 3.99 3.90 3.71 3.60 3.50 3.51 3.72 4.21
5.05 6.27 7.85 11.80 24.92 29.85 29.85 29.85 29.85 29.85 29.85 29.85 29.85 29.85 28.89 27.96 18.30 15.93 13.75 11.20
10.51 10.39 9.31 7.99 6.87 6.29 5.70 5.24 5.22 5.39 5.62 5.54 5.19 4.91 4.38 4.05 3.94 3.85 3.81 3.74
3.54 3.29 3.11 3.01 2.99 3.11 3.29 3.46 3.53 3.58 3.71 3.72 3.61 3.43 3.39 3.33 3.21 3.32 3.49 3.76
4.27 4.64 5.19 5.59 5.75 6.32 6.26 6.08 6.00 5.94
C1903x2TS067_4 0.379 3.62 3.69 3.68 3.70 3.65 3.44 3.18 3.12 3.15 3.30 3.48 3.83 4.24 4.36 4.49 4.79 5.04 5.18 5.23 5.30
5.42 5.51 5.77 6.26 6.31 5.92 5.45 5.24 5.06 5.22 5.61 6.23 6.84 7.02 6.70 6.36 5.75 5.24 4.86 4.84
4.91 5.30 5.63 6.04 6.15 6.33 6.27 6.30 6.16 6.20 5.80 5.67 5.26 5.23 5.40 5.44 5.38 5.13 4.78 4.60
4.41 4.27 4.28 4.56 4.99 5.58 6.54 8.06 11.22 11.84 9.62 8.29 6.41 5.18 4.54 4.03 3.93 4.05 4.09 4.46
4.81 5.25 6.01 6.06 5.77 5.38 4.95 4.51 4.28 4.17 4.37 4.74 4.76 4.64 4.97 5.58 6.93 8.92 10.44 10.25
7.38 5.99 5.04 4.51 4.64 5.48 7.05 9.14 11.77 19.95 29.85 29.85 29.85 19.73 12.53 8.70 6.75 5.52 4.97 4.95
5.20 5.54 5.81 5.87 5.65 5.47 5.43 5.72 6.23 6.53 6.66 6.19 5.59 5.40 5.22 5.53 6.62 8.29 12.82 29.85
29.85 19.64 11.20 7.66 6.18 5.10 4.47 4.21 3.97 3.88 3.88 3.62 3.42 3.20 3.05 2.90 2.89 3.01 3.31 3.53
3.80 4.12 4.49 4.81 5.31 5.55 5.48 5.11 4.72 4.38 4.00 3.78 3.74 3.77 3.87 4.14 4.42 4.60 4.61 4.73
4.81 4.80 4.66 4.88 4.82 4.74 4.59 4.56 4.67 5.23 6.01 7.25 7.94 8.28 6.90 5.60 4.58 4.03 3.91 3.76
3.89 4.06 3.96 3.94 3.87 3.81 3.85 3.83 3.99 4.06 4.07 4.03 3.99 3.90 3.71 3.60 3.50 3.51 3.72 4.21
5.05 6.27 7.85 11.80 24.92 29.85 29.85 29.85 29.85 29.85 29.85 29.85 29.85 29.85 28.89 27.96 18.30 15.93 13.75 11.20
10.51 10.39 9.31 7.99 6.87 6.29 5.70 5.24 5.22 5.39 5.62 5.54 5.19 4.91 4.38 4.05 3.94 3.85 3.81 3.74
3.54 3.29 3.11 3.01 2.99 3.11 3.29 3.46 3.53 3.58 3.71 3.72 3.61 3.43 3.39 3.33 3.21 3.32 3.49 3.76
4.27 4.64 5.19 5.59 5.75 6.32 6.26 6.08 6.00 5.94
C1903x2TS003_1 0.339 4.87 5.14 5.24 5.45 5.58 5.49 5.10 4.94 4.99 5.26 5.56 6.10 6.77 7.10 7.01 7.01 6.66 6.38 6.29 6.30
6.45 6.73 6.93 7.42 7.78 7.86 8.42 9.17 9.92 12.80 19.51 29.85 29.85 29.85 29.85 29.85 29.85 12.44 9.09 8.26
7.20 7.22 7.51 7.45 7.08 6.70 6.59 6.96 7.23 7.69 7.74 7.72 6.99 6.59 6.46 6.60 6.92 7.11 7.11 7.01
6.48 5.91 5.80 6.03 6.33 6.89 7.65 8.27 9.20 8.57 7.76 7.40 6.51 5.95 5.52 5.11 5.31 5.75 5.93 6.48
6.60 6.66 6.52 5.77 5.45 5.25 5.09 5.03 5.02 5.13 5.32 5.43 5.51 5.49 5.66 5.57 5.61 5.72 5.61 5.38
5.00 4.81 4.77 4.61 4.84 5.44 6.36 7.37 7.85 8.50 8.68 7.84 7.58 6.96 6.56 6.07 5.54 5.54 6.01 6.90
8.61 9.98 10.44 8.66 6.70 5.63 5.13 4.93 4.95 4.85 4.76 4.54 4.24 4.10 4.11 4.17 4.55 4.91 5.60 6.37
6.44 6.37 6.17 5.66 5.42 5.02 5.11 5.58 5.82 6.15 6.58 6.42 6.23 5.47 5.12 4.97 4.96 4.94 5.49 5.89
6.60 6.87 7.30 7.55 8.01 7.65 7.67 7.36 7.25 6.99 6.38 5.80 5.13 4.37 3.90 3.71 3.70 3.90 4.20 4.80
5.56 6.04 6.11 6.09 5.61 5.30 5.09 5.19 5.63 6.17 6.83 8.07 9.02 10.04 8.97 8.37 7.96 6.93 6.26 5.88
5.36 5.12 4.92 5.10 5.58 6.05 6.74 7.68 7.79 7.30 7.15 7.51 8.17 8.88 9.21 9.56 10.66 10.71 10.64 10.29
9.90 10.45 10.15 10.63 12.46 13.41 13.17 11.36 9.09 8.00 7.20 7.00 6.93 7.09 7.42 7.96 7.28 7.12 7.56 7.72
7.91 8.85 10.24 11.77 10.28 9.38 8.84 7.94 8.16 9.19 11.16 12.43 10.71 8.87 6.78 5.70 5.55 5.62 5.86 6.27
6.33 6.18 5.88 5.54 5.55 5.81 5.95 6.27 6.19 6.02 6.04 5.91 5.73 5.87 6.31 7.03 7.01 7.03 6.53 6.22
6.12 5.84 5.93 6.00 5.93 6.11 5.82 5.66 5.77 5.71
C1903x2TS049_1 0.236 7.03 8.04 10.48 15.47 29.85 29.85 29.85 29.85 29.85 29.85 29.85 29.85 29.85 29.85 29.85 29.85 29.85 29.85 29.85 29.85
29.85 29.85 29.85 29.85 29.85 29.85 29.85 11.08 7.51 6.51 6.19 6.92 9.24 29.85 29.85 29.85 29.85 29.85 29.85 29.85
29.85 29.85 29.85 29.85 29.85 29.85 29.85 29.85 29.85 29.85 29.85 29.85 29.85 29.85 29.85 29.85 29.85 29.85 29.85 29.85
29.85 29.85 29.85 29.85 13.35 10.49 10.31 14.69 29.85 29.85 29.85 29.85 29.85 29.85 16.82 13.83 20.82 29.85 29.85 29.85
29.85 29.85 29.85 29.85 29.85 29.85 29.85 29.85 10.78 7.08 5.93 5.35 5.17 5.46 6.08 6.29 6.18 5.90 5.53 5.30
5.24 5.72 6.99 9.53 20.48 29.85 29.85 29.85 29.85 29.85 29.85 29.85 29.85 29.85 29.85 29.85 29.85 29.85 29.85 29.85
29.85 29.85 29.85 29.85 29.85 29.85 29.85 29.85 29.85 29.85 29.85 29.85 29.85 29.85 29.85 29.85 29.85 29.85 29.85 29.85
18.38 14.71 15.84 24.10 29.85 29.85 29.85 29.85 29.85 29.85 29.85 29.85 29.85 20.01 29.85 17.89 15.18 22.61 29.85 29.85
29.85 29.85 29.85 29.85 29.85 29.85 29.85 29.85 29.85 29.85 29.85 29.85 29.85 29.85 9.31 6.67 5.89 5.63 5.98 7.68
13.06 29.85 29.85 29.85 12.32 8.14 6.48 6.21 7.15 9.09 10.58 13.01 12.77 12.79 12.42 20.97 29.85 29.85 29.85 29.85
29.85 14.16 6.97 5.60 5.36 5.68 6.58 8.42 10.32 18.60 29.85 29.85 29.85 29.85 29.85 29.85 29.85 29.85 29.85 29.85
21.81 12.71 8.37 7.97 9.52 13.88 29.85 29.85 29.85 29.85 29.85 29.85 29.85 29.85 29.85 17.17 7.92 5.82 5.16 4.72
4.99 5.87 7.29 10.48 16.10 26.59 29.85 29.85 29.85 29.85 29.85 29.85 29.85 29.85 29.85 29.85 29.85 29.85 29.85 29.85
29.85 29.85 29.85 29.85 29.85 29.85 20.26 15.26 12.72 11.33 13.10 29.85 29.85 29.85 29.85 29.85 29.85 29.85 29.85 29.85
29.85 12.36 8.48 6.55 5.53 4.97 4.31 3.96 3.78 3.77
C1903x2TS049_3 0.201 12.00 23.02 29.85 29.85 29.85 29.85 29.85 29.85 29.85 29.85 29.85 29.85 29.85 29.85 29.85 29.85 29.85 29.85 29.85 29.85
29.85 29.85 29.85 29.85 29.85 29.85 29.85 29.85 29.85 29.85 29.85 29.85 29.85 29.85 29.85 29.85 18.58 11.34 8.71 7.67
7.37 8.13 11.45 29.85 29.85 29.85 29.85 29.85 29.85 17.89 15.06 17.27 16.98 24.79 29.85 29.85 29.85 29.85 29.85 29.85
29.85 29.85 29.85 29.85 29.85 29.85 29.85 29.85 29.85 29.85 29.85 29.85 29.85 29.85 29.85 29.85 29.85 29.85 29.85 29.85
29.85 29.85 29.85 29.85 29.85 29.85 29.85 29.85 29.85 29.85 29.85 29.85 29.85 29.85 29.85 29.85 29.85 29.85 29.85 29.85
29.85 19.21 15.78 10.46 11.56 29.85 29.85 29.85 29.85 29.85 29.85 29.85 29.85 29.85 29.85 29.85 29.85 29.85 29.85 29.85
29.85 29.85 29.85 29.85 29.85 29.85 29.85 29.85 29.85 29.85 29.85 29.85 29.85 29.85 29.85 29.85 29.85 29.85 29.85 29.85
29.85 29.85 29.85 29.85 29.85 29.85 29.85 29.85 29.85 29.85 29.85 29.85 29.85 29.85 29.85 29.85 29.85 29.85 29.85 29.85
29.85 29.85 29.85 29.85 29.85 29.85 29.85 29.85 29.85 29.85 29.85 11.89 9.45 8.23 7.63 8.44 11.50 21.31 29.85 29.85
29.85 29.85 29.85 29.85 29.85 29.85 29.85 29.85 29.85 29.85 29.85 29.85 29.85 29.85 29.85 29.85 29.85 29.85 29.85 29.85
29.85 29.85 29.85 18.53 29.85 29.85 29.85 29.85 29.85 29.85 29.85 29.85 29.85 29.85 29.85 29.85 29.85 29.85 29.85 29.85
29.85 29.85 29.85 29.85 29.85 29.85 29.85 29.85 29.85 29.85 29.85 29.85 29.85 29.85 29.16 16.80 29.85 29.85 29.85 29.85
29.85 29.85 29.85 29.85 29.85 29.85 29.85 29.85 29.85 29.85 29.85 29.85 29.85 29.85 29.85 29.85 29.85 29.85 29.85 12.62
8.73 7.54 7.46 8.21 13.52 29.85 29.85 29.85 29.85 29.85 29.85 29.85 29.85 18.89 16.02 16.25 12.29 11.25 8.62 7.63
8.48 10.30 28.00 29.85 29.85 29.85 29.85 29.85 29.85 29.85
C1903x2TS049_4 0.197 29.85 29.85 29.85 29.85 29.85 29.85 29.85 29.85 29.85 29.85 29.85 29.85 29.85 29.85 29.85 29.85 29.85 29.85 29.85 29.85
29.85 29.85 29.85 13.51 7.87 6.16 5.59 5.86 6.25 6.91 7.62 8.70 10.57 19.38 29.85 29.85 29.85 29.85 29.85 29.85
29.85 29.85 29.85 29.85 29.85 29.85 29.85 29.85 29.85 29.85 29.85 29.85 29.85 29.85 29.85 29.85 29.85 29.85 29.85 29.85
29.85 29.85 29.85 29.85 29.85 29.85 29.85 29.85 29.85 29.85 29.85 29.85 29.85 29.85 29.85 29.85 27.91 20.78 18.30 23.97
29.85 29.85 29.85 29.85 29.85 29.85 29.85 29.85 29.85 29.85 29.85 29.85 29.85 29.85 29.85 29.85 29.85 29.85 29.85 29.85
29.85 29.85 29.85 29.85 29.85 29.85 29.85 29.85 29.85 29.85 29.85 29.85 29.85 29.85 29.85 29.85 29.85 29.85 19.27 29.85
29.85 29.85 29.85 29.85 29.85 29.85 29.85 29.85 26.51 12.76 10.88 10.65 14.43 29.85 29.85 29.85 29.85 29.85 29.85 29.85
29.85 29.85 29.85 29.85 29.85 26.18 29.85 29.85 29.85 29.85 29.85 29.85 29.85 29.85 29.85 29.85 29.85 29.85 29.85 29.85
29.85 29.85 29.85 29.85 29.85 29.85 29.85 29.85 29.85 29.85 29.85 29.85 29.85 29.85 29.85 29.85 29.85 29.85 29.85 29.85
29.85 29.85 29.85 29.85 29.85 29.85 29.85 29.85 29.85 29.85 29.85 29.85 29.85 29.85 29.85 29.85 29.85 29.85 29.85 29.85
29.85 29.85 29.85 14.24 12.75 17.40 29.85 29.85 29.85 29.85 29.85 29.85 29.85 29.85 29.85 16.40 10.31 9.33 8.45 10.56
29.85 29.85 29.85 29.85 29.85 29.85 29.85 29.85 29.85 29.85 29.85 29.85 29.85 29.85 29.85 29.85 29.85 29.85 29.85 10.57
8.92 10.26 17.04 29.85 29.85 29.85 29.85 29.85 29.85 29.85 29.85 29.85 29.85 29.85 19.67 14.42 16.35 21.62 29.85 29.85
29.14 16.16 15.16 18.76 29.85 29.85 29.85 29.85 29.85 29.85 29.85 29.85 29.85 29.85 29.85 29.85 29.85 29.85 22.62 12.25
14.57 26.43 29.85 29.85 29.85 29.85 29.85 29.85 29.85 29.85
C1903x2TS049_2 0.196 29.85 29.85 29.85 29.85 29.85 29.85 29.85 29.85 29.85 29.85 29.85 29.85 29.85 29.85 29.85 29.85 29.85 29.85 29.85 29.85
29.85 29.85 29.85 29.85 29.85 29.85 29.85 29.85 29.85 29.85 29.85 29.85 29.85 19.03 24.52 29.85 29.85 29.85 29.85 29.85
29.85 29.85 29.85 29.85 29.85 29.85 29.85 29.85 29.85 29.85 29.85 29.85 26.00 17.35 23.02 29.85 29.85 29.85 29.85 29.85
29.85 29.85 29.85 29.85 29.85 29.85 29.85 29.85 29.85 29.85 29.85 29.85 29.85 29.85 29.85 29.85 29.85 29.85 29.85 29.85
29.85 29.85 29.85 29.85 29.85 24.36 13.90 10.73 10.24 11.21 19.69 29.85 29.85 29.85 29.85 29.85 29.85 29.85 29.85 29.85
29.85 29.85 17.29 9.67 8.04 7.66 8.39 9.29 10.67 13.31 13.83 13.77 17.58 29.85 29.85 29.85 29.85 29.85 29.85 29.85
29.85 29.85 29.85 29.85 29.85 29.85 29.85 29.85 29.85 29.85 29.85 29.85 29.85 29.85 29.85 29.85 29.85 29.85 29.85 29.85
29.85 29.85 29.85 29.85 29.85 29.85 29.85 29.85 29.85 29.85 29.85 29.85 29.85 29.85 29.85 29.85 29.85 29.85 29.85 29.85
29.85 29.85 29.85 29.85 21.86 21.11 20.84 13.74 14.88 24.24 27.34 29.85 29.85 29.85 29.85 29.85 29.85 29.85 29.85 29.85
29.85 29.85 29.85 29.85 29.85 29.85 29.85 29.85 29.85 29.85 29.85 29.85 29.85 29.85 29.85 29.85 29.85 29.85 29.85 29.85
29.85 29.85 29.85 29.85 29.85 29.85 29.85 29.85 29.85 29.85 29.85 29.85 29.85 29.85 29.85 29.85 29.85 29.85 29.85 29.85
29.85 29.85 29.85 29.85 29.85 29.85 29.85 29.85 29.85 29.85 29.85 29.85 29.85 29.85 29.85 29.85 29.85 29.85 29.85 29.85
29.85 29.85 29.85 29.85 29.85 29.85 29.85 29.85 13.41 14.42 29.85 29.85 29.85 29.85 29.85 29.85 29.85 29.85 29.85 29.85
29.85 29.85 29.85 29.85 29.85 29.85 29.85 29.85 29.85 29.85 29.85 29.85 29.85 29.85 29.85 14.47 9.86 9.85 10.99 13.01
28.99 29.85 29.85 29.85 29.85 29.85 29.85 29.85 19.38 17.79
C1903x2TS049_5 0.171 17.04 29.85 29.85 29.85 29.85 29.85 11.30 8.38 7.95 9.52 15.11 29.85 29.85 29.85 29.85 29.85 29.85 29.85 29.85 29.85
29.85 29.85 29.85 29.85 29.85 29.85 17.94 13.51 11.75 12.44 15.96 29.85 29.85 29.85 29.85 29.85 29.85 29.85 29.85 15.35
10.95 13.54 29.85 29.85 29.85 29.85 29.85 29.85 29.85 29.85 29.85 29.85 29.85 20.60 15.94 15.12 29.85 29.85 29.85 29.85
29.85 29.85 29.85 29.85 29.85 29.85 29.85 29.85 29.85 29.85 29.85 29.85 29.85 29.85 21.51 16.67 23.30 24.75 17.79 14.35
16.90 22.70 24.89 23.02 29.85 29.85 29.85 29.85 29.85 29.85 29.85 29.85 29.85 29.85 29.85 29.85 29.85 29.85 29.85 29.85
29.85 29.85 29.85 29.85 29.85 29.85 29.85 29.85 29.85 29.85 29.85 29.85 29.85 29.85 29.85 29.85 29.85 29.85 29.85 29.85
29.85 29.85 29.85 29.85 29.85 29.85 29.85 29.85 29.85 29.85 29.85 29.85 29.85 29.85 29.85 29.85 29.85 29.85 29.85 29.85
29.85 29.85 29.85 29.85 18.75 14.58 21.63 29.85 29.85 29.85 29.85 29.85 29.85 29.85 29.85 29.85 29.85 29.85 29.85 29.85
29.85 29.85 29.85 29.85 29.85 29.85 29.85 29.85 29.85 29.85 29.85 29.85 29.85 29.85 29.85 29.85 29.85 29.85 29.85 29.85
29.85 29.85 29.85 29.85 29.85 29.85 29.85 29.85 29.85 29.85 29.85 29.85 29.85 29.85 29.85 29.85 29.85 29.85 29.85 29.85
29.85 29.85 29.85 29.85 29.85 29.85 29.85 29.85 29.85 29.85 29.85 29.85 29.85 29.85 29.85 29.85 29.85 29.85 29.85 29.85
29.85 29.85 29.85 29.85 29.85 29.85 29.85 29.85 29.85 29.85 29.85 29.85 29.85 29.85 29.85 29.85 29.85 29.85 29.85 29.85
29.85 29.85 29.85 29.85 29.85 29.85 29.85 29.85 29.85 29.85 29.85 29.85 29.85 29.85 29.85 29.85 29.85 29.85 29.85 29.85
29.85 29.85 29.85 29.85 29.85 29.85 29.85 29.85 29.85 29.85 29.85 29.85 29.85 29.85 29.85 29.85 29.85 29.85 23.16 29.85
29.85 29.85 29.85 29.85 29.85 29.85 29.85 29.85 29.85 29.85
END
