PFRMAT QA
TARGET C1909
AUTHOR 8518-5217-3649
METHOD VoroMQA
METHOD -------------
MODEL 2
QMODE 2
C1909TS003_1 0.243 29.850 29.850 29.850 29.850 29.850 29.850 29.850 29.850 29.850 29.850 29.850 29.850 29.850 29.850 29.850 29.850 29.850 29.850 29.850 29.850 28.846 21.862 19.446 12.206 16.743 16.395 23.015 12.063 29.850 19.162 12.360 13.100 11.111 10.293 10.850 11.775 12.209 9.048
C1909TS003_2 0.254 11.481 29.286 12.961 10.261 10.032 7.910 9.685 12.404 9.357 9.018 9.907 11.109 9.746 11.358 19.143 17.132 23.629 29.850 29.850 29.850 29.850 29.850 29.850 17.628 29.850 29.850 29.850 29.850 29.850 29.850 29.850 29.850 29.850 29.850 29.850 29.850 29.850 29.850
C1909TS003_3 0.295 29.850 29.850 29.850 29.850 29.850 28.660 29.850 11.866 11.358 9.909 10.552 8.906 8.728 7.300 8.223 7.789 8.179 7.361 7.171 6.691 7.360 7.866 8.500 7.117 7.562 8.226 7.893 7.825 7.035 8.251 8.399 7.868 7.590 8.068 6.156 8.360 6.937 11.117
C1909TS010_1 0.366 8.520 7.076 6.285 4.963 4.690 4.105 4.494 4.432 5.152 6.925 5.286 5.710 4.252 3.977 4.048 4.350 5.300 6.416 6.204 10.078 10.270 14.851 22.337 12.332 15.675 7.132 6.522 5.194 4.314 3.697 3.351 3.590 3.939 4.816 4.575 6.463 6.229 6.131
C1909TS010_2 0.321 7.262 6.827 6.002 6.280 5.298 5.600 6.410 7.911 8.974 7.360 8.233 6.853 6.558 5.394 5.620 5.399 6.382 6.634 8.301 15.244 29.850 29.850 29.850 29.850 29.850 13.947 9.622 6.708 5.583 5.720 5.688 6.559 6.582 5.921 6.897 7.502 6.929 7.913
C1909TS010_3 0.323 10.456 11.939 12.406 13.582 11.749 11.048 9.445 8.064 6.921 8.867 9.564 12.612 10.489 7.643 5.496 7.204 6.609 7.187 7.044 9.476 8.707 7.159 7.472 6.476 7.802 8.676 7.855 6.604 5.453 5.448 5.045 4.726 5.096 4.945 5.263 6.422 6.761 5.710
C1909TS010_4 0.313 13.248 29.850 9.387 11.237 6.485 5.632 3.974 3.443 3.439 3.485 4.886 6.163 14.201 11.233 29.850 29.850 29.850 29.850 29.850 29.850 29.850 29.850 29.850 29.850 29.850 29.850 29.850 6.807 6.853 3.728 3.454 3.198 3.530 5.305 5.781 10.257 8.771 9.106
C1909TS010_5 0.367 3.914 3.772 3.684 4.195 4.991 4.730 5.733 7.383 11.220 10.776 8.666 10.836 10.228 11.783 10.746 7.607 5.876 5.078 4.567 3.890 3.587 3.432 3.162 3.189 3.290 3.144 3.707 3.879 4.587 5.056 6.793 7.737 9.068 20.283 12.263 14.817 18.773 11.270
C1909TS044_1 0.282 6.389 6.239 7.904 7.776 14.287 20.882 29.850 29.850 29.850 29.850 29.850 29.850 29.850 29.850 29.850 29.850 29.850 13.326 7.632 6.847 6.002 5.783 4.793 5.488 5.193 6.620 7.969 13.351 15.128 29.850 29.850 29.850 27.103 17.831 15.296 10.899 29.850 12.459
C1909TS054_1 0.361 3.083 3.662 3.697 4.155 4.298 5.237 6.313 7.939 6.614 8.608 6.668 7.051 6.873 5.709 6.675 6.432 5.902 5.439 6.053 5.661 5.453 5.816 5.971 5.731 5.026 4.926 4.695 4.770 4.569 4.543 4.720 5.670 6.909 6.621 8.352 9.841 8.602 12.647
C1909TS054_2 0.322 6.674 6.587 6.828 6.448 8.603 8.581 8.984 11.540 29.850 9.912 10.891 7.516 8.884 7.259 6.472 6.505 6.532 5.635 4.945 5.074 5.383 5.190 4.487 4.468 4.353 5.234 6.175 5.796 7.414 7.971 11.450 8.918 16.554 16.343 27.744 29.850 29.850 11.199
C1909TS054_3 0.390 5.175 5.246 4.836 3.900 2.829 3.269 2.535 2.465 3.023 4.499 8.117 7.128 4.166 4.473 4.224 3.502 3.630 4.047 3.584 3.338 4.366 4.259 3.733 4.416 4.055 4.249 5.597 4.840 5.199 7.419 8.275 11.441 16.496 18.969 21.431 22.439 27.169 29.850
C1909TS054_4 0.263 23.356 21.825 29.850 17.746 29.850 29.850 29.850 29.850 29.850 29.850 29.850 15.777 26.321 11.680 12.593 11.984 13.476 8.449 8.632 7.694 9.164 9.079 6.659 7.269 6.539 8.896 7.990 9.897 13.448 29.850 29.850 29.850 29.850 29.850 29.850 29.850 29.850 29.850
C1909TS054_5 0.290 29.850 12.553 16.769 13.505 18.482 13.242 29.850 10.140 19.691 20.812 9.618 7.797 10.180 8.047 7.918 6.622 7.860 7.345 6.280 5.910 7.518 7.609 5.452 6.328 6.842 6.928 8.788 10.920 10.038 10.441 9.423 11.945 29.850 29.850 29.850 29.850 29.850 29.850
C1909TS066_1 0.393 3.746 4.240 4.710 4.516 4.558 4.773 4.574 4.513 4.352 4.349 3.800 4.243 3.911 4.451 4.194 3.868 4.418 4.352 4.199 3.777 4.670 4.990 3.638 4.692 4.145 4.942 5.919 6.560 5.804 5.368 5.503 5.355 5.896 9.761 6.065 6.692 6.661 5.148
C1909TS066_2 0.290 21.408 13.573 9.370 7.359 7.011 6.902 5.191 9.426 7.981 7.822 6.056 8.254 7.112 6.754 8.265 7.810 8.539 7.392 9.105 8.236 9.150 9.391 10.211 10.099 10.225 10.463 12.084 19.005 29.850 22.420 29.850 29.850 29.850 29.850 26.174 29.850 29.850 29.850
C1909TS067_1 0.321 9.412 7.084 6.007 6.081 6.934 7.289 5.948 6.402 7.632 6.557 6.095 5.744 6.404 6.493 6.912 6.074 7.032 6.552 6.466 6.805 7.187 9.412 7.063 7.609 7.815 7.691 8.527 7.668 8.965 7.934 8.809 10.913 9.486 7.294 10.722 15.766 8.305 9.970
C1909TS067_2 0.266 29.850 13.814 16.763 14.829 10.596 10.494 11.861 11.294 11.346 10.085 9.125 10.286 11.834 10.436 11.383 10.627 13.232 14.108 9.273 20.260 14.831 29.850 17.007 29.850 19.478 29.850 29.850 29.850 29.850 24.264 29.850 29.850 24.534 14.689 29.850 29.850 29.850 18.311
C1909TS067_3 0.283 29.850 11.605 19.030 11.623 11.337 9.707 10.835 10.004 11.978 9.195 11.395 8.438 13.230 8.472 11.727 10.448 10.838 9.944 10.020 11.412 12.190 12.956 13.298 13.023 16.226 12.154 12.275 11.363 8.920 11.033 8.802 8.927 9.025 15.753 9.294 12.046 10.851 10.130
C1909TS067_4 0.266 29.850 29.850 29.850 23.075 19.957 23.909 29.850 15.076 26.553 21.985 20.253 29.850 16.558 26.483 29.850 29.850 29.850 25.628 19.055 14.883 15.394 11.940 29.850 14.224 11.715 14.409 11.682 8.539 10.176 9.901 9.823 10.871 11.201 10.500 13.073 23.821 21.354 15.138
C1909TS067_5 0.321 9.412 7.084 6.007 6.081 6.934 7.289 5.948 6.402 7.632 6.557 6.095 5.744 6.404 6.493 6.912 6.074 7.032 6.552 6.466 6.805 7.187 9.412 7.063 7.609 7.815 7.691 8.527 7.668 8.965 7.934 8.809 10.913 9.486 7.294 10.722 15.766 8.305 9.970
C1909TS073_1 0.336 8.695 10.759 7.031 5.041 5.132 6.107 5.637 9.109 14.250 14.943 10.117 10.291 10.227 18.044 8.468 13.958 9.609 7.897 4.598 4.365 3.627 3.261 3.099 2.997 3.237 3.636 4.623 6.051 7.224 9.304 10.647 15.437 11.101 14.596 13.015 29.850 20.435 9.663
C1909TS073_2 0.310 6.193 6.125 7.738 8.435 11.832 10.294 12.756 16.275 19.936 12.127 11.349 15.961 21.128 14.110 10.135 15.321 11.004 8.712 7.800 5.195 4.689 4.744 4.514 4.396 4.410 5.024 6.556 7.229 7.189 8.719 11.601 9.784 13.543 12.068 12.001 12.908 29.850 9.275
C1909TS073_3 0.266 29.850 29.850 23.700 8.196 8.007 12.583 16.009 29.850 29.850 29.850 29.850 29.850 29.850 29.850 29.850 29.850 29.850 29.850 15.558 6.615 5.486 4.727 5.084 4.352 4.977 5.587 8.621 11.619 29.850 29.850 29.850 29.850 29.850 29.850 29.850 29.850 29.850 29.850
C1909TS073_4 0.327 4.243 5.068 5.647 5.046 4.906 5.703 5.750 10.452 29.850 17.430 11.877 13.884 17.244 29.850 11.045 29.850 12.159 7.567 5.248 4.042 3.731 3.573 3.450 3.253 3.407 3.599 4.833 5.455 7.462 8.214 13.927 29.850 29.850 29.850 29.850 29.850 29.850 29.850
C1909TS073_5 0.275 16.746 10.772 16.586 16.416 29.850 17.127 29.850 29.850 29.850 29.850 29.850 29.850 20.017 29.850 17.752 29.850 16.002 19.406 12.040 7.763 7.346 5.977 6.352 5.972 6.523 6.865 8.546 11.152 18.517 22.039 22.837 29.850 29.850 16.571 23.630 29.850 20.181 18.797
C1909TS087_1 0.438 3.950 4.226 4.066 4.077 4.229 4.240 4.728 4.118 4.181 4.184 4.728 4.827 4.136 3.540 3.382 3.118 3.642 3.390 2.802 3.122 3.436 2.932 2.876 2.999 3.104 3.471 3.715 4.241 4.497 3.880 4.155 4.514 4.425 4.813 4.346 4.654 4.477 4.246
C1909TS087_2 0.448 3.752 4.570 3.104 3.261 2.636 2.871 2.493 2.821 3.269 3.763 4.393 4.102 4.102 3.767 4.218 4.113 3.728 4.111 4.141 4.394 4.395 4.514 4.985 4.457 5.060 4.370 5.005 4.039 3.801 3.367 2.658 3.131 2.451 2.657 3.588 4.259 4.181 4.108
C1909TS087_3 0.369 4.859 4.800 4.937 4.676 4.420 4.826 4.677 5.736 5.521 7.757 6.138 7.543 6.082 5.269 5.328 5.279 5.080 4.928 4.889 4.839 4.872 5.086 4.881 4.927 4.830 5.073 5.396 5.192 4.782 4.928 4.873 4.762 4.716 5.356 6.723 7.097 21.922 9.836
C1909TS087_4 0.417 3.559 4.120 3.381 3.599 3.700 4.221 4.252 4.760 4.329 5.249 5.091 5.920 4.603 4.601 4.451 3.997 3.861 3.596 3.484 3.287 3.405 3.559 3.098 3.483 3.570 3.335 3.934 3.459 4.026 4.220 4.670 4.567 5.678 5.696 7.185 6.162 9.597 6.629
C1909TS102_1 0.285 10.285 11.934 10.264 14.719 11.641 17.693 15.167 16.759 11.979 13.718 7.631 9.969 8.948 8.728 7.732 7.745 10.046 7.958 7.947 8.838 9.718 7.307 9.416 8.561 9.075 11.479 10.888 15.323 17.852 21.059 28.525 19.491 15.914 29.850 12.035 10.760 15.505 8.759
C1909TS102_2 0.353 8.421 7.104 8.397 5.513 5.459 4.794 5.479 5.475 5.308 5.194 4.874 5.030 5.547 4.984 5.009 5.770 5.209 5.502 5.780 5.657 5.408 5.679 6.431 5.876 6.316 5.965 6.489 7.374 6.998 6.182 5.768 6.303 4.773 6.886 7.080 7.670 7.781 6.929
C1909TS103_1 0.285 10.285 11.934 10.264 14.719 11.641 17.693 15.167 16.759 11.979 13.718 7.631 9.969 8.948 8.728 7.732 7.745 10.046 7.958 7.947 8.838 9.718 7.307 9.416 8.561 9.075 11.479 10.888 15.323 17.852 21.059 28.525 19.491 15.914 29.850 12.035 10.760 15.505 8.759
C1909TS123_1 0.320 6.935 6.609 7.524 6.882 8.445 8.511 8.318 7.597 7.450 8.913 8.361 8.048 8.480 9.077 7.832 8.640 9.619 8.822 8.725 8.540 8.802 7.747 7.005 7.462 6.550 7.691 8.660 8.249 9.272 7.804 7.416 8.532 6.354 7.798 5.170 5.523 5.085 4.557
C1909TS123_2 0.319 4.775 5.266 5.338 6.086 8.149 7.359 8.831 10.463 9.567 8.225 8.015 8.444 8.937 7.412 6.741 7.565 6.416 5.767 5.892 5.513 5.439 5.731 5.573 5.322 5.422 5.683 6.359 7.107 11.674 10.209 12.259 19.068 23.744 29.850 17.347 22.330 19.360 13.411
C1909TS123_3 0.378 3.460 3.587 3.632 3.375 4.009 4.424 4.586 6.334 6.745 6.054 5.852 5.328 5.458 5.142 4.680 4.455 5.121 4.895 4.306 4.423 4.374 4.502 4.339 3.818 3.582 3.745 4.042 3.839 4.726 4.781 5.702 7.574 9.099 11.511 25.699 29.850 29.850 29.850
C1909TS123_4 0.327 3.603 4.750 5.134 6.141 8.328 8.677 12.806 14.201 17.786 28.501 11.091 11.790 8.752 7.170 7.887 6.296 6.325 6.570 5.815 5.545 4.939 4.801 4.470 4.724 4.883 5.783 7.084 6.867 9.736 13.352 10.660 10.561 7.495 6.883 8.282 9.458 13.247 9.318
C1909TS123_5 0.284 5.338 5.894 6.178 7.500 15.636 14.762 29.850 29.850 29.850 29.850 29.850 29.850 29.850 29.850 17.194 10.427 8.697 8.081 7.487 6.750 6.656 6.459 6.268 7.986 6.594 9.033 9.747 14.528 29.850 29.850 29.850 29.850 11.547 15.028 13.831 18.064 29.850 13.069
C1909TS131_1 0.339 8.240 8.435 13.004 6.457 13.581 8.542 10.331 13.509 8.660 8.540 7.472 6.478 9.037 5.981 6.354 6.153 5.799 6.326 5.502 5.981 6.100 6.080 5.802 4.972 5.491 6.049 5.153 5.555 5.983 6.154 5.232 4.978 6.005 5.606 4.660 6.255 6.051 6.416
C1909TS131_2 0.450 2.806 2.909 3.162 3.320 2.914 2.753 2.843 2.670 3.238 3.670 3.535 3.958 3.803 3.729 3.906 3.917 3.816 3.725 4.412 4.102 3.993 4.324 4.084 4.102 4.107 4.051 4.247 4.570 4.024 4.135 4.126 4.047 4.055 3.780 3.687 4.063 3.358 3.759
C1909TS131_3 0.329 7.267 7.575 9.630 6.445 9.480 8.023 9.690 10.392 8.842 8.252 7.532 7.233 11.275 6.952 7.236 7.182 6.855 8.253 7.228 7.221 8.978 7.675 7.449 5.840 6.580 6.958 6.154 5.916 6.544 6.855 5.420 5.317 6.017 5.528 5.012 5.760 5.971 5.506
C1909TS131_4 0.329 7.280 7.521 9.644 6.429 9.475 8.045 9.682 10.377 8.839 8.225 7.518 7.207 11.220 6.948 7.218 7.164 6.838 8.229 7.199 7.203 8.934 7.645 7.416 5.812 6.564 6.931 6.137 5.897 6.526 6.832 5.397 5.305 5.997 5.498 4.996 5.728 5.926 5.538
C1909TS131_5 0.333 6.421 6.845 8.959 5.757 8.043 7.235 8.525 10.002 8.580 7.832 7.651 7.020 11.181 6.977 7.229 7.189 6.811 8.300 7.195 7.213 8.826 7.548 7.381 5.811 6.494 6.890 6.127 5.848 6.505 6.766 5.329 5.212 5.805 5.312 4.780 5.397 5.515 5.234
C1909TS152_1 0.314 6.080 6.352 6.703 6.778 7.586 8.393 16.880 9.231 12.030 9.212 8.423 7.349 8.819 9.010 7.342 6.834 7.951 6.508 7.374 7.318 6.195 6.198 6.987 7.401 7.556 7.635 7.909 8.707 9.108 10.878 13.555 10.527 9.736 9.513 7.186 7.152 7.666 5.971
C1909TS152_2 0.374 4.395 4.981 4.307 4.721 4.566 4.868 5.033 5.624 7.077 7.755 7.071 5.625 5.331 5.032 5.379 4.629 5.296 5.018 4.825 4.905 5.216 4.871 4.659 4.458 4.474 4.734 4.581 4.713 4.686 4.659 4.469 4.844 5.186 5.529 7.171 8.114 8.868 11.194
C1909TS152_3 0.379 3.379 3.831 3.682 4.563 5.738 5.346 4.979 5.981 6.723 6.138 5.974 5.748 5.826 5.103 5.410 5.415 4.602 4.650 4.549 4.073 4.260 3.877 3.737 3.974 4.047 4.518 5.111 5.375 5.992 6.341 6.514 6.650 6.002 5.866 5.807 7.290 7.673 7.317
C1909TS152_4 0.289 5.463 6.302 6.340 6.262 7.467 9.523 13.884 13.755 29.850 13.678 15.797 11.069 18.256 9.430 9.262 9.146 9.855 10.550 7.692 8.963 9.369 7.493 6.585 6.545 5.847 6.750 7.521 7.947 9.420 10.729 13.879 29.850 29.850 29.850 29.850 29.850 29.850 29.850
C1909TS152_5 0.404 5.562 5.050 4.297 4.085 3.777 3.484 4.113 4.583 5.398 5.351 5.283 6.363 5.018 4.477 4.595 5.250 4.763 3.916 4.978 3.869 4.039 3.946 3.762 4.679 4.110 4.023 3.891 4.178 3.642 3.434 3.345 3.570 4.547 5.184 7.224 6.162 5.448 8.542
C1909TS158_1 0.291 9.257 8.317 8.939 7.511 6.915 7.036 5.988 9.577 29.850 29.850 29.850 29.850 29.850 29.850 29.850 29.850 29.497 10.442 5.820 5.307 6.460 6.382 8.390 13.835 11.106 15.031 7.691 6.207 5.567 4.907 4.840 6.560 8.667 29.850 29.850 29.850 29.850 29.850
C1909TS158_2 0.303 10.337 7.515 7.850 7.179 7.370 7.256 6.303 7.037 9.405 14.964 13.995 7.922 10.028 11.524 8.541 6.545 8.078 10.038 7.795 8.028 8.416 7.664 7.729 9.184 8.140 8.452 7.258 6.362 7.135 5.924 7.646 7.173 11.386 14.941 13.812 29.850 29.850 29.850
C1909TS158_3 0.323 7.544 7.017 6.630 6.938 6.569 6.545 7.194 8.207 7.362 6.513 10.376 6.625 8.762 7.560 8.541 7.290 5.785 6.588 5.877 6.822 7.456 8.433 8.371 8.861 9.990 9.231 9.636 8.469 7.252 6.470 6.204 6.380 6.454 5.348 8.214 6.771 7.415 8.692
C1909TS158_4 0.238 29.850 29.850 29.850 29.850 29.850 29.850 29.850 29.850 20.293 13.637 10.836 13.553 12.664 8.291 9.298 8.313 10.634 8.497 8.711 10.669 9.711 10.919 23.192 29.850 28.663 15.100 29.850 29.850 29.850 29.850 29.850 29.850 29.850 29.850 29.850 29.850 29.850 29.850
C1909TS158_5 0.266 14.128 14.760 21.248 13.662 17.363 14.417 29.850 17.058 21.158 16.584 28.829 19.427 20.471 15.515 19.222 12.515 13.564 13.905 11.577 11.410 10.822 12.693 12.168 12.378 16.917 14.671 14.524 11.581 15.868 13.818 12.950 29.688 20.804 29.850 26.615 29.850 29.850 29.850
C1909TS182_1 0.302 16.350 16.408 22.044 8.924 21.421 29.850 29.850 29.850 29.850 29.850 14.710 29.850 21.438 9.495 9.940 9.755 9.941 8.344 7.234 7.458 4.665 3.728 2.958 3.281 3.458 3.900 5.560 7.123 7.062 18.343 11.744 29.850 19.425 29.850 29.850 16.997 29.850 29.850
C1909TS182_2 0.304 10.736 9.980 14.563 10.083 29.850 29.850 29.850 29.850 24.159 13.395 13.446 9.451 12.642 7.238 7.198 7.716 7.532 6.611 6.072 7.038 6.028 6.047 5.774 5.910 6.059 6.295 6.270 7.227 6.924 9.417 14.194 14.979 10.317 18.702 10.223 7.886 7.762 6.376
C1909TS182_3 0.297 17.709 18.062 17.648 12.026 17.711 29.850 15.329 22.110 20.503 15.254 15.794 10.789 15.667 7.872 14.859 8.691 9.683 8.946 7.338 10.141 5.878 4.411 4.148 3.903 4.501 4.772 6.619 8.395 7.417 13.986 10.800 19.659 22.426 14.320 19.916 29.850 29.850 29.850
C1909TS182_4 0.380 5.585 6.282 5.956 5.349 7.170 6.411 6.856 6.720 8.552 6.034 5.277 5.781 5.339 4.389 4.340 4.705 4.277 3.703 3.855 4.958 3.611 3.647 4.242 4.666 4.550 4.661 4.950 5.183 5.272 5.911 6.115 6.325 5.793 6.249 4.812 4.400 5.145 3.577
C1909TS182_5 0.332 6.503 7.958 7.750 7.698 12.819 16.334 14.144 29.850 29.850 11.175 24.319 10.291 14.691 6.732 7.628 6.983 6.301 5.169 4.578 5.073 4.511 4.000 4.762 4.693 4.987 5.152 5.018 5.589 5.428 7.113 9.385 10.143 7.397 9.678 6.913 5.979 5.560 4.939
C1909TS196_1 0.353 8.421 7.104 8.397 5.513 5.459 4.794 5.479 5.475 5.308 5.194 4.874 5.030 5.547 4.984 5.009 5.770 5.209 5.502 5.780 5.657 5.408 5.679 6.431 5.876 6.316 5.965 6.489 7.374 6.998 6.182 5.768 6.303 4.773 6.886 7.080 7.670 7.781 6.929
C1909TS200_1 0.354 7.033 6.495 6.313 5.855 6.055 5.204 5.009 5.120 5.572 5.399 5.582 5.912 5.064 5.186 5.148 5.372 5.809 5.288 5.662 5.856 6.800 6.582 7.304 6.710 5.913 5.908 6.017 6.189 5.897 5.799 5.670 6.045 5.502 5.824 6.380 6.110 6.195 7.191
C1909TS210_1 0.479 3.330 3.241 3.144 2.911 2.640 2.326 2.597 3.169 4.208 4.513 4.264 4.385 3.472 3.272 3.364 2.722 2.483 2.698 2.446 2.243 2.488 2.436 2.904 3.050 3.427 3.274 3.328 2.850 2.886 2.644 2.618 3.696 3.671 4.613 4.940 5.508 5.364 6.575
C1909TS210_2 0.235 19.085 29.850 29.850 29.850 29.850 29.850 28.666 12.651 20.572 10.888 19.750 29.850 29.850 29.850 29.850 29.850 29.850 29.850 29.850 29.850 20.811 29.850 24.260 29.850 29.850 29.850 29.850 29.850 29.850 29.850 29.850 29.850 29.850 29.850 29.850 29.850 27.225 19.725
C1909TS210_3 0.442 3.519 3.380 3.495 3.103 2.957 3.223 3.590 4.468 5.181 5.136 4.711 4.851 3.935 3.683 4.090 3.830 3.480 3.773 3.685 3.253 3.392 3.794 3.774 3.720 3.892 3.736 3.516 3.258 3.252 3.010 2.878 3.257 3.441 4.670 5.073 5.645 5.842 4.756
C1909TS210_4 0.282 9.435 12.574 11.633 29.850 29.850 29.850 29.850 29.850 29.850 20.673 9.014 9.819 7.584 7.887 8.935 9.883 9.645 11.653 15.136 14.983 10.269 9.727 8.758 8.853 11.044 10.385 13.643 12.974 10.844 7.999 7.569 7.057 6.820 6.196 8.000 9.601 29.850 10.418
C1909TS210_5 0.431 2.704 2.913 3.161 3.449 4.252 4.415 4.372 5.219 5.166 5.226 5.755 5.528 4.589 4.297 4.417 4.420 4.007 3.937 3.559 3.361 3.577 2.933 2.636 2.347 2.496 2.798 3.260 3.442 3.965 4.578 4.696 4.914 5.628 5.520 5.640 4.903 5.147 5.925
C1909TS211_1 0.338 29.850 29.850 11.594 7.828 6.085 5.624 4.495 4.984 4.669 5.148 4.604 7.099 5.282 5.756 6.026 6.101 7.722 6.058 8.028 7.716 8.009 9.026 9.171 8.692 7.518 8.679 7.306 6.619 6.149 5.349 4.364 4.634 4.154 5.564 5.235 8.022 8.346 12.531
C1909TS211_2 0.285 29.850 12.064 29.850 25.834 21.045 15.097 17.992 29.850 14.242 19.471 15.128 18.458 18.335 11.128 16.332 9.039 10.677 10.179 9.892 7.603 8.704 10.525 10.755 10.979 11.880 12.573 8.021 7.722 6.912 5.455 6.736 6.788 8.397 9.713 9.778 9.662 11.520 19.733
C1909TS211_3 0.323 29.850 11.245 7.141 5.545 5.534 6.027 5.803 5.887 5.900 5.873 7.088 7.026 6.461 6.506 8.301 10.023 29.850 29.850 29.850 17.077 9.140 10.017 29.850 7.234 29.850 7.307 6.760 7.123 6.594 6.844 6.208 5.871 4.757 5.795 5.792 4.760 5.042 4.670
C1909TS211_4 0.296 5.402 7.442 8.489 6.616 8.657 7.837 15.069 10.132 10.042 11.764 21.363 14.125 16.241 8.684 29.850 18.183 27.214 29.850 23.967 29.850 10.166 20.181 11.068 20.540 12.120 10.036 8.270 9.735 8.031 9.070 7.856 6.441 6.746 6.783 8.072 5.766 5.687 7.110
C1909TS211_5 0.294 7.624 7.475 7.982 7.042 8.026 9.388 15.952 8.328 9.061 18.414 20.839 29.850 16.697 9.277 29.850 29.850 29.850 29.850 17.467 25.639 11.914 29.850 18.722 24.092 17.694 21.128 8.429 11.802 9.184 9.397 6.429 5.615 5.286 6.570 7.084 5.171 5.066 7.035
C1909TS213_1 0.475 4.099 4.376 4.062 3.689 3.528 3.289 2.643 2.384 2.929 3.451 3.348 3.306 3.121 3.446 3.242 3.427 3.378 3.331 3.671 3.391 3.184 3.174 3.401 3.672 4.365 3.887 3.787 3.500 3.007 2.588 1.942 2.341 2.254 2.910 3.435 4.382 4.076 4.119
C1909TS213_2 0.424 6.154 7.336 5.971 4.893 4.223 4.112 2.954 2.648 3.371 3.693 3.948 3.729 3.858 4.327 4.140 4.664 4.848 5.237 5.405 5.106 5.695 5.938 6.540 5.897 7.534 5.561 5.808 4.538 3.884 2.767 2.156 2.489 2.354 2.755 3.329 3.703 2.951 3.984
C1909TS213_3 0.409 7.205 7.814 7.244 5.729 5.046 4.197 3.413 3.029 3.432 3.755 3.980 3.796 3.808 4.116 4.149 4.774 4.726 4.974 5.716 5.681 5.295 5.442 6.423 6.142 7.622 6.518 5.792 5.547 4.010 3.058 2.620 2.662 2.678 3.244 3.696 4.352 3.867 4.757
C1909TS213_4 0.435 4.478 4.809 4.562 4.173 3.817 3.629 2.911 2.840 3.346 4.110 3.753 3.723 3.687 3.925 3.787 3.891 4.110 4.040 3.988 4.145 3.848 3.756 3.927 4.282 4.521 4.456 4.236 4.238 3.224 2.522 2.408 2.868 2.783 4.042 4.061 7.546 8.812 10.559
C1909TS213_5 0.384 7.358 8.218 7.830 5.732 5.473 4.246 3.499 3.280 4.027 4.678 4.538 4.475 4.586 4.998 5.245 5.309 5.594 6.356 6.487 5.709 6.874 6.443 8.873 6.811 7.771 6.584 5.792 5.364 3.996 3.146 2.736 3.221 3.084 4.090 4.611 5.465 5.400 5.278
C1909TS215_1 0.356 6.414 5.530 6.776 5.700 5.546 6.082 6.226 6.694 6.094 5.716 5.268 5.478 6.114 5.166 5.945 5.249 5.546 5.166 5.560 5.015 5.755 5.300 5.237 4.824 5.246 5.365 7.375 5.909 6.620 5.699 7.083 6.339 6.315 6.422 6.277 6.203 5.761 5.563
C1909TS215_2 0.396 4.929 4.202 5.036 4.698 5.020 4.746 4.978 4.603 4.709 5.546 4.473 6.019 4.445 4.964 4.963 4.832 4.675 4.571 4.765 4.533 4.427 4.721 4.670 4.602 4.629 4.398 4.308 4.739 3.968 4.607 4.257 4.650 4.492 4.858 4.319 4.499 5.333 4.458
C1909TS215_3 0.414 3.642 3.900 4.281 5.402 4.747 5.555 5.221 5.468 5.049 6.458 4.432 5.171 4.168 4.606 4.016 3.534 4.149 3.670 3.357 3.247 3.906 3.212 3.102 3.198 3.608 3.380 4.509 3.730 4.650 4.994 5.662 4.221 4.826 5.164 5.154 4.956 4.395 5.244
C1909TS215_4 0.424 4.450 4.143 4.226 3.511 3.237 3.547 3.049 3.040 3.750 4.155 3.546 4.554 4.039 3.855 4.238 4.324 4.348 3.874 4.634 5.062 4.254 4.198 4.215 3.807 3.861 3.483 3.525 4.217 4.399 4.803 4.546 4.963 4.355 5.398 4.653 4.509 5.072 4.202
C1909TS215_5 0.421 3.155 3.650 3.592 3.835 4.044 4.579 4.342 3.949 4.191 4.795 4.725 4.596 4.504 4.399 4.753 4.789 4.224 4.538 5.390 4.785 4.657 4.518 4.566 4.568 4.472 4.661 4.114 3.685 3.601 3.505 3.821 3.779 3.526 3.918 4.035 4.024 3.493 3.918
C1909TS228_1 0.351 5.007 6.551 8.822 9.750 13.710 15.156 14.888 16.195 24.096 8.558 11.885 6.704 6.806 5.988 5.526 5.089 4.633 4.429 4.426 3.968 4.612 3.674 5.714 3.086 4.865 4.406 4.216 4.619 4.597 5.817 5.380 6.085 6.561 6.691 7.181 7.630 8.971 9.503
C1909TS228_2 0.351 6.287 7.961 8.076 9.450 10.211 11.512 8.749 10.570 11.018 8.832 8.924 7.579 8.160 6.348 5.725 6.239 5.822 4.931 4.640 5.461 5.309 4.108 4.000 3.333 3.528 4.394 4.400 4.067 4.738 6.091 5.440 5.530 6.098 6.717 6.616 6.826 8.469 7.817
C1909TS228_3 0.258 17.438 29.850 29.850 29.850 29.850 29.850 29.850 29.850 29.850 29.850 29.850 29.850 29.850 17.680 20.465 18.525 29.850 16.204 12.632 19.172 11.432 9.104 9.799 8.427 11.189 12.677 10.714 12.016 14.990 19.409 18.925 29.850 29.850 27.850 29.850 29.850 29.850 29.850
C1909TS228_4 0.348 5.108 6.976 9.641 10.630 13.193 14.858 13.351 14.192 18.841 8.890 10.209 6.906 6.917 6.002 5.402 5.335 4.868 4.481 4.431 4.152 4.627 4.060 4.842 3.791 4.236 4.683 4.368 4.615 4.828 5.660 5.378 5.859 6.746 6.760 7.584 7.590 10.006 8.707
C1909TS228_5 0.349 5.103 6.779 9.142 9.809 12.152 13.294 13.274 13.190 18.685 8.366 10.980 6.758 6.760 5.966 5.507 5.236 4.762 4.520 4.472 4.108 4.678 3.997 5.216 3.665 4.543 4.649 4.358 4.722 4.802 5.816 5.389 6.124 6.712 6.714 7.452 7.653 9.027 8.770
C1909TS230_1 0.336 10.368 12.017 9.554 9.022 8.522 7.057 8.098 8.458 7.035 6.317 6.208 5.549 5.996 5.678 5.805 5.358 5.392 4.734 4.764 4.617 5.516 5.918 4.942 4.909 5.046 6.095 7.411 7.791 10.631 7.671 10.230 8.811 7.992 7.235 6.813 6.619 6.651 6.888
C1909TS230_2 0.368 3.819 4.068 4.660 4.603 5.062 5.989 5.099 6.626 6.494 5.871 5.623 5.965 5.589 5.935 5.985 5.619 5.184 5.035 5.230 4.808 4.598 4.646 4.932 4.406 4.988 5.175 4.990 5.640 6.316 7.357 6.880 7.443 7.009 6.230 5.493 5.901 5.373 5.654
C1909TS230_3 0.353 4.676 4.639 5.105 5.626 5.926 7.379 7.521 10.328 9.577 11.154 9.758 7.053 6.952 5.707 5.920 5.759 5.012 4.985 4.704 4.898 4.653 4.247 4.840 4.505 4.991 4.842 5.312 5.384 7.278 9.913 10.647 10.998 8.380 7.518 5.300 5.166 5.472 4.466
C1909TS230_4 0.451 3.866 4.810 3.907 3.693 3.567 3.268 3.804 3.623 3.775 3.739 3.371 3.796 3.499 3.399 3.437 3.254 3.455 3.761 3.081 3.242 3.569 3.912 4.100 3.404 3.742 3.330 3.847 3.741 3.863 3.761 3.819 3.863 3.748 3.427 3.531 3.526 3.939 4.311
C1909TS230_5 0.277 13.737 29.850 11.267 18.500 9.540 13.233 9.088 19.988 9.455 10.235 8.175 7.469 7.739 8.518 6.300 6.472 7.359 7.869 6.168 6.530 8.739 8.284 6.868 29.850 9.325 29.850 11.032 15.620 23.253 29.543 17.354 29.850 29.850 29.850 29.850 29.850 29.850 29.850
C1909TS240_1 0.341 29.850 29.850 29.850 29.850 29.850 29.850 29.850 12.973 6.993 5.283 4.058 2.939 3.156 3.193 4.614 6.481 5.496 5.646 5.515 5.677 4.832 5.381 5.155 4.996 5.449 6.126 6.349 5.841 4.521 3.363 3.049 2.980 4.051 4.775 7.850 29.850 29.850 29.850
C1909TS240_2 0.283 7.676 7.488 5.519 4.891 4.677 4.449 6.827 7.347 8.618 29.850 29.850 29.850 29.850 29.850 29.850 29.850 29.850 29.850 29.850 29.850 11.248 24.594 22.126 11.619 11.536 10.224 11.379 7.985 5.410 4.717 4.514 4.493 4.870 5.919 6.117 12.878 29.850 9.534
C1909TS240_3 0.253 29.850 29.850 29.850 29.850 29.850 29.850 29.850 29.850 13.815 9.557 8.111 7.592 6.456 6.248 22.487 29.850 29.850 29.850 29.850 29.850 29.850 25.284 29.188 10.996 11.454 29.850 29.850 29.850 29.850 29.850 29.850 13.505 8.648 7.261 7.231 8.365 9.844 10.988
C1909TS240_4 0.267 29.850 29.850 29.850 29.850 29.850 29.850 29.850 29.850 29.850 16.128 5.786 5.739 5.678 5.487 8.767 16.527 29.850 29.850 29.850 29.850 12.299 29.501 16.433 13.118 18.734 23.348 29.850 29.850 22.935 12.971 7.100 6.376 4.797 5.662 6.717 9.877 29.850 29.850
C1909TS240_5 0.321 29.850 29.850 29.850 29.850 29.850 29.850 12.559 9.925 7.040 6.303 4.821 4.164 4.448 4.810 6.711 7.983 8.818 10.747 8.404 8.299 6.839 5.502 5.498 5.305 5.927 7.715 7.755 8.368 8.761 7.555 5.470 4.792 3.995 4.325 4.537 7.316 7.128 8.166
C1909TS247_1 0.311 11.658 15.792 14.710 12.252 11.287 10.683 9.886 8.963 8.062 8.313 8.722 8.181 8.555 5.027 6.505 7.119 5.728 6.033 5.338 5.894 5.139 5.581 5.302 5.185 5.203 6.302 6.448 8.183 8.712 10.697 12.298 11.563 11.669 12.411 12.803 29.850 13.734 29.850
C1909TS247_2 0.260 23.767 29.850 24.036 19.188 29.850 29.850 29.850 29.850 29.850 17.491 29.731 16.749 9.385 9.328 9.126 14.060 11.546 7.695 14.604 11.868 8.381 11.350 10.054 11.629 15.552 20.510 10.796 13.096 29.850 18.617 29.850 29.850 29.850 29.850 29.850 29.850 29.850 29.850
C1909TS247_3 0.263 29.850 29.850 29.850 29.850 29.850 28.876 19.134 14.675 11.409 10.871 10.927 13.507 12.414 9.007 9.906 16.735 11.227 11.867 11.898 16.758 11.637 10.141 11.948 16.526 11.484 16.277 29.850 29.850 29.850 29.850 29.850 26.881 18.953 29.850 20.023 29.850 29.850 11.045
C1909TS247_4 0.394 4.398 4.100 4.057 4.263 3.699 4.400 4.035 4.714 4.471 4.996 4.482 4.472 4.372 4.562 4.979 4.424 5.151 4.950 4.728 5.085 5.151 6.339 4.930 5.698 5.108 5.444 5.341 4.835 4.174 4.469 3.829 4.630 4.396 5.086 5.410 5.068 5.821 5.190
C1909TS247_5 0.299 15.207 29.850 10.459 8.918 7.277 5.782 6.330 6.268 6.382 6.304 7.597 15.785 9.180 29.850 11.707 15.309 29.850 29.850 29.850 29.850 12.119 10.289 11.963 12.572 22.799 12.723 13.927 12.416 9.324 9.797 8.355 7.144 7.407 6.186 5.519 6.104 4.931 5.215
C1909TS258_1 0.319 9.780 8.023 9.521 8.618 8.543 8.696 8.912 8.829 7.664 6.281 6.995 7.781 6.713 5.907 6.303 6.449 5.725 5.770 6.828 5.742 5.481 5.944 6.375 7.002 8.682 8.719 7.884 6.798 8.193 7.952 10.742 8.257 9.811 11.211 10.439 8.037 9.534 7.936
C1909TS258_2 0.329 8.987 8.804 8.894 7.694 6.706 6.394 6.019 6.194 6.007 7.117 5.727 6.704 5.847 6.236 6.125 6.464 6.458 6.135 7.089 6.262 6.620 7.061 7.186 7.782 8.562 8.516 7.278 6.213 6.405 5.866 5.099 5.788 6.706 7.325 8.705 12.240 10.697 10.258
C1909TS258_3 0.323 7.149 8.203 6.534 6.703 8.462 6.727 6.623 6.439 8.520 7.233 7.523 7.496 7.440 6.828 6.754 6.149 6.692 6.752 6.191 6.836 6.802 6.830 7.836 7.608 6.679 8.562 7.223 6.317 7.263 7.012 6.296 7.020 8.505 8.305 9.591 10.443 10.064 7.054
C1909TS258_4 0.294 8.935 22.005 12.169 18.689 29.850 15.958 19.363 13.984 8.873 7.851 6.636 8.482 11.755 6.023 6.306 9.600 6.294 5.602 5.764 8.794 5.704 5.395 6.236 7.577 6.562 10.465 9.444 11.880 22.376 29.850 20.700 29.850 23.076 29.850 29.850 29.850 16.789 8.928
C1909TS258_5 0.297 10.465 10.332 11.724 10.025 29.850 11.763 11.197 12.645 13.449 11.668 9.419 10.371 10.563 8.133 7.211 8.359 6.905 6.115 6.043 6.263 6.048 6.384 6.151 6.674 7.783 9.545 9.456 11.928 16.328 12.883 16.570 11.964 13.755 12.673 13.163 10.950 16.051 8.245
C1909TS273_1 0.230 29.850 15.670 29.850 29.850 29.850 29.850 29.850 20.989 29.850 29.850 29.850 29.850 29.850 29.850 29.850 29.850 29.850 29.850 29.850 29.850 29.850 29.850 29.850 29.850 29.850 29.850 29.850 29.850 29.850 29.850 29.850 29.850 29.850 29.850 29.850 29.850 29.850 29.850
C1909TS273_2 0.305 12.956 22.830 12.293 21.034 13.514 12.228 11.260 8.804 10.674 9.937 13.871 11.622 15.943 7.431 6.786 6.764 7.159 8.741 8.957 9.837 12.017 11.773 8.482 10.536 10.172 10.847 9.103 8.629 5.985 7.285 5.362 5.661 5.551 6.083 6.182 6.437 7.477 7.923
C1909TS273_3 0.363 3.890 3.703 3.552 4.515 4.505 4.886 5.796 6.978 10.090 11.604 11.324 14.640 11.273 11.670 9.857 6.990 5.760 5.312 4.537 4.180 3.788 3.836 3.623 3.675 3.823 3.653 4.501 4.189 5.296 5.013 6.457 6.182 7.450 13.541 9.093 9.814 12.568 9.368
C1909TS273_4 0.318 8.981 8.128 6.726 6.154 6.285 6.068 7.318 10.180 14.047 9.242 8.600 7.340 6.729 5.576 5.275 6.290 7.219 6.800 12.242 11.948 17.650 18.095 24.435 18.299 16.643 17.498 9.554 7.752 6.316 6.274 5.949 5.368 5.174 5.670 5.625 6.589 6.720 6.811
C1909TS273_5 0.225 29.850 29.850 29.850 29.850 29.850 29.850 29.850 29.850 29.850 29.850 29.850 29.850 29.850 29.850 29.850 29.850 29.850 29.850 29.850 29.850 29.850 29.850 22.603 29.850 29.850 29.850 29.850 29.850 29.850 29.850 29.850 29.850 29.850 29.850 29.850 29.850 29.850 29.850
C1909TS278_1 0.383 4.812 4.820 4.475 4.219 3.635 3.744 4.166 4.958 5.846 5.681 5.420 4.508 5.099 5.256 5.255 4.502 5.132 5.626 5.064 5.236 5.513 5.676 6.820 8.220 6.986 6.128 5.660 5.173 4.489 3.497 3.219 3.353 3.561 4.709 4.901 6.384 9.019 11.115
C1909TS278_2 0.357 5.260 6.165 7.561 5.181 7.137 6.183 7.673 8.234 6.172 7.541 5.195 6.323 6.319 5.508 5.005 4.797 5.564 4.731 4.488 5.102 4.596 4.143 4.063 4.655 4.190 4.750 4.188 4.240 4.056 5.248 6.449 5.947 7.904 9.222 10.487 14.169 29.850 15.647
C1909TS278_3 0.306 7.019 6.848 8.112 7.294 7.869 9.319 11.456 29.850 29.850 29.850 29.850 10.902 7.591 7.056 7.743 7.421 7.455 6.372 7.365 6.471 7.616 6.346 7.441 5.883 5.512 7.580 6.238 7.038 6.662 7.732 7.635 8.363 8.714 12.429 16.500 11.543 15.664 18.292
C1909TS278_4 0.343 6.286 5.794 5.711 5.376 4.553 5.078 5.319 6.488 7.061 6.460 5.972 5.807 6.608 5.919 5.404 5.183 5.817 6.067 5.844 5.619 6.347 6.442 7.719 7.994 7.251 6.961 6.012 5.156 5.570 4.891 4.457 4.908 5.637 6.948 9.784 29.850 29.850 29.850
C1909TS278_5 0.280 14.620 11.577 12.784 11.850 29.850 17.017 15.909 29.850 24.287 12.588 20.107 7.886 10.464 7.899 11.154 9.155 8.851 8.711 11.111 10.256 9.084 12.318 11.751 10.438 9.625 10.122 9.446 10.317 10.737 10.354 11.216 14.125 14.485 14.555 15.694 22.785 19.688 17.547
C1909TS299_1 0.383 4.812 4.820 4.475 4.219 3.635 3.744 4.166 4.958 5.846 5.681 5.420 4.508 5.099 5.256 5.255 4.502 5.132 5.626 5.064 5.236 5.513 5.676 6.820 8.220 6.986 6.128 5.660 5.173 4.489 3.497 3.219 3.353 3.561 4.709 4.901 6.384 9.019 11.115
C1909TS299_2 0.357 5.260 6.165 7.561 5.181 7.137 6.183 7.673 8.234 6.172 7.541 5.195 6.323 6.319 5.508 5.005 4.797 5.564 4.731 4.488 5.102 4.596 4.143 4.063 4.655 4.190 4.750 4.188 4.240 4.056 5.248 6.449 5.947 7.904 9.222 10.487 14.169 29.850 15.647
C1909TS299_3 0.306 7.019 6.848 8.112 7.294 7.869 9.319 11.456 29.850 29.850 29.850 29.850 10.902 7.591 7.056 7.743 7.421 7.455 6.372 7.365 6.471 7.616 6.346 7.441 5.883 5.512 7.580 6.238 7.038 6.662 7.732 7.635 8.363 8.714 12.429 16.500 11.543 15.664 18.292
C1909TS299_4 0.343 6.286 5.794 5.711 5.376 4.553 5.078 5.319 6.488 7.061 6.460 5.972 5.807 6.608 5.919 5.404 5.183 5.817 6.067 5.844 5.619 6.347 6.442 7.719 7.994 7.251 6.961 6.012 5.156 5.570 4.891 4.457 4.908 5.637 6.948 9.784 29.850 29.850 29.850
C1909TS299_5 0.280 14.620 11.577 12.784 11.850 29.850 17.017 15.909 29.850 24.287 12.588 20.107 7.886 10.464 7.899 11.154 9.155 8.851 8.711 11.111 10.256 9.084 12.318 11.751 10.438 9.625 10.122 9.446 10.317 10.737 10.354 11.216 14.125 14.485 14.555 15.694 22.785 19.688 17.547
C1909TS301_1 0.282 6.389 6.239 7.904 7.776 14.287 20.882 29.850 29.850 29.850 29.850 29.850 29.850 29.850 29.850 29.850 29.850 29.850 13.326 7.632 6.847 6.002 5.783 4.793 5.488 5.193 6.620 7.969 13.351 15.128 29.850 29.850 29.850 27.103 17.831 15.296 10.899 29.850 12.459
C1909TS309_1 0.483 3.761 3.816 3.503 3.166 2.755 2.570 2.573 2.973 3.611 3.055 2.751 2.993 2.790 2.802 2.944 2.860 3.176 2.918 3.032 3.164 3.330 3.273 3.009 3.160 3.295 3.309 3.330 3.328 3.309 2.888 2.739 2.675 2.664 3.325 3.884 6.282 4.983 5.476
C1909TS309_2 0.367 9.242 8.739 7.790 5.945 5.407 4.025 4.368 4.238 5.396 4.533 4.922 4.576 4.804 4.614 5.145 5.163 4.517 4.830 4.862 5.311 4.499 5.147 5.689 4.953 6.899 6.214 6.333 6.421 6.735 5.902 4.941 4.497 4.038 4.224 6.913 8.100 11.131 14.913
C1909TS309_3 0.293 9.404 7.265 10.615 7.760 8.645 9.190 8.105 11.462 15.146 29.850 12.822 9.782 11.576 10.282 12.510 8.344 10.186 9.705 8.022 8.141 8.683 8.004 9.644 7.973 7.953 9.959 9.379 8.184 8.982 8.810 7.524 8.348 7.989 9.664 15.445 29.850 29.850 29.850
C1909TS309_4 0.364 9.446 7.381 7.456 7.118 7.318 6.199 6.008 6.367 5.474 4.768 4.425 4.991 5.147 4.284 4.503 5.249 4.619 3.870 4.897 5.214 4.269 4.011 5.089 4.378 4.740 4.667 5.902 4.974 6.813 5.859 7.294 6.495 6.290 7.342 6.902 6.931 7.677 6.040
C1909TS309_5 0.386 15.095 6.712 6.840 5.137 5.222 4.693 4.564 5.108 6.061 4.992 4.312 4.842 4.542 3.952 4.159 4.431 4.690 4.012 3.791 4.154 4.228 3.509 3.499 3.554 3.636 4.056 4.488 5.964 5.250 4.924 4.998 5.128 4.938 5.451 5.629 9.208 12.384 9.700
C1909TS345_1 0.380 5.397 5.591 5.636 5.315 5.082 5.367 5.016 4.908 5.120 4.984 5.228 5.543 4.840 4.575 4.475 4.947 4.936 4.283 4.670 4.444 5.107 4.602 4.645 4.668 4.900 4.929 5.259 5.298 4.787 4.408 5.111 4.805 5.767 5.777 5.597 5.384 5.652 6.391
C1909TS345_2 0.394 6.674 5.912 5.989 4.832 5.398 4.296 4.618 4.491 4.567 5.768 5.004 5.729 4.528 4.569 4.266 4.311 4.391 3.616 3.730 3.578 4.390 3.575 3.397 3.587 4.178 4.042 5.291 5.016 5.507 4.776 4.796 4.322 4.998 5.262 6.454 6.210 7.228 6.409
C1909TS345_3 0.392 9.400 9.501 8.060 6.259 5.125 4.500 4.196 3.508 3.748 3.532 3.771 4.035 4.071 3.728 3.843 4.332 4.181 4.124 4.430 4.382 5.090 4.768 4.743 4.738 4.978 5.081 5.894 6.184 6.364 6.899 6.904 6.371 5.683 5.208 4.103 3.879 3.608 3.917
C1909TS345_4 0.393 29.850 11.650 8.403 5.107 4.930 4.242 3.537 3.112 3.712 4.877 5.004 4.740 4.442 4.421 5.264 5.028 4.585 5.279 5.645 5.443 4.887 4.847 4.413 4.847 4.444 3.805 4.229 3.660 3.633 3.141 2.804 3.198 3.771 5.237 5.841 7.236 13.288 9.000
C1909TS345_5 0.454 3.853 3.792 3.981 4.192 4.113 4.229 4.093 4.719 3.946 3.557 3.364 3.154 3.357 3.529 3.142 2.944 3.215 3.057 2.913 2.779 3.142 3.174 2.884 3.432 3.229 3.094 3.467 3.297 3.814 3.576 3.781 3.647 4.248 4.385 4.799 4.474 4.489 4.854
C1909TS347_1 0.316 29.850 29.850 29.850 29.850 18.231 29.850 5.999 12.355 5.194 4.813 4.603 5.437 4.690 4.499 4.283 4.860 4.272 4.375 4.851 5.053 5.342 5.722 6.607 6.469 6.787 11.328 15.382 8.815 7.819 6.217 5.653 7.486 10.781 29.850 29.850 29.850 29.850 29.850
C1909TS349_1 0.283 11.041 9.059 10.434 13.231 11.032 21.128 12.645 18.192 12.425 9.954 14.741 15.510 16.528 11.229 12.075 10.041 11.916 10.570 10.823 12.231 9.161 10.418 10.935 8.752 9.331 9.328 11.446 8.678 10.727 11.754 14.654 9.193 11.092 12.901 12.703 10.610 13.386 11.193
C1909TS349_2 0.280 11.542 9.624 10.981 13.941 12.081 29.850 13.483 23.045 13.115 10.461 15.962 16.755 18.531 11.900 12.771 10.305 12.483 10.997 11.211 12.693 9.412 10.777 11.331 9.113 9.739 9.599 12.087 8.910 11.100 12.419 15.648 9.454 11.520 14.074 13.280 11.075 13.993 12.026
C1909TS349_3 0.283 9.291 11.822 9.949 19.860 12.143 29.850 20.106 14.436 14.819 11.129 29.850 22.320 14.841 12.027 15.213 9.979 10.832 10.644 9.736 14.212 8.515 10.189 10.483 9.620 10.565 7.314 13.471 6.454 12.251 8.682 29.850 6.905 11.726 10.762 10.843 10.305 16.597 8.540
C1909TS349_4 0.285 9.752 10.247 9.962 16.241 11.269 29.850 18.569 14.789 13.741 10.815 25.583 17.386 13.746 11.591 13.389 9.346 10.233 10.550 9.492 13.623 8.750 10.130 10.605 9.693 10.304 7.420 11.769 6.413 12.320 8.815 29.850 6.872 11.495 10.792 9.999 10.210 14.137 8.671
C1909TS349_5 0.296 10.012 7.944 8.976 11.445 9.451 18.404 11.572 11.624 10.957 8.891 12.919 13.358 11.505 9.646 10.713 8.417 10.118 9.297 8.905 11.457 7.642 8.712 10.298 7.709 8.324 7.255 9.731 6.279 10.082 8.211 18.160 6.956 9.634 9.872 9.370 8.441 11.418 8.132
C1909TS359_1 0.285 11.057 9.763 11.089 11.765 11.161 12.968 25.884 13.651 19.116 13.017 15.926 12.341 11.924 9.674 11.562 10.605 10.544 10.597 11.308 8.798 9.448 8.495 7.425 7.063 7.908 8.270 8.343 8.455 9.330 14.207 12.605 16.252 12.917 29.850 12.148 17.403 23.045 11.450
C1909TS369_1 0.345 6.154 5.874 5.931 5.966 6.310 5.937 5.700 5.501 6.420 6.882 5.528 5.177 6.261 5.634 5.245 5.548 6.373 6.029 5.486 6.100 5.961 6.727 6.711 6.744 5.654 6.185 6.628 5.944 7.123 6.507 7.846 6.047 7.706 6.071 7.404 6.298 6.987 7.021
C1909TS369_2 0.284 10.247 13.260 14.445 16.506 29.850 29.850 29.850 29.850 29.850 12.753 27.733 12.924 9.353 8.035 8.403 7.029 5.776 6.067 5.715 5.238 5.204 5.151 5.370 6.377 6.344 7.252 7.267 7.598 9.999 29.850 29.850 29.850 29.850 29.850 29.850 29.850 29.850 29.850
C1909TS369_3 0.287 19.158 8.273 11.527 8.377 9.133 9.641 12.558 14.503 13.105 10.281 10.242 8.329 12.218 7.141 7.170 9.855 7.843 8.640 7.065 8.797 6.435 6.300 7.007 8.170 7.339 8.955 9.234 13.107 10.591 29.850 12.669 29.850 29.850 29.850 29.850 29.850 29.850 29.850
C1909TS369_4 0.312 5.362 7.615 6.941 6.674 7.628 7.712 8.446 9.911 9.580 9.739 9.643 9.878 9.516 9.423 9.161 8.203 9.268 7.862 7.132 7.756 7.032 7.328 6.441 6.194 6.743 6.112 8.457 7.059 9.788 11.940 8.084 9.149 9.666 8.945 6.989 9.962 9.938 7.838
C1909TS369_5 0.378 7.193 5.884 5.705 4.546 4.115 4.130 4.640 5.165 5.336 5.711 4.916 4.797 4.906 4.735 4.629 4.270 4.762 4.974 4.961 4.768 5.206 5.376 5.808 5.514 5.556 4.937 4.803 4.396 4.270 4.000 4.424 4.936 6.574 6.328 7.609 6.380 5.187 7.597
C1909TS389_1 0.311 29.850 9.903 29.850 10.724 7.875 7.995 6.691 6.601 5.704 6.768 6.339 7.114 6.069 6.752 7.241 6.872 7.566 7.073 7.858 7.224 7.980 9.525 9.254 8.440 10.166 8.772 7.558 6.628 6.221 5.698 5.602 5.856 6.490 8.217 19.930 29.850 18.779 29.850
C1909TS389_2 0.339 29.850 29.850 7.210 5.673 5.048 4.111 4.279 4.469 4.699 4.734 5.593 5.331 5.412 5.324 5.339 5.728 4.825 6.140 5.885 6.286 5.038 7.520 6.375 6.526 6.822 5.538 5.539 4.700 4.389 4.645 5.049 10.360 12.052 29.850 29.850 29.850 29.850 29.850
C1909TS389_3 0.298 29.850 29.850 11.981 14.121 8.181 8.528 9.279 6.415 9.784 8.288 10.231 7.686 7.396 6.856 7.985 7.495 6.562 6.844 7.976 6.118 6.337 6.848 7.311 6.189 7.413 8.208 8.463 7.011 8.120 7.067 9.428 8.974 18.001 29.850 29.850 29.850 29.850 29.850
C1909TS389_4 0.424 6.386 5.953 4.297 3.539 3.089 2.753 3.422 4.023 4.522 4.780 5.294 5.190 5.249 4.132 4.597 4.279 4.426 3.746 4.518 3.843 3.570 3.824 3.487 4.339 3.636 3.920 3.849 4.322 3.506 2.929 2.574 3.015 3.384 4.438 5.640 5.568 5.895 6.298
C1909TS389_5 0.266 9.458 17.303 11.393 11.924 14.149 24.374 16.520 22.393 20.821 25.944 21.041 13.288 17.804 19.861 21.695 12.554 14.141 29.850 11.227 9.852 13.587 13.422 14.803 15.042 15.647 29.850 15.858 29.850 19.363 29.850 29.850 29.850 29.850 18.275 15.217 14.106 14.043 10.718
C1909TS404_1 0.275 9.592 13.874 12.022 16.193 11.532 9.235 13.396 14.022 27.585 12.678 21.004 13.938 29.850 11.778 24.112 13.833 12.672 17.369 10.954 16.857 11.477 9.551 25.797 9.357 11.256 14.900 15.607 29.850 11.598 13.361 14.220 8.927 19.802 10.269 29.850 7.584 29.850 8.347
C1909TS404_2 0.278 21.329 14.403 13.930 11.862 12.896 10.608 12.803 29.850 16.364 29.850 29.850 16.452 14.155 17.878 25.094 9.865 11.335 13.158 9.582 8.820 7.701 7.547 7.580 6.863 8.590 9.094 12.459 11.854 10.294 10.568 12.088 21.983 10.968 13.839 12.780 29.850 29.850 29.850
C1909TS404_3 0.251 29.850 29.850 29.850 29.850 29.850 29.850 29.850 29.850 29.850 29.850 23.922 29.850 23.506 13.631 29.850 12.106 10.547 19.081 8.475 15.561 9.940 7.092 8.203 18.415 5.537 29.850 14.655 29.850 29.850 29.850 29.850 29.850 29.850 29.850 29.850 29.850 29.850 29.850
C1909TS404_4 0.260 29.850 29.850 29.850 29.850 29.850 29.850 29.850 29.850 29.850 29.850 25.361 29.850 24.464 13.725 29.850 12.266 10.620 19.139 8.530 15.877 9.996 7.111 8.207 18.898 5.551 29.850 17.565 29.850 29.850 29.850 29.850 27.086 29.850 29.850 29.850 29.850 29.850 14.484
C1909TS404_5 0.284 5.731 5.974 5.652 5.849 6.858 5.268 9.380 14.042 29.850 29.850 29.850 29.850 29.850 29.850 29.850 29.850 29.850 29.850 29.850 29.850 29.850 29.850 29.850 29.850 13.779 19.761 24.198 27.834 8.155 6.897 6.045 5.281 5.604 6.253 6.733 8.730 8.771 11.237
C1909TS405_1 0.222 29.850 29.850 29.850 29.850 29.850 29.850 29.850 29.850 29.850 29.850 29.850 29.850 29.850 29.850 29.850 29.850 29.850 29.850 29.850 29.850 29.850 29.850 29.850 29.850 29.850 29.850 29.850 29.850 29.850 29.850 29.850 29.850 29.850 29.850 29.850 29.850 29.850 29.850
C1909TS405_2 0.218 29.850 15.662 29.850 29.850 29.850 29.850 29.850 29.850 29.850 29.850 29.850 29.850 29.850 29.850 29.850 29.850 29.850 29.850 29.850 29.850 29.850 29.850 29.850 10.106 29.850 29.850 29.850 29.850 29.850 29.850 29.850 29.850 29.850 29.850 29.850 29.850 29.850 29.850
C1909TS405_3 0.223 11.834 29.850 29.850 29.850 29.850 29.850 29.850 29.850 29.850 29.850 29.850 29.850 21.208 29.850 29.850 29.850 29.850 29.850 29.850 29.850 29.850 29.850 29.850 29.850 12.057 29.850 29.850 29.850 29.850 29.850 29.850 29.850 29.850 29.850 29.850 29.850 29.850 29.850
C1909TS405_4 0.215 29.850 29.850 29.850 29.850 29.850 29.850 29.850 29.850 29.850 29.850 29.850 29.850 29.850 29.850 29.850 29.850 29.850 29.850 29.850 29.850 29.850 22.393 16.681 8.762 10.919 15.779 29.850 29.850 29.850 29.850 29.850 29.850 29.850 29.850 29.850 29.850 29.850 29.850
C1909TS405_5 0.208 29.850 29.850 29.850 29.850 29.850 29.850 29.850 29.850 29.850 29.850 29.850 29.850 29.850 29.850 29.850 29.850 29.850 29.850 29.850 29.850 29.850 29.850 29.850 29.850 29.850 29.850 29.850 29.850 29.850 29.850 29.850 29.850 29.850 29.850 29.850 29.850 29.850 29.850
C1909TS413_1 0.412 3.488 3.793 3.779 3.894 4.904 5.266 6.721 7.238 8.662 7.685 6.656 6.405 6.056 4.771 5.326 4.520 4.528 4.087 3.665 4.079 3.576 3.100 3.194 2.806 2.702 3.245 3.132 2.783 3.161 3.759 3.793 3.917 4.639 4.877 5.039 5.823 6.910 8.020
C1909TS413_2 0.297 8.742 8.810 11.471 10.677 14.839 15.326 13.261 29.850 22.427 11.670 11.721 15.209 10.917 10.265 9.323 8.712 8.017 6.427 6.572 7.238 5.981 5.592 6.389 6.135 6.218 7.681 7.321 6.891 8.746 8.914 8.815 8.874 12.280 16.048 10.783 22.090 29.850 29.850
C1909TS413_3 0.339 5.137 5.852 6.199 6.793 8.947 7.887 8.500 8.958 8.563 10.167 10.234 8.543 7.048 6.234 7.053 6.957 5.737 5.547 6.711 5.525 4.606 4.805 5.208 4.351 4.555 4.875 5.845 5.691 5.682 6.421 6.714 6.522 7.073 8.380 7.364 8.900 8.000 10.056
C1909TS413_4 0.292 12.880 12.467 11.032 10.742 13.231 13.582 21.141 29.850 29.850 21.295 18.999 11.358 6.677 8.561 9.118 11.004 7.439 6.909 8.452 6.651 6.746 7.385 6.832 11.553 7.660 8.207 8.421 9.476 7.942 8.345 9.521 9.740 10.983 11.244 15.538 15.051 9.478 18.175
C1909TS413_5 0.373 6.427 9.668 7.992 5.864 6.749 6.102 6.430 7.227 6.986 5.720 5.942 6.617 5.684 4.698 5.211 5.481 3.885 3.749 4.156 4.325 3.267 3.206 3.500 3.143 3.328 4.166 4.592 5.412 5.520 5.474 5.369 6.440 7.593 6.159 6.482 7.923 6.367 9.577
C1909TS414_1 0.445 4.561 5.796 4.978 4.788 4.497 4.444 3.795 4.243 3.330 3.511 3.207 3.120 3.548 3.250 2.929 3.293 3.967 3.006 2.791 3.893 3.930 2.948 3.149 3.539 4.635 4.453 5.196 4.853 4.542 3.898 3.541 3.078 3.213 3.200 3.447 4.044 3.695 3.687
C1909TS414_2 0.330 7.781 8.621 7.904 7.006 9.544 8.690 7.049 14.076 6.445 9.865 5.760 9.043 7.137 7.962 6.346 5.669 7.409 5.950 5.553 5.902 6.714 5.979 5.307 6.396 6.145 7.236 6.650 5.981 7.019 5.609 6.265 8.247 4.582 7.443 6.687 6.716 9.691 10.097
C1909TS414_3 0.306 9.342 9.297 8.529 8.751 8.564 9.435 9.356 10.543 9.543 8.799 6.630 7.854 8.965 7.286 7.334 6.662 8.510 7.935 6.632 7.514 8.911 6.943 5.854 7.004 7.050 7.150 9.227 8.456 14.670 10.989 9.297 9.635 10.415 10.824 8.074 13.979 10.130 9.772
C1909TS414_4 0.306 6.292 8.972 7.473 8.299 9.689 8.850 9.239 12.642 12.573 13.397 7.552 10.929 11.084 7.895 9.423 7.566 9.025 7.601 7.062 8.570 7.099 6.721 5.653 5.957 6.166 7.209 6.922 5.849 8.977 7.430 8.085 10.481 9.678 13.736 12.306 22.320 16.531 29.850
C1909TS414_5 0.342 9.022 7.065 7.415 6.197 7.090 6.969 6.369 5.712 6.059 5.905 5.581 6.969 5.621 5.392 5.950 6.281 4.847 5.125 6.149 5.185 5.153 5.984 5.578 8.247 6.330 6.381 5.820 6.171 5.836 5.775 5.983 6.021 5.983 7.673 7.306 12.231 8.094 10.920
C1909TS438_1 0.314 4.425 4.457 5.227 6.458 7.481 8.148 14.549 14.105 29.850 10.147 16.117 9.340 12.737 8.098 10.568 9.286 7.474 6.991 5.933 6.075 5.637 5.753 5.277 5.084 4.724 5.453 7.017 6.789 14.239 11.175 23.369 13.072 13.793 11.538 12.240 18.181 9.967 29.850
C1909TS438_2 0.328 5.759 5.720 5.167 6.324 6.317 7.317 8.100 9.479 9.703 7.704 8.632 8.692 7.426 7.162 8.144 7.007 6.312 6.223 6.025 6.028 5.222 5.717 5.443 5.761 5.769 6.199 6.420 6.353 8.916 8.351 9.079 9.257 10.148 8.404 8.101 9.560 7.442 7.795
C1909TS438_3 0.318 5.052 5.061 5.976 6.164 7.782 8.027 10.482 10.794 11.215 13.008 10.735 10.296 10.307 7.802 9.133 8.104 6.728 6.158 6.611 5.707 5.480 5.102 5.301 5.228 5.642 6.170 7.119 7.268 12.128 10.122 14.401 9.694 9.673 11.096 10.740 10.568 12.399 8.345
C1909TS438_4 0.360 4.127 4.146 3.621 4.211 4.571 4.951 5.640 6.566 7.585 7.930 8.424 6.181 8.239 6.923 6.510 6.085 6.068 6.190 4.993 5.041 5.334 5.260 5.161 4.606 4.210 4.332 4.808 4.519 5.860 5.826 6.835 7.228 7.417 8.092 6.779 7.872 6.630 7.882
C1909TS438_5 0.342 6.474 6.508 6.207 5.820 5.593 5.784 5.304 5.286 6.533 7.525 7.103 5.930 6.986 7.236 5.937 6.098 6.789 6.308 5.814 6.093 6.001 6.656 6.129 6.201 6.379 6.152 6.359 5.808 5.843 4.987 5.252 6.453 4.938 7.267 7.340 9.451 9.731 21.220
END



