PFRMAT QA
TARGET C1905
AUTHOR 5229-7541-3942
REMARK Graph-QA
METHOD Graph-QA
METHOD -------------
MODEL 2
QMODE 2
C1905TS003_1 0.13 12.285 9.171 9.428 10.48 9.937 9.956 9.441 10.626 9.85 8.675 7.533 8.012 8.273 7.973 8.477 7.946 9.256 9.816 9.974 9.816 9.932 
9.453 10.346 11.384 10.756 10.795 11.034 13.165 10.996 11.143 10.813 11.133 9.907 10.408 10.484 10.259 10.303 11.038 10.843 10.521 11.812 10.509 
12.262 9.439 11.661 9.979 10.101 10.404 9.542 10.109 8.648 8.869 8.916 8.974 8.567 8.128 6.696 6.457 5.542 5.284 5.141 5.362 4.996 
5.054 4.868 5.139 5.021 5.494 6.555 5.784 6.252 6.088 6.8 7.439 8.417 8.394 8.936 9.036 10.834 10.277 12.032 11.786 10.861 10.526 
10.883 11.419 11.651 8.851 9.065 9.11 10.537 9.498 9.593 11.103 11.227 12.883 10.431 11.021 10.845 10.726 11.572 11.463 10.967 11.539 13.013 
13.009 14.959 12.491 14.517 13.769 13.455 12.705 13.359 13.688 11.158 11.15 10.543 10.191 10.177 11.052 7.416 7.503 6.977 6.996 7.047 7.197 
6.345 7.037 6.032 6.612 7.276 6.265 6.89 7.418 6.79 6.969 8.203 8.104 9.352 9.165 10.175 9.061 8.307 8.935 9.835 10.267 9.194 
10.633 12.673 12.971 10.484 10.989 12.754 12.949 10.8 12.612 9.957 9.883 9.838 10.559 8.254 7.919 7.908 7.954 8.979 8.984 9.411 8.504 
8.869 9.089 8.518 8.296 9.584 8.934 8.953 9.239 9.391 9.555 10.225 9.538 10.427 10.584 9.931 11.453 10.476 10.154 9.188 9.298 11.462 
10.754 11.132 11.836 14.464 11.709 11.395 11.794 12.689 12.804 12.278 11.404 13.209 12.217 14.199 13.884 12.575 15.017 14.291 12.381 13.144 12.318 
15.303 15.612 13.313 15.882 16.138 13.873 13.525 13.183 14.008 11.894 11.239 11.127 11.723 10.379 11.57 11.908 11.819 12.175 12.06 13.52 13.15 
12.357 12.487 10.886 10.857 11.589 10.706 9.996 9.964 9.602 9.582 10.219 10.355 10.156 9.841 9.598 9.507 9.014 8.997 8.683 8.524 9.051 
8.724 9.001 10.256 10.516 10.542 10.397 11.856 12.173 10.94 10.938 10.56 10.966 9.602 9.291 9.199 8.419 8.771 8.066 8.228 8.099 8.084 
8.3 8.307 
END



