PFRMAT QA
TARGET C1909
AUTHOR 2076-8082-3239
METHOD ProQ3D, lDDT, error is CA-CA distance from Sscore
METHOD -------------
MODEL 2
QMODE 2
C1909TS067_1 0.20721 9.184 6.968 11.257 8.528 6.804 7.329 6.556 5.390 5.680 4.202 3.998 4.165 4.567 5.239 5.486 6.317 6.764 7.592 7.565 8.732 9.736 11.359 12.194 11.092 11.484 10.258 8.665 8.476 7.324 15.000 12.207 15.000 15.000 14.799 8.718 12.560 13.172 9.705
C1909TS273_5 0.229286 9.725 8.616 9.674 11.807 12.157 15.000 13.305 11.403 12.615 10.888 13.049 12.672 14.622 11.973 10.525 10.906 9.529 11.189 5.716 5.345 5.384 5.937 6.690 6.226 5.218 5.549 4.389 3.806 4.443 5.553 6.061 6.636 5.332 6.173 5.830 5.127 5.872 7.758
C1909TS123_1 0.361268 3.813 3.272 1.939 1.869 1.129 1.366 1.695 2.680 3.507 3.513 3.258 3.338 3.933 3.596 3.495 4.202 3.917 4.067 4.307 4.352 4.409 3.682 4.039 4.279 2.950 1.848 1.505 1.749 1.975 2.403 2.956 3.756 5.906 5.335 6.746 9.158 8.802 8.928
C1909TS123_2 0.301989 6.475 4.423 3.711 3.208 2.261 2.777 2.681 3.255 3.441 3.470 3.057 3.327 3.401 3.466 3.399 3.780 3.620 3.844 3.631 3.840 4.223 4.454 3.834 4.159 3.766 2.811 1.741 2.331 2.662 4.127 5.667 6.420 9.199 15.000 15.000 15.000 15.000 13.781
C1909TS230_2 0.339961 3.880 3.392 4.042 2.379 1.645 2.217 3.098 4.176 4.672 4.413 4.290 4.390 4.095 4.401 4.306 4.284 4.108 4.544 3.862 4.282 3.777 4.482 4.417 3.903 3.033 2.249 2.227 3.244 3.395 4.153 4.149 4.952 6.512 5.046 5.226 4.879 5.307 5.069
C1909TS413_1 0.245853 15.000 15.000 13.294 14.131 12.290 11.044 7.720 5.307 6.885 4.989 4.459 4.284 4.256 4.265 4.187 4.358 4.119 4.328 3.996 4.622 4.840 3.769 4.136 4.320 3.815 5.779 6.156 7.069 7.586 8.087 8.722 9.172 11.088 11.489 10.526 7.867 9.290 9.469
C1909TS073_3 0.239056 10.771 10.179 8.718 7.741 8.826 14.770 13.422 9.172 13.218 9.201 9.149 8.508 8.360 9.498 8.300 6.405 5.911 5.440 3.756 4.572 5.750 6.383 6.633 6.559 5.908 4.753 2.940 3.491 2.587 2.736 4.697 4.834 6.671 6.430 8.091 8.543 9.377 12.468
C1909TS299_3 0.243532 15.000 15.000 15.000 14.602 15.000 11.271 12.638 11.995 9.980 8.274 7.622 6.419 4.815 5.277 5.372 5.517 5.722 5.693 5.831 6.599 7.794 7.433 5.238 4.904 5.294 4.883 8.693 7.171 6.802 3.453 4.885 4.367 5.851 6.189 8.734 11.155 10.599 11.024
C1909TS215_4 0.412703 5.119 3.796 2.946 1.480 0.920 6.118 4.927 4.369 3.890 4.077 3.449 3.409 3.418 4.091 3.873 4.376 3.879 3.934 3.610 3.994 3.219 3.939 4.294 4.471 3.662 2.143 0.962 1.012 0.909 4.531 4.652 4.531 4.946 5.163 7.483 8.434 4.823 5.096
C1909TS152_2 0.308962 7.565 4.541 4.122 3.365 2.794 2.716 3.659 3.889 4.259 4.039 3.942 3.979 3.960 4.438 4.325 5.779 5.317 6.599 6.092 8.005 9.612 7.438 5.582 5.652 6.324 5.888 5.647 4.669 3.699 3.534 3.705 3.791 4.848 5.432 9.112 10.669 10.787 9.646
C1909TS347_1 0.157848 15.000 15.000 15.000 15.000 15.000 15.000 11.481 9.000 7.160 6.965 6.130 5.367 5.423 5.830 5.358 5.696 5.572 6.058 6.381 8.107 10.588 10.681 11.558 13.055 15.000 9.276 13.388 15.000 15.000 15.000 15.000 15.000 15.000 15.000 15.000 15.000 15.000 15.000
C1909TS010_2 0.325616 4.749 4.914 5.777 4.949 6.100 7.583 8.801 9.077 7.456 7.152 4.895 4.653 7.993 7.099 6.622 3.475 2.728 3.562 2.879 2.727 4.042 6.121 5.914 5.614 5.569 3.960 2.247 1.936 1.487 1.306 2.022 2.960 4.010 4.317 5.873 7.180 7.221 6.659
C1909TS211_3 0.173714 15.000 15.000 15.000 15.000 13.397 15.000 15.000 15.000 14.960 13.762 12.480 13.277 14.643 14.155 15.000 14.919 15.000 15.000 15.000 15.000 14.884 15.000 15.000 15.000 15.000 15.000 15.000 15.000 12.641 13.691 14.152 15.000 15.000 15.000 15.000 15.000 15.000 15.000
C1909TS010_4 0.223498 8.268 6.194 6.746 7.292 6.641 7.359 7.238 9.775 8.768 7.602 14.350 14.991 15.000 15.000 15.000 12.647 13.409 15.000 14.418 15.000 15.000 13.187 15.000 15.000 13.006 6.160 5.800 5.067 5.317 5.565 6.863 6.524 7.006 6.220 6.244 5.995 6.452 4.956
C1909TS258_5 0.281213 15.000 10.919 6.835 7.070 5.992 7.634 6.262 5.779 6.987 5.918 5.374 4.791 4.750 4.757 4.780 5.062 4.022 4.135 3.904 4.198 4.207 3.568 3.879 3.826 4.180 3.931 4.231 4.593 4.521 5.114 5.228 4.514 5.548 6.088 5.855 7.953 8.715 9.838
C1909TS215_3 0.20331 15.000 15.000 15.000 15.000 15.000 15.000 15.000 15.000 12.575 9.019 8.705 10.171 7.117 5.537 5.969 6.280 5.804 6.473 6.518 7.703 8.703 7.112 5.722 7.005 8.145 6.864 7.156 7.905 7.491 13.269 13.018 15.000 14.698 15.000 15.000 15.000 15.000 14.354
C1909TS438_2 0.308558 7.048 5.159 3.704 3.702 2.898 3.214 3.394 3.731 3.548 3.573 3.317 3.475 3.580 3.678 3.544 4.040 3.739 4.012 3.873 4.344 4.543 3.795 3.846 4.329 4.543 4.649 4.014 5.692 5.417 7.279 10.377 13.709 15.000 15.000 15.000 15.000 15.000 15.000
C1909TS215_2 0.265415 7.026 5.441 4.756 3.578 4.977 6.177 5.961 5.706 5.287 4.924 4.708 4.767 4.352 4.773 4.403 4.738 4.772 4.709 4.726 5.524 5.968 5.336 4.659 4.644 4.314 3.963 3.911 1.727 1.814 1.824 3.778 4.852 6.434 10.074 11.155 14.187 15.000 8.359
C1909TS003_1 0.0830265 15.000 15.000 15.000 15.000 15.000 15.000 15.000 15.000 15.000 15.000 15.000 15.000 15.000 15.000 15.000 15.000 15.000 15.000 15.000 15.000 15.000 15.000 15.000 15.000 15.000 15.000 15.000 15.000 15.000 15.000 15.000 15.000 15.000 15.000 15.000 15.000 15.000 15.000
C1909TS278_1 0.362824 4.636 3.316 2.833 1.226 0.648 0.798 1.507 1.867 2.834 2.910 2.640 3.103 3.203 3.333 3.486 3.853 3.911 4.104 3.944 5.470 6.040 5.524 4.428 5.117 5.663 4.851 4.221 4.187 3.569 2.594 3.254 2.265 3.629 3.943 5.057 6.159 6.577 6.484
C1909TS215_1 0.240033 11.776 8.684 7.530 5.795 6.524 6.640 5.851 5.280 4.383 3.396 3.564 3.486 3.813 4.276 4.189 4.272 4.026 4.378 4.699 5.882 6.757 5.534 5.111 5.485 4.875 5.173 5.000 5.239 4.909 4.872 5.380 5.120 5.412 5.167 3.501 2.585 5.421 5.411
C1909TS211_2 0.241891 15.000 15.000 15.000 15.000 15.000 10.218 6.181 5.267 6.938 4.495 4.393 4.034 4.227 4.782 4.379 4.537 4.415 4.157 4.522 5.110 4.175 4.590 5.922 5.782 6.664 5.734 6.303 7.230 7.449 7.178 7.836 8.173 9.466 7.778 8.754 9.451 10.488 8.352
C1909TS010_5 0.318923 4.459 4.234 4.470 4.382 2.663 3.421 3.518 3.420 4.989 5.652 5.567 5.717 5.194 4.943 4.579 3.708 3.398 5.158 4.389 5.116 4.622 4.517 4.266 4.296 4.095 4.194 2.834 2.081 1.366 1.571 2.367 1.651 3.565 3.766 4.153 5.693 6.237 4.885
C1909TS228_2 0.183289 15.000 15.000 15.000 15.000 15.000 15.000 15.000 15.000 15.000 14.643 12.553 10.839 9.383 7.551 6.889 6.334 6.227 6.478 6.227 6.381 6.374 4.767 5.181 5.857 4.978 8.323 8.685 8.144 8.187 8.958 9.071 9.592 10.145 11.007 12.872 15.000 7.904 7.699
C1909TS054_5 0.191832 15.000 12.763 10.733 12.380 12.410 11.205 8.869 10.068 7.228 5.853 4.777 4.489 4.584 5.791 4.670 5.203 4.594 4.515 4.913 6.749 7.943 6.695 6.874 6.421 5.354 5.643 6.053 6.136 5.883 5.955 6.096 6.387 7.994 8.423 10.347 13.392 13.783 14.858
C1909TS003_2 0.151464 15.000 15.000 15.000 13.397 15.000 15.000 15.000 15.000 15.000 10.492 10.171 10.053 12.274 15.000 15.000 15.000 15.000 15.000 15.000 13.005 15.000 15.000 15.000 15.000 15.000 15.000 15.000 15.000 15.000 15.000 15.000 15.000 15.000 15.000 15.000 15.000 15.000 15.000
C1909TS273_2 0.244045 15.000 15.000 15.000 15.000 15.000 15.000 15.000 15.000 13.923 12.697 13.719 13.610 15.000 9.456 10.103 6.268 6.448 5.567 5.306 5.237 5.738 5.903 6.803 6.899 4.932 4.509 4.081 3.220 3.367 3.503 4.251 4.012 4.517 3.901 3.567 3.565 4.190 3.318
C1909TS044_1 0.21966 11.341 7.115 7.043 6.757 6.325 7.729 6.440 7.125 6.632 6.388 7.916 6.626 6.089 5.932 5.347 4.633 5.279 5.537 4.830 4.383 4.668 5.386 6.666 6.018 6.369 5.273 3.963 3.855 3.948 4.488 6.052 6.011 8.204 7.087 10.525 10.799 10.968 10.444
C1909TS413_2 0.231313 15.000 15.000 15.000 15.000 13.478 13.582 10.583 8.426 5.820 5.151 4.418 4.464 4.659 4.378 4.387 4.488 4.310 4.677 4.863 5.337 6.020 4.562 5.690 5.386 4.816 7.758 8.868 9.987 10.669 9.874 11.180 11.054 10.854 11.165 12.521 10.724 11.677 15.000
C1909TS182_5 0.271998 15.000 15.000 15.000 15.000 11.377 13.533 10.547 7.629 7.858 6.926 5.968 5.212 5.181 5.401 4.711 5.703 5.112 5.151 5.560 6.708 7.458 6.939 5.433 6.558 6.422 6.798 6.309 7.140 7.143 7.259 7.448 8.220 9.090 9.060 9.915 10.460 11.890 11.309
C1909TS087_4 0.672982 3.660 3.518 2.460 1.443 1.002 0.881 0.468 0.610 0.680 2.021 1.544 1.365 1.918 2.052 2.107 2.414 3.009 3.008 3.099 3.826 4.898 4.032 4.622 3.912 1.693 0.543 0.334 0.343 0.340 0.349 0.621 0.645 1.788 1.545 3.000 5.730 7.096 6.752
C1909TS405_5 0.228104 15.000 15.000 15.000 15.000 15.000 15.000 15.000 15.000 15.000 15.000 15.000 15.000 15.000 15.000 15.000 15.000 9.414 9.971 6.311 8.107 6.989 10.502 8.744 9.095 5.798 6.591 5.005 6.247 4.786 5.600 5.673 6.693 8.411 8.953 9.434 12.788 12.706 14.996
C1909TS123_5 0.285485 11.441 6.459 5.174 4.620 3.982 4.001 4.367 3.909 3.654 3.651 3.381 3.548 3.687 3.763 3.825 4.017 3.813 4.189 4.091 5.090 6.371 4.261 4.494 5.285 6.197 5.400 4.515 6.004 6.186 7.944 12.973 15.000 15.000 15.000 15.000 15.000 15.000 15.000
C1909TS345_4 0.34398 4.659 4.667 4.478 2.648 1.944 3.472 3.159 4.307 4.442 4.383 4.727 4.749 5.065 5.453 5.818 6.235 6.884 7.290 6.483 7.619 7.714 6.475 7.360 6.617 6.231 5.818 5.632 5.741 5.409 4.929 4.693 3.630 3.560 2.800 2.675 3.120 4.093 3.892
C1909TS213_2 0.456326 3.851 2.875 1.522 1.197 1.029 0.683 0.701 1.057 2.077 3.121 2.635 2.614 3.240 2.295 2.125 2.885 2.880 2.986 3.299 3.656 3.761 3.452 3.935 3.980 2.619 1.428 0.880 1.042 0.980 1.234 1.881 1.803 3.308 3.323 5.450 7.454 6.538 6.912
C1909TS349_4 0.197173 15.000 15.000 15.000 13.369 13.349 14.723 12.738 12.767 10.656 8.645 6.805 6.859 6.805 6.774 6.290 6.835 6.678 6.735 6.392 7.364 8.395 8.233 9.543 9.136 10.555 9.111 15.000 15.000 15.000 15.000 15.000 15.000 15.000 15.000 15.000 15.000 12.323 14.480
C1909TS301_1 0.220524 12.183 7.722 7.611 7.211 6.701 8.547 7.190 7.854 7.203 6.827 8.535 6.938 6.266 6.226 5.424 4.836 5.340 5.595 4.764 4.369 4.827 5.546 6.898 6.343 6.712 5.671 4.010 3.886 3.916 4.503 6.016 6.128 8.387 7.350 11.531 11.410 12.072 11.287
C1909TS349_5 0.20624 15.000 15.000 14.818 12.292 11.929 13.643 11.710 11.734 9.433 7.443 6.010 5.963 5.796 6.004 5.700 6.211 5.996 5.772 5.772 7.176 7.739 7.966 9.742 9.328 10.094 8.357 14.782 15.000 15.000 14.538 15.000 15.000 15.000 15.000 15.000 15.000 11.765 14.486
C1909TS073_1 0.25127 14.487 13.751 13.440 12.996 15.000 15.000 15.000 13.875 15.000 12.590 10.502 8.931 9.344 8.978 6.693 5.018 4.710 3.628 3.332 3.781 5.034 5.966 6.367 6.329 5.586 4.883 3.929 4.170 3.705 3.640 4.724 4.212 5.849 5.947 7.354 8.126 10.068 10.917
C1909TS299_2 0.283507 10.028 7.258 6.651 6.277 5.713 5.829 5.181 4.438 4.186 4.083 4.119 3.923 4.066 4.185 4.032 4.210 3.975 3.927 4.105 4.808 6.249 5.229 5.074 4.879 5.065 5.354 4.675 5.399 5.236 4.814 5.356 6.139 7.322 6.654 7.458 10.169 9.520 8.150
C1909TS087_3 0.521985 3.569 3.188 1.632 0.997 0.566 0.505 0.767 2.025 2.032 2.326 2.134 2.625 2.155 2.806 2.644 3.577 3.201 3.872 4.053 5.196 6.002 4.895 4.715 4.760 3.059 2.172 1.103 0.300 0.273 0.300 0.308 0.322 0.833 0.992 2.292 5.497 6.488 6.742
C1909TS405_2 0.187175 15.000 13.692 11.751 15.000 15.000 15.000 15.000 15.000 15.000 15.000 15.000 15.000 15.000 15.000 15.000 15.000 13.237 13.203 8.265 8.472 7.246 10.625 9.178 9.802 10.033 9.806 7.197 6.661 6.849 6.606 7.371 8.322 9.168 9.091 10.704 13.178 13.994 15.000
C1909TS369_5 0.355799 8.375 5.538 4.749 3.385 2.211 2.357 2.466 3.577 3.987 3.851 3.391 3.702 3.817 3.672 3.494 3.724 3.608 3.707 3.810 3.884 3.965 3.833 3.556 3.697 3.589 1.910 1.313 0.949 1.277 1.390 3.053 3.414 5.114 5.368 5.883 8.352 7.575 8.138
C1909TS213_5 0.46467 3.748 2.943 1.468 1.305 1.061 0.887 1.027 1.459 2.387 3.120 2.731 2.697 3.385 2.768 2.373 3.435 2.957 3.236 3.436 3.991 4.158 3.759 4.184 4.282 3.057 1.488 1.094 1.135 0.886 1.438 1.549 1.519 2.982 2.659 4.715 6.627 5.729 5.848
C1909TS414_2 0.264031 14.626 9.140 7.160 6.412 7.394 8.614 7.008 6.568 6.033 5.647 5.570 5.883 5.032 4.909 5.208 5.477 4.981 5.164 5.654 6.535 5.875 6.927 8.284 9.758 8.961 8.716 8.315 8.518 8.242 7.649 9.267 11.502 12.875 11.141 12.062 13.823 12.839 12.556
C1909TS182_2 0.273253 15.000 14.445 11.922 10.969 9.175 10.413 8.258 6.216 6.553 6.173 5.683 5.119 4.707 4.809 4.435 5.000 4.819 5.125 5.252 6.517 6.729 6.391 5.354 6.528 6.485 6.944 6.520 6.881 6.915 7.333 7.838 7.572 8.260 8.777 9.008 11.071 10.969 10.091
C1909TS213_4 0.457659 4.300 3.262 1.565 1.508 1.127 0.877 1.079 1.232 2.278 2.903 2.462 2.421 3.039 2.460 2.258 3.282 3.049 3.254 3.720 3.800 4.154 3.637 3.892 3.043 2.155 0.865 0.762 0.954 0.779 1.317 1.538 1.466 3.781 3.695 6.493 8.579 6.908 6.260
C1909TS102_1 0.266593 15.000 13.985 8.674 6.270 5.582 6.414 5.631 6.832 5.938 4.846 4.879 4.715 4.559 4.792 4.625 5.046 5.192 5.091 5.286 6.057 4.908 6.537 8.529 9.418 9.319 7.758 7.143 6.502 6.599 6.454 7.170 6.237 6.588 4.719 5.056 7.784 7.696 9.392
C1909TS413_3 0.203095 15.000 15.000 15.000 15.000 15.000 15.000 15.000 10.422 7.035 7.942 8.097 7.971 6.066 5.426 5.340 5.315 5.231 4.819 5.135 5.531 7.005 6.270 4.936 5.222 6.189 6.376 6.545 9.453 9.342 9.357 10.051 9.958 11.671 11.593 12.020 15.000 15.000 8.908
C1909TS278_2 0.283507 10.028 7.258 6.651 6.277 5.713 5.829 5.181 4.438 4.186 4.083 4.119 3.923 4.066 4.185 4.032 4.210 3.975 3.927 4.105 4.808 6.249 5.229 5.074 4.879 5.065 5.354 4.675 5.399 5.236 4.814 5.356 6.139 7.322 6.654 7.458 10.169 9.520 8.150
C1909TS404_3 0.33007 14.161 6.120 5.114 3.402 2.125 1.582 1.428 1.578 2.893 3.266 4.902 4.662 5.150 6.007 5.370 6.026 6.451 6.249 6.247 6.443 4.964 6.528 8.306 7.422 5.997 4.544 4.178 2.538 2.392 1.885 2.146 3.719 4.605 5.504 8.701 14.010 14.380 10.561
C1909TS240_4 0.20293 15.000 15.000 15.000 15.000 15.000 15.000 15.000 15.000 11.671 8.559 15.000 13.758 15.000 11.969 10.407 6.940 7.400 8.302 8.345 10.155 10.476 11.794 12.175 10.071 8.218 6.371 4.875 4.281 2.300 2.599 2.752 2.691 3.172 2.545 3.381 4.752 5.300 4.630
C1909TS309_5 0.292105 9.630 4.987 4.722 4.775 2.926 3.089 3.175 1.798 2.689 3.308 3.520 3.547 3.582 3.734 3.753 4.266 4.114 4.084 4.144 5.131 5.695 5.084 4.845 5.348 4.762 4.904 4.409 4.271 4.218 3.900 4.254 4.392 5.335 5.879 7.501 10.013 12.905 13.065
C1909TS102_2 0.302288 9.320 7.058 5.984 5.733 5.568 5.605 5.198 4.581 4.362 4.151 3.946 3.925 3.794 3.936 3.660 4.013 4.442 4.437 4.379 4.890 5.833 4.619 5.014 5.464 5.197 5.405 4.810 5.323 5.306 4.885 6.099 6.245 8.911 8.904 15.000 15.000 15.000 12.315
C1909TS210_4 0.221395 15.000 15.000 12.122 15.000 12.627 13.932 12.319 11.049 11.922 11.147 12.763 13.636 13.997 10.551 8.892 7.800 7.483 10.100 8.008 7.264 7.938 9.788 9.866 9.776 9.962 8.878 6.792 6.415 5.655 4.618 4.886 5.637 8.540 7.129 7.066 8.665 8.460 8.456
C1909TS152_5 0.320198 8.602 6.333 5.421 3.791 3.202 3.554 2.029 2.964 2.912 3.837 4.486 4.303 4.232 4.606 4.379 4.794 4.784 5.374 5.250 8.067 7.583 6.735 6.908 6.434 6.006 4.544 3.884 2.512 1.113 1.511 1.614 1.634 2.717 2.686 5.323 8.224 8.841 7.893
C1909TS210_2 0.209438 15.000 10.797 11.430 14.424 12.660 15.000 15.000 15.000 14.338 15.000 15.000 15.000 15.000 15.000 15.000 15.000 10.869 11.889 6.804 7.702 7.525 10.528 10.106 9.072 8.670 8.368 6.407 6.110 4.741 7.360 8.982 10.372 11.285 11.217 15.000 15.000 15.000 15.000
C1909TS131_2 0.255358 10.096 8.707 15.000 13.553 13.270 10.965 5.642 6.310 6.918 5.523 4.755 4.916 5.073 5.190 5.141 5.205 4.805 5.258 5.086 5.944 6.652 6.816 7.003 4.786 5.124 5.251 10.705 10.681 10.471 11.743 10.948 12.311 11.466 11.745 12.825 15.000 15.000 9.813
C1909TS066_1 0.191392 15.000 15.000 14.865 15.000 14.087 15.000 11.147 11.181 9.838 9.032 7.810 6.984 6.390 7.243 5.952 6.644 6.582 6.606 6.825 7.881 8.583 8.295 9.128 7.265 8.070 8.147 8.333 8.421 9.162 10.018 10.818 12.704 15.000 15.000 15.000 15.000 15.000 15.000
C1909TS438_3 0.338381 5.816 5.028 3.834 3.771 2.891 3.373 3.413 3.899 3.688 3.322 3.006 3.346 3.408 3.452 3.408 3.781 3.409 3.783 3.738 4.010 4.575 3.736 3.929 4.294 4.710 4.658 4.086 5.221 5.008 6.535 8.155 8.420 14.668 14.641 15.000 15.000 15.000 15.000
C1909TS349_3 0.213615 15.000 15.000 13.650 11.954 11.317 12.805 10.761 11.322 9.080 7.141 5.690 5.643 5.777 6.012 5.430 5.654 5.590 5.415 5.393 6.319 6.896 7.003 8.588 8.326 9.005 7.341 13.100 14.072 14.831 14.163 15.000 15.000 15.000 15.000 15.000 15.000 11.335 13.346
C1909TS247_4 0.366253 7.106 4.481 3.590 2.778 2.545 2.270 3.354 3.885 4.216 4.218 3.624 3.875 4.149 4.168 3.960 4.589 4.305 5.363 5.138 6.968 6.429 5.270 5.547 5.998 5.222 4.500 4.213 3.922 3.254 1.662 1.957 1.898 3.573 3.920 5.895 6.953 6.253 6.814
C1909TS010_3 0.243888 15.000 15.000 14.424 15.000 15.000 15.000 14.539 15.000 13.003 11.240 11.433 12.638 13.052 9.553 9.967 5.976 6.239 5.232 4.823 4.705 5.172 6.651 6.176 6.715 5.531 4.078 3.727 3.215 3.367 3.520 4.447 4.231 4.615 4.057 3.566 3.695 4.229 3.281
C1909TS054_3 0.173086 15.000 15.000 15.000 13.896 10.331 13.894 11.866 8.220 6.000 4.913 3.921 4.210 4.005 3.965 3.999 4.343 4.092 4.318 4.987 6.702 8.014 8.161 7.987 6.193 8.206 8.501 11.231 12.657 13.736 15.000 15.000 15.000 15.000 15.000 15.000 15.000 15.000 15.000
C1909TS345_2 0.49261 7.768 5.886 6.280 4.942 1.844 2.130 0.695 0.833 0.980 3.128 1.937 1.723 2.215 2.643 2.386 3.360 4.002 4.395 4.101 5.043 5.383 4.914 4.972 4.653 3.937 4.439 3.235 2.201 1.568 0.516 0.593 0.706 1.488 1.289 1.989 4.523 4.418 5.269
C1909TS066_2 0.152084 15.000 15.000 15.000 15.000 15.000 15.000 15.000 15.000 13.002 8.097 6.611 5.999 6.365 6.684 6.313 6.120 5.785 5.585 6.105 7.326 11.814 12.130 10.342 11.720 14.234 15.000 15.000 15.000 15.000 15.000 15.000 15.000 15.000 15.000 15.000 15.000 15.000 15.000
C1909TS067_2 0.178726 15.000 15.000 15.000 13.706 11.633 10.434 6.479 7.861 8.036 5.684 5.163 5.034 5.701 5.856 5.490 6.903 6.416 7.027 6.848 8.422 8.865 6.778 8.985 9.946 10.276 10.012 10.504 9.798 9.506 12.184 12.876 15.000 15.000 14.035 13.757 15.000 15.000 15.000
C1909TS414_3 0.218669 15.000 15.000 12.589 10.358 10.556 10.243 7.921 7.753 7.134 5.037 4.682 4.667 4.588 4.506 4.518 5.186 4.522 4.889 5.071 6.132 8.068 7.469 6.288 7.625 7.544 6.672 6.334 6.648 6.552 6.652 6.947 8.192 11.216 9.382 11.212 11.983 14.422 15.000
C1909TS389_3 0.232679 9.634 7.388 5.888 6.634 5.720 6.469 3.810 4.523 3.812 4.771 5.208 4.700 4.665 5.047 4.484 4.880 5.100 5.206 5.182 6.578 7.297 5.915 6.705 8.497 6.439 6.250 5.338 5.138 4.539 5.781 6.599 9.620 11.295 12.410 14.503 15.000 15.000 15.000
C1909TS389_4 0.359137 10.557 6.483 5.610 4.289 2.991 3.753 2.838 3.870 3.556 4.117 5.001 5.011 4.855 4.951 4.592 4.905 5.151 5.524 4.984 6.812 7.748 6.960 6.417 5.123 5.144 5.483 4.961 3.214 1.479 1.606 1.577 1.713 3.024 2.781 6.274 9.940 12.890 10.183
C1909TS215_5 0.28871 5.744 4.735 4.216 3.516 3.169 7.379 6.429 5.778 4.629 5.179 5.508 5.413 5.454 5.569 5.396 6.164 5.037 4.737 4.971 5.527 5.119 4.678 6.015 4.698 4.115 3.335 2.494 2.239 6.333 6.413 6.858 6.280 8.823 9.884 10.838 11.966 7.402 8.178
C1909TS414_4 0.32122 11.040 7.156 6.656 6.079 5.351 9.598 7.912 5.522 4.675 4.949 4.599 4.677 4.660 4.619 4.462 4.938 4.411 4.834 5.117 6.560 6.590 5.142 6.711 7.049 5.842 6.308 5.932 5.779 6.084 5.904 7.405 7.598 10.511 10.435 10.505 11.639 12.496 10.210
C1909TS087_1 0.246271 11.256 8.273 7.035 5.934 5.657 6.038 7.855 6.650 5.337 7.685 8.239 8.000 8.000 5.763 4.848 5.415 6.183 6.209 7.098 9.066 10.825 8.716 8.597 7.710 5.957 6.049 5.653 9.598 10.121 11.585 12.036 11.189 11.874 13.987 13.505 9.919 11.908 11.104
C1909TS247_5 0.167498 15.000 15.000 15.000 15.000 15.000 15.000 15.000 15.000 15.000 15.000 15.000 15.000 15.000 15.000 15.000 15.000 15.000 15.000 15.000 15.000 15.000 15.000 15.000 15.000 10.249 15.000 15.000 15.000 9.174 9.347 9.183 8.928 10.069 9.584 15.000 15.000 15.000 15.000
C1909TS067_3 0.163642 15.000 15.000 9.342 13.772 10.386 9.610 8.345 7.032 7.706 5.391 5.222 4.770 5.575 8.279 5.868 6.990 5.979 6.481 6.779 9.199 8.261 8.423 15.000 14.548 15.000 15.000 12.517 14.952 15.000 15.000 15.000 15.000 15.000 15.000 15.000 15.000 15.000 15.000
C1909TS230_1 0.360434 4.087 3.637 3.203 1.488 1.194 1.145 1.699 2.321 1.265 2.831 2.602 3.460 3.455 4.124 4.378 4.879 5.093 5.506 5.485 6.739 7.836 6.879 7.037 6.483 4.860 4.278 1.834 1.368 1.153 1.601 2.888 3.142 4.470 5.295 5.056 7.468 7.526 7.132
C1909TS369_4 0.286299 10.044 8.074 5.894 5.298 3.798 3.651 3.465 3.086 3.580 3.480 3.308 3.514 3.732 3.636 3.684 4.017 3.796 3.983 4.027 4.590 5.713 5.416 4.640 5.292 5.691 6.487 7.087 6.091 5.794 7.703 6.827 8.273 11.023 14.932 15.000 15.000 15.000 14.870
C1909TS389_2 0.292285 11.762 8.510 6.699 6.961 5.512 5.128 3.628 3.794 4.304 4.403 4.871 5.054 4.719 4.753 4.902 5.897 5.383 5.882 6.514 8.058 9.511 6.873 7.062 7.887 7.198 6.218 5.288 5.592 4.080 4.586 6.510 7.991 10.371 11.148 15.000 15.000 15.000 13.839
C1909TS158_2 0.288508 8.525 5.488 4.450 3.304 1.773 2.303 3.535 3.358 3.685 3.751 3.382 3.622 3.617 3.852 3.742 4.203 4.180 4.480 4.759 4.893 5.369 4.481 4.376 4.301 4.396 3.415 2.524 3.129 2.827 4.765 4.939 5.700 7.741 6.662 6.609 7.719 7.712 8.816
C1909TS299_5 0.19631 15.000 12.759 15.000 15.000 15.000 15.000 8.034 7.171 7.821 5.645 6.336 6.308 4.686 5.307 5.141 4.820 4.756 5.404 5.146 6.266 7.249 6.184 6.623 5.947 4.921 5.952 6.399 6.514 6.604 6.585 8.210 9.586 11.959 9.427 10.293 13.174 12.768 13.625
C1909TS228_1 0.196824 15.000 15.000 15.000 15.000 15.000 15.000 15.000 15.000 14.258 12.105 9.690 7.905 8.158 6.876 6.569 6.567 6.295 6.167 5.505 6.085 6.138 4.748 5.451 6.082 5.485 9.872 10.334 9.877 9.925 11.185 10.304 11.693 14.018 15.000 15.000 15.000 9.244 10.308
C1909TS405_3 0.219491 15.000 15.000 15.000 15.000 15.000 15.000 15.000 15.000 15.000 15.000 15.000 15.000 15.000 15.000 15.000 13.815 14.136 12.180 8.996 7.541 7.720 11.522 12.310 9.413 8.865 8.796 7.141 7.367 6.884 6.593 6.261 5.954 6.285 7.055 8.010 11.314 10.999 12.278
C1909TS228_5 0.19704 15.000 15.000 15.000 15.000 15.000 15.000 15.000 15.000 14.299 12.213 9.611 8.139 8.064 6.847 6.669 6.434 6.260 6.196 5.705 6.533 6.454 5.123 5.893 6.280 5.355 10.164 10.440 10.179 10.390 11.283 10.944 11.979 14.310 15.000 15.000 15.000 10.278 10.579
C1909TS413_5 0.212252 15.000 15.000 15.000 15.000 9.931 9.113 7.104 6.332 4.894 4.729 3.788 3.792 4.067 3.978 4.384 4.511 4.250 4.480 4.884 5.664 6.245 4.523 7.706 7.677 8.346 5.898 5.578 10.308 10.367 10.479 11.941 11.867 12.974 14.875 15.000 15.000 15.000 8.975
C1909TS131_5 0.258986 10.929 10.959 8.899 8.941 6.618 6.158 5.974 4.303 4.716 3.713 3.713 3.474 3.477 3.589 3.686 4.140 4.242 4.244 3.864 3.524 3.966 4.270 4.478 4.026 6.122 6.361 6.967 6.328 7.553 7.473 6.758 7.212 7.481 8.150 9.903 13.220 10.460 6.202
C1909TS182_3 0.245638 13.068 7.514 7.097 5.707 5.974 6.703 8.078 7.101 6.953 6.747 5.794 5.919 5.440 5.905 5.747 6.393 5.791 6.745 6.094 4.737 5.153 6.284 6.100 6.056 5.721 5.595 4.750 4.052 3.230 3.860 3.877 5.009 5.589 6.557 6.925 9.263 9.059 10.519
C1909TS228_4 0.193251 15.000 15.000 15.000 15.000 15.000 15.000 15.000 15.000 13.944 11.709 8.802 8.359 7.600 6.319 6.105 6.196 6.137 6.268 5.703 6.100 6.376 5.172 6.112 6.881 6.016 10.221 10.684 10.298 9.945 11.162 10.578 11.831 13.587 14.119 14.185 15.000 9.140 9.605
C1909TS438_4 0.288178 7.381 5.032 4.164 3.783 2.831 3.024 3.533 3.764 3.618 3.640 3.439 3.658 3.678 3.766 3.948 4.092 3.824 4.140 3.944 4.769 5.527 4.376 5.107 5.961 5.579 4.681 4.365 4.827 5.349 7.243 11.198 11.935 15.000 15.000 15.000 15.000 15.000 15.000
C1909TS152_4 0.339321 5.511 4.348 3.559 2.750 1.975 1.976 3.167 3.052 4.416 3.496 3.194 3.320 3.331 3.090 3.325 3.802 3.216 3.388 3.324 3.558 3.868 3.574 4.047 4.294 3.965 3.522 2.524 2.126 2.084 3.987 5.402 6.743 9.412 8.610 10.077 12.641 11.951 10.609
C1909TS131_4 0.253489 9.439 10.819 9.564 9.065 6.938 6.406 6.191 4.694 5.010 3.742 3.676 3.497 3.563 3.667 3.818 4.496 4.642 4.786 4.321 4.000 4.510 4.692 4.780 4.258 6.653 6.752 7.232 6.663 7.918 7.802 7.290 7.530 7.736 8.935 10.983 14.552 10.666 5.701
C1909TS309_4 0.271914 15.000 10.656 6.267 6.095 4.015 4.759 3.976 4.401 4.100 3.961 3.763 3.770 4.121 3.838 3.731 4.547 4.286 4.695 4.732 5.195 5.977 5.405 4.446 5.404 5.477 4.898 4.558 5.167 5.758 6.450 6.335 6.730 8.438 10.333 11.328 14.932 15.000 15.000
C1909TS240_2 0.296147 4.848 4.207 3.841 3.768 3.375 4.468 4.953 6.142 6.832 10.008 12.989 14.764 15.000 15.000 15.000 15.000 13.261 12.990 11.036 9.539 8.232 9.038 9.297 8.650 6.865 5.651 4.923 4.462 1.809 1.942 1.612 1.872 2.287 2.234 3.487 4.194 4.743 4.566
C1909TS131_1 0.245893 8.643 10.265 8.483 8.462 6.752 6.355 6.035 4.790 5.010 3.793 3.624 3.527 3.520 3.735 3.950 4.428 4.454 4.451 4.188 3.950 4.374 4.775 4.141 6.850 7.388 7.191 7.859 7.114 8.639 8.644 7.848 8.272 8.807 10.217 10.955 15.000 11.919 6.495
C1909TS230_5 0.197535 15.000 15.000 14.132 13.256 11.730 9.622 8.424 6.965 6.419 4.795 4.402 4.409 4.172 4.372 4.201 4.440 4.356 4.453 4.520 5.465 6.589 6.066 5.393 5.716 7.475 7.050 6.565 7.767 8.861 8.920 11.326 13.297 15.000 15.000 15.000 15.000 15.000 15.000
C1909TS211_4 0.185517 15.000 15.000 15.000 15.000 15.000 15.000 15.000 15.000 15.000 15.000 13.927 14.101 15.000 14.267 14.343 12.378 15.000 15.000 15.000 15.000 15.000 15.000 15.000 15.000 15.000 15.000 15.000 15.000 15.000 14.780 14.161 15.000 15.000 15.000 15.000 15.000 15.000 15.000
C1909TS278_5 0.19631 15.000 12.759 15.000 15.000 15.000 15.000 8.034 7.171 7.821 5.645 6.336 6.308 4.686 5.307 5.141 4.820 4.756 5.404 5.146 6.266 7.249 6.184 6.623 5.947 4.921 5.952 6.399 6.514 6.604 6.585 8.210 9.586 11.959 9.427 10.293 13.174 12.768 13.625
C1909TS258_2 0.343574 4.471 3.266 1.992 1.636 0.898 0.950 1.065 1.494 2.448 2.115 1.703 2.030 2.874 2.740 2.778 3.735 3.022 4.064 3.697 4.112 4.047 3.598 4.612 4.361 3.717 1.616 1.504 2.118 2.246 2.308 4.648 4.433 7.681 6.061 7.078 7.798 8.267 9.284
C1909TS230_3 0.315376 9.973 5.970 4.906 3.645 2.377 3.331 3.836 4.091 4.894 4.528 4.138 4.238 4.270 4.128 4.005 4.895 4.179 4.044 4.242 4.833 5.583 4.446 4.273 4.358 4.784 3.701 3.269 3.144 3.755 4.025 4.362 3.810 4.765 3.633 4.247 4.355 5.261 5.892
C1909TS414_5 0.213825 15.000 15.000 11.256 11.681 7.256 11.059 10.047 7.928 5.369 5.323 4.975 4.266 4.737 4.512 4.247 4.298 5.021 5.461 5.978 6.321 6.708 5.155 6.355 7.029 6.450 6.165 6.141 6.241 6.965 7.626 9.298 9.174 11.834 10.388 12.123 14.258 15.000 15.000
C1909TS345_3 0.366766 9.306 6.867 4.813 4.176 2.159 3.202 2.447 2.712 2.308 2.554 2.730 2.710 3.118 3.739 3.612 4.623 4.484 4.925 5.033 6.960 7.311 5.926 4.661 5.547 6.352 5.913 5.825 5.701 4.997 4.436 4.584 3.790 2.307 1.717 1.473 1.562 2.975 3.204
C1909TS240_1 0.219017 15.000 15.000 15.000 15.000 15.000 15.000 15.000 15.000 14.704 11.883 15.000 15.000 15.000 15.000 15.000 8.229 10.904 11.198 10.390 8.855 10.215 9.524 9.690 7.261 6.248 5.007 4.110 3.282 3.488 3.589 3.416 3.510 3.646 4.257 4.939 6.053 5.590 3.948
C1909TS152_1 0.386585 6.111 5.315 4.998 4.230 2.640 3.242 4.053 4.871 5.538 6.124 5.205 5.153 4.547 4.713 4.746 5.184 5.153 5.249 5.231 6.017 5.355 6.334 8.292 9.083 7.658 5.999 5.588 4.935 6.538 6.631 5.782 5.373 4.563 3.570 2.648 2.081 3.076 4.002
C1909TS010_1 0.278294 9.074 6.229 6.024 5.406 5.202 5.763 6.311 6.759 7.474 6.607 7.821 7.087 12.314 9.129 7.956 5.806 6.102 6.832 5.812 5.313 5.195 6.302 5.551 4.987 6.660 5.076 4.238 3.385 2.447 2.651 2.300 2.530 3.866 3.352 4.274 4.412 5.720 4.208
C1909TS299_4 0.310505 9.594 7.279 5.908 5.567 5.503 5.664 5.313 4.802 4.433 4.169 4.119 4.052 4.101 4.303 4.388 4.841 5.229 5.532 4.963 5.922 6.487 5.568 6.515 6.528 6.559 6.630 6.454 6.639 6.673 8.067 8.466 10.946 11.890 9.331 12.598 12.883 13.561 12.487
C1909TS067_4 0.207187 15.000 14.825 12.203 11.350 15.000 15.000 15.000 15.000 15.000 11.570 12.139 14.986 15.000 15.000 15.000 15.000 15.000 15.000 15.000 14.765 15.000 15.000 15.000 10.818 12.408 9.902 9.118 8.770 9.774 11.807 12.807 11.812 9.021 7.770 9.261 11.817 15.000 10.813
C1909TS210_5 0.555004 3.658 4.345 2.386 3.080 2.776 3.675 3.184 4.359 4.359 4.323 4.502 4.565 4.156 4.207 3.842 4.187 4.144 4.782 4.587 4.939 4.462 4.136 5.088 5.304 4.477 2.632 2.133 1.916 2.232 1.802 2.426 2.968 3.780 4.160 5.427 6.026 6.189 7.940
C1909TS258_3 0.409039 4.016 2.757 1.701 1.286 0.673 0.650 0.698 1.574 2.410 2.984 2.188 2.459 2.956 2.791 2.726 3.260 3.110 3.391 3.311 3.497 3.827 3.436 3.641 3.575 2.681 1.294 0.973 0.934 1.046 1.638 2.868 3.024 4.584 4.723 4.855 6.514 6.531 5.904
C1909TS247_2 0.214267 15.000 12.239 9.987 10.098 9.148 8.252 7.719 7.543 7.856 8.592 6.777 6.877 5.838 5.427 5.438 6.085 6.452 7.102 7.547 9.205 10.527 12.193 11.483 7.680 8.291 9.984 7.999 8.321 9.720 7.915 9.600 9.655 10.203 9.408 13.160 15.000 15.000 15.000
C1909TS131_3 0.253159 10.458 11.950 9.646 9.134 7.009 6.578 6.256 4.765 5.159 3.798 3.736 3.514 3.599 3.667 3.849 4.594 4.556 4.679 4.167 3.830 4.311 4.720 4.820 4.285 6.734 6.682 7.083 6.638 7.907 7.698 7.281 7.552 7.735 8.805 10.746 14.468 10.470 5.734
C1909TS345_1 0.497515 5.306 4.738 4.852 3.701 1.556 1.180 0.528 0.678 0.993 3.750 3.053 2.507 3.718 3.993 3.340 3.839 3.771 4.309 4.299 5.797 6.290 4.803 4.768 4.364 3.500 3.176 2.180 0.357 0.385 0.341 0.455 0.546 1.224 4.037 6.010 8.354 5.650 7.529
C1909TS054_2 0.23566 15.000 12.823 9.765 10.199 9.123 8.383 7.475 7.238 5.808 5.214 4.807 4.479 4.448 5.033 4.373 4.553 4.316 4.092 4.636 5.882 6.438 5.886 6.215 4.716 5.351 5.406 5.829 5.372 4.736 5.465 5.216 5.757 6.644 8.343 7.790 9.914 11.516 12.837
C1909TS273_1 0.308754 9.503 5.411 5.285 4.595 3.713 3.480 2.367 3.109 5.702 5.166 6.914 6.890 6.885 7.703 8.134 7.210 5.697 6.383 4.883 5.353 5.251 5.564 5.791 5.346 3.775 3.507 1.626 1.413 1.162 1.357 1.698 3.141 3.669 4.719 5.576 6.512 5.773 5.799
C1909TS278_4 0.310505 9.594 7.279 5.908 5.567 5.503 5.664 5.313 4.802 4.433 4.169 4.119 4.052 4.101 4.303 4.388 4.841 5.229 5.532 4.963 5.922 6.487 5.568 6.515 6.528 6.559 6.630 6.454 6.639 6.673 8.067 8.466 10.946 11.890 9.331 12.598 12.883 13.561 12.487
C1909TS240_5 0.183234 15.000 15.000 15.000 15.000 15.000 15.000 15.000 15.000 15.000 14.211 15.000 15.000 15.000 15.000 15.000 8.555 9.707 9.950 10.382 11.782 11.506 12.514 13.232 11.382 8.941 7.559 5.666 5.025 3.672 4.503 3.944 4.042 4.049 4.137 4.769 6.188 6.837 6.283
C1909TS182_1 0.283453 9.893 7.114 6.761 4.982 5.267 5.606 6.592 6.218 5.987 5.473 4.867 4.855 5.068 5.268 5.326 5.824 5.276 6.044 5.469 4.224 4.830 5.716 6.340 5.999 5.610 5.258 4.262 3.575 2.416 2.948 3.059 4.260 4.996 5.543 6.303 8.267 8.412 9.512
C1909TS273_3 0.352427 4.706 4.342 4.551 3.899 2.566 3.142 2.935 2.993 4.812 5.393 5.427 5.386 5.104 4.869 4.874 3.617 3.647 5.292 4.680 5.133 4.833 4.506 4.420 4.319 4.182 4.133 3.010 2.226 1.640 1.956 3.053 2.087 4.026 4.053 4.567 6.182 6.709 5.645
C1909TS210_3 0.68502 3.436 3.072 0.942 0.643 0.643 0.548 0.479 0.743 1.463 2.152 2.082 1.419 1.933 2.747 2.356 2.972 1.960 2.639 2.738 3.822 3.687 2.735 3.502 2.874 1.397 0.818 0.368 0.250 0.328 0.246 0.350 0.322 0.616 0.949 1.737 3.286 4.653 4.063
C1909TS438_5 0.379117 5.700 4.391 3.318 2.911 2.037 2.355 3.181 3.327 3.024 3.026 2.711 2.869 3.092 3.112 3.021 3.445 3.294 3.659 3.381 3.559 3.784 3.031 3.459 3.022 2.394 1.759 1.260 1.704 1.559 2.919 5.325 7.488 10.746 9.383 11.187 15.000 13.756 11.983
C1909TS182_4 0.275896 15.000 13.527 10.634 10.874 9.672 11.292 8.216 6.739 7.270 6.986 6.298 5.375 5.303 5.233 4.472 4.956 4.693 4.836 5.045 6.516 6.591 6.108 5.569 6.573 6.958 6.864 6.172 6.556 6.618 6.417 6.857 6.719 7.127 6.744 7.349 7.749 7.423 7.706
C1909TS240_3 0.200066 15.000 15.000 15.000 15.000 15.000 15.000 15.000 15.000 15.000 15.000 15.000 15.000 15.000 15.000 15.000 6.488 7.652 10.398 7.232 7.357 7.555 9.319 8.768 7.996 7.314 4.787 4.282 4.060 3.181 3.663 3.143 3.333 3.637 2.972 3.725 4.324 4.552 4.250
C1909TS359_1 0.209699 15.000 15.000 15.000 15.000 15.000 15.000 15.000 13.487 11.834 8.833 8.174 7.387 5.338 5.665 5.144 5.949 6.034 6.733 6.254 8.273 8.434 5.691 6.682 6.499 6.877 6.021 10.845 12.467 13.211 6.574 8.478 8.053 9.998 10.058 14.640 15.000 15.000 15.000
C1909TS389_5 0.348915 5.603 4.745 4.251 3.799 2.855 3.648 4.381 5.413 6.097 7.692 6.713 6.772 5.907 6.046 6.274 6.939 6.358 6.499 6.732 6.561 6.900 7.269 8.241 8.558 7.396 5.330 4.759 4.353 5.637 5.742 4.575 3.969 3.403 2.797 2.340 2.062 2.823 4.058
C1909TS158_1 0.223721 14.466 15.000 14.201 12.723 11.669 8.208 7.087 8.120 9.760 8.965 9.714 11.137 11.755 9.051 7.021 5.762 6.323 7.599 6.999 8.246 7.892 8.193 7.163 7.739 7.202 7.442 6.762 5.314 4.475 4.790 4.812 4.581 5.408 5.228 6.204 8.135 8.119 6.489
C1909TS213_3 0.471701 4.363 3.719 2.234 1.962 1.414 1.323 1.373 1.484 2.518 3.134 2.991 2.977 2.988 2.918 2.651 3.268 2.818 3.070 3.068 3.580 3.788 3.589 4.011 3.838 2.020 1.042 0.841 1.057 0.948 1.472 1.825 2.115 3.320 3.053 5.303 6.658 6.095 6.414
C1909TS158_4 0.124613 15.000 15.000 15.000 15.000 15.000 15.000 15.000 15.000 15.000 15.000 15.000 15.000 15.000 15.000 15.000 15.000 15.000 15.000 15.000 15.000 15.000 15.000 15.000 15.000 15.000 15.000 15.000 15.000 15.000 15.000 15.000 15.000 15.000 15.000 15.000 15.000 15.000 15.000
C1909TS349_2 0.206278 15.000 15.000 15.000 13.705 13.165 14.892 12.675 12.561 10.093 8.192 6.578 6.363 6.094 6.357 6.155 6.809 6.667 6.368 6.497 8.088 8.911 9.015 10.340 9.975 9.790 8.827 15.000 15.000 15.000 15.000 15.000 15.000 15.000 15.000 15.000 15.000 12.029 13.801
C1909TS405_1 0.22321 15.000 15.000 13.260 15.000 12.847 15.000 15.000 15.000 15.000 15.000 15.000 15.000 15.000 15.000 15.000 15.000 15.000 15.000 14.437 15.000 13.612 13.670 10.820 10.352 8.588 9.793 7.038 7.458 7.078 7.158 8.017 6.660 7.262 6.661 7.384 9.298 8.721 9.358
C1909TS211_5 0.159744 15.000 15.000 15.000 15.000 15.000 15.000 15.000 15.000 15.000 13.195 11.948 12.854 13.219 12.501 14.043 12.333 15.000 15.000 15.000 15.000 15.000 15.000 15.000 15.000 14.686 15.000 15.000 15.000 15.000 13.263 12.107 15.000 15.000 15.000 15.000 15.000 15.000 15.000
C1909TS369_1 0.375144 6.908 4.419 3.341 2.537 1.995 2.273 2.749 2.602 3.159 3.560 3.395 3.450 3.547 3.527 3.517 4.022 3.855 3.912 3.915 4.123 4.185 3.610 3.777 3.788 3.476 1.864 1.836 2.196 1.902 3.147 3.180 4.401 7.196 7.078 7.536 9.836 8.766 9.669
C1909TS404_4 0.295749 7.267 4.595 4.693 3.868 3.065 2.994 2.647 3.473 4.166 4.727 4.685 4.387 4.429 4.903 5.190 5.576 5.975 6.322 5.777 6.028 4.747 5.969 7.721 7.046 5.733 4.971 3.878 3.258 1.682 1.747 1.480 1.946 2.263 3.203 4.392 7.405 6.790 6.158
C1909TS413_4 0.171634 15.000 15.000 15.000 15.000 15.000 15.000 15.000 15.000 15.000 12.449 12.517 10.031 7.778 7.639 7.569 9.167 7.930 7.680 6.941 9.270 9.830 6.803 6.366 12.522 13.026 11.647 12.728 12.971 14.935 15.000 15.000 15.000 15.000 15.000 15.000 15.000 15.000 13.980
C1909TS349_1 0.204229 15.000 15.000 15.000 14.687 14.325 15.000 13.325 13.107 10.794 8.560 6.942 6.794 6.343 6.538 6.248 7.028 6.899 6.386 6.621 8.121 9.133 9.186 10.451 10.365 10.095 8.820 15.000 15.000 15.000 15.000 15.000 15.000 15.000 15.000 15.000 15.000 12.639 14.103
C1909TS054_1 0.304895 6.822 5.364 4.876 4.090 3.051 4.005 3.633 4.537 3.776 3.165 2.696 2.984 3.118 3.742 3.629 4.173 3.665 4.057 3.727 4.904 5.390 4.897 4.838 4.205 4.124 3.703 3.338 2.974 1.486 1.574 1.867 3.699 4.627 5.391 7.239 9.166 10.079 10.405
C1909TS152_3 0.357351 8.591 6.798 4.253 4.170 4.015 3.710 3.808 4.010 3.749 3.759 3.585 3.638 3.984 4.250 4.009 4.283 4.116 4.133 3.841 4.078 4.399 3.906 3.005 3.677 2.718 1.549 1.519 1.671 2.681 2.550 4.091 3.824 5.573 6.212 7.206 5.828 6.043 6.258
C1909TS278_3 0.242995 15.000 15.000 15.000 14.678 15.000 11.290 12.344 11.721 9.747 8.256 7.561 6.588 4.945 5.489 5.487 5.680 5.878 5.936 6.000 6.768 7.940 7.597 5.335 5.016 5.384 4.974 8.515 7.007 6.699 3.490 4.965 4.414 5.994 6.238 8.842 11.306 10.880 11.393
C1909TS414_1 0.23339 15.000 15.000 10.148 9.350 8.773 9.666 7.806 6.675 4.930 4.829 4.523 4.303 4.389 4.444 4.047 4.741 4.275 4.150 4.667 5.337 5.788 4.534 5.149 6.244 7.505 7.512 8.989 10.748 10.241 10.384 13.516 15.000 15.000 15.000 15.000 15.000 15.000 15.000
C1909TS073_4 0.231872 15.000 14.926 13.197 15.000 15.000 15.000 15.000 15.000 15.000 15.000 13.370 11.820 15.000 12.814 11.489 8.452 8.237 7.323 5.920 5.492 5.962 6.626 7.022 6.717 6.032 4.825 3.558 3.702 2.544 3.977 4.846 6.209 13.195 11.790 15.000 15.000 15.000 11.605
C1909TS087_2 0.530223 3.666 4.038 2.264 1.584 0.994 1.567 1.625 3.037 3.393 3.237 2.909 2.950 2.284 2.816 2.885 4.151 3.570 3.828 4.145 5.127 5.573 5.085 4.889 4.581 3.218 2.353 1.446 0.441 0.418 0.632 0.660 0.970 2.220 3.278 4.114 5.628 6.301 5.464
C1909TS158_5 0.298435 7.934 5.218 3.772 3.249 2.241 2.764 3.662 4.143 4.950 4.064 4.040 4.354 4.746 4.560 4.643 5.837 5.347 5.013 5.101 6.449 8.112 5.692 6.213 6.280 5.918 4.692 3.816 4.334 4.946 6.461 8.971 11.944 15.000 12.556 14.128 15.000 13.676 13.293
C1909TS438_1 0.305769 5.921 4.948 3.911 3.667 2.500 2.699 2.833 2.945 3.197 3.267 2.891 3.138 3.351 3.427 3.469 3.771 3.509 3.897 3.788 4.044 4.747 3.782 4.134 4.586 4.824 4.674 4.068 5.867 5.425 7.807 10.083 11.664 15.000 15.000 15.000 15.000 15.000 15.000
C1909TS309_3 0.21808 15.000 10.963 8.004 7.109 5.654 5.552 5.001 4.063 3.773 3.580 3.564 3.697 3.687 3.970 3.964 4.372 4.022 4.929 5.020 7.398 9.543 8.964 6.750 6.867 9.167 8.115 8.020 8.442 8.559 8.034 9.669 9.891 13.514 12.453 15.000 15.000 15.000 15.000
C1909TS273_4 0.334759 4.758 4.645 5.628 4.494 5.328 6.352 6.635 6.923 6.533 6.682 4.640 4.404 7.427 7.082 6.725 3.680 2.934 4.263 3.874 3.518 4.406 5.364 6.577 5.639 4.277 3.689 2.145 1.754 1.256 1.232 1.988 2.377 3.767 3.995 5.327 6.478 6.493 6.095
C1909TS210_1 0.636673 3.872 4.270 2.678 1.899 1.508 1.241 0.818 1.227 2.390 2.726 3.203 2.496 2.645 3.690 3.102 3.707 3.430 3.859 3.885 3.726 4.063 3.459 3.829 4.173 2.029 1.287 0.839 1.428 1.597 1.759 2.359 3.064 4.473 3.595 4.418 4.784 4.684 4.320
C1909TS369_3 0.318855 7.777 6.670 4.928 4.634 2.266 2.899 3.567 3.899 4.690 4.177 4.046 4.221 4.405 4.472 4.299 4.754 4.795 4.996 4.918 5.667 7.680 6.025 5.067 5.334 5.863 3.271 2.913 2.878 4.144 5.695 7.507 8.271 10.909 9.664 9.651 10.545 10.106 9.227
C1909TS054_4 0.230074 15.000 15.000 12.952 12.426 11.884 12.507 8.559 7.349 5.343 4.427 3.737 4.136 4.369 4.832 4.331 4.890 4.579 4.921 5.212 7.505 9.453 8.689 8.203 6.659 8.372 10.373 12.676 12.052 13.310 12.549 13.517 13.535 15.000 15.000 15.000 15.000 15.000 15.000
C1909TS247_3 0.23388 15.000 15.000 12.297 11.142 9.333 8.315 7.172 6.080 5.650 5.393 4.590 4.854 4.910 4.800 4.363 4.805 4.306 4.859 4.837 5.685 6.876 7.300 5.491 6.232 5.850 6.212 5.214 5.470 5.610 5.776 6.792 7.272 7.929 7.163 7.497 10.338 11.186 11.132
C1909TS073_2 0.279311 12.573 10.155 8.131 9.178 9.088 15.000 13.082 8.402 11.194 7.744 7.063 6.579 7.011 7.691 7.275 5.665 5.023 3.864 2.517 3.094 4.995 5.271 5.722 5.745 5.227 4.930 2.713 3.281 2.193 3.607 4.875 5.341 10.062 11.169 9.638 6.943 8.033 7.688
C1909TS200_1 0.328924 11.711 6.811 4.508 3.607 3.023 4.133 5.258 5.492 5.380 5.607 5.510 5.310 5.520 5.399 4.673 5.074 5.296 5.584 5.530 7.238 8.529 6.193 6.179 6.742 6.712 6.209 5.095 4.292 2.063 1.735 1.811 2.887 5.170 5.635 8.409 10.065 11.413 9.303
C1909TS123_3 0.28997 11.194 7.308 4.554 4.394 3.274 3.383 3.155 3.389 5.617 4.371 4.213 4.474 4.466 4.204 4.503 5.054 4.517 4.965 4.806 4.898 5.396 5.027 4.506 4.418 4.534 3.019 2.205 1.835 1.797 2.700 3.607 5.364 7.290 8.787 9.292 10.260 10.084 9.349
C1909TS309_2 0.242308 15.000 15.000 10.076 10.300 7.811 7.077 6.358 4.884 4.251 4.352 4.010 4.017 3.797 3.964 3.909 4.224 3.963 4.255 4.655 6.116 7.046 6.545 5.120 6.085 6.421 6.256 5.681 6.199 6.556 6.662 8.949 9.372 12.689 12.518 14.706 15.000 15.000 15.000
C1909TS213_1 0.476036 4.033 3.212 1.802 1.465 1.092 0.816 0.895 1.111 2.240 2.807 2.348 2.068 2.852 2.034 2.024 2.719 2.495 2.796 3.254 3.430 3.673 3.210 3.470 2.828 2.023 1.152 0.785 1.000 0.958 1.126 1.759 1.538 2.868 2.917 5.304 7.656 6.514 5.878
C1909TS230_4 0.296161 6.296 4.808 4.731 3.707 2.851 2.263 2.370 3.245 4.703 4.956 5.058 4.725 5.104 5.358 5.226 5.565 6.158 6.338 5.905 8.213 9.042 5.980 7.148 9.065 6.821 5.238 4.897 5.222 5.812 6.093 6.387 5.981 5.657 4.203 3.716 3.693 5.255 4.811
C1909TS309_1 0.332974 7.870 5.016 4.578 3.329 1.795 1.528 1.752 2.423 2.362 3.729 3.376 3.686 3.834 4.176 3.831 4.364 4.437 4.982 4.832 6.364 6.797 5.683 5.161 4.305 4.182 3.465 3.266 2.295 2.141 1.397 1.749 1.772 2.643 3.810 5.078 9.241 9.353 7.802
C1909TS299_1 0.362824 4.636 3.316 2.833 1.226 0.648 0.798 1.507 1.867 2.834 2.910 2.640 3.103 3.203 3.333 3.486 3.853 3.911 4.104 3.944 5.470 6.040 5.524 4.428 5.117 5.663 4.851 4.221 4.187 3.569 2.594 3.254 2.265 3.629 3.943 5.057 6.159 6.577 6.484
C1909TS404_5 0.302406 7.842 5.330 5.180 4.424 3.729 3.471 3.698 3.891 4.080 4.491 5.534 4.431 4.568 4.746 5.114 5.855 6.513 6.866 6.085 6.437 6.213 7.747 9.296 8.742 7.414 6.395 5.290 3.956 3.421 3.814 3.747 4.148 4.224 4.518 5.763 9.262 10.048 8.265
C1909TS389_1 0.274077 15.000 11.163 9.683 9.202 6.675 6.617 5.303 4.931 5.025 6.446 6.215 5.327 5.290 5.804 6.048 6.454 6.072 6.119 5.389 6.491 6.936 5.326 5.850 6.153 5.427 5.016 4.939 5.441 4.267 5.676 7.118 8.395 9.726 10.366 11.942 15.000 15.000 12.758
C1909TS258_4 0.2488 15.000 11.199 9.295 8.951 8.155 5.748 7.308 5.059 4.738 4.388 3.959 3.925 3.953 3.731 3.431 3.795 3.660 4.390 4.441 5.322 5.589 3.925 4.321 4.458 5.327 4.731 4.891 7.124 6.540 6.045 7.748 7.859 11.812 10.138 10.784 11.480 10.519 11.110
C1909TS158_3 0.261278 5.398 6.278 4.967 5.218 4.465 5.290 4.926 5.873 6.263 6.259 6.463 6.396 5.525 5.401 7.248 6.087 5.951 7.676 5.611 5.903 5.658 5.991 5.843 6.424 6.069 5.921 4.804 4.163 2.276 3.194 3.257 3.620 4.644 3.946 5.169 6.832 10.327 7.646
C1909TS211_1 0.320894 6.149 5.448 5.440 3.419 2.600 0.976 0.674 0.762 2.018 2.584 3.171 3.529 3.430 4.003 3.717 4.714 4.640 4.997 4.891 6.789 7.854 7.007 6.183 4.674 4.785 5.175 4.461 4.034 3.812 3.475 2.504 2.241 1.237 1.464 1.225 2.165 2.775 3.725
C1909TS196_1 0.302288 9.320 7.058 5.984 5.733 5.568 5.605 5.198 4.581 4.362 4.151 3.946 3.925 3.794 3.936 3.660 4.013 4.442 4.437 4.379 4.890 5.833 4.619 5.014 5.464 5.197 5.405 4.810 5.323 5.306 4.885 6.099 6.245 8.911 8.904 15.000 15.000 15.000 12.315
C1909TS003_3 0.145042 15.000 15.000 15.000 15.000 15.000 15.000 15.000 15.000 15.000 15.000 15.000 15.000 14.325 9.790 8.259 9.796 10.680 8.742 7.996 8.736 11.498 14.196 14.976 9.840 12.492 14.964 14.469 15.000 15.000 15.000 15.000 15.000 15.000 15.000 15.000 15.000 15.000 15.000
C1909TS067_5 0.20639 9.846 6.988 11.494 8.828 6.982 7.560 6.760 5.388 5.772 4.239 4.025 4.205 4.588 5.273 5.486 6.332 6.783 7.673 7.636 8.773 9.850 11.409 12.253 11.171 11.638 10.326 8.346 8.132 7.144 15.000 11.943 15.000 15.000 13.999 8.583 12.185 11.950 9.100
C1909TS123_4 0.317604 10.612 7.876 4.423 4.301 3.941 3.838 4.073 3.920 3.664 3.809 3.541 3.651 3.840 4.136 4.641 4.727 4.724 4.482 4.248 4.820 5.007 3.935 3.682 5.096 4.832 3.931 3.400 3.336 4.424 4.576 6.506 5.829 10.667 9.826 12.445 10.366 11.075 10.123
C1909TS404_1 0.280412 15.000 11.757 9.436 8.570 6.607 4.541 4.224 3.939 4.640 4.348 4.803 4.525 5.067 5.910 5.582 6.053 5.850 6.383 5.594 6.183 5.019 5.780 6.900 6.492 6.425 5.329 4.782 3.477 3.871 4.610 5.383 6.016 8.434 6.317 7.848 7.637 11.129 11.957
C1909TS369_2 0.219205 15.000 13.486 10.692 10.074 8.359 8.470 6.240 4.825 6.576 4.736 4.379 4.029 3.992 4.442 4.950 5.617 5.113 5.081 4.917 6.016 5.160 5.408 5.455 10.291 11.523 12.033 11.820 7.403 8.802 9.819 10.772 12.506 15.000 15.000 15.000 15.000 15.000 15.000
C1909TS073_5 0.269047 15.000 15.000 14.809 12.944 12.253 15.000 14.302 8.832 10.867 7.843 7.091 7.372 9.947 7.349 7.740 6.006 5.656 4.987 3.323 3.086 4.887 5.565 6.044 5.580 5.276 4.799 2.602 3.091 2.966 3.974 4.807 4.450 5.389 5.843 6.527 7.711 7.575 6.746
C1909TS345_5 0.273918 13.737 9.728 6.851 4.975 3.952 4.613 4.012 5.504 5.075 4.550 4.484 4.226 4.396 4.562 4.489 5.118 5.475 6.039 6.255 7.620 7.577 5.981 5.671 5.092 4.484 6.503 7.039 4.630 2.843 1.346 0.838 0.801 2.279 1.615 3.744 5.903 6.364 6.813
C1909TS228_3 0.217675 15.000 15.000 15.000 15.000 15.000 15.000 15.000 15.000 14.947 12.424 9.126 7.033 7.561 5.967 5.920 5.589 5.612 5.763 5.077 4.827 4.794 5.456 5.928 6.090 6.778 6.449 10.398 11.775 11.588 11.576 12.893 12.734 15.000 15.000 13.204 11.999 14.309 15.000
C1909TS404_2 0.316488 6.890 4.143 3.814 3.218 2.615 3.032 3.433 4.170 4.599 5.092 5.479 5.364 5.561 5.836 5.368 6.352 6.967 7.312 5.966 7.507 6.025 7.430 7.869 7.944 6.276 5.477 3.539 3.687 3.538 5.204 5.956 6.992 8.163 6.345 9.524 8.744 11.008 10.825
C1909TS258_1 0.353763 4.450 3.862 3.720 3.260 1.052 0.995 1.334 1.912 2.938 2.939 2.272 2.811 3.013 2.593 2.462 2.633 3.224 3.491 3.204 3.278 3.508 3.309 3.450 3.494 3.333 3.098 2.337 1.215 1.442 1.988 4.186 4.147 5.676 5.034 4.889 6.146 5.655 5.067
C1909TS103_1 0.266593 15.000 13.985 8.674 6.270 5.582 6.414 5.631 6.832 5.938 4.846 4.879 4.715 4.559 4.792 4.625 5.046 5.192 5.091 5.286 6.057 4.908 6.537 8.529 9.418 9.319 7.758 7.143 6.502 6.599 6.454 7.170 6.237 6.588 4.719 5.056 7.784 7.696 9.392
C1909TS247_1 0.24515 15.000 15.000 15.000 15.000 12.535 10.760 10.218 7.909 9.633 7.766 6.387 6.405 5.243 5.366 4.757 5.048 4.870 5.983 5.471 6.997 7.913 5.834 6.121 6.079 5.843 5.041 10.478 9.680 10.026 5.603 6.485 6.600 8.046 8.018 10.419 12.463 12.923 14.402
C1909TS405_4 0.214135 15.000 11.038 12.162 13.363 11.167 13.056 11.702 11.543 10.967 10.599 12.444 11.600 12.700 11.498 11.327 10.897 9.437 10.715 8.923 6.349 7.155 9.272 8.103 8.864 8.605 7.523 7.353 7.693 6.741 6.119 6.939 7.654 8.903 9.316 10.503 12.496 12.908 14.610
END



