PFRMAT QA
TARGET C1907
AUTHOR 8518-5217-3649
METHOD VoroMQA
METHOD -------------
MODEL 2
QMODE 2
C1907TS003_1 0.353 29.850 29.850 29.850 24.171 29.850 29.850 14.654 11.412 8.094 5.607 4.736 4.204 4.240 5.026 4.744 4.301 4.768 5.065 5.563 4.350 5.922 6.212 6.346 6.234 6.360 8.030 6.372 5.273 4.589 4.472 4.223 3.822 3.938 3.600 3.085 3.382 3.239 2.819 3.062 3.588 3.518 3.459 3.851 4.953 4.941 7.608 12.029 9.584 7.742 10.502 10.117 13.707 9.463 10.747 11.495 10.741 10.372 29.850 14.096 20.184 18.950
C1907TS003_2 0.301 10.353 11.946 15.989 9.333 14.190 16.301 16.106 13.435 18.808 24.256 29.850 19.655 17.306 16.828 17.071 12.231 12.491 14.045 10.363 8.987 7.413 7.730 8.345 8.069 7.985 7.066 6.396 6.233 7.103 6.750 6.753 6.577 6.873 7.736 7.311 8.247 9.168 8.157 8.708 10.216 7.975 10.218 12.045 10.361 13.230 9.069 8.577 10.448 11.191 8.157 6.673 7.000 7.149 6.724 7.312 6.829 6.521 6.646 7.070 6.926 6.993
C1907TS003_3 0.317 12.957 11.169 13.548 29.850 29.850 29.850 29.850 8.965 9.177 7.361 5.814 6.189 7.420 7.199 6.047 6.151 7.159 7.076 8.071 11.006 10.071 9.015 9.511 7.077 6.234 6.112 5.272 5.517 6.407 5.752 5.246 5.504 5.428 5.497 4.929 6.054 5.235 6.287 5.529 5.275 5.875 5.942 6.457 6.568 6.442 6.709 7.393 6.860 7.630 8.366 7.750 10.792 14.511 29.129 29.850 15.772 29.850 14.564 14.289 11.402 11.907
C1907TS010_1 0.548 2.824 3.202 3.594 3.672 3.098 3.344 3.374 2.863 2.708 2.468 2.310 2.183 2.265 1.911 1.983 2.183 2.121 1.938 2.241 2.276 2.177 2.081 2.303 2.272 2.413 2.407 2.448 2.286 2.255 1.989 1.958 2.010 1.929 1.919 1.789 1.767 2.128 1.919 1.823 2.219 2.203 2.002 2.218 2.813 3.328 3.676 3.788 3.462 2.894 3.395 3.508 3.091 2.849 2.625 2.580 2.628 2.415 2.568 2.371 2.120 2.075
C1907TS010_2 0.608 1.929 2.064 2.240 2.082 2.315 2.290 2.185 2.225 1.896 1.521 1.585 1.653 1.629 1.734 1.654 2.014 2.002 1.818 1.834 2.185 2.072 1.977 1.901 1.531 1.575 1.747 1.332 1.841 1.389 1.468 1.162 1.492 1.441 1.400 1.592 1.595 1.692 1.825 1.942 1.867 1.966 1.971 2.097 2.249 2.677 2.674 2.673 2.741 2.291 2.579 2.526 2.002 1.503 1.182 1.716 1.395 1.430 1.820 2.174 2.095 2.231
C1907TS010_3 0.532 5.366 3.921 4.760 5.709 4.315 3.104 2.680 2.592 2.928 3.010 2.186 2.298 2.780 2.458 1.900 2.069 2.313 2.135 2.166 2.171 2.320 2.569 2.501 2.546 2.742 2.533 3.020 3.023 3.661 2.934 2.579 2.422 2.063 1.855 2.116 1.993 1.700 1.689 1.942 1.990 1.826 1.748 1.882 2.281 2.249 2.665 2.560 2.795 3.261 3.841 3.324 3.723 4.096 3.605 2.910 2.724 2.600 2.245 2.400 2.390 2.605
C1907TS010_4 0.565 2.109 2.412 2.531 2.411 2.430 2.541 2.591 2.520 2.456 2.151 2.112 2.199 1.969 2.088 2.152 2.039 2.104 2.054 2.186 1.980 1.986 2.094 2.098 2.381 2.713 2.610 2.729 2.640 2.366 2.406 2.370 2.157 2.119 2.171 2.062 2.206 1.948 2.090 2.215 2.171 2.125 2.173 2.373 2.397 2.711 2.615 2.646 2.699 2.434 2.407 2.379 2.243 2.284 2.183 2.276 2.163 2.287 2.341 2.364 2.410 2.465
C1907TS010_5 0.580 2.738 2.569 2.482 2.040 2.197 2.558 2.181 2.076 1.953 1.620 1.751 1.757 1.579 1.897 1.807 1.679 1.893 2.179 1.977 1.766 2.071 2.332 2.290 2.381 2.761 2.537 2.693 2.654 2.259 2.173 2.365 2.347 1.951 2.111 2.157 1.968 1.871 2.015 1.995 1.932 1.964 1.919 1.828 2.055 2.293 2.397 2.373 2.286 2.229 2.440 2.310 2.175 2.427 2.480 2.107 2.145 2.010 2.020 2.135 2.300 2.211
C1907TS044_1 0.337 29.850 29.850 29.850 29.850 29.850 29.850 29.850 15.377 15.492 11.201 9.818 7.958 9.135 7.815 6.875 6.285 7.074 6.818 5.944 6.397 6.011 6.345 6.494 6.230 6.074 6.132 6.196 5.853 5.374 5.555 4.994 5.000 4.963 4.721 4.816 4.599 4.564 4.588 4.289 4.118 4.541 4.117 4.334 4.480 4.913 4.463 4.549 5.295 4.848 5.512 5.712 5.792 7.596 5.509 8.254 6.976 9.130 15.296 11.693 20.433 16.471
C1907TS054_1 0.424 5.618 5.507 5.299 5.891 5.516 5.120 5.106 5.015 4.200 4.905 4.169 4.011 4.162 3.834 3.957 3.533 3.869 3.971 3.738 3.843 3.929 4.249 4.154 3.945 5.110 5.582 5.883 4.989 4.905 4.165 3.743 3.961 3.952 4.139 3.939 3.981 4.187 4.068 4.308 3.782 4.035 3.614 3.747 3.776 4.014 3.665 4.079 4.471 3.845 4.101 3.746 3.750 3.907 3.767 2.871 3.190 3.066 3.473 3.153 3.352 4.206
C1907TS054_2 0.346 14.753 29.850 13.349 12.349 29.850 9.236 10.036 8.699 6.997 6.292 5.953 5.118 4.472 4.506 4.494 4.142 4.192 4.274 4.397 4.626 4.661 5.276 5.745 5.656 6.472 11.456 9.641 6.922 7.024 4.946 4.680 4.111 3.929 4.365 4.096 4.168 4.416 4.976 4.806 5.088 5.587 5.405 5.206 5.429 5.576 7.295 9.392 10.344 9.790 8.780 8.456 8.394 9.530 11.756 9.518 7.274 9.704 5.585 10.352 6.560 11.517
C1907TS054_3 0.414 9.212 6.962 9.588 7.081 5.607 5.902 8.575 6.800 6.193 5.349 4.124 4.442 5.124 4.673 4.284 4.833 4.767 4.422 4.751 4.990 4.743 5.285 5.336 5.560 5.838 5.486 6.754 6.394 6.017 5.858 4.793 3.786 4.301 3.819 3.495 3.820 3.717 3.433 2.928 3.026 2.979 2.798 2.505 2.720 2.492 2.554 3.071 3.073 3.756 3.153 3.982 3.863 3.893 3.306 3.852 3.708 3.803 4.243 4.043 4.423 4.019
C1907TS054_4 0.356 29.850 29.850 29.850 9.785 8.707 8.819 7.755 10.381 6.527 5.299 5.138 4.849 4.813 5.277 4.610 4.374 4.838 5.716 4.987 4.832 6.474 7.662 6.012 7.218 19.177 29.850 29.850 29.850 16.063 9.874 29.850 8.295 6.325 5.537 4.916 4.508 4.654 5.021 4.798 4.346 3.767 4.801 4.332 4.926 4.451 4.349 5.097 5.760 5.202 5.078 4.648 4.861 4.361 4.275 5.521 3.901 4.901 3.704 4.995 4.240 4.793
C1907TS054_5 0.308 29.850 29.850 29.850 29.850 29.850 14.150 8.277 5.860 6.892 7.293 6.093 5.794 6.201 5.585 5.895 5.801 5.579 6.617 6.836 9.256 15.340 29.850 29.850 29.850 29.850 29.850 29.850 29.850 29.850 9.821 11.172 8.136 6.571 6.552 7.774 6.668 5.976 6.142 7.177 6.574 6.841 6.489 7.150 7.914 7.112 6.334 5.907 5.151 6.093 5.422 6.026 6.246 6.958 5.296 6.604 5.246 7.121 5.449 6.358 5.229 5.752
C1907TS066_1 0.370 6.445 5.186 6.191 5.268 6.151 6.636 6.209 5.898 6.802 7.123 6.668 6.560 7.886 8.037 7.498 8.137 8.279 8.634 7.701 7.378 8.641 6.847 7.955 7.074 6.480 7.135 5.979 5.940 5.526 5.614 5.016 4.438 4.304 4.368 4.204 3.829 3.809 3.621 3.251 3.096 3.082 2.745 2.844 3.273 3.324 3.746 4.061 4.118 4.086 4.013 3.903 5.369 5.257 5.858 7.953 6.921 11.549 10.240 10.383 8.807 11.210
C1907TS067_1 0.323 29.850 29.850 29.850 29.850 29.850 29.850 12.644 14.066 10.734 11.654 9.106 14.823 11.920 9.982 10.974 9.360 10.746 10.541 8.037 12.281 10.075 9.720 8.956 7.435 7.237 6.365 7.679 4.985 5.950 5.435 5.309 5.019 4.114 5.412 4.202 4.525 4.191 3.977 4.334 3.869 4.133 3.912 4.001 4.580 4.489 4.489 5.208 5.192 5.068 6.059 6.896 7.509 6.885 9.735 10.790 9.353 15.612 12.100 22.396 7.966 29.850
C1907TS067_2 0.314 29.850 29.850 29.850 29.850 29.850 29.850 13.622 10.254 9.420 8.765 7.833 10.488 8.319 7.722 8.269 7.049 8.027 6.933 6.622 7.369 6.985 5.783 5.724 6.075 5.090 5.672 5.387 5.646 5.172 5.343 6.191 5.490 5.753 5.559 5.612 5.871 5.854 6.436 5.719 6.480 6.213 6.104 6.108 6.611 6.716 5.919 7.157 6.373 6.433 7.488 7.984 7.379 7.737 8.518 9.258 10.781 9.749 10.224 10.742 10.894 11.349
C1907TS067_3 0.303 29.850 29.850 29.850 29.850 29.850 29.850 13.632 9.701 9.262 9.238 9.774 9.687 9.341 9.525 9.040 9.126 8.706 11.958 8.479 10.464 10.442 11.520 9.698 9.706 6.647 9.651 9.560 11.356 6.532 9.162 9.302 6.649 8.474 6.620 6.100 6.939 5.058 5.604 5.161 4.447 5.689 4.722 5.230 5.550 5.150 5.400 5.618 5.498 5.488 7.103 6.931 7.128 6.832 9.642 9.088 16.117 9.888 14.339 10.133 9.640 9.691
C1907TS067_4 0.323 29.850 29.850 29.850 29.850 29.850 29.850 12.644 14.066 10.734 11.654 9.106 14.823 11.920 9.982 10.974 9.360 10.746 10.541 8.037 12.281 10.075 9.720 8.956 7.435 7.237 6.365 7.679 4.985 5.950 5.435 5.309 5.019 4.114 5.412 4.202 4.525 4.191 3.977 4.334 3.869 4.133 3.912 4.001 4.580 4.489 4.489 5.208 5.192 5.068 6.059 6.896 7.509 6.885 9.735 10.790 9.353 15.612 12.100 22.396 7.966 29.850
C1907TS067_5 0.314 29.850 29.850 29.850 29.850 29.850 29.850 13.622 10.254 9.420 8.765 7.833 10.488 8.319 7.722 8.269 7.049 8.027 6.933 6.622 7.369 6.985 5.783 5.724 6.075 5.090 5.672 5.387 5.646 5.172 5.343 6.191 5.490 5.753 5.559 5.612 5.871 5.854 6.436 5.719 6.480 6.213 6.104 6.108 6.611 6.716 5.919 7.157 6.373 6.433 7.488 7.984 7.379 7.737 8.518 9.258 10.781 9.749 10.224 10.742 10.894 11.349
C1907TS073_1 0.500 2.663 3.193 3.960 4.109 3.610 3.117 3.280 2.900 2.650 2.117 2.184 2.376 2.100 1.885 2.008 2.198 2.299 2.341 2.603 2.602 2.873 3.353 3.567 3.706 3.236 3.504 3.907 3.529 2.455 2.143 2.370 2.260 1.940 1.961 2.160 1.966 2.188 2.369 2.470 2.648 3.219 3.612 3.637 3.646 3.770 4.115 4.731 4.475 4.690 5.083 4.983 4.371 4.163 4.054 4.077 4.144 3.654 2.726 3.054 2.400 2.678
C1907TS073_2 0.492 2.539 2.993 3.742 3.827 3.989 3.660 3.161 3.527 3.042 2.436 2.430 2.346 2.169 2.108 2.149 2.232 2.281 2.448 2.628 2.522 2.866 3.266 4.075 3.922 3.236 3.737 3.712 3.540 2.863 2.527 2.636 2.615 2.328 2.185 2.266 2.134 2.224 2.189 2.326 2.468 2.731 3.015 3.246 3.525 3.738 3.721 4.133 4.091 3.905 4.947 4.301 4.825 4.890 4.836 5.110 5.435 4.941 3.802 2.957 2.686 2.362
C1907TS073_3 0.463 4.694 4.125 5.306 4.761 4.604 4.340 3.525 3.523 3.155 2.624 2.444 2.395 2.446 2.152 2.117 2.333 2.631 2.925 3.136 2.999 3.734 3.712 4.645 4.368 3.687 4.076 4.628 4.129 3.002 2.639 2.781 2.717 2.155 2.128 2.323 2.179 2.212 2.284 2.375 2.516 3.191 3.063 3.493 4.311 4.823 4.534 5.180 5.586 6.016 7.808 9.537 9.962 9.470 8.720 7.371 5.596 4.965 3.273 2.378 2.481 2.174
C1907TS073_4 0.496 3.470 3.361 3.621 3.817 3.847 3.723 3.178 3.436 3.161 2.530 2.461 2.512 2.407 2.207 2.285 2.302 2.352 2.583 2.712 2.455 2.985 3.072 4.214 3.458 3.136 3.472 3.365 3.521 2.822 2.546 2.607 2.560 2.322 2.174 2.168 2.097 2.291 2.071 2.014 2.273 2.749 2.310 2.595 3.628 3.879 4.568 3.994 4.502 3.462 4.698 4.002 4.247 4.748 4.218 4.424 5.169 3.568 3.467 3.105 2.870 2.497
C1907TS073_5 0.516 2.213 2.393 2.932 3.495 3.905 3.378 2.695 3.141 2.863 2.303 2.140 2.449 2.260 1.985 1.857 2.168 2.210 2.224 2.330 2.271 2.541 2.714 3.321 3.203 2.692 2.889 3.265 2.950 2.288 1.989 2.232 2.173 1.926 1.855 2.018 1.878 1.991 2.112 2.177 2.175 2.453 2.421 2.590 3.176 3.822 4.116 4.155 3.813 3.810 4.094 4.377 4.152 4.769 4.802 4.585 4.680 3.884 3.919 3.299 2.854 2.727
C1907TS087_1 0.539 3.111 3.163 3.378 3.107 2.740 2.393 2.255 2.472 2.616 2.325 2.036 2.604 2.678 2.421 2.348 2.738 2.876 2.725 2.808 3.032 3.036 3.099 2.917 2.827 2.683 2.768 2.408 2.557 2.500 2.297 2.188 2.138 2.053 2.026 1.933 1.884 1.968 2.017 1.946 1.903 2.117 2.051 2.108 2.276 2.643 2.736 2.739 2.590 2.388 2.617 2.536 2.343 2.962 2.448 3.069 3.242 3.410 2.774 3.265 2.980 3.205
C1907TS087_2 0.563 4.089 3.888 4.059 3.371 3.747 3.975 3.075 2.823 2.913 2.550 2.072 2.226 2.358 2.131 1.972 2.331 2.409 2.271 2.289 2.514 2.556 2.495 2.509 2.421 2.357 2.267 2.240 2.277 2.279 2.113 2.117 2.128 1.997 1.922 1.835 1.838 1.903 1.705 1.658 1.771 2.135 1.670 1.763 2.012 1.977 2.151 2.070 1.940 2.447 2.328 2.172 2.311 2.643 2.440 2.331 2.284 2.150 1.915 1.820 1.879 1.794
C1907TS087_3 0.415 29.850 29.850 17.207 9.181 6.476 4.176 4.227 3.724 4.073 4.300 3.877 3.994 4.143 4.164 4.023 4.052 4.240 4.068 4.602 4.299 4.220 4.182 4.386 4.163 4.149 4.397 4.001 4.380 4.304 4.580 4.103 3.438 3.899 3.450 3.300 3.782 3.532 3.240 3.361 3.746 3.457 3.387 3.667 3.950 3.830 3.915 3.960 4.780 4.153 4.242 4.453 4.255 4.466 5.165 3.778 4.485 4.259 4.330 4.212 4.096 4.502
C1907TS087_4 0.502 3.014 2.991 3.583 3.958 3.463 3.286 3.057 3.177 3.137 2.822 2.611 2.712 2.602 2.448 2.659 3.224 3.113 2.924 3.414 3.505 3.090 3.348 3.118 2.943 2.780 3.042 2.745 2.672 2.694 2.683 2.657 2.552 2.403 2.319 2.583 2.281 2.225 2.194 2.550 2.584 2.544 2.460 2.601 3.091 2.991 2.536 2.865 3.312 3.251 3.637 3.585 3.406 3.427 3.786 3.615 3.576 3.443 3.488 3.504 3.360 3.443
C1907TS087_5 0.421 4.008 3.889 4.872 4.258 4.629 3.862 4.030 3.437 3.039 3.525 3.897 3.414 3.481 4.302 3.878 3.439 4.157 4.590 4.348 4.762 5.613 5.387 6.409 4.943 4.764 4.665 6.220 5.557 7.079 6.325 5.706 4.628 4.798 4.248 3.882 3.697 3.066 2.894 2.805 2.700 2.998 2.964 3.164 2.958 3.487 3.561 4.253 4.832 5.823 5.628 5.530 7.085 6.252 5.746 4.790 4.732 4.211 4.062 3.259 3.424 3.149
C1907TS102_1 0.331 11.576 11.113 10.343 10.602 13.538 8.702 8.748 8.232 7.831 6.796 6.115 6.819 6.220 6.145 5.428 5.787 5.699 6.074 6.001 5.915 6.214 5.741 7.438 5.941 6.142 6.255 6.555 5.965 5.909 6.666 5.569 5.363 5.803 6.337 5.070 4.913 6.019 5.906 4.737 5.760 5.049 6.276 4.442 6.860 6.566 6.018 9.888 6.281 10.242 8.451 10.027 8.805 13.285 11.230 11.944 8.942 11.279 9.076 8.950 9.700 6.689
C1907TS102_2 0.330 29.850 29.850 17.486 11.402 13.278 14.469 14.046 11.080 11.626 10.249 8.928 7.690 8.908 9.338 8.421 9.104 9.037 10.032 8.485 8.691 10.466 8.832 10.431 9.749 9.296 9.778 8.875 8.136 8.299 8.342 6.483 6.282 6.118 5.656 5.691 4.734 4.861 4.824 4.264 3.915 3.869 3.698 3.587 3.775 3.480 3.687 3.870 4.092 4.384 4.902 5.311 5.330 5.864 5.963 8.357 8.146 16.588 13.586 29.850 29.850 29.850
C1907TS103_1 0.391 4.109 3.114 4.325 3.492 3.754 3.739 4.043 3.534 3.624 3.925 3.983 3.864 3.634 4.386 4.537 4.047 5.009 6.118 6.806 7.713 6.959 5.998 4.679 3.839 3.683 2.996 2.973 3.293 3.441 2.993 3.068 3.027 2.934 2.530 2.602 3.342 3.458 2.850 3.580 4.040 4.249 4.808 5.391 5.231 4.904 4.784 4.897 4.328 5.222 5.242 6.139 4.780 5.028 5.538 5.004 4.276
C1907TS103_2 0.331 11.576 11.113 10.343 10.602 13.538 8.702 8.748 8.232 7.831 6.796 6.115 6.819 6.220 6.145 5.428 5.787 5.699 6.074 6.001 5.915 6.214 5.741 7.438 5.941 6.142 6.255 6.555 5.965 5.909 6.666 5.569 5.363 5.803 6.337 5.070 4.913 6.019 5.906 4.737 5.760 5.049 6.276 4.442 6.860 6.566 6.018 9.888 6.281 10.242 8.451 10.027 8.805 13.285 11.230 11.944 8.942 11.279 9.076 8.950 9.700 6.689
C1907TS123_1 0.399 10.739 29.850 12.088 5.928 4.752 4.016 4.167 4.408 4.259 4.246 4.121 4.556 4.237 4.214 4.671 4.714 4.958 4.867 4.915 4.885 5.828 5.123 6.758 6.367 5.909 5.991 5.765 5.287 5.079 5.029 4.189 4.261 3.939 3.883 3.497 3.688 3.329 2.861 3.007 3.548 3.110 2.920 3.683 4.122 3.528 4.234 4.488 4.241 4.229 4.809 4.596 4.437 4.781 5.286 6.084 5.069 5.156 5.267 5.691 4.807 4.694
C1907TS123_2 0.403 4.768 4.680 5.159 5.954 5.567 5.481 4.802 4.820 4.138 4.333 4.147 3.577 3.407 3.642 4.046 3.546 3.448 4.394 4.117 3.815 4.217 5.109 5.252 5.776 6.474 5.230 5.944 6.077 6.159 5.129 4.986 5.353 4.946 4.199 4.074 4.418 3.955 3.562 3.671 3.973 3.827 3.505 3.718 4.545 4.469 5.420 5.190 5.090 5.292 4.088 3.980 3.932 4.001 4.086 4.488 4.325 4.827 4.127 5.788 4.847 7.525
C1907TS123_3 0.362 16.989 15.441 29.850 24.766 20.011 14.942 14.206 15.789 9.859 9.263 10.416 7.290 7.593 7.403 7.235 7.308 7.201 7.974 7.537 7.776 7.443 9.342 8.559 8.129 8.198 8.600 7.822 7.005 6.544 6.207 4.791 4.994 4.722 4.566 4.098 4.152 3.776 3.227 3.067 3.200 2.986 2.642 2.794 3.145 3.233 3.478 3.299 3.530 3.373 3.261 3.721 3.919 4.321 4.994 6.636 6.519 7.560 9.449 8.482 8.742 9.401
C1907TS123_4 0.306 8.618 8.599 7.841 7.701 4.946 5.963 5.684 6.126 5.482 4.950 5.645 5.320 5.124 5.949 5.401 5.880 6.031 6.731 6.097 6.135 7.011 13.029 27.920 29.850 29.850 29.850 29.850 29.850 13.784 22.161 12.234 8.907 7.845 10.137 8.380 7.431 7.426 8.517 8.089 7.459 8.484 8.539 7.823 7.986 10.283 8.848 11.375 12.623 28.833 15.244 26.292 21.946 10.084 25.144 9.046 29.850 8.862 12.835 10.509 8.212 7.786
C1907TS123_5 0.306 8.618 8.599 7.841 7.701 4.946 5.963 5.684 6.126 5.482 4.950 5.645 5.320 5.124 5.949 5.401 5.880 6.031 6.731 6.097 6.135 7.011 13.029 27.920 29.850 29.850 29.850 29.850 29.850 13.784 22.161 12.234 8.907 7.845 10.137 8.380 7.431 7.426 8.517 8.089 7.459 8.484 8.539 7.823 7.986 10.283 8.848 11.375 12.623 28.833 15.244 26.292 21.946 10.084 25.144 9.046 29.850 8.862 12.835 10.509 8.212 7.786
C1907TS131_1 0.353 29.850 29.850 29.850 29.850 29.850 29.850 29.850 29.850 29.850 15.234 23.832 8.252 10.399 8.526 7.504 7.554 7.928 8.962 6.848 6.639 7.595 7.004 8.052 7.629 6.487 6.979 6.726 6.254 6.000 6.240 5.423 4.990 5.056 4.925 4.722 4.271 4.170 4.172 3.871 3.480 3.498 3.226 3.295 3.333 3.197 3.254 3.305 3.626 3.454 3.651 3.889 4.084 3.780 3.854 4.596 5.361 5.743 10.047 10.696 11.329 14.487
C1907TS131_2 0.353 29.850 29.850 29.850 29.850 29.850 29.850 29.850 29.850 29.850 15.447 24.381 8.278 10.437 8.521 7.496 7.544 7.912 8.948 6.829 6.622 7.575 6.982 8.037 7.615 6.472 6.977 6.711 6.248 5.996 6.241 5.427 4.992 5.062 4.928 4.728 4.277 4.173 4.180 3.875 3.484 3.502 3.228 3.297 3.333 3.199 3.256 3.306 3.630 3.455 3.652 3.893 4.088 3.784 3.856 4.599 5.350 5.767 10.021 10.758 11.424 14.452
C1907TS131_3 0.363 29.850 29.850 29.850 29.850 29.850 29.850 29.850 29.850 29.850 29.850 29.850 9.725 12.563 9.290 7.824 7.718 8.113 9.180 6.903 6.673 7.670 7.041 8.118 7.672 6.498 7.004 6.729 6.250 5.997 6.233 5.426 4.980 5.047 4.927 4.710 4.271 4.163 4.172 3.877 3.483 3.509 3.239 3.329 3.368 3.185 3.231 3.280 3.532 3.274 3.366 3.373 3.429 3.438 3.333 3.475 3.750 3.685 3.640 4.961 5.228 4.582
C1907TS131_4 0.349 29.850 19.200 29.850 29.850 29.850 29.850 16.621 29.850 12.808 11.709 14.608 7.847 9.251 7.767 7.404 7.611 8.064 8.843 6.747 6.596 7.446 6.956 7.924 7.562 6.463 6.942 6.729 6.268 6.011 6.271 5.454 5.032 5.112 4.982 4.781 4.317 4.224 4.243 3.931 3.552 3.612 3.361 3.471 3.580 3.558 3.696 3.947 4.618 4.131 4.588 5.077 5.235 5.165 5.241 6.351 5.469 5.670 8.086 9.241 5.183 14.672
C1907TS131_5 0.350 29.850 29.850 29.850 29.850 29.850 29.850 29.850 29.850 29.850 29.850 29.850 9.621 12.324 9.102 7.727 7.603 8.029 8.996 6.817 6.629 7.544 6.973 8.000 7.580 6.469 6.943 6.701 6.229 5.985 6.224 5.421 4.986 5.057 4.929 4.720 4.276 4.172 4.179 3.881 3.494 3.536 3.264 3.344 3.399 3.269 3.368 3.444 3.856 3.654 3.955 4.306 4.535 4.266 4.227 5.156 5.668 5.818 5.988 5.727 5.401 6.026
C1907TS152_1 0.463 4.182 4.459 5.170 5.656 5.354 4.858 4.000 5.069 3.787 3.179 2.940 3.019 2.767 2.408 2.389 2.407 2.337 2.442 2.531 2.406 2.294 2.523 2.686 3.099 3.233 3.636 3.307 3.621 2.959 3.094 3.052 2.767 2.536 2.703 2.654 2.498 2.445 2.631 2.811 2.748 2.957 3.036 3.141 3.457 3.371 3.277 3.789 3.658 4.255 4.116 4.298 5.002 4.266 4.436 4.991 6.206 5.978 7.997 10.347 7.377 12.230
C1907TS152_2 0.470 5.395 4.979 5.468 6.020 4.823 4.925 4.088 4.932 3.565 3.170 2.588 2.909 2.709 2.329 2.172 2.639 2.739 2.418 2.586 2.832 2.947 2.614 2.682 2.603 2.761 2.482 2.634 2.555 2.328 2.307 2.246 2.275 2.041 2.077 2.112 2.115 2.001 2.168 2.311 2.599 2.717 2.841 3.234 4.180 3.425 3.830 4.286 4.442 5.072 5.547 6.203 5.197 6.881 6.278 7.578 6.935 6.663 5.925 6.968 4.718 7.279
C1907TS152_3 0.308 17.472 13.300 12.160 13.051 17.017 13.282 15.006 9.555 12.145 11.097 9.159 8.138 9.383 9.078 8.749 7.870 9.148 9.449 8.351 9.270 9.980 11.520 11.767 10.998 9.654 10.931 10.193 9.665 8.827 8.473 7.552 6.463 6.681 5.810 6.117 5.718 5.658 6.090 5.305 5.265 5.697 5.594 5.462 5.956 6.475 6.146 6.972 9.381 6.894 8.091 9.284 7.648 12.155 9.264 14.353 8.791 9.424 10.626 10.028 11.267 9.797
C1907TS152_4 0.438 10.479 14.008 10.144 6.881 5.667 4.500 4.315 4.324 4.102 3.633 3.424 3.408 3.707 4.014 3.750 3.887 4.965 4.678 4.377 4.653 6.650 6.054 5.957 6.399 7.071 7.105 7.128 7.561 6.483 6.576 6.555 5.704 5.465 4.999 4.808 4.226 4.239 4.065 3.720 3.437 3.145 2.944 2.722 2.614 2.544 2.417 2.435 2.475 2.369 2.399 2.408 2.413 2.339 2.400 2.377 2.484 2.428 2.417 2.417 2.478 2.364
C1907TS152_5 0.364 29.850 21.709 29.850 18.962 16.083 11.562 10.766 13.101 12.880 10.826 8.113 8.607 7.715 7.706 7.128 7.883 7.361 7.270 6.829 7.701 6.989 6.747 6.404 6.259 5.855 5.886 5.293 4.985 4.703 4.525 4.086 4.164 3.982 3.499 3.145 3.879 3.703 2.939 3.176 3.958 3.977 3.653 4.725 5.345 4.721 4.898 7.996 7.694 6.408 6.596 5.604 4.722 4.253 4.331 4.507 3.955 4.682 4.588 4.127 4.222 4.212
C1907TS158_1 0.295 26.277 11.579 13.338 9.455 8.688 9.092 10.093 7.494 8.650 8.199 7.668 7.949 7.371 8.195 7.638 8.952 8.913 10.380 10.853 12.341 11.956 12.314 18.429 11.685 13.030 13.769 12.246 10.811 10.056 10.092 9.196 8.490 7.047 6.575 6.410 6.483 6.137 6.472 6.868 5.733 5.913 6.959 6.201 6.186 7.141 9.376 10.970 10.496 23.143 29.850 29.850 29.850 29.850 29.850 29.850 29.850 9.111 9.067 7.804 5.114 13.329
C1907TS158_2 0.311 29.850 4.922 9.143 8.965 7.153 9.112 7.156 7.985 7.632 9.727 8.753 7.204 9.290 7.602 8.153 10.011 8.395 9.002 9.591 9.520 9.072 9.737 10.006 11.165 10.841 10.318 11.673 13.236 14.004 9.973 9.286 9.282 8.024 8.292 7.710 6.514 6.687 6.267 6.207 5.548 5.781 6.658 4.882 6.080 6.940 7.076 9.069 12.939 29.850 29.850 29.850 29.850 29.850 29.850 9.620 7.665 7.289 4.169 6.026 2.749 5.356
C1907TS158_3 0.344 12.682 13.249 8.548 7.003 7.014 5.509 5.808 6.748 5.363 5.722 6.388 6.179 6.085 6.281 6.082 6.346 6.918 7.000 7.256 7.590 8.214 9.520 9.134 12.748 9.925 13.849 22.506 10.429 10.851 10.340 7.091 8.628 6.537 7.554 6.395 5.345 5.056 4.850 4.835 4.278 4.090 3.670 4.004 4.381 3.759 3.754 4.375 4.662 3.903 4.446 4.780 6.993 9.930 13.907 18.472 10.174 8.269 5.564 4.870 5.320 5.356
C1907TS158_4 0.303 29.850 29.850 29.850 14.678 15.315 12.893 11.742 9.669 9.244 8.454 8.172 7.366 7.476 7.024 6.552 7.350 7.319 7.641 7.086 8.260 9.667 10.890 11.658 12.290 9.903 10.880 12.020 11.203 10.076 9.687 7.182 7.505 6.893 6.083 5.657 5.519 5.423 5.121 5.057 4.914 5.144 4.962 5.063 5.062 5.960 6.269 6.344 6.524 8.851 13.433 29.850 29.850 29.850 29.850 29.850 29.850 29.850 29.850 23.623 29.850 14.706
C1907TS158_5 0.327 7.225 6.444 6.610 6.770 7.552 7.048 7.669 6.360 6.935 7.211 6.317 7.063 7.176 6.599 6.080 6.284 6.167 7.068 5.941 6.767 6.739 6.052 7.349 6.097 6.223 7.147 6.886 6.724 5.810 6.454 7.290 6.335 5.770 5.807 6.142 5.254 5.677 5.140 4.881 4.825 4.789 5.061 4.167 4.216 4.251 5.075 4.318 5.632 7.768 10.307 29.850 29.850 29.850 29.850 29.850 29.850 29.850 29.850 29.850 29.850 29.850
C1907TS179_1 0.269 29.850 29.850 29.850 29.850 29.447 16.233 15.178 10.542 29.850 29.850 12.670 9.409 28.515 29.850 21.248 29.850 29.850 29.850 29.850 29.850 29.850 29.850 23.563 29.850 29.850 17.414 12.518 29.850 15.730 7.645 7.075 12.426 10.211 5.532 6.560 7.300 6.993 5.446 5.860 8.158 8.288 6.299 8.535 9.386 10.348 20.390 21.775 29.850 17.901 16.795 29.850 15.027 29.850 18.095 29.850 25.565 17.498 29.850 29.850 29.850 29.850
C1907TS182_1 0.387 7.694 9.231 16.708 7.583 5.669 5.621 5.102 5.002 4.365 3.972 3.226 3.580 3.706 3.395 3.152 3.527 3.744 3.568 3.879 3.906 4.328 4.259 4.145 4.274 3.811 3.605 3.155 3.050 3.199 2.856 2.592 2.664 2.745 2.522 2.592 3.064 2.995 2.794 3.384 4.303 4.114 4.092 4.742 5.402 7.161 10.438 12.374 10.498 10.436 29.850 29.850 29.850 29.850 29.850 29.850 29.850 29.850 29.850 29.850 29.850 19.221
C1907TS182_2 0.332 6.548 6.749 6.148 6.348 5.561 7.446 5.821 6.375 6.326 5.322 7.799 5.925 5.762 6.899 6.448 7.485 6.777 7.317 7.600 9.077 7.435 8.717 8.518 8.828 8.465 7.807 7.845 6.963 7.600 6.205 5.407 5.799 6.016 6.136 5.353 5.335 6.120 5.378 4.815 5.556 5.789 5.494 5.848 6.507 6.816 6.727 7.684 6.993 7.741 8.721 8.494 7.076 9.320 7.667 8.992 11.135 8.858 6.684 7.565 7.220 8.257
C1907TS182_3 0.379 6.901 9.686 9.817 7.068 5.133 5.161 4.378 4.531 4.029 3.767 3.217 3.395 3.619 3.446 3.117 3.439 3.804 3.552 3.814 3.918 4.197 4.176 4.308 3.861 3.800 3.496 3.182 3.001 3.188 2.819 2.581 2.708 2.858 2.568 2.649 2.998 3.109 2.951 3.568 4.316 4.626 4.405 6.222 6.803 29.850 29.850 29.850 29.850 29.850 29.850 29.850 29.850 29.850 29.850 29.850 29.850 29.850 29.850 29.850 29.850 16.822
C1907TS182_4 0.319 6.927 8.994 12.165 10.501 9.785 12.458 10.272 8.985 10.743 8.910 11.010 8.915 8.266 9.955 7.925 9.746 8.634 9.232 8.679 9.959 9.013 8.743 9.764 9.640 9.199 8.531 7.868 7.018 7.749 6.139 5.456 5.653 5.771 5.921 5.082 5.266 5.911 5.011 4.747 5.680 5.513 5.312 5.740 6.825 6.370 6.447 6.263 6.960 6.560 9.333 6.730 7.911 8.894 7.381 8.193 9.257 10.234 10.908 10.291 9.864 8.729
C1907TS182_5 0.313 6.587 9.010 16.381 10.413 14.107 17.654 11.239 14.015 11.290 11.911 9.864 9.110 9.287 9.216 10.252 8.335 9.602 7.954 10.142 9.331 10.824 9.267 10.597 10.798 8.252 10.189 8.124 9.200 8.511 8.674 6.248 6.809 6.956 5.740 6.050 5.510 6.111 4.928 4.921 6.143 5.530 4.927 5.015 6.662 5.876 5.847 6.618 5.652 6.811 6.560 6.665 7.707 8.496 8.645 10.733 10.849 10.468 9.727 15.807 13.577 10.154
C1907TS196_1 0.330 29.850 29.850 17.486 11.402 13.278 14.469 14.046 11.080 11.626 10.249 8.928 7.690 8.908 9.338 8.421 9.104 9.037 10.032 8.485 8.691 10.466 8.832 10.431 9.749 9.296 9.778 8.875 8.136 8.299 8.342 6.483 6.282 6.118 5.656 5.691 4.734 4.861 4.824 4.264 3.915 3.869 3.698 3.587 3.775 3.480 3.687 3.870 4.092 4.384 4.902 5.311 5.330 5.864 5.963 8.357 8.146 16.588 13.586 29.850 29.850 29.850
C1907TS200_1 0.269 29.850 29.850 29.850 29.850 29.447 16.233 15.178 10.542 29.850 29.850 12.670 9.409 28.515 29.850 21.248 29.850 29.850 29.850 29.850 29.850 29.850 29.850 23.563 29.850 29.850 17.414 12.518 29.850 15.730 7.645 7.075 12.426 10.211 5.532 6.560 7.300 6.993 5.446 5.860 8.158 8.288 6.299 8.535 9.386 10.348 20.390 21.775 29.850 17.901 16.795 29.850 15.027 29.850 18.095 29.850 25.565 17.498 29.850 29.850 29.850 29.850
C1907TS210_1 0.342 15.276 25.492 14.303 19.291 14.669 14.838 17.555 12.510 13.154 10.788 9.183 8.328 8.900 9.218 8.397 8.919 8.781 9.109 7.614 7.443 8.496 7.553 8.703 8.240 6.990 8.103 6.972 6.556 6.288 6.498 6.894 5.117 5.248 5.158 5.100 4.476 4.345 4.560 4.228 3.739 3.923 3.465 3.630 3.686 3.575 3.653 3.862 4.395 4.214 4.365 4.905 5.201 4.806 4.905 5.659 6.340 10.639 14.128 14.969 15.904 17.078
C1907TS210_2 0.354 13.268 15.561 11.682 11.832 11.423 11.969 12.982 10.835 10.332 9.399 8.700 8.451 8.730 8.865 7.993 8.273 8.011 8.607 7.113 7.077 8.396 7.229 8.332 8.010 6.630 7.995 6.890 6.424 6.170 6.463 6.821 5.073 5.200 5.100 5.066 4.455 4.328 4.533 4.199 3.742 3.905 3.442 3.586 3.659 3.518 3.584 3.820 4.198 4.100 4.362 4.558 4.681 4.403 4.573 5.076 5.374 6.811 5.141 7.089 5.511 7.375
C1907TS210_3 0.340 18.181 29.850 17.475 17.679 10.653 14.779 9.326 10.288 8.525 7.411 6.876 6.467 7.302 6.351 6.530 6.635 7.064 7.843 6.512 7.075 8.011 7.437 8.188 8.179 7.731 8.575 7.754 7.411 7.477 7.475 6.249 5.788 5.719 5.542 5.385 4.773 4.713 4.827 4.386 3.996 4.131 3.848 3.828 3.917 3.873 3.917 3.988 4.451 4.077 4.556 5.104 4.762 5.933 5.879 10.543 10.779 13.982 22.696 21.141 8.545 19.787
C1907TS210_4 0.359 5.987 5.406 5.150 5.777 4.476 6.204 4.183 5.184 5.157 5.425 5.708 5.648 5.525 5.399 5.978 6.357 6.336 7.283 6.688 6.983 7.970 7.567 8.422 8.301 7.880 8.845 7.887 7.509 7.622 7.636 6.376 5.904 5.865 5.611 5.461 4.879 4.790 4.894 4.435 4.001 4.113 3.834 3.771 3.790 3.846 3.806 3.840 4.230 3.866 4.105 4.768 4.480 5.006 5.541 9.231 11.034 14.428 13.585 29.850 29.850 10.242
C1907TS210_5 0.355 6.075 7.415 4.947 6.240 4.157 7.191 4.214 5.385 5.344 6.057 5.908 6.204 6.364 6.269 6.566 6.888 6.626 6.983 6.872 6.589 7.043 6.971 8.244 7.179 6.583 8.767 6.526 7.643 7.196 8.121 6.738 6.857 6.783 6.422 6.842 5.647 5.315 5.771 5.195 4.411 4.447 4.079 3.927 4.143 3.988 3.918 3.847 4.177 3.826 4.205 4.866 4.630 4.981 5.221 9.096 9.654 9.842 8.418 9.565 10.877 7.543
C1907TS211_1 0.406 14.196 6.946 9.322 6.157 5.066 5.650 4.641 3.774 3.853 3.683 3.570 3.149 3.083 3.019 2.830 2.711 2.781 2.945 2.839 2.913 3.098 3.381 3.200 3.270 3.098 3.349 3.179 3.484 2.999 2.863 2.815 2.881 2.839 2.837 2.950 3.446 3.276 3.681 3.960 4.166 4.303 4.714 5.823 6.487 6.555 7.514 7.695 6.441 7.298 11.837 9.594 29.850 28.380 26.451 29.850 29.850 29.850 11.736 8.506 7.254 8.079
C1907TS211_2 0.415 6.955 9.333 7.447 6.111 5.171 6.057 4.673 4.202 4.310 3.925 3.596 3.558 3.502 3.370 3.345 3.270 3.423 3.391 3.298 3.383 3.490 3.514 3.611 3.330 3.427 3.374 3.260 3.366 3.202 2.970 3.163 3.233 3.331 2.946 3.017 3.676 3.600 3.248 3.594 4.506 4.153 4.611 5.145 5.621 6.909 5.733 6.537 6.415 6.814 5.944 5.248 5.840 5.868 6.154 5.503 5.630 5.759 5.344 6.355 4.818 6.880
C1907TS211_3 0.392 19.404 29.850 22.518 29.850 29.850 19.960 16.469 10.355 11.422 9.179 8.333 6.490 6.968 5.756 5.602 5.330 5.213 5.061 5.029 5.159 4.922 4.916 5.214 5.207 4.698 5.290 4.951 5.310 5.329 5.129 5.225 4.847 4.652 5.245 4.378 4.181 3.865 4.080 3.942 3.274 3.272 2.918 2.947 2.897 3.117 3.146 3.090 3.396 3.697 3.715 4.037 4.199 4.523 4.326 4.725 5.120 4.337 3.724 2.617 2.543 2.452
C1907TS211_4 0.426 11.444 14.297 12.090 8.300 7.963 6.682 6.403 6.140 6.004 5.465 4.792 4.572 5.283 5.301 4.720 4.987 6.444 6.113 5.234 5.966 6.994 7.211 6.814 7.222 7.464 7.416 7.553 7.497 6.951 6.974 6.691 5.927 5.522 5.259 5.246 4.525 4.333 4.282 3.790 3.546 3.272 2.988 2.817 2.596 2.468 2.471 2.528 2.381 2.070 2.344 2.365 2.163 1.825 1.835 1.885 1.798 1.923 1.961 2.087 2.182 2.086
C1907TS211_5 0.369 29.850 29.850 28.417 29.850 29.850 29.850 29.850 18.125 14.454 11.804 12.295 9.082 11.146 8.773 8.503 8.210 8.835 8.821 7.484 7.806 8.171 7.700 6.402 6.815 7.510 7.395 6.434 6.431 6.219 5.910 5.789 5.648 4.767 4.827 4.928 4.174 3.835 3.930 3.567 3.339 3.114 2.860 2.876 2.923 3.008 3.156 3.303 3.439 3.788 3.918 4.112 4.373 4.755 4.753 6.219 5.868 4.728 4.181 2.926 2.819 2.721
C1907TS213_1 0.560 2.077 2.231 2.315 2.245 2.252 2.350 2.397 2.286 2.332 2.201 2.407 2.412 1.996 2.104 2.334 2.042 2.096 2.048 2.283 2.007 1.990 2.114 2.133 2.362 2.677 2.785 2.703 2.514 2.394 2.535 2.337 2.068 2.223 2.093 2.006 2.084 1.993 2.015 2.055 1.978 1.936 1.869 1.994 2.142 2.294 2.291 2.258 2.379 2.242 2.313 2.382 2.531 3.481 3.673 3.673 3.312 3.075 2.988 2.720 2.674 2.660
C1907TS213_2 0.584 1.708 1.943 1.966 1.939 2.002 2.067 2.056 2.151 2.098 1.964 2.080 2.132 1.889 1.940 2.166 2.119 1.931 1.910 2.250 2.096 1.948 1.969 1.942 2.098 2.311 2.376 2.316 2.238 2.188 2.229 2.130 1.924 1.964 1.998 1.806 1.930 1.812 1.860 1.933 1.935 1.836 1.911 2.060 2.044 2.178 2.187 2.042 2.227 2.172 2.094 2.204 2.314 2.566 2.724 2.547 2.526 2.645 2.282 2.325 2.359 2.413
C1907TS213_3 0.558 1.759 1.971 2.128 2.132 2.042 2.059 2.114 2.179 2.400 2.470 2.585 2.862 2.293 2.279 2.659 2.355 2.261 2.115 2.611 2.276 2.044 2.023 2.091 2.299 2.628 2.802 2.607 2.461 2.539 2.512 2.276 2.027 2.294 2.052 1.881 2.016 2.041 1.866 1.863 1.962 1.874 1.802 1.887 2.143 2.311 2.356 2.342 2.430 2.456 2.466 2.638 2.632 3.331 3.251 3.369 3.321 3.715 3.074 2.886 2.848 2.827
C1907TS213_4 0.562 2.050 2.022 2.143 2.154 2.148 2.203 2.229 2.174 2.243 2.122 2.505 2.578 2.106 2.213 2.641 2.355 2.174 2.127 2.644 2.305 2.104 2.102 2.068 2.193 2.381 2.574 2.344 2.348 2.346 2.291 2.171 2.063 2.313 1.984 1.928 2.056 2.005 1.937 1.956 1.968 1.825 1.829 1.982 2.033 2.158 2.201 2.104 2.133 2.297 2.037 2.128 2.469 3.416 3.353 3.692 3.717 3.725 3.539 3.022 2.891 2.801
C1907TS213_5 0.558 2.267 2.446 2.554 2.387 2.403 2.529 2.588 2.346 2.295 2.217 2.411 2.350 1.930 2.043 2.269 1.973 2.020 2.025 2.196 1.944 1.953 2.091 2.109 2.364 2.710 2.658 2.736 2.573 2.377 2.429 2.412 2.266 2.074 2.089 2.110 2.158 2.019 1.985 2.118 2.034 1.909 1.872 2.035 2.133 2.262 2.244 2.265 2.377 2.356 2.405 2.436 2.601 3.451 3.800 3.571 3.470 3.315 3.004 2.608 2.510 2.535
C1907TS215_1 0.498 4.353 3.771 3.541 3.100 3.163 3.279 3.059 2.749 2.821 3.052 2.863 2.712 2.775 2.812 2.676 3.029 3.155 2.978 3.618 3.807 3.532 3.669 3.726 3.914 4.061 3.991 3.854 3.544 3.051 2.929 3.045 2.784 2.370 2.298 2.409 2.475 2.137 2.095 2.472 2.534 2.273 2.308 2.874 3.092 2.761 3.050 3.446 3.388 3.765 3.540 3.916 3.502 3.777 3.339 3.356 3.040 2.663 2.663 2.074 2.498 2.326
C1907TS215_2 0.467 4.017 4.254 4.224 3.436 4.246 4.524 3.844 4.365 4.293 4.584 4.093 3.716 4.090 3.674 3.755 3.795 3.188 3.003 3.252 3.056 2.823 2.618 2.810 3.478 3.575 3.612 4.019 4.793 3.723 3.570 3.495 3.522 3.620 2.903 2.754 3.217 2.836 2.477 2.841 3.195 2.766 2.910 3.336 3.615 3.040 3.282 3.630 4.294 3.931 3.958 3.491 3.615 3.884 3.558 3.341 3.146 2.897 3.209 2.712 2.523 2.447
C1907TS215_3 0.506 2.570 2.587 2.565 2.798 2.958 2.967 2.525 2.689 3.114 2.949 2.475 3.072 3.629 2.954 2.758 3.102 3.118 2.750 3.147 3.106 2.983 3.105 3.109 3.224 3.182 3.270 2.903 3.091 2.857 2.587 2.536 2.745 2.382 2.266 2.441 2.309 2.212 2.300 2.394 2.359 2.234 2.474 2.759 2.667 2.655 3.031 3.343 3.513 3.589 3.820 4.353 4.399 4.616 4.180 4.021 3.532 3.131 3.109 2.629 2.700 2.520
C1907TS215_4 0.469 4.280 4.234 3.996 3.608 4.259 4.213 3.675 3.969 3.888 3.586 3.164 2.779 2.986 3.240 3.040 2.730 3.093 3.472 2.897 3.101 3.665 4.010 3.626 3.974 4.115 4.654 4.980 5.089 5.415 5.093 4.955 4.593 4.670 3.989 3.511 3.906 3.243 2.837 3.032 2.865 2.609 2.606 2.613 2.466 2.547 2.283 2.584 2.431 2.628 3.064 3.006 2.914 3.256 3.113 3.317 3.136 3.206 3.111 3.600 3.056 2.956
C1907TS215_5 0.496 4.042 3.601 4.029 3.794 3.484 3.999 3.718 3.530 3.112 3.565 3.066 2.978 2.835 2.789 2.406 2.594 2.625 2.732 2.822 3.143 2.815 3.160 3.346 3.567 3.672 3.962 3.447 3.412 2.817 3.103 3.411 2.891 2.574 2.654 2.876 2.507 2.897 2.381 2.427 2.915 2.682 2.595 2.905 2.945 3.057 3.056 2.905 3.139 3.104 3.168 2.884 2.944 2.996 2.935 2.951 3.036 2.821 2.749 2.605 3.358 3.517
C1907TS228_1 0.406 12.497 27.953 14.037 13.739 13.960 12.182 12.196 11.137 9.448 8.540 7.529 7.141 7.058 7.105 6.680 5.954 6.294 6.054 5.940 6.186 5.745 5.366 5.801 5.158 5.175 4.848 4.804 4.887 4.292 4.322 3.766 4.059 3.584 3.162 3.534 3.465 3.050 2.741 2.857 2.812 2.552 2.450 2.448 2.478 2.748 2.989 3.036 2.954 3.205 3.178 3.390 3.265 3.509 3.563 3.787 4.053 4.453 4.393 4.033 3.970 4.358
C1907TS228_2 0.405 14.727 29.850 16.308 28.401 18.766 27.358 17.003 16.687 10.380 9.618 9.358 7.988 8.035 7.317 7.181 6.278 6.361 6.245 5.871 5.964 5.624 5.032 5.386 4.843 4.707 4.498 4.463 4.395 3.897 4.027 3.399 3.680 3.356 3.056 3.225 3.294 3.054 2.755 2.879 2.965 2.749 2.712 2.833 2.795 3.055 3.248 3.207 3.135 3.444 3.582 3.573 3.337 3.523 3.678 3.760 3.699 4.056 3.780 3.796 3.574 3.897
C1907TS228_3 0.362 18.137 16.571 16.195 12.859 29.850 13.734 17.616 12.757 12.228 14.931 11.415 10.175 10.540 9.136 9.155 9.248 8.624 8.477 7.476 6.491 6.925 6.287 5.714 5.457 4.949 5.331 5.083 4.572 4.294 4.086 4.290 3.843 3.850 3.422 3.513 4.007 3.664 3.238 4.042 4.384 3.503 3.702 4.357 5.347 5.258 5.281 5.756 4.857 5.505 5.911 5.427 4.916 5.597 5.784 5.087 4.780 4.739 4.538 4.531 4.343 4.106
C1907TS228_4 0.409 15.119 21.905 15.646 15.579 14.601 14.965 12.859 13.399 9.989 8.841 8.595 7.406 7.793 6.927 6.780 6.151 6.514 6.302 6.019 6.177 5.707 5.360 5.693 5.068 4.961 4.780 4.721 4.675 4.149 4.210 3.595 3.934 3.518 3.070 3.335 3.385 2.944 2.586 2.709 2.695 2.391 2.339 2.293 2.296 2.598 2.789 2.988 2.773 3.184 3.167 3.353 3.229 3.501 3.546 3.784 4.100 4.340 4.419 4.073 3.936 4.173
C1907TS228_5 0.411 12.293 29.850 15.163 14.738 14.598 12.267 12.203 12.055 8.738 8.196 7.133 6.628 6.749 6.424 6.204 5.632 5.880 5.604 5.505 5.901 5.369 5.220 5.340 4.893 4.961 4.610 4.766 4.742 4.243 4.286 3.724 4.063 3.587 3.114 3.430 3.434 2.980 2.619 2.742 2.703 2.389 2.338 2.288 2.307 2.595 2.804 2.964 2.766 3.132 3.143 3.356 3.224 3.520 3.564 3.841 4.125 4.522 4.732 4.229 4.093 4.452
C1907TS230_1 0.380 7.168 6.712 5.158 5.358 6.058 6.277 4.906 5.617 5.853 5.278 4.908 5.313 6.351 5.970 5.421 6.585 6.364 6.362 6.692 7.187 6.948 8.165 8.906 8.478 6.950 6.801 6.392 5.424 5.892 4.430 4.138 4.565 4.384 3.592 3.098 3.754 3.378 2.543 2.682 3.756 2.740 2.660 3.426 4.263 3.299 3.200 4.684 5.106 7.151 8.245 8.140 6.324 10.053 7.444 6.295 5.408 4.230 4.704 6.237 5.926 6.327
C1907TS230_2 0.441 4.548 4.684 4.288 3.664 4.310 4.385 3.534 3.521 3.493 3.420 3.068 2.891 3.378 3.213 3.271 3.401 3.615 4.294 3.849 4.481 4.634 4.721 4.821 4.607 4.303 4.292 3.985 3.927 3.597 3.306 3.046 3.087 2.884 2.679 2.619 2.822 2.772 2.608 2.752 3.423 3.007 3.111 3.779 4.064 4.264 5.780 5.879 4.692 4.726 5.132 5.409 4.524 4.622 4.650 4.607 3.900 3.671 3.922 4.069 4.644 4.643
C1907TS230_3 0.419 5.021 5.221 4.220 4.691 3.934 4.667 3.949 4.236 3.480 3.689 4.260 4.217 5.065 4.644 4.141 4.840 4.996 4.756 4.505 5.700 5.649 5.341 6.192 7.824 6.658 5.844 5.750 7.279 5.621 4.838 4.216 4.516 4.632 4.121 3.485 4.061 3.693 2.854 3.001 3.631 2.980 2.500 2.811 3.052 2.788 2.898 3.099 3.632 3.072 4.033 3.829 3.880 5.105 3.696 5.925 4.021 4.886 4.419 4.089 3.781 4.557
C1907TS230_4 0.362 7.502 6.655 6.453 6.334 7.400 5.656 5.308 6.432 5.374 5.097 4.741 4.972 4.714 4.516 4.702 4.364 4.512 4.583 4.289 4.103 4.664 4.539 5.297 5.232 4.557 5.008 4.954 4.685 4.678 4.553 4.558 4.388 4.426 5.006 5.069 4.940 4.807 5.441 5.683 6.038 5.657 5.347 6.221 6.436 6.310 6.384 7.740 7.652 6.919 6.825 8.993 7.485 8.795 9.844 7.609 8.941 12.633 6.469 10.126 4.841 5.565
C1907TS230_5 0.392 5.310 5.352 5.443 6.223 5.134 4.957 5.786 4.534 4.272 4.605 5.004 4.412 4.185 4.149 4.639 4.352 3.985 4.204 4.929 4.703 4.497 4.648 4.902 6.422 4.761 5.666 5.058 5.645 5.361 4.968 5.161 4.246 4.406 3.987 4.010 3.717 3.761 3.637 3.452 3.949 3.590 3.491 3.864 3.727 4.047 3.675 4.226 4.797 4.183 5.260 4.399 4.991 5.166 5.424 6.573 7.052 8.675 7.129 12.652 8.946 9.931
C1907TS240_1 0.462 3.798 3.925 3.651 3.528 3.694 3.573 3.377 3.175 2.935 3.094 3.286 3.105 3.427 3.371 3.458 3.464 3.585 3.726 3.728 3.493 3.764 3.663 3.829 3.554 3.746 3.588 3.361 3.271 3.276 3.240 2.760 2.948 3.064 2.847 2.688 2.951 3.082 2.711 2.743 3.390 3.134 2.575 2.627 2.871 2.615 2.553 2.536 2.805 3.484 4.466 6.605 5.151 7.262 6.926 7.802 6.974 5.247 4.171 3.790 3.620 3.739
C1907TS240_2 0.458 6.527 5.999 6.088 4.616 4.758 5.845 4.389 3.807 4.242 3.828 3.672 3.342 3.863 3.496 3.245 3.328 3.441 3.469 3.443 3.339 3.351 3.302 3.324 3.258 3.264 3.224 3.061 2.959 3.104 2.961 2.682 2.769 3.034 2.534 2.390 2.715 2.933 2.332 2.343 3.259 2.563 2.141 2.308 2.696 2.431 2.438 2.449 2.671 3.574 5.070 9.063 6.123 8.249 10.140 9.077 8.205 5.621 3.995 3.946 3.195 3.186
C1907TS240_3 0.433 5.116 5.131 5.372 4.453 5.597 5.266 4.527 4.293 5.126 4.464 4.179 4.055 4.483 4.182 3.859 3.792 3.940 3.981 3.912 3.419 3.844 3.665 4.087 4.015 4.090 4.025 3.890 3.552 3.722 3.489 3.057 3.473 3.735 3.105 2.936 3.494 3.337 2.743 2.935 3.723 3.017 2.866 3.241 3.739 4.178 4.135 4.343 4.243 4.231 4.307 4.071 4.807 4.326 5.487 4.570 5.021 4.388 4.466 3.636 3.484 3.200
C1907TS240_4 0.375 9.838 9.861 9.354 6.782 7.061 7.076 5.607 5.832 5.429 4.934 4.904 4.359 4.605 4.486 4.443 4.296 4.224 4.562 4.781 4.118 4.477 4.812 5.144 5.234 5.092 4.712 4.541 4.437 4.463 4.433 3.740 4.111 4.407 3.868 3.622 4.546 4.488 3.814 4.095 5.215 4.893 4.216 4.763 5.571 5.741 6.549 6.808 6.289 6.318 6.903 6.474 6.509 7.161 6.359 7.677 7.102 7.236 6.798 5.580 5.564 4.920
C1907TS240_5 0.450 3.181 3.776 3.473 3.277 3.270 3.227 3.239 3.131 2.984 3.248 3.419 3.306 3.602 3.777 4.088 4.095 4.036 4.384 4.745 4.095 4.437 4.634 5.269 5.026 4.972 4.956 4.876 4.389 4.031 4.329 3.394 3.519 3.505 3.312 3.107 3.048 2.881 2.670 2.612 3.068 2.904 2.550 2.795 2.897 2.629 2.507 2.561 2.836 3.417 4.113 7.106 4.886 6.848 6.436 7.409 5.684 4.751 4.081 3.189 3.181 3.127
C1907TS247_1 0.353 24.423 29.850 29.850 29.850 15.763 29.850 15.252 19.518 13.330 11.838 15.789 8.556 12.231 7.465 7.511 8.993 6.739 8.122 7.696 8.375 6.606 7.314 8.144 7.316 7.106 6.810 7.535 6.850 6.661 6.797 6.054 5.519 5.288 5.670 5.122 4.421 4.372 4.113 4.006 3.480 3.524 3.259 3.329 3.338 3.195 3.367 3.203 3.797 3.345 3.765 3.896 3.637 4.130 3.846 4.790 5.673 6.608 9.789 10.609 9.090 10.908
C1907TS247_2 0.327 29.850 29.850 29.850 29.850 23.330 23.092 20.322 12.602 17.521 10.949 9.390 7.603 9.246 7.502 7.403 7.023 6.654 7.381 7.098 7.573 7.311 6.918 7.618 6.648 6.733 6.931 6.601 6.373 6.479 6.294 5.757 5.734 5.441 6.392 5.510 4.787 5.125 4.884 4.821 4.174 4.630 4.351 4.254 4.555 4.821 4.955 4.965 5.376 5.419 5.231 6.674 6.101 6.339 6.450 7.121 9.829 9.816 24.332 29.850 29.850 29.850
C1907TS247_3 0.341 29.850 29.850 27.387 29.850 21.332 29.850 20.465 18.201 29.850 15.093 11.978 9.545 9.105 7.497 7.645 7.570 6.980 7.582 6.586 6.756 6.593 6.377 6.655 6.546 5.941 6.433 6.137 6.027 5.959 6.120 5.956 5.549 5.167 5.105 4.960 4.764 4.384 4.633 4.127 3.794 3.882 3.760 3.680 3.674 3.797 3.797 3.975 4.364 4.311 4.522 4.966 5.623 6.006 5.417 7.399 7.924 10.152 10.326 17.898 20.598 13.609
C1907TS247_4 0.342 19.831 29.850 23.982 25.936 21.586 14.956 13.897 10.828 10.687 8.542 7.732 7.514 7.446 6.614 6.496 6.335 5.695 6.097 5.742 5.976 5.882 5.847 6.089 5.794 5.691 5.830 6.940 6.382 6.193 7.175 6.137 6.359 6.208 5.818 6.430 5.146 5.343 5.052 4.741 4.695 4.697 4.533 4.274 4.323 4.176 4.205 4.291 4.387 4.571 4.510 5.067 4.985 4.655 5.347 5.489 7.469 8.600 10.753 29.850 29.850 14.415
C1907TS247_5 0.337 29.850 29.850 29.850 29.850 29.850 29.850 29.850 29.850 20.672 29.850 29.850 29.850 17.466 23.559 13.658 13.377 14.536 10.706 8.522 8.680 9.584 9.360 11.180 8.317 7.563 9.658 8.296 7.227 6.614 6.679 6.459 5.306 5.314 5.335 4.835 4.694 4.607 3.956 4.027 3.517 3.685 3.386 3.536 3.742 3.322 3.719 3.772 4.198 4.160 4.099 4.707 4.449 4.895 4.215 5.505 5.550 7.064 8.306 10.438 9.535 8.991
C1907TS258_1 0.462 3.731 3.905 3.485 3.533 4.047 4.178 3.951 3.887 3.768 3.759 3.401 2.974 3.308 3.246 2.698 2.898 3.279 3.315 2.953 3.355 3.815 3.901 4.226 4.287 4.244 4.117 3.870 4.177 3.849 3.375 3.407 3.414 2.735 2.302 2.403 2.713 2.173 2.143 2.645 2.721 2.456 2.584 3.216 3.402 3.063 3.131 3.885 4.643 4.164 5.822 4.947 4.112 4.399 4.961 6.035 4.990 4.496 3.810 3.527 3.635 2.981
C1907TS258_2 0.453 3.965 4.388 5.987 5.455 5.453 6.566 4.844 3.813 3.850 4.355 3.841 3.179 3.472 3.784 2.923 3.097 3.693 3.928 3.212 3.857 4.021 3.929 4.876 4.834 4.073 4.014 3.288 3.956 3.888 3.005 3.023 3.630 2.914 2.572 2.726 3.082 2.186 2.163 2.902 2.754 2.342 2.468 3.245 3.353 3.133 3.144 3.961 4.472 3.981 4.784 4.691 3.874 3.931 4.670 4.992 4.178 4.210 3.454 2.946 3.355 2.768
C1907TS258_3 0.385 7.186 6.828 9.343 8.772 6.077 6.615 5.958 5.006 4.647 5.203 5.004 4.379 4.438 5.078 4.272 4.164 4.828 5.203 4.580 4.705 5.442 5.446 5.592 6.167 6.153 5.844 5.981 6.202 5.338 5.168 5.324 5.139 4.232 3.742 4.220 4.480 3.478 3.247 4.122 3.979 3.420 3.826 4.116 4.141 4.145 4.857 5.109 5.309 6.115 6.396 6.146 6.003 5.392 5.301 5.242 5.122 5.032 4.341 4.275 4.305 3.941
C1907TS258_4 0.444 4.634 4.588 4.391 3.671 4.043 3.877 3.896 3.850 3.822 4.065 3.506 3.465 3.846 3.619 3.058 3.441 3.832 3.480 3.029 3.638 4.206 4.436 5.948 4.888 4.668 4.164 4.270 4.470 4.408 3.200 3.594 3.870 2.691 2.446 2.875 2.996 2.144 2.122 2.870 2.971 2.441 2.526 3.312 3.539 3.086 3.059 3.804 4.644 4.059 5.189 4.781 4.647 4.608 4.762 5.866 5.851 6.434 5.190 4.643 3.743 3.954
C1907TS258_5 0.482 3.315 3.124 2.935 2.951 2.781 2.883 2.927 3.225 3.605 3.891 2.924 3.061 3.169 2.718 2.700 3.020 2.854 2.717 3.328 3.069 2.998 3.321 3.675 3.866 3.917 3.688 3.459 3.431 3.231 3.199 3.182 2.758 2.771 2.647 2.238 2.254 2.467 2.134 2.100 2.451 2.517 2.420 2.722 3.552 2.878 2.787 3.743 4.505 4.311 5.142 5.600 4.289 4.814 5.606 4.985 5.013 4.117 3.418 3.556 3.207 2.697
C1907TS273_1 0.583 2.241 2.465 2.598 2.439 3.028 2.773 2.850 2.628 2.320 1.841 1.702 1.760 1.959 2.039 2.027 2.280 2.254 2.112 2.236 2.425 2.155 2.104 2.189 2.162 2.489 2.796 2.386 2.302 2.135 1.978 1.943 1.955 1.739 1.802 1.965 1.899 1.786 1.893 2.017 2.051 1.950 1.932 2.141 2.072 2.262 2.225 2.213 2.219 2.045 2.212 2.109 1.874 1.619 1.505 1.482 1.313 1.575 1.948 2.440 2.448 2.637
C1907TS273_2 0.564 2.288 2.394 2.754 2.563 3.124 2.777 3.110 2.627 2.340 1.798 1.796 1.845 1.951 2.030 2.170 2.162 2.085 2.048 2.404 2.143 1.994 1.892 2.055 2.464 3.188 3.262 2.907 3.219 2.731 2.454 2.298 2.177 2.099 2.120 2.167 2.006 2.012 2.094 2.256 2.170 2.183 2.184 2.436 2.332 2.561 2.580 2.476 2.594 2.274 2.450 2.441 2.146 1.909 1.893 1.797 1.667 1.898 2.116 2.471 2.909 2.688
C1907TS273_3 0.584 2.117 2.121 2.386 2.241 2.305 2.351 2.371 2.226 2.327 1.894 1.825 2.068 1.905 2.208 2.250 2.244 2.034 2.065 2.478 1.909 1.889 2.024 2.037 2.426 2.838 2.788 2.724 2.689 2.444 2.530 2.320 2.119 2.330 2.150 2.110 2.172 1.975 1.955 2.063 2.045 1.913 2.035 2.180 2.117 2.188 2.197 2.008 2.251 1.961 2.066 1.986 1.683 1.083 0.856 1.407 1.392 1.065 2.094 2.471 2.656 2.672
C1907TS273_4 0.375 7.581 7.939 6.431 6.077 5.166 3.889 4.342 3.647 4.332 4.542 4.882 5.320 6.106 6.277 5.309 6.393 7.412 6.661 6.829 4.959 4.792 5.374 7.558 7.302 11.183 12.222 7.857 8.968 10.993 8.176 7.368 5.027 4.687 4.114 3.925 4.012 4.031 3.333 2.815 3.291 3.221 2.560 2.541 3.261 2.997 3.852 3.751 5.082 4.302 5.260 5.744 8.046 6.453 6.944 5.331 8.971 7.394 16.109 7.449 12.080 6.801
C1907TS273_5 0.388 7.151 6.249 7.007 5.905 5.586 5.347 5.340 4.873 4.710 3.712 3.345 3.468 4.107 3.931 3.782 3.923 4.282 4.532 4.700 4.298 4.554 5.204 5.656 5.420 5.237 5.674 6.771 9.880 29.850 29.850 14.031 10.838 6.466 9.443 5.074 4.693 4.103 3.547 3.504 3.991 3.661 3.124 3.560 4.210 4.008 4.312 3.983 4.116 4.078 3.899 4.171 4.619 5.177 5.899 5.532 4.935 5.415 5.619 4.756 4.341 4.758
C1907TS278_1 0.295 26.277 11.579 13.338 9.455 8.688 9.092 10.093 7.494 8.650 8.199 7.668 7.949 7.371 8.195 7.638 8.952 8.913 10.380 10.853 12.341 11.956 12.314 18.429 11.685 13.030 13.769 12.246 10.811 10.056 10.092 9.196 8.490 7.047 6.575 6.410 6.483 6.137 6.472 6.868 5.733 5.913 6.959 6.201 6.186 7.141 9.376 10.970 10.496 23.143 29.850 29.850 29.850 29.850 29.850 29.850 29.850 9.111 9.067 7.804 5.114 13.329
C1907TS278_2 0.311 29.850 4.922 9.143 8.965 7.153 9.112 7.156 7.985 7.632 9.727 8.753 7.204 9.290 7.602 8.153 10.011 8.395 9.002 9.591 9.520 9.072 9.737 10.006 11.165 10.841 10.318 11.673 13.236 14.004 9.973 9.286 9.282 8.024 8.292 7.710 6.514 6.687 6.267 6.207 5.548 5.781 6.658 4.882 6.080 6.940 7.076 9.069 12.939 29.850 29.850 29.850 29.850 29.850 29.850 9.620 7.665 7.289 4.169 6.026 2.749 5.356
C1907TS278_3 0.344 12.682 13.249 8.548 7.003 7.014 5.509 5.808 6.748 5.363 5.722 6.388 6.179 6.085 6.281 6.082 6.346 6.918 7.000 7.256 7.590 8.214 9.520 9.134 12.748 9.925 13.849 22.506 10.429 10.851 10.340 7.091 8.628 6.537 7.554 6.395 5.345 5.056 4.850 4.835 4.278 4.090 3.670 4.004 4.381 3.759 3.754 4.375 4.662 3.903 4.446 4.780 6.993 9.930 13.907 18.472 10.174 8.269 5.564 4.870 5.320 5.356
C1907TS278_4 0.303 29.850 29.850 29.850 14.678 15.315 12.893 11.742 9.669 9.244 8.454 8.172 7.366 7.476 7.024 6.552 7.350 7.319 7.641 7.086 8.260 9.667 10.890 11.658 12.290 9.903 10.880 12.020 11.203 10.076 9.687 7.182 7.505 6.893 6.083 5.657 5.519 5.423 5.121 5.057 4.914 5.144 4.962 5.063 5.062 5.960 6.269 6.344 6.524 8.851 13.433 29.850 29.850 29.850 29.850 29.850 29.850 29.850 29.850 23.623 29.850 14.706
C1907TS278_5 0.327 7.225 6.444 6.610 6.770 7.552 7.048 7.669 6.360 6.935 7.211 6.317 7.063 7.176 6.599 6.080 6.284 6.167 7.068 5.941 6.767 6.739 6.052 7.349 6.097 6.223 7.147 6.886 6.724 5.810 6.454 7.290 6.335 5.770 5.807 6.142 5.254 5.677 5.140 4.881 4.825 4.789 5.061 4.167 4.216 4.251 5.075 4.318 5.632 7.768 10.307 29.850 29.850 29.850 29.850 29.850 29.850 29.850 29.850 29.850 29.850 29.850
C1907TS299_1 0.357 17.697 23.985 16.025 21.719 16.070 14.511 19.741 12.527 13.608 11.144 9.738 8.533 9.273 9.395 8.458 9.113 9.008 9.443 7.921 7.627 8.664 7.697 8.712 8.261 7.069 8.204 7.161 6.682 6.335 6.644 6.932 5.194 5.308 5.189 5.157 4.505 4.398 4.617 4.283 3.775 3.941 3.495 3.601 3.677 3.458 3.499 3.663 3.715 3.720 3.783 3.946 4.199 4.023 3.890 4.262 4.528 4.601 5.076 4.762 5.131 4.393
C1907TS299_2 0.345 16.883 29.850 15.452 23.623 15.651 15.941 18.989 13.640 13.899 11.414 9.851 8.864 9.563 9.860 8.901 9.439 9.693 10.313 8.303 8.328 9.843 8.368 9.000 8.806 7.810 8.366 7.576 6.936 6.792 6.985 7.070 5.315 5.358 5.303 5.228 4.501 4.399 4.600 4.221 3.767 3.893 3.457 3.559 3.646 3.511 3.560 3.751 4.099 4.046 4.113 4.648 4.925 4.808 4.634 5.151 5.571 7.228 6.292 8.175 7.574 7.455
C1907TS299_3 0.345 16.596 29.850 15.690 20.047 13.251 13.535 17.420 13.006 13.357 10.236 9.387 8.979 9.130 9.173 8.274 8.460 8.260 8.820 7.328 7.210 8.588 7.394 8.472 8.135 6.701 8.121 7.025 6.534 6.239 6.558 6.889 5.164 5.274 5.159 5.130 4.500 4.395 4.599 4.237 3.774 3.931 3.500 3.618 3.698 3.582 3.637 3.820 4.150 4.130 4.244 4.824 5.059 4.941 4.707 5.430 6.043 7.435 7.368 13.288 9.489 18.800
C1907TS299_4 0.334 23.670 29.850 18.185 29.821 17.650 16.867 26.847 14.225 14.850 11.847 10.646 9.324 10.125 10.682 9.328 9.874 9.829 10.257 9.175 8.851 10.325 9.394 11.027 10.129 8.752 10.278 8.824 8.243 7.840 8.114 6.730 6.050 6.150 5.833 5.872 5.102 5.116 5.294 4.820 4.124 4.213 3.724 3.763 3.799 3.654 3.736 3.914 4.075 4.130 4.247 4.690 4.831 4.800 4.697 5.074 5.801 6.857 7.024 9.500 9.645 15.836
C1907TS299_5 0.353 29.850 29.850 29.850 24.667 29.087 29.850 29.850 22.301 20.901 12.818 10.655 9.193 9.764 9.629 8.479 8.471 8.262 9.071 7.485 7.338 8.727 7.453 8.566 8.242 6.746 8.127 7.030 6.527 6.251 6.537 6.926 5.156 5.263 5.154 5.104 4.492 4.380 4.587 4.221 3.763 3.915 3.475 3.586 3.667 3.463 3.495 3.688 3.758 3.769 3.852 4.040 4.296 4.136 3.985 4.383 4.748 4.924 5.410 5.161 5.580 4.748
C1907TS301_1 0.337 29.850 29.850 29.850 29.850 29.850 29.850 29.850 15.377 15.492 11.201 9.818 7.958 9.135 7.815 6.875 6.285 7.074 6.818 5.944 6.397 6.011 6.345 6.494 6.230 6.074 6.132 6.196 5.853 5.374 5.555 4.994 5.000 4.963 4.721 4.816 4.599 4.564 4.588 4.289 4.118 4.541 4.117 4.334 4.480 4.913 4.463 4.549 5.295 4.848 5.512 5.712 5.792 7.596 5.509 8.254 6.976 9.130 15.296 11.693 20.433 16.471
C1907TS309_1 0.328 17.440 22.346 15.728 15.226 11.499 11.305 11.533 8.691 9.025 7.986 7.490 7.261 7.112 5.720 5.851 5.817 5.339 5.755 5.060 5.909 5.262 5.398 6.197 4.978 5.551 6.060 6.292 7.159 5.553 6.696 6.568 5.988 6.289 6.620 6.701 5.470 5.775 5.834 5.592 5.770 5.774 5.871 5.621 5.487 5.896 5.824 5.776 7.395 5.810 8.303 7.065 9.104 7.173 9.601 9.655 12.653 11.602 10.298 15.983 19.558 12.884
C1907TS309_2 0.432 5.837 5.712 5.874 5.091 5.167 4.976 4.124 4.096 4.410 3.889 3.418 3.718 3.532 3.298 3.282 3.455 3.556 3.363 3.434 3.506 3.454 3.725 3.492 3.572 3.463 3.582 3.459 3.223 3.132 2.941 2.785 2.742 2.915 2.366 2.422 2.821 2.498 2.188 2.340 3.234 2.763 2.397 2.993 4.051 4.029 2.983 3.858 5.877 4.857 7.316 6.550 7.505 9.882 7.801 8.678 10.622 12.501 13.839 9.843 7.754 9.078
C1907TS309_3 0.345 29.850 29.850 29.850 29.850 29.850 29.850 29.850 29.850 29.850 29.850 29.850 29.850 29.850 17.597 13.553 9.525 8.964 8.797 7.177 8.587 7.136 5.891 6.498 6.171 5.596 5.908 5.218 4.758 4.513 4.610 4.155 3.927 4.102 3.538 3.455 3.777 3.848 3.303 3.495 4.357 4.204 4.501 4.455 4.692 4.543 4.076 5.621 5.462 5.990 6.856 5.458 5.477 5.296 5.731 6.513 5.754 5.130 5.271 4.911 4.433 4.213
C1907TS345_1 0.541 4.144 4.060 3.430 2.681 2.897 3.168 2.689 2.237 2.556 2.760 2.368 1.945 2.130 2.427 2.018 2.096 2.273 2.407 2.371 2.496 2.529 2.726 2.825 2.532 2.974 2.609 2.559 2.294 1.960 2.189 2.254 1.978 1.919 2.138 2.059 1.898 1.840 2.010 2.055 2.061 1.968 2.122 2.478 2.380 2.214 2.608 3.019 3.311 3.264 4.000 4.102 3.458 3.704 3.595 3.404 2.849 2.462 2.428 2.039 2.173 2.183
C1907TS345_2 0.531 4.696 4.401 4.107 3.831 3.473 3.437 3.562 3.190 3.067 2.815 2.586 2.386 2.194 2.043 1.907 1.922 1.850 1.858 2.013 1.888 1.976 1.966 1.971 2.144 2.189 2.182 2.330 2.354 2.306 2.388 2.572 2.337 2.125 2.301 2.262 2.099 2.094 2.349 2.035 1.922 2.374 2.340 2.034 2.359 3.115 2.401 2.392 3.133 2.933 3.630 4.221 3.417 3.474 4.347 4.401 3.544 3.689 3.117 2.943 2.985 2.935
C1907TS345_3 0.549 2.112 2.215 2.641 2.585 2.923 2.855 2.324 2.860 2.906 2.759 2.466 2.505 2.304 2.328 2.376 2.173 2.062 2.000 2.194 1.939 1.968 2.018 1.953 2.164 2.449 2.485 2.496 2.568 2.413 2.433 2.321 2.315 2.163 2.343 2.125 2.167 2.296 2.562 2.134 2.289 2.551 2.314 2.185 2.495 2.668 2.431 2.373 2.698 2.645 2.703 2.967 2.742 2.898 2.818 2.783 3.084 3.029 2.373 2.970 2.788 3.012
C1907TS345_4 0.510 2.923 3.927 3.671 4.294 3.844 3.646 3.877 4.031 3.049 3.529 3.723 3.069 3.366 2.526 2.486 2.754 3.032 2.145 2.540 3.155 2.707 2.088 2.296 2.560 2.787 2.764 2.975 2.941 2.647 2.880 2.873 2.552 2.285 2.004 2.099 2.115 2.113 2.007 2.034 2.288 2.388 2.292 2.493 3.370 3.029 2.807 3.262 3.631 3.897 3.883 3.926 3.287 3.551 3.185 3.951 3.199 3.186 2.404 2.445 2.249 2.252
C1907TS345_5 0.543 2.953 3.022 3.038 3.128 3.026 3.073 2.476 2.526 2.727 2.480 2.446 2.357 2.435 2.375 2.267 2.435 2.348 2.129 2.484 2.434 2.245 2.151 2.327 2.396 2.605 2.671 2.537 2.523 2.351 2.250 2.203 2.000 1.970 1.861 1.919 2.006 1.906 2.078 2.189 2.284 2.361 2.493 2.705 2.842 2.856 2.838 3.070 3.049 2.960 3.213 3.313 2.935 3.064 2.771 2.643 2.607 2.375 2.752 2.690 2.441 2.236
C1907TS347_1 0.361 10.772 12.119 15.118 10.588 15.333 10.243 8.750 8.665 7.475 7.068 7.051 6.923 6.673 6.040 5.887 6.327 5.605 6.516 5.177 5.873 4.940 5.399 5.412 5.399 5.107 5.135 5.775 5.087 4.696 5.251 4.756 4.190 3.601 4.561 3.737 4.084 3.260 3.816 2.995 3.069 2.864 2.888 3.641 3.169 3.894 4.345 4.570 4.910 4.913 7.516 6.549 11.272 11.049 21.409 16.941 16.204 9.699 18.177 8.650 19.482 6.880
C1907TS349_1 0.518 4.460 4.943 4.561 3.999 4.233 4.079 3.706 3.078 2.719 2.486 2.312 2.062 2.044 2.057 2.070 1.918 2.156 2.280 2.216 2.265 2.512 2.566 2.500 2.540 2.409 2.332 2.251 2.327 2.366 1.888 2.102 2.316 1.967 1.924 2.111 2.358 2.107 2.042 2.608 2.800 3.507 3.420 3.822 3.677 3.967 3.898 4.406 3.949 4.027 3.786 3.787 3.358 3.314 3.684 3.091 2.872 2.492 2.467 2.396 2.387 2.196
C1907TS349_2 0.508 4.839 4.778 5.437 4.054 4.103 3.660 3.749 2.821 2.551 2.087 2.106 2.049 1.991 1.862 2.013 2.174 2.154 2.362 2.572 2.768 3.228 3.637 3.690 3.780 4.948 4.662 4.853 4.769 3.929 3.863 3.950 3.460 2.723 2.644 2.657 2.432 2.062 2.310 2.292 2.238 2.318 2.290 2.677 2.642 3.492 3.010 3.090 3.114 2.705 2.834 2.607 2.313 2.650 2.585 2.615 2.314 2.609 2.366 2.598 2.711 2.825
C1907TS349_3 0.560 3.543 3.330 3.614 3.731 3.937 3.907 3.669 3.276 2.923 2.846 2.790 2.652 2.464 2.121 1.773 1.918 2.064 1.717 1.812 2.089 2.320 1.919 2.033 1.888 1.970 1.923 1.987 2.147 2.289 2.095 1.814 1.815 1.890 1.975 1.752 1.701 1.765 1.787 1.743 1.874 2.437 2.964 2.229 2.180 2.714 3.038 2.690 2.199 2.581 2.603 2.546 2.273 2.427 2.670 2.579 2.622 2.501 2.037 2.001 1.729 1.764
C1907TS349_4 0.489 4.829 4.782 4.158 3.889 4.084 4.437 3.819 3.185 2.894 2.968 3.198 3.040 2.704 2.737 3.013 3.221 3.430 3.460 3.340 3.476 4.266 4.743 4.764 4.151 4.315 4.909 4.162 3.200 2.821 2.695 3.109 3.202 2.702 2.442 2.615 2.520 2.771 2.202 2.153 2.189 2.229 1.911 2.046 2.142 2.282 2.513 2.824 2.777 2.762 3.255 3.007 3.020 3.359 3.321 3.581 3.500 3.763 3.156 3.057 3.153 2.995
C1907TS349_5 0.491 5.051 4.377 4.580 4.806 4.067 3.553 3.714 3.173 3.072 2.979 2.831 2.715 2.685 2.606 2.457 2.606 2.769 2.863 2.801 3.019 3.394 3.737 4.031 3.955 4.788 4.809 4.649 4.646 3.961 3.836 3.804 3.502 2.977 3.054 2.925 2.678 2.466 2.586 2.325 2.315 2.478 2.251 2.188 2.387 2.373 2.460 3.104 2.948 2.736 2.880 3.189 2.991 2.990 2.769 3.067 2.756 2.781 2.846 2.863 2.816 2.900
C1907TS359_1 0.331 29.850 29.850 21.677 27.997 15.465 15.947 13.981 10.231 13.398 10.072 9.044 9.197 8.769 7.660 7.830 7.751 8.331 7.882 7.875 7.887 7.886 7.483 8.017 7.970 7.009 7.746 6.640 6.678 6.453 6.444 5.760 5.426 5.660 5.598 5.463 5.394 5.453 5.448 5.390 4.608 5.284 5.484 5.604 5.616 4.844 6.252 5.644 5.776 5.473 6.022 5.935 6.122 6.098 5.407 6.010 5.677 5.452 6.215 5.840 5.517 6.622
C1907TS369_1 0.327 23.849 29.850 18.457 29.850 29.030 18.403 29.850 16.722 19.274 13.787 11.696 10.362 10.809 10.272 9.290 9.804 10.621 10.932 8.694 8.965 10.017 9.029 8.539 8.772 7.366 7.782 7.372 6.674 6.630 6.568 6.885 5.292 5.234 5.344 4.977 4.692 4.499 4.710 4.618 4.135 4.471 4.392 4.597 4.352 4.471 4.635 5.106 5.298 4.952 4.828 5.646 5.916 5.615 5.646 6.775 7.449 8.750 10.931 13.150 13.270 17.899
C1907TS369_2 0.456 4.910 4.850 4.198 4.356 4.485 3.948 3.227 3.689 3.432 2.834 2.679 3.153 2.814 2.505 3.033 3.397 3.409 3.608 4.095 4.058 4.436 5.634 6.571 7.062 5.124 5.677 4.842 5.136 4.304 4.088 3.626 3.322 2.919 2.979 2.797 2.475 2.336 2.250 2.304 2.653 2.292 2.252 2.961 3.313 2.801 2.714 3.699 3.377 4.218 4.363 4.458 4.426 3.709 4.703 4.174 5.008 3.882 3.229 4.338 3.393 3.440
C1907TS369_3 0.440 6.200 6.595 5.633 5.529 5.293 5.107 4.523 3.914 3.745 3.652 3.117 3.074 3.048 2.787 2.563 2.670 2.652 2.766 2.917 2.945 2.885 2.992 3.305 3.462 3.197 3.180 3.336 3.266 2.844 2.981 3.005 2.662 2.553 2.678 2.791 2.735 3.098 2.950 3.370 4.102 3.958 4.418 5.117 5.530 4.496 5.530 5.607 6.638 7.021 6.491 6.001 5.979 6.134 6.482 5.784 5.648 4.180 4.622 4.583 3.541 3.959
C1907TS369_4 0.355 21.375 21.182 29.850 29.093 29.850 15.246 16.934 15.615 13.178 12.196 10.802 10.285 8.954 9.198 8.990 8.569 9.461 8.508 8.232 8.858 7.727 7.653 7.855 6.999 7.198 6.794 5.796 5.885 5.512 5.073 4.337 4.568 4.669 4.154 3.884 4.139 3.833 3.456 3.574 4.335 3.811 3.656 4.019 4.487 4.002 4.113 4.869 4.972 4.667 5.050 5.164 4.939 4.992 5.575 5.342 5.053 4.539 4.620 4.597 4.453 4.714
C1907TS369_5 0.465 4.678 5.354 5.004 4.489 4.504 4.734 4.186 3.933 3.552 3.145 2.559 2.783 2.850 2.803 2.307 2.569 2.866 3.002 2.939 2.911 3.186 3.527 3.859 3.814 3.940 3.970 3.599 3.756 3.264 3.028 3.057 3.140 2.399 2.411 2.470 2.587 2.266 2.360 2.666 3.022 2.868 3.055 3.760 4.302 3.449 3.877 4.141 4.492 4.610 4.330 5.056 4.437 4.314 4.503 4.345 3.886 3.996 3.559 3.705 3.303 3.452
C1907TS389_1 0.325 29.850 29.850 29.850 29.850 29.850 29.850 12.154 29.850 18.322 11.644 10.170 10.035 11.002 7.440 7.544 7.057 7.331 7.716 6.864 7.755 6.701 7.374 7.256 7.199 6.997 7.607 6.897 7.286 6.564 6.941 5.849 5.840 5.782 4.742 5.217 4.634 4.412 4.123 4.568 4.951 4.120 4.413 4.192 4.566 4.341 5.051 5.658 4.824 4.771 5.636 5.971 6.267 6.521 7.483 9.432 9.490 18.755 28.419 29.850 29.850 29.850
C1907TS389_2 0.365 7.847 7.915 8.553 8.953 8.566 7.658 5.856 6.796 5.815 5.133 5.025 4.670 4.626 4.322 4.192 4.632 3.872 5.108 4.703 4.043 5.109 4.649 5.737 5.433 6.171 6.224 6.715 5.671 5.934 5.933 6.026 5.854 4.934 5.636 5.394 4.514 4.628 4.577 5.004 4.551 4.168 4.399 4.065 4.161 4.217 4.496 4.197 4.399 4.311 4.751 4.657 5.524 5.705 6.216 7.735 7.970 18.037 11.453 10.670 29.850 10.443
C1907TS389_3 0.357 8.258 6.160 6.866 5.772 6.757 7.060 6.811 5.994 5.492 5.989 5.707 6.066 5.846 5.445 5.682 5.743 5.634 5.772 5.584 6.037 5.551 5.682 5.668 5.758 5.579 5.807 5.846 5.662 5.303 5.381 4.869 4.858 4.439 4.587 4.391 4.248 4.169 4.221 4.437 4.100 4.465 4.211 4.437 4.739 5.086 4.901 5.603 5.491 5.263 5.690 7.054 6.475 6.729 8.141 9.630 15.075 11.313 8.459 29.850 4.767 29.850
C1907TS389_4 0.350 8.558 29.850 11.457 7.870 6.946 7.163 5.829 5.990 6.715 5.579 5.092 5.539 5.617 5.523 4.876 5.749 6.363 5.709 5.272 6.228 7.420 5.422 7.085 6.585 6.555 5.516 6.210 4.750 5.018 4.561 4.684 4.516 4.202 3.563 3.745 4.023 3.693 3.215 3.730 4.488 4.248 4.388 3.846 4.226 4.857 6.157 6.361 5.980 11.435 9.844 16.936 18.070 29.850 29.850 29.850 16.399 10.976 19.064 16.609 8.015 10.798
C1907TS389_5 0.396 4.997 4.418 4.148 4.429 4.399 4.809 3.599 3.931 4.458 3.475 3.877 3.691 3.677 3.489 4.003 4.568 4.091 4.302 4.329 5.551 4.938 4.825 5.602 5.458 4.260 4.868 5.174 4.513 3.941 4.277 4.195 3.602 4.123 3.778 3.449 3.707 3.988 3.809 4.043 4.411 4.268 4.939 4.215 4.350 4.333 4.920 4.615 4.949 5.099 4.668 5.794 5.047 5.863 7.209 5.531 7.230 8.744 10.187 29.850 9.803 29.850
C1907TS404_1 0.356 11.532 10.805 15.064 10.560 10.849 10.318 10.368 9.236 9.342 9.228 9.296 8.020 8.420 8.019 7.754 8.091 7.172 7.915 8.573 8.622 7.464 8.037 7.880 7.788 7.235 7.454 6.653 6.332 6.211 5.333 5.104 5.543 4.616 3.923 3.862 4.549 3.707 3.341 3.853 3.793 3.716 3.664 3.861 4.376 4.261 4.256 4.108 4.960 5.277 6.811 6.847 5.795 4.763 4.372 4.736 5.277 5.100 5.546 5.556 5.273 4.619
C1907TS404_2 0.349 28.769 29.850 29.850 29.850 17.086 29.850 19.512 23.762 14.948 12.457 14.760 10.887 10.603 9.183 8.904 8.473 7.629 7.443 7.223 7.529 6.344 6.285 5.533 6.058 5.118 5.481 4.801 4.719 4.827 4.319 4.383 4.489 4.734 3.931 4.001 4.660 4.227 3.829 4.057 4.797 4.144 6.207 4.412 4.855 4.978 6.267 4.539 5.318 4.624 5.619 5.001 5.165 5.252 7.028 5.793 5.936 5.803 5.746 4.964 5.357 4.650
C1907TS404_3 0.330 22.967 29.850 25.261 29.850 14.046 14.980 14.529 12.137 10.174 9.956 8.873 7.721 7.508 7.832 7.071 7.136 6.865 7.472 7.167 8.053 7.954 8.106 8.470 10.582 8.679 9.726 9.740 7.711 8.457 7.304 5.816 5.770 5.666 5.370 4.712 5.223 4.747 4.267 4.105 4.461 4.702 4.313 5.249 5.607 5.975 6.157 6.340 5.571 7.523 6.196 6.340 5.443 5.684 5.683 6.303 5.959 7.468 7.095 6.437 6.650 6.864
C1907TS404_4 0.338 12.300 11.145 17.115 10.894 11.358 10.620 10.859 9.474 9.634 9.462 9.410 8.130 8.562 7.947 7.515 7.494 6.557 7.084 7.485 7.014 6.568 7.674 6.834 6.724 7.103 7.470 5.953 5.904 7.451 5.410 4.778 5.351 5.703 4.564 3.979 4.370 4.230 3.711 3.521 3.559 3.431 3.755 3.929 4.602 5.130 5.938 10.169 8.595 8.049 8.690 10.158 8.250 9.658 14.085 7.423 12.374 8.665 8.384 6.425 6.171 4.928
C1907TS404_5 0.337 15.527 29.850 29.850 29.850 13.896 17.979 13.729 14.564 10.170 8.469 10.640 8.544 8.023 6.992 8.003 6.350 6.258 6.683 6.703 6.510 6.121 6.288 6.721 6.098 5.854 6.753 5.999 4.938 5.831 5.459 4.672 4.830 5.049 4.577 3.476 4.593 4.033 3.468 3.731 4.860 6.364 6.286 6.051 5.330 6.000 6.791 7.186 6.503 6.105 7.184 7.156 7.155 6.291 6.051 7.615 7.658 7.622 8.099 7.226 9.164 7.774
C1907TS405_1 0.376 18.137 29.850 16.227 11.609 8.283 7.886 6.992 6.419 5.010 4.035 3.589 3.694 4.102 3.782 3.829 4.232 4.725 4.831 4.649 5.181 5.615 5.963 6.764 6.982 6.674 7.556 7.584 6.919 7.200 7.454 6.395 6.132 5.555 5.735 5.352 5.067 4.704 4.651 4.404 3.920 4.155 3.810 3.546 3.773 3.327 3.459 3.443 3.752 3.645 3.814 4.495 3.818 4.320 4.118 6.012 5.643 7.625 7.694 7.160 5.857 7.936
C1907TS405_2 0.377 29.850 27.596 10.091 14.959 9.690 7.449 8.250 6.778 5.548 4.317 4.028 4.092 4.330 4.105 4.214 4.635 5.027 5.346 5.007 5.411 6.127 6.382 6.968 6.998 7.024 7.542 7.528 6.753 6.873 7.016 5.786 5.455 5.315 5.057 4.932 4.412 4.217 4.343 3.896 3.696 3.591 3.364 3.278 3.570 3.314 3.371 3.452 3.932 3.713 3.863 4.567 3.990 4.600 5.170 7.532 7.976 5.702 6.613 5.414 5.292 5.662
C1907TS405_3 0.389 29.850 29.850 7.867 6.506 6.309 5.849 5.001 5.301 4.426 3.808 3.479 3.688 3.891 3.805 3.757 4.253 4.502 4.436 4.506 4.798 5.348 5.915 6.582 6.356 5.985 6.973 6.432 6.254 6.163 6.356 5.668 5.304 5.249 5.156 4.917 4.587 4.175 4.425 4.005 3.649 3.673 3.502 3.180 3.423 3.303 3.371 3.226 3.683 3.350 3.758 4.349 3.687 4.048 4.547 6.788 7.770 9.133 7.827 6.438 5.852 6.661
C1907TS405_4 0.353 29.850 29.850 29.850 9.055 6.390 7.425 5.374 7.060 5.420 5.676 4.975 4.981 5.851 5.067 5.301 5.533 6.045 6.056 5.709 5.875 6.228 7.174 7.897 7.552 7.340 8.673 8.191 7.800 7.487 7.600 6.540 6.313 6.113 5.965 5.704 5.100 4.728 4.820 4.361 4.069 3.909 3.688 3.441 3.627 3.416 3.453 3.543 3.961 3.590 3.852 4.459 4.330 5.290 6.882 8.727 26.586 18.719 23.797 13.789 19.942 15.384
C1907TS405_5 0.379 29.850 29.850 29.850 26.219 10.957 9.398 9.541 7.322 5.635 4.516 3.898 4.002 4.450 4.109 4.085 4.525 4.925 4.910 4.785 5.140 5.715 6.133 6.465 6.516 5.918 7.235 6.247 6.274 5.876 6.186 4.836 5.291 4.943 4.810 4.591 4.178 4.043 4.011 3.730 3.528 3.500 3.338 3.179 3.407 3.154 3.326 3.321 3.738 3.554 3.629 4.176 3.815 4.294 4.870 6.245 6.554 6.637 6.984 6.879 6.804 5.883
C1907TS413_1 0.479 5.380 4.852 5.497 5.502 5.049 4.657 4.226 4.448 3.204 2.705 2.484 2.528 2.422 2.143 2.140 2.276 2.448 2.298 2.453 2.591 2.484 2.677 2.570 2.511 2.367 2.252 2.123 2.302 2.214 2.088 2.054 2.065 1.997 1.982 1.835 1.990 1.957 2.089 2.245 2.665 2.829 2.967 3.518 4.109 4.137 4.049 4.677 4.553 4.932 5.652 5.526 5.724 5.376 6.384 5.916 6.073 6.486 5.695 8.612 4.421 23.221
C1907TS413_2 0.472 4.954 5.236 4.856 4.415 5.129 4.303 3.906 4.025 3.296 2.747 2.614 2.679 2.438 2.275 2.271 2.364 2.473 2.358 2.431 2.553 2.594 2.493 2.527 2.503 2.562 2.493 2.574 2.516 2.377 2.386 2.427 2.389 2.144 2.327 2.361 2.258 2.286 2.485 2.632 3.014 3.171 3.319 3.910 4.330 4.220 4.445 5.023 5.402 5.787 5.686 5.845 5.395 6.178 6.030 5.761 5.496 5.407 4.220 6.160 3.300 12.079
C1907TS413_3 0.460 6.240 6.450 6.224 5.747 5.530 6.289 4.745 4.653 4.476 4.003 3.049 3.341 3.370 2.748 2.301 2.588 2.789 2.451 2.629 2.811 2.695 2.899 2.810 2.723 2.739 2.515 2.521 2.598 2.403 2.272 2.328 2.360 2.035 2.214 2.141 2.285 2.144 2.432 2.509 2.745 3.000 2.966 3.253 3.924 3.792 3.577 4.653 4.840 4.912 4.910 4.802 5.371 5.249 5.395 5.916 5.945 6.479 7.949 8.117 6.336 9.471
C1907TS413_4 0.451 5.491 4.964 4.742 5.222 4.317 4.490 4.174 3.814 3.183 2.901 2.898 2.822 2.447 2.460 2.411 2.371 2.431 2.535 2.491 2.487 2.532 2.619 2.730 2.987 3.127 3.509 3.140 3.328 2.781 2.950 3.000 2.774 2.657 2.817 2.912 2.675 2.737 3.046 3.100 3.060 3.587 3.952 4.076 4.658 4.363 5.106 5.554 6.075 6.072 5.966 6.337 5.167 7.603 5.819 7.063 5.172 6.525 6.725 5.389 4.870 7.143
C1907TS413_5 0.455 5.726 5.238 5.450 5.819 5.290 4.943 4.524 4.468 4.140 3.622 3.258 3.588 3.418 3.058 2.862 3.105 3.011 2.817 2.967 2.999 2.855 2.821 2.853 3.030 3.001 3.012 2.948 3.038 2.860 2.665 2.631 2.602 2.598 2.516 2.364 2.537 2.486 2.390 2.508 2.997 2.804 2.728 3.243 3.790 3.375 3.654 3.871 3.749 4.385 5.218 5.035 5.616 5.234 5.740 5.937 5.631 5.604 6.363 6.085 6.527 5.983
C1907TS414_1 0.528 3.133 3.068 2.982 3.822 3.424 3.043 2.824 3.158 2.947 2.431 2.339 2.381 2.339 2.023 2.237 2.396 2.344 2.227 2.577 2.511 2.432 2.523 2.703 3.038 3.011 3.320 3.266 3.180 2.793 2.441 2.077 2.226 2.100 1.881 1.732 1.906 2.075 1.725 1.682 2.056 2.178 1.926 2.045 2.693 2.448 2.667 2.975 2.997 2.763 3.093 3.177 3.457 4.378 4.834 5.681 4.032 3.619 2.942 2.911 2.520 2.309
C1907TS414_2 0.491 3.389 3.497 3.477 3.433 3.664 3.556 3.164 3.033 3.137 2.640 2.421 2.688 2.651 2.389 2.623 2.943 2.950 3.131 3.647 3.543 3.540 3.903 4.036 4.227 4.197 4.101 4.037 3.723 3.486 3.328 2.871 2.787 2.304 2.389 2.271 2.197 2.166 2.245 2.231 2.633 2.569 2.471 2.996 3.255 3.427 3.622 3.647 3.849 3.653 3.785 3.988 3.673 3.706 3.791 3.346 3.372 3.082 3.085 2.747 2.453 2.444
C1907TS414_3 0.500 3.599 3.831 3.973 3.696 3.583 3.614 3.265 3.198 3.185 2.910 2.580 2.785 2.735 2.390 2.618 2.717 2.677 2.769 3.106 2.951 2.890 3.104 3.318 3.560 3.436 3.503 3.547 3.426 3.101 3.070 2.873 2.748 2.569 2.562 2.386 2.367 2.469 2.311 2.273 2.386 2.298 2.208 2.362 2.905 2.648 2.946 2.915 3.272 3.124 3.121 3.365 3.770 3.652 3.365 3.973 3.773 3.557 3.446 3.018 2.860 2.952
C1907TS414_4 0.458 3.712 3.698 4.383 4.413 5.131 4.431 3.974 4.170 4.130 3.798 3.421 3.534 3.693 3.501 3.281 3.487 3.758 3.732 4.054 3.797 4.084 4.251 4.328 4.345 4.370 4.019 3.997 3.741 3.692 3.471 3.100 3.315 2.803 2.678 2.748 3.118 2.803 2.651 3.053 3.562 3.456 3.554 3.676 4.001 3.914 3.467 4.026 3.869 3.488 3.654 3.708 3.674 2.740 2.456 2.996 2.178 3.159 3.634 3.491 3.675 3.435
C1907TS414_5 0.503 2.992 3.182 2.880 2.793 2.965 3.000 2.769 2.814 2.826 2.573 2.637 2.898 2.816 2.595 3.212 3.263 3.255 3.515 3.754 3.622 4.078 4.316 4.408 4.721 4.505 4.530 4.446 4.206 3.946 3.741 3.135 3.092 2.887 2.827 2.517 2.449 2.373 2.361 2.379 2.529 2.481 2.478 2.602 2.850 2.930 2.908 2.968 2.986 2.569 2.599 2.887 2.662 2.251 2.029 2.288 2.052 2.349 2.642 2.669 2.858 2.807
C1907TS438_1 0.351 16.756 24.297 9.431 9.929 8.181 8.800 7.637 7.364 7.195 7.249 6.544 6.346 6.667 6.103 6.331 6.039 5.906 6.917 6.141 6.575 7.080 5.984 6.882 6.128 5.849 6.319 5.148 5.867 5.440 4.933 5.470 4.539 4.493 5.097 4.489 4.293 4.301 4.220 4.389 3.704 4.228 4.153 4.053 4.156 4.461 4.456 4.506 5.165 4.765 5.050 5.455 6.127 5.544 5.392 6.997 7.503 14.551 16.824 29.850 29.850 29.850
C1907TS438_2 0.333 29.850 29.850 29.850 29.850 29.850 18.994 14.543 13.901 11.965 11.753 9.645 9.406 9.255 7.916 7.749 8.032 8.122 8.109 6.812 7.574 8.658 7.923 7.605 7.542 7.792 7.485 6.623 7.473 6.427 6.729 6.194 5.596 5.341 5.700 5.063 4.924 4.740 4.674 4.679 4.116 4.245 4.295 4.129 3.992 4.361 4.215 4.602 4.935 4.993 4.989 5.598 5.721 5.544 5.750 7.158 6.896 9.215 11.190 10.860 17.382 21.476
C1907TS438_3 0.343 22.834 22.497 20.783 14.254 19.471 11.573 14.147 11.573 11.050 9.537 8.180 7.616 8.471 7.085 6.937 6.920 6.832 7.091 5.951 6.854 7.355 5.938 6.287 6.199 6.114 6.338 5.886 5.918 6.403 6.335 5.965 5.605 5.227 5.865 5.336 4.966 5.150 4.729 4.994 4.091 4.630 4.074 4.246 4.206 4.356 4.588 4.534 4.969 4.413 4.422 5.010 5.145 5.118 5.172 6.339 6.021 7.854 8.141 12.681 14.567 10.524
C1907TS438_4 0.370 12.538 14.782 10.356 8.964 10.510 9.697 7.733 7.451 7.078 6.777 7.102 6.686 6.727 5.826 5.663 6.186 5.769 6.538 6.607 6.116 6.261 6.179 6.496 5.429 5.112 5.637 5.074 5.206 4.364 4.865 3.860 4.048 3.690 3.664 3.444 3.372 3.241 3.374 3.265 3.396 3.454 3.439 3.785 3.576 3.926 4.188 4.418 6.237 4.315 5.618 6.060 5.135 7.410 5.596 7.090 7.409 8.580 8.078 7.789 7.809 7.636
C1907TS438_5 0.341 13.908 23.710 11.800 9.552 9.731 9.109 7.389 6.831 7.226 6.625 6.048 5.895 5.728 5.452 5.159 5.503 5.321 5.793 5.731 5.627 5.864 6.069 6.723 6.249 6.668 6.541 6.676 6.710 6.834 7.255 7.206 6.271 5.955 5.848 6.097 5.384 5.723 5.454 5.020 4.459 5.092 4.607 4.531 4.291 4.763 5.104 4.692 5.187 5.157 5.464 5.567 5.547 5.902 5.724 6.201 7.154 12.684 17.811 29.850 29.850 29.850
C1907TS456_1 0.493 6.011 5.523 5.586 4.095 4.005 4.053 3.690 2.882 2.978 3.122 2.817 2.264 2.224 2.883 2.171 2.329 2.276 2.414 2.477 2.589 2.613 2.596 2.979 2.781 3.622 2.903 3.044 2.727 2.542 2.556 2.477 2.328 2.161 2.276 2.211 2.272 2.177 2.184 2.555 2.976 2.704 2.914 3.656 3.471 3.258 3.912 4.154 4.542 4.413 5.670 5.392 4.470 4.635 5.518 5.216 3.816 2.864 3.251 2.443 2.288 2.299
C1907TS456_2 0.433 5.153 5.823 6.059 6.273 6.622 7.312 4.971 6.023 5.713 4.862 4.727 4.522 3.977 3.617 3.400 3.458 4.046 2.899 3.295 4.157 3.610 2.918 3.506 4.140 3.705 3.368 3.360 3.202 2.641 2.749 2.992 3.102 2.543 2.738 3.230 3.257 2.797 2.927 3.732 4.134 3.211 3.370 4.403 4.672 3.407 3.809 4.798 4.784 5.009 4.928 5.359 5.086 5.324 6.056 6.694 4.768 4.380 3.941 3.401 3.056 3.022
C1907TS456_3 0.514 4.592 4.066 4.912 4.396 3.757 3.620 2.941 2.934 2.902 2.692 2.242 2.225 2.322 2.494 2.174 2.095 2.329 2.548 2.237 2.219 2.491 2.573 2.395 2.484 2.267 2.286 2.379 2.450 2.203 2.226 2.456 2.473 2.032 2.258 2.513 2.288 2.376 2.456 2.802 2.994 2.986 3.030 3.479 3.832 3.551 3.288 3.701 3.808 3.545 3.696 3.309 3.166 3.367 3.519 3.094 3.172 2.894 3.087 2.886 2.765 2.709
C1907TS456_4 0.485 7.642 6.325 8.303 8.001 6.582 6.249 5.230 5.402 4.920 4.364 3.700 3.612 3.567 2.973 2.442 2.626 3.106 2.243 2.338 2.733 2.510 2.354 2.714 2.933 2.437 3.198 2.471 2.418 2.250 2.113 2.116 2.213 2.021 1.995 1.975 2.275 2.156 2.068 2.466 3.594 2.907 2.879 3.723 4.120 3.371 3.525 4.339 4.317 4.886 4.909 4.526 4.028 4.277 3.722 3.138 3.189 2.710 3.176 2.303 2.005 1.922
C1907TS456_5 0.477 4.379 4.167 4.523 4.215 3.990 3.604 3.481 3.509 2.996 2.725 2.840 2.430 2.257 2.212 2.517 2.773 2.421 2.286 2.907 3.261 2.718 2.622 3.095 3.284 3.264 3.994 3.222 4.198 3.475 3.426 3.760 3.354 2.922 3.284 3.419 2.753 2.789 3.104 3.168 2.911 3.535 3.591 3.336 3.658 3.848 3.733 4.006 4.570 4.159 4.275 4.389 3.283 3.312 3.204 3.200 3.121 3.268 3.439 3.504 3.195 3.348
C1907TS490_1 0.398 6.423 6.935 9.056 7.152 8.214 9.840 7.557 5.824 5.857 6.500 5.866 4.295 4.045 5.205 3.304 2.874 3.738 3.715 2.819 2.852 3.524 4.052 5.173 5.110 5.744 6.314 8.151 7.497 5.553 4.627 3.845 3.449 4.443 5.128 3.647 2.930 4.659 3.889 3.679 3.991 4.789 3.845 4.199 4.420 5.118 5.285 6.374 6.861 10.003 8.568 8.871 7.318 4.987 4.205 3.821 3.455 3.513 2.982 2.852 2.976 3.280
END



