PFRMAT QA
TARGET C1908x2
MODEL 2
QMODE 2
C1908x2TS345_1 0.636 1.93 1.86 1.81 1.78 1.65 1.54 1.41 1.31 1.21 1.14 1.14 1.31 1.53 1.73 1.93 2.07 2.16 2.12 2.01 1.87
1.79 1.66 1.57 1.55 1.65 1.73 1.81 1.95 2.00 1.97 1.83 1.67 1.51 1.34 1.13 1.02 0.93 0.98 1.12 1.21
1.37 1.51 1.57 1.63 1.64 1.63 1.59 1.40 1.28 1.23 1.15 1.16 1.27 1.41 1.52 1.56 1.58 1.58 1.53 1.50
1.47 1.44 1.39 1.39 1.45 1.46 1.45 1.44 1.52 1.69 1.87 2.01 2.20 2.28 2.27 2.17 1.96 1.77 1.57 1.32
1.19 1.09 1.13 1.34 1.61 1.83 2.04 2.22 2.33 2.32 2.25 2.12 2.00 1.75 1.54 1.38 1.24 1.21 1.22 1.22
1.35 1.53 1.69 1.79 1.89 2.07 2.27 2.41 2.51 2.47 2.28 2.03 1.73 1.43 1.19 1.06 1.11 1.20 1.27 1.41
1.58
C1908x2TS345_4 0.635 2.61 2.47 2.35 2.22 2.00 1.86 1.77 1.73 1.67 1.61 1.54 1.47 1.40 1.40 1.46 1.58 1.72 1.80 1.77 1.66
1.53 1.41 1.26 1.20 1.27 1.39 1.43 1.48 1.45 1.41 1.37 1.47 1.65 1.90 2.05 2.12 2.06 1.91 1.79 1.70
1.65 1.70 1.83 1.88 1.95 1.95 1.92 1.74 1.58 1.46 1.40 1.31 1.35 1.37 1.43 1.48 1.54 1.56 1.54 1.46
1.37 1.18 0.99 0.88 0.91 0.97 1.13 1.31 1.52 1.70 1.81 1.83 1.92 1.94 1.96 2.08 2.13 2.22 2.24 2.24
2.32 2.26 2.05 1.82 1.52 1.25 0.96 0.75 0.75 0.87 1.12 1.34 1.50 1.55 1.53 1.43 1.25 1.09 0.96 0.90
1.02 1.24 1.48 1.67 1.87 2.08 2.20 2.27 2.29 2.18 2.02 1.89 1.73 1.56 1.44 1.47 1.65 1.80 1.90 2.08
2.28
C1908x2TS215_5 0.634 1.87 1.85 1.81 1.77 1.65 1.58 1.47 1.37 1.30 1.29 1.29 1.30 1.32 1.43 1.59 1.69 1.74 1.81 1.88 1.90
1.95 2.07 2.14 2.12 2.04 1.86 1.70 1.67 1.68 1.77 1.78 1.73 1.61 1.39 1.15 1.06 1.04 1.12 1.33 1.54
1.86 2.24 2.52 2.65 2.61 2.34 2.00 1.56 1.28 1.22 1.27 1.38 1.60 1.79 1.90 1.89 1.87 1.79 1.73 1.65
1.59 1.53 1.45 1.36 1.37 1.38 1.41 1.45 1.50 1.52 1.53 1.48 1.55 1.60 1.67 1.76 1.76 1.68 1.59 1.39
1.26 1.11 1.09 1.14 1.23 1.33 1.43 1.57 1.66 1.74 1.88 1.98 1.98 1.87 1.71 1.57 1.35 1.21 1.13 1.09
1.05 1.08 1.15 1.30 1.57 1.97 2.23 2.36 2.32 2.18 1.90 1.66 1.49 1.43 1.39 1.46 1.64 1.91 2.13 2.41
2.69
C1908x2TS345_2 0.622 1.68 1.63 1.65 1.65 1.59 1.59 1.60 1.59 1.59 1.59 1.63 1.69 1.77 1.93 2.10 2.24 2.26 2.24 2.16 2.08
2.04 2.06 2.07 2.15 2.24 2.36 2.40 2.56 2.74 2.92 2.94 2.93 2.87 2.73 2.38 2.11 1.94 1.91 1.93 1.99
2.07 2.21 2.23 2.14 1.97 1.80 1.64 1.43 1.29 1.30 1.37 1.39 1.40 1.42 1.43 1.35 1.31 1.29 1.30 1.29
1.26 1.24 1.21 1.16 1.16 1.17 1.25 1.34 1.52 1.84 2.11 2.19 2.25 2.17 2.03 1.84 1.59 1.55 1.54 1.48
1.54 1.56 1.58 1.61 1.61 1.63 1.63 1.61 1.61 1.58 1.61 1.63 1.69 1.70 1.73 1.74 1.65 1.54 1.37 1.17
1.06 1.10 1.18 1.28 1.45 1.67 1.85 1.96 1.94 1.89 1.73 1.59 1.44 1.33 1.32 1.41 1.64 1.81 1.92 2.08
2.21
C1908x2TS345_3 0.620 2.27 2.23 2.25 2.24 2.15 2.07 1.93 1.84 1.71 1.56 1.43 1.27 1.16 1.14 1.19 1.28 1.35 1.45 1.54 1.52
1.54 1.60 1.70 1.79 1.92 2.11 2.30 2.46 2.57 2.57 2.44 2.16 1.85 1.59 1.33 1.13 1.07 1.17 1.41 1.63
1.87 2.05 2.07 1.96 1.75 1.51 1.28 1.13 1.16 1.32 1.45 1.62 1.81 1.97 2.06 2.13 2.16 2.15 2.10 2.05
2.04 2.06 2.11 2.09 2.05 1.91 1.73 1.48 1.23 1.08 0.97 0.81 0.82 0.92 1.06 1.22 1.30 1.41 1.41 1.35
1.36 1.36 1.37 1.39 1.39 1.38 1.31 1.28 1.29 1.33 1.50 1.67 1.76 1.78 1.73 1.64 1.46 1.34 1.36 1.49
1.65 1.87 2.22 2.51 2.72 2.87 3.00 3.15 3.14 2.92 2.69 2.51 2.29 2.02 1.86 1.88 2.11 2.31 2.44 2.66
2.88
C1908x2TS215_4 0.611 1.91 1.77 1.71 1.67 1.54 1.50 1.44 1.41 1.41 1.36 1.38 1.42 1.49 1.65 1.84 2.06 2.31 2.44 2.46 2.31
2.11 1.96 1.83 1.82 1.92 2.04 2.18 2.38 2.49 2.52 2.52 2.54 2.54 2.45 2.32 2.17 1.98 1.86 1.84 1.86
1.86 1.86 1.87 1.83 1.82 1.88 1.94 1.93 1.89 1.86 1.78 1.66 1.66 1.70 1.72 1.62 1.55 1.52 1.38 1.18
1.06 0.96 0.93 0.94 1.02 1.16 1.23 1.25 1.37 1.53 1.75 1.95 2.15 2.27 2.35 2.39 2.41 2.37 2.32 2.18
2.02 1.77 1.57 1.45 1.40 1.43 1.47 1.54 1.63 1.71 1.87 2.07 2.14 2.09 1.98 1.80 1.58 1.41 1.25 1.31
1.49 1.77 2.14 2.42 2.53 2.69 2.70 2.62 2.44 2.28 2.15 2.04 1.84 1.73 1.71 1.76 1.84 1.96 2.04 2.18
2.29
C1908x2TS215_2 0.607 2.58 2.46 2.36 2.26 2.09 1.87 1.75 1.68 1.60 1.55 1.53 1.58 1.69 1.87 2.08 2.33 2.47 2.52 2.47 2.34
2.18 2.13 2.11 2.20 2.29 2.32 2.34 2.39 2.40 2.46 2.46 2.49 2.47 2.32 2.11 1.90 1.74 1.66 1.73 1.83
1.93 1.99 2.00 1.92 1.79 1.67 1.65 1.61 1.58 1.62 1.68 1.68 1.71 1.72 1.69 1.54 1.36 1.26 1.17 1.09
1.12 1.16 1.15 1.10 1.07 0.99 0.93 0.92 1.13 1.49 1.91 2.35 2.88 3.15 3.18 3.06 2.79 2.54 2.33 2.13
2.03 1.83 1.65 1.52 1.43 1.41 1.39 1.46 1.53 1.55 1.60 1.60 1.50 1.36 1.25 1.20 1.10 1.16 1.27 1.46
1.68 1.93 2.22 2.42 2.53 2.67 2.73 2.75 2.76 2.74 2.76 2.74 2.61 2.41 2.14 1.92 1.78 1.61 1.50 1.53
1.57
C1908x2TS215_3 0.586 2.18 2.06 2.04 2.01 1.92 1.88 1.83 1.82 1.79 1.70 1.66 1.63 1.64 1.65 1.71 1.78 1.82 1.84 1.83 1.77
1.73 1.68 1.68 1.70 1.80 1.92 2.05 2.22 2.38 2.45 2.42 2.29 2.21 2.12 2.01 1.98 2.01 2.11 2.22 2.25
2.35 2.44 2.47 2.43 2.42 2.42 2.35 2.16 2.07 2.09 2.07 2.00 2.02 2.01 1.93 1.71 1.60 1.57 1.52 1.47
1.51 1.54 1.55 1.48 1.50 1.49 1.45 1.44 1.50 1.68 1.90 2.09 2.31 2.45 2.56 2.70 2.75 2.83 2.92 2.89
2.87 2.71 2.54 2.36 2.19 2.08 1.98 1.94 1.92 1.90 1.96 1.98 1.99 2.03 2.01 2.00 1.90 1.82 1.77 1.77
1.87 2.08 2.36 2.59 2.83 3.09 3.19 3.36 3.53 3.49 3.33 3.06 2.73 2.42 2.07 1.89 1.91 1.95 1.98 2.08
2.16
C1908x2TS131_2 0.579 X X X X X X X X X X X X X X X 3.71 3.36 2.92 2.53 2.09
1.78 1.48 1.25 1.17 1.16 1.13 1.14 1.22 1.35 1.41 1.51 1.66 1.90 2.14 2.42 2.81 3.20 3.56 3.78 3.70
3.48 3.15 2.80 2.51 2.36 2.30 2.34 2.24 2.22 2.22 2.16 2.10 2.08 2.01 1.91 1.70 1.58 1.50 1.45 1.52
1.72 1.91 1.97 1.91 1.82 1.69 1.52 1.43 1.47 1.59 1.64 1.67 1.66 1.62 1.60 1.67 1.76 1.86 1.91 1.98
2.06 2.01 1.99 2.04 2.14 2.30 2.48 2.73 3.12 3.40 3.67 3.97 3.98 3.74 3.29 2.75 2.24 1.85 1.49 1.29
1.30 1.47 1.70 1.99 2.22 2.48 2.56 2.54 2.43 2.20 1.95 1.91 1.90 1.92 2.01 2.25 2.64 2.96 3.15 3.47
3.83
C1908x2TS405_1 0.566 2.19 2.06 2.02 1.97 1.84 1.76 1.74 1.78 1.81 1.81 1.88 1.95 1.98 2.04 2.18 2.29 2.41 2.47 2.49 2.44
2.37 2.32 2.29 2.26 2.33 2.48 2.60 2.74 2.78 2.77 2.70 2.60 2.54 2.67 2.86 3.24 3.62 4.00 4.42 4.76
4.63 4.36 3.91 3.44 3.00 2.62 2.35 2.20 2.06 2.03 2.05 2.07 2.05 2.01 1.93 1.77 1.65 1.56 1.56 1.63
1.75 1.83 1.89 1.83 1.77 1.65 1.50 1.43 1.49 1.66 1.89 2.08 2.26 2.32 2.31 2.32 2.24 2.16 2.04 1.91
1.88 1.91 2.04 2.22 2.41 2.63 2.69 2.67 2.63 2.55 2.61 2.68 2.59 2.53 2.46 2.38 2.23 2.10 1.98 1.94
1.86 1.85 1.87 1.94 2.11 2.53 2.79 2.94 2.94 2.84 2.55 2.29 2.11 2.10 2.03 2.01 2.04 2.13 2.16 2.27
2.41
C1908x2TS210_1 0.566 2.19 2.06 2.02 1.97 1.84 1.76 1.74 1.78 1.81 1.81 1.88 1.95 1.98 2.04 2.18 2.29 2.41 2.47 2.49 2.44
2.37 2.32 2.29 2.26 2.33 2.48 2.60 2.74 2.78 2.77 2.70 2.60 2.54 2.67 2.86 3.24 3.62 4.00 4.42 4.76
4.63 4.36 3.91 3.44 3.00 2.62 2.35 2.20 2.06 2.03 2.05 2.07 2.05 2.01 1.93 1.77 1.65 1.56 1.56 1.63
1.75 1.83 1.89 1.83 1.77 1.65 1.50 1.43 1.49 1.66 1.89 2.08 2.26 2.32 2.31 2.32 2.24 2.16 2.04 1.91
1.88 1.91 2.04 2.22 2.41 2.63 2.69 2.67 2.63 2.55 2.61 2.68 2.59 2.53 2.46 2.38 2.23 2.10 1.98 1.94
1.86 1.85 1.87 1.94 2.11 2.53 2.79 2.94 2.94 2.84 2.55 2.29 2.11 2.10 2.03 2.01 2.04 2.13 2.16 2.27
2.41
C1908x2TS228_3 0.564 2.75 2.62 2.54 2.43 2.22 2.10 1.92 1.75 1.65 1.59 1.57 1.62 1.72 1.97 2.18 2.38 2.51 2.53 2.38 2.10
1.76 1.52 1.32 1.20 1.28 1.46 1.69 2.00 2.27 2.55 2.74 2.78 2.81 2.76 2.62 2.55 2.53 2.59 2.71 2.86
2.98 3.10 3.19 3.28 3.35 3.39 3.32 3.17 3.04 2.86 2.68 2.49 2.29 2.13 2.01 1.97 2.08 2.19 2.27 2.32
2.35 2.23 2.05 1.92 1.92 1.90 1.93 2.02 2.27 2.54 2.74 2.84 2.94 2.86 2.90 2.88 2.80 2.77 2.74 2.62
2.57 2.43 2.43 2.41 2.29 2.16 2.02 1.85 1.81 1.77 1.85 1.98 2.09 2.12 2.14 2.08 2.00 1.92 1.85 1.84
1.92 2.06 2.29 2.39 2.51 2.66 2.73 2.74 2.74 2.62 2.46 2.23 2.00 1.84 1.78 1.85 2.11 2.39 2.61 2.87
3.10
C1908x2TS389_5 0.557 2.19 2.12 2.08 2.05 1.93 1.89 1.86 1.83 1.80 1.76 1.74 1.71 1.68 1.71 1.85 2.05 2.26 2.37 2.43 2.32
2.14 1.92 1.78 1.78 1.88 2.02 2.22 2.50 2.79 3.04 3.19 3.17 3.02 2.78 2.51 2.41 2.51 2.75 3.04 3.25
3.32 3.33 3.22 3.06 2.98 2.93 2.81 2.65 2.48 2.48 2.50 2.47 2.43 2.41 2.34 2.16 2.06 2.01 1.98 1.92
1.86 1.77 1.66 1.50 1.43 1.42 1.50 1.62 1.86 2.16 2.40 2.71 3.09 3.30 3.34 3.28 3.10 2.84 2.53 2.29
2.33 2.34 2.33 2.39 2.43 2.41 2.36 2.21 2.15 2.08 2.12 2.28 2.33 2.33 2.34 2.30 2.21 2.18 2.18 2.28
2.40 2.56 2.75 2.93 3.05 3.27 3.38 3.38 3.32 3.23 3.07 3.00 2.85 2.69 2.50 2.35 2.28 2.23 2.16 2.22
2.31
C1908x2TS389_1 0.554 2.20 2.14 2.12 2.11 2.00 1.95 1.90 1.85 1.82 1.77 1.76 1.72 1.69 1.72 1.87 2.03 2.22 2.37 2.50 2.44
2.33 2.19 2.08 2.06 2.09 2.20 2.36 2.59 2.79 3.01 3.14 3.19 3.09 2.93 2.76 2.66 2.69 2.89 3.12 3.34
3.38 3.32 3.20 3.02 2.80 2.69 2.52 2.38 2.24 2.22 2.24 2.27 2.29 2.32 2.25 2.06 1.95 1.89 1.82 1.76
1.79 1.79 1.70 1.51 1.45 1.39 1.36 1.41 1.64 1.98 2.24 2.43 2.71 2.86 2.92 2.97 2.97 2.99 2.92 2.75
2.76 2.72 2.64 2.57 2.50 2.45 2.39 2.26 2.17 2.14 2.22 2.33 2.41 2.48 2.54 2.51 2.37 2.30 2.27 2.33
2.44 2.71 2.97 3.14 3.22 3.39 3.30 3.29 3.30 3.35 3.25 3.16 2.96 2.76 2.44 2.24 2.25 2.29 2.30 2.42
2.54
C1908x2TS228_2 0.553 2.84 2.61 2.49 2.34 2.09 1.87 1.74 1.72 1.67 1.63 1.65 1.69 1.71 1.83 1.97 2.14 2.27 2.35 2.39 2.32
2.19 2.09 2.04 2.03 2.07 2.15 2.32 2.60 2.83 3.01 3.12 3.10 2.99 2.82 2.69 2.67 2.75 2.84 3.05 3.19
3.22 3.22 3.24 3.17 3.08 2.95 2.82 2.73 2.64 2.58 2.54 2.46 2.41 2.36 2.21 2.06 2.00 1.92 1.84 1.71
1.69 1.65 1.53 1.41 1.34 1.26 1.22 1.25 1.52 1.87 2.16 2.41 2.64 2.69 2.63 2.60 2.59 2.62 2.62 2.54
2.55 2.53 2.53 2.60 2.67 2.70 2.72 2.65 2.55 2.54 2.57 2.59 2.58 2.49 2.42 2.35 2.22 2.21 2.18 2.19
2.31 2.48 2.72 3.02 3.30 3.65 3.78 3.69 3.55 3.34 3.01 2.81 2.57 2.40 2.33 2.31 2.47 2.69 2.83 3.05
3.23
C1908x2TS405_2 0.547 2.47 2.36 2.32 2.29 2.16 2.10 2.09 2.09 2.12 2.14 2.19 2.28 2.33 2.41 2.60 2.74 2.85 2.94 2.96 2.85
2.66 2.53 2.44 2.34 2.32 2.41 2.51 2.65 2.72 2.83 2.89 2.95 2.99 3.11 3.09 3.22 3.34 3.50 3.60 3.69
3.69 3.72 3.59 3.44 3.24 3.07 2.82 2.58 2.43 2.37 2.37 2.35 2.29 2.22 2.09 1.93 1.85 1.81 1.85 1.96
2.09 2.15 2.12 2.04 1.96 1.86 1.75 1.76 1.88 2.09 2.23 2.28 2.35 2.32 2.25 2.26 2.23 2.21 2.14 2.01
2.01 1.98 2.08 2.26 2.47 2.69 2.76 2.80 2.92 2.93 3.11 3.33 3.38 3.31 3.18 2.92 2.65 2.37 2.17 2.08
2.03 2.02 2.09 2.18 2.38 2.76 2.95 3.02 2.98 2.81 2.48 2.23 2.06 2.03 1.98 2.00 2.14 2.29 2.41 2.60
2.80
C1908x2TS210_2 0.547 2.47 2.36 2.32 2.29 2.16 2.10 2.09 2.09 2.12 2.14 2.19 2.28 2.33 2.41 2.60 2.74 2.85 2.94 2.96 2.85
2.66 2.53 2.44 2.34 2.32 2.41 2.51 2.65 2.72 2.83 2.89 2.95 2.99 3.11 3.09 3.22 3.34 3.50 3.60 3.69
3.69 3.72 3.59 3.44 3.24 3.07 2.82 2.58 2.43 2.37 2.37 2.35 2.29 2.22 2.09 1.93 1.85 1.81 1.85 1.96
2.09 2.15 2.12 2.04 1.96 1.86 1.75 1.76 1.88 2.09 2.23 2.28 2.35 2.32 2.25 2.26 2.23 2.21 2.14 2.01
2.01 1.98 2.08 2.26 2.47 2.69 2.76 2.80 2.92 2.93 3.11 3.33 3.38 3.31 3.18 2.92 2.65 2.37 2.17 2.08
2.03 2.02 2.09 2.18 2.38 2.76 2.95 3.02 2.98 2.81 2.48 2.23 2.06 2.03 1.98 2.00 2.14 2.29 2.41 2.60
2.80
C1908x2TS228_1 0.546 2.83 2.70 2.67 2.64 2.50 2.38 2.26 2.19 2.15 2.06 2.05 2.08 2.16 2.29 2.47 2.62 2.69 2.62 2.52 2.32
2.13 1.99 1.95 1.99 2.08 2.14 2.24 2.37 2.46 2.55 2.57 2.60 2.59 2.60 2.58 2.62 2.64 2.74 2.89 2.95
2.98 3.10 3.16 3.19 3.09 2.97 2.82 2.64 2.53 2.54 2.58 2.58 2.57 2.53 2.40 2.21 2.09 2.02 1.96 1.89
1.89 1.84 1.78 1.66 1.59 1.59 1.58 1.65 1.85 2.15 2.45 2.70 2.98 3.10 3.06 3.03 2.94 2.89 2.91 2.86
2.91 2.87 2.84 2.83 2.77 2.68 2.59 2.45 2.32 2.22 2.24 2.29 2.29 2.27 2.21 2.14 2.05 2.11 2.20 2.42
2.68 3.00 3.37 3.59 3.59 3.67 3.58 3.56 3.45 3.29 3.09 2.89 2.57 2.27 2.09 2.04 2.08 2.19 2.25 2.39
2.48
C1908x2TS270_1 0.544 2.43 2.34 2.34 2.34 2.21 2.13 2.08 2.07 2.01 1.95 1.95 2.00 2.05 2.16 2.36 2.57 2.80 2.95 3.00 2.83
2.66 2.54 2.39 2.23 2.20 2.18 2.22 2.36 2.47 2.62 2.69 2.72 2.74 2.76 2.74 2.89 3.11 3.33 3.53 3.60
3.63 3.66 3.62 3.49 3.42 3.29 3.13 2.86 2.62 2.45 2.30 2.11 2.07 2.05 2.06 1.99 1.97 2.01 2.12 2.15
2.22 2.19 2.08 1.93 1.84 1.72 1.69 1.72 1.81 1.99 2.11 2.24 2.40 2.43 2.42 2.50 2.46 2.51 2.47 2.40
2.33 2.22 2.23 2.45 2.75 3.01 3.15 3.11 2.95 2.70 2.64 2.68 2.79 2.83 2.85 2.79 2.64 2.44 2.35 2.25
2.24 2.36 2.52 2.67 2.82 2.96 3.19 3.17 3.09 2.95 2.79 2.72 2.58 2.44 2.41 2.42 2.51 2.57 2.61 2.79
2.94
C1908x2TS389_4 0.543 2.22 2.18 2.16 2.17 2.10 2.08 2.08 2.08 2.05 2.01 1.98 1.96 1.95 1.94 2.06 2.29 2.48 2.59 2.70 2.63
2.49 2.25 2.07 2.05 2.14 2.23 2.43 2.69 2.91 3.10 3.19 3.17 3.09 2.89 2.74 2.65 2.66 2.80 3.01 3.18
3.29 3.34 3.37 3.32 3.19 3.10 2.89 2.64 2.47 2.45 2.42 2.37 2.32 2.30 2.21 2.06 2.05 2.11 2.10 2.03
1.97 1.84 1.66 1.48 1.47 1.53 1.65 1.82 2.05 2.32 2.52 2.68 2.90 2.97 2.94 2.93 2.86 2.78 2.71 2.62
2.68 2.66 2.59 2.57 2.58 2.54 2.48 2.35 2.26 2.17 2.21 2.35 2.48 2.53 2.56 2.51 2.39 2.38 2.41 2.51
2.68 2.87 3.06 3.15 3.15 3.34 3.47 3.62 3.74 3.76 3.58 3.41 3.12 2.83 2.55 2.38 2.39 2.45 2.47 2.60
2.76
C1908x2TS345_5 0.542 2.56 2.49 2.52 2.50 2.39 2.32 2.27 2.23 2.18 2.13 2.15 2.20 2.29 2.44 2.60 2.63 2.63 2.57 2.42 2.21
2.07 1.98 1.93 1.85 1.86 1.90 1.96 2.13 2.26 2.36 2.45 2.57 2.67 2.68 2.61 2.69 2.78 2.82 2.87 2.86
2.83 2.81 2.81 2.84 2.97 3.11 3.20 3.02 2.82 2.76 2.84 2.93 3.01 3.25 3.54 3.58 3.50 3.37 3.24 3.13
2.85 2.59 2.45 2.32 2.24 2.14 2.05 2.08 2.18 2.31 2.43 2.46 2.58 2.71 2.77 2.82 2.76 2.70 2.58 2.36
2.17 2.04 2.01 2.08 2.18 2.24 2.32 2.49 2.60 2.63 2.71 2.74 2.77 2.70 2.60 2.51 2.36 2.31 2.30 2.26
2.31 2.49 2.67 2.76 2.81 2.91 2.90 2.79 2.66 2.55 2.38 2.32 2.27 2.24 2.20 2.21 2.41 2.57 2.65 2.90
3.16
C1908x2TS228_5 0.530 2.06 1.99 1.96 1.93 1.83 1.83 1.87 1.88 1.84 1.82 1.83 1.85 1.89 2.02 2.28 2.57 2.75 2.84 2.92 2.83
2.66 2.44 2.32 2.25 2.24 2.29 2.50 2.79 3.01 3.22 3.37 3.30 3.17 3.07 2.99 3.05 3.14 3.39 3.79 4.15
4.34 4.39 4.26 4.03 3.68 3.35 3.05 2.86 2.68 2.57 2.52 2.42 2.35 2.28 2.16 2.06 2.02 2.01 2.02 2.03
2.11 2.16 2.11 1.98 1.92 1.86 1.82 1.88 2.10 2.41 2.64 2.82 2.99 3.00 3.05 3.12 3.14 3.16 3.09 2.95
2.84 2.61 2.47 2.40 2.35 2.31 2.30 2.23 2.20 2.18 2.22 2.31 2.45 2.55 2.63 2.65 2.64 2.73 2.83 2.91
3.04 3.20 3.31 3.30 3.32 3.56 3.86 4.13 4.17 4.11 3.90 3.64 3.27 2.99 2.75 2.67 2.72 2.75 2.76 2.94
3.10
C1908x2TS215_1 0.529 2.99 2.91 2.88 2.83 2.68 2.55 2.43 2.35 2.27 2.19 2.15 2.19 2.26 2.40 2.68 3.00 3.11 3.09 2.94 2.74
2.54 2.35 2.35 2.65 2.95 3.18 3.27 3.36 3.37 3.20 3.01 3.02 3.01 2.99 2.85 2.76 2.84 3.06 3.34 3.53
3.81 4.23 4.49 4.45 4.48 4.49 4.24 3.55 3.03 2.81 2.61 2.43 2.44 2.58 2.75 2.83 2.87 2.95 2.93 2.91
2.89 2.72 2.55 2.39 2.34 2.28 2.21 2.26 2.46 2.67 2.80 2.88 3.09 3.12 2.99 2.84 2.62 2.44 2.22 2.03
2.00 1.96 1.98 2.12 2.31 2.50 2.64 2.75 2.80 2.76 2.75 2.74 2.67 2.54 2.37 2.21 1.98 1.84 1.72 1.65
1.66 1.80 1.96 2.07 2.22 2.47 2.69 2.75 2.73 2.65 2.51 2.38 2.24 2.16 2.16 2.22 2.36 2.54 2.69 2.94
3.13
C1908x2TS389_2 0.528 2.37 2.29 2.26 2.26 2.15 2.15 2.17 2.15 2.12 2.07 2.04 1.99 1.96 1.99 2.17 2.35 2.54 2.59 2.62 2.53
2.41 2.25 2.25 2.34 2.52 2.63 2.81 3.08 3.36 3.58 3.83 3.94 3.92 3.64 3.35 3.15 3.09 3.17 3.35 3.49
3.50 3.43 3.31 3.22 3.12 3.09 3.00 2.85 2.69 2.64 2.61 2.58 2.53 2.54 2.51 2.37 2.29 2.22 2.11 1.99
1.92 1.79 1.65 1.49 1.49 1.53 1.62 1.79 2.11 2.51 2.78 2.93 3.13 3.15 3.08 3.02 2.92 2.91 2.87 2.77
2.90 2.91 2.88 2.88 2.84 2.74 2.60 2.40 2.26 2.15 2.17 2.27 2.35 2.39 2.48 2.52 2.48 2.50 2.55 2.67
2.85 3.13 3.38 3.63 3.84 4.29 4.56 4.67 4.59 4.39 3.92 3.57 3.16 2.91 2.67 2.56 2.57 2.59 2.56 2.66
2.76
C1908x2TS131_3 0.526 X X X X X X X X X X X X X X X 3.87 3.50 3.12 2.81 2.51
2.29 2.07 1.89 1.79 1.65 1.55 1.51 1.65 1.83 1.99 2.18 2.38 2.55 2.73 2.85 3.18 3.53 3.87 4.14 4.21
4.10 3.85 3.43 3.17 2.98 2.92 2.95 2.93 2.98 3.08 3.02 2.87 2.68 2.47 2.27 1.99 1.86 1.83 1.83 1.91
2.09 2.32 2.47 2.48 2.41 2.24 2.01 1.83 1.77 1.83 1.84 1.86 1.89 1.89 1.96 2.11 2.28 2.48 2.65 2.78
2.94 3.00 3.08 3.14 3.17 3.19 3.18 3.24 3.39 3.57 3.80 4.02 4.04 3.89 3.58 3.16 2.77 2.50 2.27 2.16
2.12 2.26 2.43 2.52 2.70 3.02 3.29 3.48 3.50 3.32 3.05 2.82 2.64 2.54 2.61 2.86 3.35 3.73 3.99 4.46
4.95
C1908x2TS228_4 0.512 2.92 2.73 2.66 2.68 2.56 2.46 2.43 2.43 2.48 2.43 2.43 2.58 2.71 2.80 2.97 3.08 3.14 2.99 2.84 2.64
2.42 2.18 1.96 1.83 1.77 1.70 1.76 2.05 2.32 2.55 2.66 2.64 2.63 2.53 2.37 2.40 2.49 2.64 2.82 2.85
2.95 3.02 3.02 2.96 2.91 2.89 2.86 2.74 2.71 2.78 2.90 2.91 3.03 3.15 3.11 2.91 2.73 2.58 2.44 2.25
2.19 2.08 1.93 1.74 1.65 1.60 1.62 1.75 2.06 2.50 2.93 3.36 3.91 4.26 4.50 4.61 4.59 4.70 4.73 4.45
4.42 4.17 4.03 3.97 3.89 3.75 3.52 3.13 2.80 2.45 2.26 2.32 2.39 2.45 2.47 2.55 2.65 2.75 2.87 3.13
3.40 3.67 3.86 3.94 4.06 4.26 4.27 4.12 3.96 3.87 3.78 3.65 3.48 3.33 3.16 3.04 2.98 3.01 3.05 3.18
3.28
C1908x2TS405_4 0.507 3.42 3.20 3.05 2.95 2.73 2.63 2.60 2.61 2.66 2.73 2.79 2.91 3.02 3.19 3.42 3.58 3.72 3.75 3.67 3.50
3.30 3.17 3.06 3.02 3.08 3.21 3.33 3.53 3.58 3.60 3.61 3.68 3.61 3.72 3.80 4.00 4.07 4.12 4.23 4.44
4.33 4.24 4.07 3.88 3.68 3.54 3.33 3.08 2.83 2.62 2.45 2.23 2.16 2.14 2.13 2.00 1.95 1.92 1.92 1.91
1.99 2.03 2.00 1.88 1.84 1.82 1.81 1.84 2.00 2.26 2.45 2.56 2.74 2.83 2.88 2.95 2.91 2.87 2.86 2.71
2.70 2.58 2.53 2.55 2.55 2.52 2.51 2.45 2.45 2.44 2.58 2.75 2.86 2.88 2.89 2.88 2.78 2.78 2.81 2.92
2.99 3.05 3.04 3.08 3.21 3.68 4.04 4.33 4.35 4.17 3.70 3.39 3.09 2.95 2.81 2.75 2.71 2.75 2.75 2.93
3.12
C1908x2TS389_3 0.507 2.49 2.44 2.47 2.51 2.45 2.44 2.46 2.45 2.41 2.36 2.34 2.29 2.28 2.33 2.59 2.94 3.19 3.27 3.29 3.04
2.81 2.60 2.51 2.55 2.61 2.66 2.79 3.00 3.18 3.50 3.72 3.69 3.56 3.49 3.37 3.35 3.37 3.57 3.78 3.80
3.64 3.60 3.50 3.42 3.28 3.26 3.12 2.93 2.72 2.64 2.60 2.57 2.55 2.59 2.52 2.34 2.24 2.18 2.14 2.08
2.08 2.08 2.01 1.88 1.90 1.93 2.01 2.15 2.37 2.69 2.99 3.29 3.66 3.81 3.77 3.70 3.51 3.30 3.11 3.01
3.14 3.23 3.28 3.34 3.40 3.37 3.23 2.99 2.77 2.55 2.47 2.48 2.54 2.58 2.67 2.77 2.78 2.81 2.83 2.94
3.11 3.36 3.57 3.75 3.86 4.10 4.03 3.96 3.94 3.88 3.76 3.72 3.61 3.50 3.24 3.08 3.06 3.04 3.01 3.11
3.27
C1908x2TS210_4 0.507 3.42 3.20 3.05 2.95 2.73 2.63 2.60 2.61 2.66 2.73 2.79 2.91 3.02 3.19 3.42 3.58 3.72 3.75 3.67 3.50
3.30 3.17 3.06 3.02 3.08 3.21 3.33 3.53 3.58 3.60 3.61 3.68 3.61 3.72 3.80 4.00 4.07 4.12 4.23 4.44
4.33 4.24 4.07 3.88 3.68 3.54 3.33 3.08 2.83 2.62 2.45 2.23 2.16 2.14 2.13 2.00 1.95 1.92 1.92 1.91
1.99 2.03 2.00 1.88 1.84 1.82 1.81 1.84 2.00 2.26 2.45 2.56 2.74 2.83 2.88 2.95 2.91 2.87 2.86 2.71
2.70 2.58 2.53 2.55 2.55 2.52 2.51 2.45 2.45 2.44 2.58 2.75 2.86 2.88 2.89 2.88 2.78 2.78 2.81 2.92
2.99 3.05 3.04 3.08 3.21 3.68 4.04 4.33 4.35 4.17 3.70 3.39 3.09 2.95 2.81 2.75 2.71 2.75 2.75 2.93
3.12
C1908x2TS131_1 0.505 X X X X X X X X X X X X X X X 3.74 3.55 3.31 3.07 2.85
2.72 2.65 2.69 2.93 3.28 3.68 3.86 3.96 3.79 3.41 2.99 2.71 2.56 2.59 2.60 2.80 3.06 3.27 3.47 3.54
3.45 3.38 3.19 3.06 3.03 2.95 2.79 2.58 2.39 2.30 2.24 2.18 2.20 2.24 2.23 2.11 2.09 2.12 2.17 2.24
2.32 2.41 2.41 2.35 2.31 2.26 2.18 2.15 2.23 2.44 2.60 2.72 2.85 2.93 2.93 2.98 2.99 3.07 3.12 3.03
3.02 2.85 2.76 2.73 2.73 2.82 2.89 2.93 3.03 3.00 3.07 3.16 3.18 3.14 3.04 2.83 2.63 2.50 2.47 2.64
2.98 3.54 4.24 4.98 5.54 5.83 5.57 5.08 4.41 3.84 3.32 3.05 2.89 2.77 2.75 2.87 3.03 3.17 3.24 3.37
3.52
C1908x2TS131_5 0.501 X X X X X X X X X X X X X X X 3.03 2.89 2.74 2.62 2.43
2.24 2.10 2.00 2.09 2.26 2.39 2.54 2.71 2.77 2.68 2.54 2.48 2.45 2.41 2.40 2.57 2.80 3.08 3.41 3.46
3.32 3.09 2.86 2.74 2.72 2.87 3.08 3.16 3.24 3.39 3.42 3.36 3.40 3.46 3.43 3.28 3.19 3.14 2.93 2.60
2.41 2.21 1.97 1.82 1.82 1.87 1.91 2.02 2.37 2.84 3.27 3.64 4.17 4.65 4.82 4.84 4.83 4.88 4.88 4.47
4.09 3.65 3.33 3.03 2.79 2.72 2.77 2.84 2.99 3.11 3.30 3.53 3.62 3.55 3.36 3.05 2.72 2.49 2.32 2.33
2.54 2.89 3.27 3.53 3.70 3.96 4.04 4.03 3.96 3.73 3.44 3.14 2.83 2.62 2.53 2.63 2.93 3.18 3.37 3.66
3.97
C1908x2TS073_4 0.501 4.07 3.81 3.55 3.35 2.95 2.63 2.50 2.41 2.33 2.34 2.34 2.42 2.51 2.58 2.71 2.80 2.83 2.84 2.79 2.68
2.66 2.60 2.52 2.48 2.47 2.41 2.45 2.60 2.69 2.79 2.85 2.95 3.01 3.00 2.93 2.97 2.95 3.00 3.07 3.06
3.03 3.12 3.24 3.49 3.80 4.14 4.32 4.27 4.16 4.08 3.92 3.82 3.66 3.56 3.30 3.05 3.01 3.02 2.99 2.98
2.93 2.84 2.63 2.37 2.22 2.09 1.97 2.06 2.41 2.94 3.46 3.85 4.12 3.99 3.66 3.46 3.39 3.47 3.62 3.70
3.73 3.53 3.27 2.96 2.69 2.52 2.32 2.27 2.27 2.27 2.29 2.28 2.20 2.12 2.00 1.98 1.98 2.14 2.37 2.64
3.06 3.58 4.05 4.25 4.30 4.43 4.40 4.15 4.16 4.34 4.43 4.31 4.04 3.80 3.45 3.01 2.73 2.57 2.49 2.48
2.43
C1908x2TS432_1 0.497 3.10 3.02 3.02 3.01 2.91 2.88 2.82 2.79 2.76 2.66 2.60 2.58 2.64 2.74 2.90 3.10 3.33 3.40 3.38 3.15
2.90 2.62 2.37 2.15 2.07 2.08 2.22 2.40 2.50 2.56 2.56 2.52 2.48 2.65 2.87 3.26 3.73 4.18 4.61 4.83
4.60 4.47 4.23 4.00 3.91 3.67 3.40 3.16 2.96 2.74 2.61 2.46 2.47 2.46 2.40 2.40 2.61 2.82 3.04 3.13
3.28 3.33 3.18 2.96 2.87 2.86 2.86 2.94 3.13 3.46 3.72 3.71 3.71 3.56 3.39 3.32 3.17 3.12 3.07 2.96
3.07 3.11 3.28 3.54 3.74 3.83 3.76 3.56 3.42 3.30 3.28 3.32 3.31 3.18 3.13 3.01 2.92 2.95 2.92 2.89
2.85 2.80 2.74 2.63 2.59 2.73 2.80 2.91 3.06 3.17 3.18 3.20 3.14 3.05 2.97 2.97 3.07 3.10 3.09 3.16
3.22
C1908x2TS073_3 0.494 4.13 4.08 4.11 4.09 4.04 3.76 3.41 3.04 2.69 2.35 2.09 1.87 1.85 1.88 1.99 2.07 2.17 2.25 2.38 2.43
2.55 2.72 2.93 3.11 3.23 3.29 3.32 3.46 3.55 3.59 3.48 3.35 3.17 3.15 3.12 3.24 3.43 3.50 3.47 3.38
3.23 3.24 3.28 3.28 3.36 3.26 3.07 2.99 3.11 3.27 3.36 3.39 3.39 3.31 3.09 2.91 2.92 2.90 2.88 2.81
2.72 2.67 2.65 2.60 2.58 2.56 2.60 2.65 2.75 2.96 3.19 3.35 3.44 3.29 3.06 2.88 2.73 2.71 2.74 2.81
2.99 3.05 3.09 3.16 3.17 3.17 3.08 3.13 3.22 3.24 3.32 3.44 3.42 3.32 3.12 3.07 3.04 3.08 3.13 3.16
3.20 3.23 3.20 3.15 3.05 3.08 3.09 3.05 3.09 3.19 3.26 3.44 3.59 3.77 3.85 3.83 3.81 3.76 3.61 3.60
3.60
C1908x2TS405_5 0.488 3.41 3.21 3.17 3.14 2.96 2.80 2.75 2.71 2.62 2.49 2.42 2.48 2.61 2.79 3.21 3.74 4.29 4.49 4.26 3.84
3.40 3.06 2.86 2.82 2.92 3.13 3.34 3.61 3.76 4.00 4.06 4.12 4.02 4.10 4.01 4.03 4.02 4.05 4.08 3.95
3.73 3.68 3.44 3.36 3.30 3.28 3.23 3.01 2.77 2.57 2.32 2.15 2.07 2.09 2.13 2.10 2.15 2.19 2.18 2.12
2.12 2.07 1.97 1.81 1.75 1.79 1.86 2.00 2.30 2.69 3.06 3.24 3.41 3.48 3.57 3.70 3.72 3.88 4.10 4.02
4.00 3.77 3.59 3.40 3.15 2.96 2.78 2.58 2.51 2.47 2.57 2.76 2.90 3.04 3.14 3.16 3.10 3.07 3.09 3.12
3.11 3.23 3.34 3.46 3.70 4.27 4.84 5.19 5.19 5.08 4.67 4.33 4.04 3.90 3.83 3.78 3.68 3.55 3.42 3.42
3.41
C1908x2TS405_3 0.488 3.36 3.23 3.21 3.18 2.95 2.75 2.58 2.48 2.38 2.29 2.30 2.39 2.47 2.61 2.88 3.14 3.32 3.35 3.33 3.16
2.94 2.78 2.70 2.70 2.74 2.86 3.02 3.27 3.40 3.51 3.49 3.54 3.50 3.72 3.85 4.37 4.97 5.88 7.14 8.04
7.39 6.75 5.63 4.83 4.28 3.97 3.73 3.43 3.15 2.93 2.75 2.56 2.50 2.51 2.45 2.33 2.29 2.25 2.22 2.19
2.25 2.26 2.17 2.03 1.98 1.97 1.98 2.04 2.27 2.62 2.94 3.12 3.33 3.40 3.44 3.48 3.39 3.40 3.59 3.68
3.78 3.62 3.46 3.22 2.89 2.58 2.39 2.33 2.35 2.43 2.65 2.91 3.10 3.23 3.30 3.34 3.22 3.12 3.05 3.04
3.06 3.15 3.23 3.41 3.58 3.92 4.18 4.30 4.29 4.14 3.83 3.71 3.54 3.44 3.36 3.35 3.47 3.52 3.54 3.75
3.93
C1908x2TS210_5 0.488 3.41 3.21 3.17 3.14 2.96 2.80 2.75 2.71 2.62 2.49 2.42 2.48 2.61 2.79 3.21 3.74 4.29 4.49 4.26 3.84
3.40 3.06 2.86 2.82 2.92 3.13 3.34 3.61 3.76 4.00 4.06 4.12 4.02 4.10 4.01 4.03 4.02 4.05 4.08 3.95
3.73 3.68 3.44 3.36 3.30 3.28 3.23 3.01 2.77 2.57 2.32 2.15 2.07 2.09 2.13 2.10 2.15 2.19 2.18 2.12
2.12 2.07 1.97 1.81 1.75 1.79 1.86 2.00 2.30 2.69 3.06 3.24 3.41 3.48 3.57 3.70 3.72 3.88 4.10 4.02
4.00 3.77 3.59 3.40 3.15 2.96 2.78 2.58 2.51 2.47 2.57 2.76 2.90 3.04 3.14 3.16 3.10 3.07 3.09 3.12
3.11 3.23 3.34 3.46 3.70 4.27 4.84 5.19 5.19 5.08 4.67 4.33 4.04 3.90 3.83 3.78 3.68 3.55 3.42 3.42
3.41
C1908x2TS210_3 0.488 3.36 3.23 3.21 3.18 2.95 2.75 2.58 2.48 2.38 2.29 2.30 2.39 2.47 2.61 2.88 3.14 3.32 3.35 3.33 3.16
2.94 2.78 2.70 2.70 2.74 2.86 3.02 3.27 3.40 3.51 3.49 3.54 3.50 3.72 3.85 4.37 4.97 5.88 7.14 8.04
7.39 6.75 5.63 4.83 4.28 3.97 3.73 3.43 3.15 2.93 2.75 2.56 2.50 2.51 2.45 2.33 2.29 2.25 2.22 2.19
2.25 2.26 2.17 2.03 1.98 1.97 1.98 2.04 2.27 2.62 2.94 3.12 3.33 3.40 3.44 3.48 3.39 3.40 3.59 3.68
3.78 3.62 3.46 3.22 2.89 2.58 2.39 2.33 2.35 2.43 2.65 2.91 3.10 3.23 3.30 3.34 3.22 3.12 3.05 3.04
3.06 3.15 3.23 3.41 3.58 3.92 4.18 4.30 4.29 4.14 3.83 3.71 3.54 3.44 3.36 3.35 3.47 3.52 3.54 3.75
3.93
C1908x2TS073_1 0.487 3.08 3.02 2.99 3.00 2.87 2.82 2.83 2.88 2.95 3.01 3.06 3.19 3.28 3.36 3.54 3.72 3.65 3.45 3.19 2.92
2.75 2.57 2.56 2.69 2.89 3.12 3.39 3.83 4.28 4.48 4.46 4.27 4.06 3.77 3.43 3.29 3.24 3.24 3.34 3.46
3.54 3.63 3.75 3.81 3.91 3.90 3.84 3.75 3.58 3.33 3.12 2.84 2.68 2.67 2.67 2.75 2.98 3.13 3.27 3.24
3.14 3.05 2.86 2.67 2.58 2.49 2.48 2.51 2.73 3.09 3.38 3.49 3.53 3.37 3.15 2.92 2.78 2.78 2.83 2.83
2.90 2.89 2.99 3.04 3.05 3.08 3.00 2.89 2.80 2.67 2.66 2.75 2.81 2.93 3.01 3.16 3.27 3.39 3.35 3.26
3.21 3.17 3.09 3.04 3.01 3.09 3.18 3.22 3.30 3.42 3.42 3.48 3.46 3.40 3.28 3.23 3.23 3.28 3.25 3.34
3.42
C1908x2TS131_4 0.484 X X X X X X X X X X X X X X X 4.13 3.77 3.43 3.18 2.93
2.69 2.56 2.51 2.66 2.80 2.86 2.88 2.98 3.02 2.97 2.88 2.94 3.06 3.15 3.22 3.41 3.61 3.88 4.10 4.07
3.93 3.76 3.52 3.36 3.33 3.42 3.57 3.51 3.48 3.49 3.33 3.13 3.04 3.09 3.12 3.08 3.04 2.96 2.86 2.75
2.73 2.80 2.87 2.86 2.81 2.65 2.48 2.41 2.41 2.49 2.67 2.75 2.87 2.90 2.91 3.02 3.06 3.18 3.41 3.55
3.79 3.85 3.83 3.73 3.51 3.37 3.30 3.18 3.21 3.35 3.59 3.88 3.93 3.81 3.69 3.35 2.98 2.76 2.63 2.65
2.73 2.88 3.04 3.09 3.08 3.22 3.32 3.50 3.63 3.64 3.49 3.36 3.19 3.07 3.06 3.23 3.48 3.68 3.77 4.03
4.28
C1908x2TS073_2 0.473 2.79 2.77 2.76 2.70 2.55 2.39 2.30 2.26 2.29 2.38 2.45 2.51 2.62 2.77 3.04 3.28 3.48 3.60 3.58 3.42
3.30 3.22 3.28 3.50 3.80 4.01 4.38 5.00 5.53 5.65 5.23 4.67 4.19 3.72 3.37 3.26 3.42 3.81 4.34 4.64
4.91 5.18 5.21 4.75 4.47 4.31 4.09 3.92 3.86 3.86 3.84 3.51 3.21 3.02 2.91 2.89 3.06 3.27 3.46 3.38
3.19 3.01 2.84 2.62 2.56 2.57 2.55 2.58 2.75 3.10 3.37 3.43 3.46 3.35 3.08 2.87 2.69 2.66 2.66 2.67
2.75 2.71 2.76 2.80 2.89 3.02 3.17 3.30 3.40 3.28 3.29 3.32 3.27 3.21 3.33 3.50 3.59 3.60 3.56 3.56
3.48 3.33 3.27 3.20 3.12 3.19 3.32 3.51 3.80 4.00 4.11 4.23 4.12 3.91 3.79 3.75 3.84 3.83 3.74 3.81
3.86
C1908x2TS073_5 0.449 5.17 5.22 5.34 5.27 4.98 5.09 5.08 5.02 4.89 4.67 4.41 3.94 3.63 3.51 3.48 3.54 3.66 3.67 3.66 3.47
3.38 3.30 3.22 3.22 3.28 3.44 3.73 4.23 4.88 5.70 6.23 5.98 5.33 4.88 4.32 4.08 4.02 4.19 4.62 5.05
5.33 5.62 5.75 6.13 6.26 5.96 5.41 5.07 4.82 4.42 4.05 3.81 3.60 3.51 3.40 3.35 3.54 3.71 3.80 3.75
3.64 3.50 3.26 3.00 2.94 2.83 2.75 2.75 2.90 3.13 3.27 3.28 3.28 3.09 2.95 2.94 2.94 2.97 2.99 2.98
3.00 2.89 2.92 3.04 3.18 3.33 3.37 3.30 3.27 3.18 3.20 3.27 3.30 3.31 3.30 3.19 3.08 3.10 3.17 3.32
3.52 3.65 3.68 3.49 3.25 3.20 3.17 3.23 3.32 3.39 3.47 3.58 3.46 3.27 3.15 3.11 3.13 3.20 3.28 3.57
3.83
C1908x2TS123_1 0.447 4.30 4.36 4.38 4.44 4.23 4.01 3.70 3.37 3.20 3.07 2.94 2.87 2.84 2.88 3.02 3.06 3.05 3.03 2.99 2.83
2.79 2.84 2.92 2.98 3.15 3.36 3.60 3.89 4.19 4.50 4.50 4.30 3.96 3.87 3.73 3.73 3.84 4.30 4.93 5.22
5.16 5.42 5.66 5.87 5.96 6.07 5.81 4.95 4.28 3.76 3.32 3.05 2.87 2.85 2.88 2.87 2.95 3.07 3.19 3.26
3.19 3.12 3.05 2.97 2.93 2.82 2.85 3.03 3.38 3.92 4.43 4.74 5.16 5.13 4.93 4.85 4.69 4.60 4.35 3.98
3.84 3.68 3.71 3.74 3.80 3.84 3.73 3.56 3.49 3.38 3.46 3.45 3.40 3.31 3.32 3.29 3.30 3.35 3.49 3.64
3.80 4.03 4.19 4.19 4.11 4.12 4.01 3.96 4.02 3.97 3.89 3.87 3.83 3.83 3.87 4.10 4.46 4.50 4.49 4.57
4.58
C1908x2TS103_2 0.417 5.95 5.51 5.21 4.90 4.42 4.12 3.86 3.75 3.69 3.56 3.39 3.24 3.21 3.31 3.51 3.64 3.63 3.46 3.21 2.84
2.58 2.48 2.49 2.61 2.81 3.09 3.39 3.83 4.32 4.85 4.90 4.65 4.41 4.27 3.97 4.01 4.35 5.04 5.71 5.85
5.75 5.76 5.57 5.47 5.39 5.53 5.86 5.90 6.05 6.08 6.07 5.55 4.83 4.33 3.97 3.56 3.41 3.29 3.26 3.06
2.85 2.72 2.55 2.38 2.33 2.39 2.56 2.74 3.00 3.44 3.79 3.94 4.07 3.99 3.81 3.75 3.66 3.73 3.99 4.44
5.26 5.84 6.18 6.48 6.75 6.60 6.00 5.49 5.10 4.51 4.15 3.94 3.83 3.75 3.76 3.78 3.83 3.84 3.99 4.24
4.57 5.10 5.58 5.68 5.86 6.17 6.61 6.84 6.84 7.03 7.02 6.47 5.99 5.63 5.61 5.77 6.19 6.31 6.43 6.63
6.78
C1908x2TS123_5 0.398 5.14 5.33 5.43 5.35 4.91 4.41 4.00 3.72 3.64 3.64 3.68 3.69 3.72 3.72 3.77 3.74 3.68 3.71 3.91 4.21
4.73 5.17 5.49 5.54 5.31 5.01 4.74 5.00 5.44 5.63 5.55 5.61 5.57 5.75 5.76 6.42 7.55 9.41 12.01 11.70
9.30 7.86 6.75 6.20 5.86 5.83 5.67 5.02 4.52 4.23 3.89 3.58 3.48 3.64 3.85 4.01 4.44 5.03 5.57 5.52
5.06 4.64 4.25 3.92 3.79 3.73 3.83 4.08 4.55 5.23 6.06 6.69 7.01 6.35 5.25 4.59 4.10 3.87 3.78 3.71
3.81 3.85 3.91 4.13 4.43 4.84 5.03 5.08 4.94 4.52 4.13 3.92 3.77 3.65 3.65 3.71 3.74 3.86 3.87 3.83
3.86 3.96 4.05 4.02 4.06 4.34 4.53 4.51 4.52 4.54 4.35 4.24 4.33 4.56 4.89 5.24 5.91 6.29 6.32 6.49
6.73
C1908x2TS123_4 0.398 5.14 5.33 5.43 5.35 4.91 4.41 4.00 3.72 3.64 3.64 3.68 3.69 3.72 3.72 3.77 3.74 3.68 3.71 3.91 4.21
4.73 5.17 5.49 5.54 5.31 5.01 4.74 5.00 5.44 5.63 5.55 5.61 5.57 5.75 5.76 6.42 7.55 9.41 12.01 11.70
9.30 7.86 6.75 6.20 5.86 5.83 5.67 5.02 4.52 4.23 3.89 3.58 3.48 3.64 3.85 4.01 4.44 5.03 5.57 5.52
5.06 4.64 4.25 3.92 3.79 3.73 3.83 4.08 4.55 5.23 6.06 6.69 7.01 6.35 5.25 4.59 4.10 3.87 3.78 3.71
3.81 3.85 3.91 4.13 4.43 4.84 5.03 5.08 4.94 4.52 4.13 3.92 3.77 3.65 3.65 3.71 3.74 3.86 3.87 3.83
3.86 3.96 4.05 4.02 4.06 4.34 4.53 4.51 4.52 4.54 4.35 4.24 4.33 4.56 4.89 5.24 5.91 6.29 6.32 6.49
6.73
C1908x2TS123_3 0.398 5.14 5.33 5.43 5.35 4.91 4.41 4.00 3.72 3.64 3.64 3.68 3.69 3.72 3.72 3.77 3.74 3.68 3.71 3.91 4.21
4.73 5.17 5.49 5.54 5.31 5.01 4.74 5.00 5.44 5.63 5.55 5.61 5.57 5.75 5.76 6.42 7.55 9.41 12.01 11.70
9.30 7.86 6.75 6.20 5.86 5.83 5.67 5.02 4.52 4.23 3.89 3.58 3.48 3.64 3.85 4.01 4.44 5.03 5.57 5.52
5.06 4.64 4.25 3.92 3.79 3.73 3.83 4.08 4.55 5.23 6.06 6.69 7.01 6.35 5.25 4.59 4.10 3.87 3.78 3.71
3.81 3.85 3.91 4.13 4.43 4.84 5.03 5.08 4.94 4.52 4.13 3.92 3.77 3.65 3.65 3.71 3.74 3.86 3.87 3.83
3.86 3.96 4.05 4.02 4.06 4.34 4.53 4.51 4.52 4.54 4.35 4.24 4.33 4.56 4.89 5.24 5.91 6.29 6.32 6.49
6.73
C1908x2TS179_1 0.382 10.08 8.66 8.13 7.95 6.56 5.74 5.00 4.64 4.28 3.97 3.81 3.78 3.66 3.58 3.62 3.65 3.75 3.79 3.87 3.69
3.49 3.31 3.13 2.92 2.96 3.14 3.45 3.93 4.43 5.02 5.29 5.00 4.80 4.69 4.45 4.61 4.87 5.31 5.77 5.86
5.77 5.93 6.19 7.14 8.49 10.57 12.00 9.99 7.78 6.62 5.96 5.52 5.25 5.36 5.66 5.94 6.43 6.73 7.09 6.29
5.22 4.25 3.45 2.93 2.69 2.61 2.79 3.20 4.03 5.44 7.20 8.85 9.87 8.50 6.83 5.98 5.47 5.36 5.28 5.19
5.38 5.17 5.14 5.15 5.05 4.61 4.11 3.61 3.26 2.96 2.94 3.04 3.19 3.36 3.68 4.02 4.36 4.73 5.26 6.21
7.47 10.69 15.73 15.66 12.66 10.18 7.60 6.36 5.94 6.01 6.35 6.63 7.21 8.27 9.10 9.47 9.23 7.95 7.21 6.60
6.08
C1908x2TS123_2 0.379 4.34 4.19 4.24 4.28 4.07 3.95 3.86 3.82 3.74 3.72 3.80 3.95 4.02 4.19 4.42 4.58 4.80 5.28 5.84 6.42
7.77 9.78 9.82 8.54 7.52 6.95 6.24 5.93 5.98 6.55 6.50 6.12 5.87 6.29 6.55 6.93 7.21 8.10 8.62 7.92
7.16 7.08 7.09 6.71 6.18 5.65 5.01 4.56 4.40 4.50 4.47 4.65 4.89 5.09 5.10 5.06 5.29 5.68 5.59 5.39
5.03 4.57 4.11 3.70 3.56 3.64 3.90 4.43 5.25 6.35 7.28 7.28 6.76 5.90 4.83 4.35 3.96 3.74 3.74 3.83
4.16 4.49 4.77 5.08 5.18 5.06 4.94 4.89 4.94 4.75 4.78 4.91 4.77 4.50 4.30 4.50 4.68 4.89 5.12 5.84
6.56 7.07 7.06 6.99 6.47 6.45 6.02 5.84 5.78 5.61 5.56 5.37 5.26 5.15 4.95 4.69 4.44 4.07 3.85 3.69
3.63
C1908x2TS404_5 0.374 4.35 4.05 3.84 3.66 3.36 3.16 3.17 3.19 3.20 3.19 3.13 3.01 2.97 3.03 3.13 3.15 3.19 3.21 3.20 3.06
3.04 3.10 3.20 3.35 3.66 4.07 4.47 5.19 5.94 6.55 6.77 6.72 6.45 6.28 5.67 5.51 5.57 5.79 6.37 6.78
6.66 6.84 6.98 6.93 6.86 6.85 7.11 7.22 6.78 6.46 6.11 5.79 5.60 5.87 6.05 6.50 7.38 9.26 11.02 10.38
8.57 8.08 7.07 6.23 5.77 6.17 6.59 6.71 6.59 6.81 7.19 6.86 6.76 6.70 6.45 6.32 6.06 5.91 5.98 5.70
5.82 5.51 5.52 5.74 5.95 6.53 6.83 6.34 5.94 5.03 4.43 4.12 3.81 3.74 3.88 4.02 4.27 4.56 4.83 5.18
5.71 6.27 6.89 6.88 6.65 6.64 6.51 6.32 6.23 6.21 6.27 6.05 5.96 5.79 5.71 5.81 6.53 7.55 8.82 11.03
21.40
C1908x2TS404_1 0.369 7.00 6.06 5.31 4.67 3.97 3.48 3.24 3.06 2.90 2.84 2.67 2.42 2.24 2.26 2.43 2.56 2.69 2.93 3.11 3.06
3.00 3.03 3.14 3.28 3.53 3.94 4.40 5.19 6.19 7.11 7.62 7.65 7.01 6.69 6.01 6.14 6.57 7.17 8.24 8.79
8.13 7.86 7.54 7.55 7.58 7.74 8.09 8.00 7.37 6.90 6.45 6.07 5.90 6.24 6.49 7.00 8.04 10.33 12.40 11.19
8.90 8.27 7.16 6.26 5.80 6.21 6.66 6.82 6.76 7.10 7.61 7.33 7.19 7.06 6.77 6.62 6.35 6.21 6.30 6.04
6.15 5.76 5.74 5.96 6.18 6.79 7.06 6.50 6.04 5.08 4.44 4.12 3.81 3.74 3.90 4.08 4.38 4.73 5.08 5.52
6.14 6.80 7.46 7.44 7.32 7.49 7.42 7.20 7.03 6.93 6.80 6.40 6.25 6.08 6.01 6.14 6.93 8.07 9.48 12.08
27.72
C1908x2TS049_4 0.368 7.78 7.70 7.78 7.69 6.82 5.97 5.53 5.09 4.79 4.61 4.39 4.19 4.07 4.08 4.30 4.53 4.57 4.52 4.26 3.81
3.42 3.15 2.98 2.96 3.06 3.23 3.54 4.06 4.67 5.16 5.17 4.76 4.33 4.19 4.12 4.29 4.81 5.62 6.63 6.92
6.78 7.22 7.52 8.03 8.37 8.36 7.71 6.45 5.52 4.88 4.24 3.86 3.56 3.45 3.44 3.43 3.64 3.94 4.15 4.34
4.42 4.39 4.34 4.27 4.38 4.63 5.01 5.78 7.48 11.20 23.45 29.85 29.85 19.94 10.15 8.21 6.99 6.63 6.65 6.82
7.71 7.81 7.36 7.12 6.60 6.03 5.70 5.36 5.17 4.90 4.61 4.53 4.40 4.19 4.30 4.48 4.79 5.27 5.84 6.65
7.23 7.09 6.74 6.00 5.57 5.27 5.28 5.41 5.60 5.97 6.81 7.91 10.09 13.18 25.83 29.85 29.85 16.54 12.55 10.74
9.36
C1908x2TS067_5 0.366 29.85 29.85 29.85 29.85 29.85 29.85 29.85 29.85 11.57 8.38 7.27 6.99 6.29 5.96 6.29 6.44 6.76 6.53 6.39 5.96
5.28 4.65 4.19 3.84 3.79 3.75 3.77 3.97 4.15 4.37 4.45 4.35 4.26 4.18 4.06 4.29 4.85 6.03 8.49 10.71
10.72 9.28 7.70 6.77 6.16 6.18 6.69 6.86 6.59 6.19 5.62 4.92 4.35 4.08 4.03 4.18 4.64 5.19 5.66 5.66
5.35 4.94 4.64 4.59 4.72 4.85 5.02 5.32 5.54 5.76 5.97 6.00 6.04 5.71 5.34 5.40 5.19 5.08 4.92 4.62
4.59 4.29 4.25 4.51 4.75 4.83 4.70 4.49 4.28 3.94 3.71 3.66 3.66 3.63 3.79 4.10 4.49 4.97 5.34 5.76
6.16 6.47 6.52 6.18 6.09 6.00 5.91 5.80 5.90 6.20 6.41 6.21 6.00 5.61 5.28 4.93 4.74 4.69 4.73 4.86
5.12
C1908x2TS067_3 0.366 29.85 29.85 29.85 29.85 29.85 29.85 29.85 29.85 15.85 9.20 7.72 7.37 6.73 6.42 7.01 7.51 8.40 8.49 8.44 7.65
6.43 5.32 4.65 4.27 4.27 4.33 4.39 4.65 4.83 5.05 5.10 5.26 5.32 5.71 5.74 6.14 6.55 7.55 9.22 10.69
9.26 8.43 7.43 6.80 6.26 6.20 6.54 6.69 6.38 5.95 5.34 4.77 4.34 4.18 4.15 4.19 4.51 4.88 5.12 5.06
4.88 4.65 4.41 4.22 4.18 4.23 4.30 4.46 4.69 4.97 5.24 5.25 5.26 5.06 4.76 4.81 4.70 4.72 4.66 4.44
4.40 4.14 4.11 4.30 4.46 4.50 4.38 4.14 3.88 3.54 3.39 3.41 3.46 3.49 3.69 3.94 4.21 4.48 4.64 4.89
5.13 5.35 5.49 5.35 5.30 5.39 5.40 5.39 5.51 5.73 6.07 6.05 5.77 5.35 5.04 4.78 4.65 4.61 4.76 5.01
5.37
C1908x2TS067_1 0.362 29.85 29.85 29.85 29.85 29.85 29.85 29.85 29.85 12.59 8.36 7.20 7.14 6.69 6.55 7.12 7.32 7.58 7.11 6.83 6.33
5.59 4.94 4.45 4.10 4.04 4.03 4.09 4.35 4.57 4.79 4.88 4.88 4.82 4.81 4.79 5.33 6.48 8.47 12.68 15.67
11.70 8.66 6.88 6.03 5.79 5.92 6.35 6.57 6.32 5.82 5.34 4.68 4.20 4.02 4.08 4.34 4.82 5.24 5.60 5.59
5.23 4.80 4.54 4.48 4.52 4.59 4.67 4.97 5.28 5.57 5.85 5.93 5.95 5.72 5.35 5.34 5.08 4.89 4.75 4.45
4.40 4.25 4.29 4.56 4.76 4.78 4.67 4.40 4.13 3.83 3.70 3.71 3.72 3.74 3.90 4.09 4.33 4.59 4.80 5.08
5.34 5.57 5.73 5.63 5.69 5.83 5.92 5.99 6.18 6.29 6.36 6.11 5.91 5.61 5.39 5.11 4.99 4.92 4.94 4.97
5.14
C1908x2TS049_2 0.361 5.05 5.03 5.15 5.28 5.03 4.67 4.37 4.09 3.89 3.68 3.52 3.45 3.43 3.54 4.02 4.53 5.29 5.75 5.65 4.97
4.34 3.81 3.52 3.34 3.41 3.48 3.62 4.02 4.66 5.68 6.43 6.41 5.82 5.27 4.55 4.48 4.83 5.79 7.36 8.70
8.74 8.38 7.02 6.49 6.35 6.20 5.75 5.42 5.19 5.05 4.65 4.23 3.89 3.68 3.39 3.14 3.09 3.31 3.51 3.53
3.41 3.26 3.11 3.03 3.13 3.49 4.01 4.81 6.26 8.70 13.08 27.09 29.85 29.85 26.34 20.60 23.48 29.85 29.85 29.85
29.85 29.85 29.85 29.85 29.85 29.85 29.85 29.85 29.85 29.85 29.85 29.85 11.72 7.84 6.52 5.61 5.27 5.21 5.33 5.37
5.20 5.14 5.13 4.95 4.96 5.22 5.52 5.75 5.83 5.88 5.88 5.87 5.77 5.67 5.70 5.94 6.33 6.32 6.27 6.57
6.60
C1908x2TS067_2 0.360 6.82 7.09 7.48 7.71 7.05 6.17 5.72 5.32 5.11 5.06 5.16 5.55 5.58 5.53 5.45 4.98 4.40 3.94 3.47 3.15
2.93 2.82 2.78 2.86 3.03 3.46 3.86 4.36 4.87 5.42 5.70 5.73 5.45 5.44 5.19 5.15 5.27 5.73 6.53 7.23
7.84 9.01 10.26 11.65 11.30 9.96 7.60 5.73 4.67 4.20 3.97 4.08 4.43 5.12 5.93 6.82 7.99 8.80 8.69 8.01
7.04 6.10 5.21 4.59 4.32 4.05 3.89 3.98 4.33 4.93 5.52 5.72 6.08 5.86 5.32 5.15 5.11 5.33 5.75 5.97
6.63 6.71 6.76 6.47 6.17 5.80 5.51 5.21 5.11 4.94 5.02 5.15 5.21 5.01 5.09 5.47 6.29 7.47 8.47 9.86
10.77 10.64 9.72 8.27 8.06 8.58 8.18 7.95 7.84 7.94 7.95 7.58 7.34 7.74 8.10 8.34 9.18 9.69 9.79 10.14
9.75
C1908x2TS404_4 0.358 7.17 6.40 5.81 5.30 4.57 4.03 3.78 3.66 3.57 3.50 3.43 3.36 3.24 3.18 3.21 3.19 3.17 3.18 3.21 3.17
3.15 3.17 3.27 3.40 3.64 4.16 4.91 6.16 7.85 9.43 9.80 8.76 7.15 6.38 5.71 5.76 6.10 6.56 7.42 7.87
7.46 7.38 7.26 7.36 7.52 7.76 8.20 8.66 8.42 8.45 8.19 7.78 7.35 7.60 7.40 7.69 8.55 11.02 13.37 11.85
9.13 8.39 7.20 6.27 5.82 6.25 6.72 6.89 6.85 7.22 7.79 7.47 7.30 7.14 6.80 6.62 6.37 6.25 6.37 6.11
6.21 5.80 5.76 5.95 6.18 6.81 7.08 6.52 6.05 5.08 4.45 4.12 3.81 3.75 3.90 4.09 4.39 4.75 5.10 5.53
6.16 6.83 7.51 7.52 7.57 7.92 7.91 7.63 7.40 7.28 7.05 6.51 6.35 6.17 6.06 6.17 6.91 8.06 9.48 12.09
28.05
C1908x2TS404_2 0.358 7.07 6.33 5.76 5.24 4.52 3.99 3.72 3.56 3.50 3.52 3.54 3.51 3.53 3.61 3.74 3.73 3.74 3.70 3.64 3.43
3.29 3.25 3.29 3.44 3.79 4.33 5.04 6.24 7.63 8.95 8.90 8.33 7.34 6.84 6.20 6.35 6.65 7.18 8.02 8.37
7.72 7.59 7.59 7.89 7.92 8.08 8.46 8.34 7.79 7.75 7.79 7.73 7.43 7.77 7.70 7.74 8.31 10.33 12.25 11.30
8.94 8.29 7.19 6.29 5.82 6.22 6.65 6.77 6.76 7.16 7.69 7.34 7.15 6.97 6.61 6.37 6.31 6.27 6.45 6.16
6.23 5.76 5.64 5.74 6.01 6.63 6.96 6.46 6.03 5.08 4.45 4.13 3.81 3.75 3.89 4.06 4.35 4.69 4.99 5.36
5.83 6.34 6.76 6.70 6.64 6.81 6.78 6.67 6.55 6.55 6.43 6.11 6.02 5.86 5.77 5.88 6.59 7.67 8.93 11.17
21.30
C1908x2TS067_4 0.355 29.85 29.85 29.85 29.85 29.85 29.85 29.85 29.85 29.85 26.39 12.23 10.55 8.88 8.17 9.13 9.89 10.51 9.61 8.88 7.92
6.74 5.78 5.08 4.56 4.38 4.26 4.14 4.33 4.49 4.75 4.88 4.94 4.97 5.08 4.89 5.23 5.89 7.02 8.68 9.75
8.82 7.66 6.54 5.89 5.54 5.54 5.84 6.06 5.96 5.72 5.29 4.75 4.25 4.04 4.01 4.18 4.67 5.30 5.92 6.08
5.83 5.59 5.30 5.18 5.22 5.18 5.17 5.29 5.31 5.49 5.72 5.76 5.80 5.47 5.00 4.95 4.67 4.48 4.35 4.10
4.05 3.87 3.88 4.11 4.33 4.42 4.44 4.35 4.23 3.98 3.95 4.04 4.11 4.12 4.29 4.56 4.82 4.98 5.11 5.33
5.45 5.50 5.49 5.38 5.35 5.37 5.41 5.49 5.68 5.95 6.18 6.19 6.03 5.73 5.58 5.48 5.51 5.60 5.78 6.04
6.36
C1908x2TS049_3 0.354 11.15 10.03 9.17 8.10 6.42 5.38 4.72 4.25 4.05 3.92 3.90 3.95 4.02 4.22 4.57 4.85 5.02 4.92 4.70 4.28
3.96 3.78 3.68 3.70 3.90 4.23 4.94 6.25 8.53 14.13 21.12 27.76 15.09 10.73 8.37 8.05 8.27 9.04 8.99 8.48
7.37 6.89 6.73 8.05 13.32 29.85 29.85 29.85 29.85 29.85 7.72 5.17 4.13 3.75 3.85 4.07 4.59 5.28 5.90 5.98
5.67 5.24 4.90 4.60 4.68 4.84 5.17 5.62 6.30 7.20 8.07 8.32 8.82 8.21 7.30 6.95 6.52 6.52 6.89 7.52
9.23 9.90 9.77 9.37 8.38 7.01 6.25 5.67 5.13 4.46 4.01 3.71 3.45 3.38 3.76 4.42 5.29 6.33 7.55 8.22
7.65 7.15 6.83 6.18 5.92 5.90 5.85 5.85 6.01 6.12 6.20 6.04 5.87 5.58 5.30 5.04 4.95 4.67 4.50 4.43
4.38
C1908x2TS404_3 0.352 7.13 6.38 5.81 5.31 4.60 4.08 3.84 3.74 3.65 3.57 3.50 3.44 3.42 3.51 3.72 3.88 3.99 4.02 4.02 3.93
3.93 4.01 4.16 4.55 5.22 6.12 7.21 9.30 11.80 12.36 9.60 8.01 6.83 6.18 5.56 5.63 5.99 6.46 7.29 7.70
7.27 7.24 7.33 7.63 7.90 8.21 8.75 8.65 7.78 7.17 6.72 6.38 6.17 6.52 6.79 7.32 8.42 10.92 13.11 11.64
9.10 8.37 7.22 6.31 5.85 6.27 6.77 6.93 6.93 7.33 7.86 7.45 7.25 7.08 6.81 6.69 6.67 6.66 6.86 6.51
6.58 6.02 5.86 5.94 6.14 6.68 6.90 6.36 5.94 5.04 4.43 4.12 3.81 3.74 3.88 4.04 4.34 4.69 5.03 5.49
6.05 6.64 7.17 7.02 6.91 7.21 7.38 7.58 7.61 7.55 7.38 6.77 6.48 6.23 6.08 6.26 7.17 8.34 9.79 12.53
29.85
C1908x2TS026_1 0.349 29.85 29.85 29.85 29.85 29.85 29.85 29.85 29.85 8.64 6.07 5.00 4.40 4.12 4.01 4.09 4.29 4.64 4.90 5.10 5.20
5.57 6.61 8.80 14.19 29.85 29.85 13.57 8.74 6.59 5.94 5.51 5.36 5.23 5.24 4.92 4.97 5.30 6.15 6.74 6.75
6.34 6.24 6.15 6.57 7.66 9.46 9.69 8.33 6.92 5.80 5.06 4.90 5.37 6.37 7.38 8.06 8.84 8.64 7.28 6.15
5.42 4.71 4.08 3.64 3.45 3.35 3.36 3.55 3.93 4.46 5.02 5.39 5.94 5.94 5.59 5.56 5.49 5.62 5.91 5.83
5.84 5.72 5.85 6.68 7.62 7.99 7.42 6.72 5.74 5.07 4.88 4.93 4.90 4.64 4.44 4.39 4.28 4.22 4.31 4.35
4.54 4.93 5.24 5.58 6.14 6.65 6.74 6.45 6.33 6.20 5.60 5.12 4.87 4.78 4.67 4.74 4.98 5.28 5.46 5.77
6.06
C1908x2TS049_5 0.344 11.02 9.82 9.58 8.94 7.25 6.13 5.59 5.13 4.79 4.55 4.38 4.40 4.43 4.70 5.49 6.57 7.21 7.29 6.55 5.56
4.75 4.17 3.91 4.01 4.19 4.39 4.69 5.32 6.12 7.49 9.22 11.67 11.42 11.05 8.76 7.89 7.20 7.47 8.45 9.58
9.81 11.57 13.18 15.63 15.28 13.45 10.34 7.68 6.43 5.75 5.12 4.65 4.35 4.38 4.40 4.26 4.44 4.69 4.75 4.53
4.21 4.03 3.86 3.73 3.84 3.94 4.11 4.52 5.39 6.90 8.46 8.72 8.29 6.56 5.18 4.52 4.16 4.22 4.41 4.61
5.17 5.97 7.25 9.34 11.09 10.94 8.99 7.22 6.23 5.52 5.33 5.49 5.72 5.92 6.57 7.24 8.02 8.47 9.16 9.78
9.51 9.13 9.13 8.15 7.27 6.84 6.62 6.63 6.84 7.29 7.95 8.58 9.59 11.24 13.82 17.07 29.85 25.44 17.10 13.53
10.96
C1908x2TS103_3 0.342 8.47 8.06 7.29 6.87 6.32 6.00 6.31 7.04 7.80 8.54 7.69 6.55 5.35 4.36 4.01 3.97 4.17 4.82 5.98 7.53
9.17 11.69 17.01 17.93 13.64 10.18 8.27 7.22 6.71 7.15 8.29 9.39 9.31 8.41 7.20 6.67 6.56 7.04 7.78 7.67
7.06 6.68 6.58 6.79 6.84 6.88 6.38 5.29 4.62 4.37 4.21 4.14 4.29 4.78 5.44 5.77 6.50 7.88 9.70 10.43
10.02 9.24 9.07 8.97 9.28 9.32 8.62 7.48 6.51 5.87 5.78 6.16 7.31 8.83 9.42 9.40 7.94 6.84 6.29 5.87
6.06 5.98 6.08 6.29 6.56 6.57 6.41 6.05 5.74 5.09 4.77 4.70 4.87 5.15 5.84 6.83 7.67 7.71 6.94 5.96
5.43 5.23 5.04 4.74 4.64 4.69 4.59 4.26 4.11 4.32 X X X X X X X X X X
X
C1908x2TS049_1 0.338 13.23 13.74 13.31 13.42 10.46 8.20 6.97 6.13 5.57 5.17 4.97 4.98 4.81 4.69 4.81 4.76 4.51 4.17 4.03 3.85
3.61 3.50 3.55 3.71 4.02 4.44 5.07 6.08 7.18 8.43 8.54 7.84 6.91 6.51 5.73 5.42 5.41 5.72 6.25 6.56
6.65 7.51 8.76 11.30 14.70 22.10 24.18 12.72 8.76 7.05 5.81 5.04 4.45 4.23 4.17 4.14 4.38 4.82 5.25 5.40
5.16 4.74 4.28 3.96 3.94 4.17 4.57 5.31 6.68 9.92 23.06 29.85 29.85 29.85 29.85 29.85 19.73 13.06 10.68 9.61
10.25 9.85 9.95 10.45 11.61 11.10 8.70 7.22 6.31 5.46 5.15 4.93 4.81 4.76 4.94 5.43 6.12 6.84 8.01 8.90
8.98 8.60 7.95 6.91 6.44 6.34 6.47 6.67 7.12 7.75 8.27 8.42 8.27 8.32 8.80 10.12 13.97 14.88 14.71 16.51
15.71
C1908x2TS003_1 0.328 11.91 12.86 14.20 15.25 13.23 11.47 10.36 9.14 8.01 7.60 7.38 7.22 7.20 7.52 8.05 8.60 8.84 8.52 8.03 7.01
6.34 6.00 5.76 5.99 6.36 6.72 7.35 8.46 9.85 11.36 10.62 9.65 8.22 7.45 6.61 6.50 6.61 7.29 8.60 9.07
8.67 9.00 9.38 10.68 11.60 11.74 10.72 8.16 6.76 6.22 5.90 5.64 5.50 5.63 5.78 5.68 5.94 6.64 7.89 8.51
7.84 7.04 6.25 5.39 4.86 4.36 4.16 4.35 4.86 5.68 6.80 7.46 8.00 7.21 6.35 6.10 6.16 6.74 7.73 8.37
9.32 8.77 9.08 9.71 11.39 14.47 17.69 15.72 13.42 9.01 7.08 5.94 5.37 4.98 4.82 4.77 4.93 5.03 5.12 5.12
5.26 5.55 5.88 6.41 7.62 9.15 10.33 9.69 8.57 7.15 5.88 5.11 4.98 4.97 5.22 5.39 5.77 6.04 6.13 6.06
6.18
C1908x2TS103_1 0.326 11.08 16.45 29.85 29.85 29.85 29.85 29.85 29.85 29.85 29.85 23.04 24.72 29.85 29.85 29.85 18.41 13.25 10.60 9.30 7.93
7.07 6.47 6.03 5.86 6.11 6.37 6.31 6.58 6.93 7.08 6.98 6.80 6.59 6.71 6.19 6.05 6.27 6.70 7.17 6.73
6.23 6.28 6.41 6.75 7.29 7.95 8.15 7.16 6.32 5.79 5.28 5.02 4.92 5.24 5.65 6.05 6.95 8.33 8.84 8.33
7.32 6.57 5.68 5.10 4.97 5.15 5.17 5.44 6.16 7.34 8.21 8.75 9.49 9.51 7.79 6.89 6.34 5.96 5.77 5.71
5.96 6.07 6.20 6.36 6.64 6.53 6.18 5.76 5.61 5.53 5.62 5.74 5.90 5.77 5.77 5.49 5.33 5.37 5.62 6.00
6.33 6.58 6.88 6.74 6.72 6.80 6.83 7.26 8.10 8.74 8.67 7.87 7.19 6.60 6.21 6.29 6.91 6.79 6.66 6.50
6.15
C1908x2TS026_2 0.310 29.85 29.85 29.85 29.85 29.85 29.85 29.85 13.55 7.15 5.30 4.55 4.37 4.33 4.52 4.87 5.10 5.26 5.36 5.59 5.83
6.28 7.74 11.13 18.83 29.85 29.85 27.94 19.59 13.62 14.05 13.33 11.80 10.43 9.41 7.30 6.97 7.14 8.59 11.03 12.36
11.77 13.73 13.48 14.89 16.44 18.67 13.93 9.86 7.44 6.29 5.73 5.31 5.45 5.90 6.13 6.51 7.43 8.79 10.56 9.93
8.75 7.04 5.60 4.59 4.15 3.93 3.99 4.32 5.05 6.27 7.73 8.58 10.07 8.92 7.03 6.35 5.85 5.77 5.76 5.71
6.32 6.61 7.01 8.71 12.42 16.24 12.94 10.11 8.84 7.56 7.16 7.42 7.74 7.55 7.44 7.46 7.44 7.82 8.08 8.06
7.96 7.90 7.64 7.62 7.70 8.51 8.72 8.78 9.42 10.40 10.08 9.86 9.52 9.20 8.61 8.20 8.36 8.55 8.70 9.33
10.38
END
