PFRMAT QA
TARGET C1908x2
MODEL 2
QMODE 2
C1908x2TS067_1 0.377  8.59  10.4  29.8  29.8  29.8  29.8  29.8  9.71  29.8  29.8  5.69  3.41  5.03  23.1  6.44   6.6  3.35   6.4   5.8  29.8  3.47  7.19   3.1  3.31  4.79  4.15  4.48  5.23  4.76  4.03  5.24  5.09  4.33  3.88  5.59  4.52  9.01  5.02  29.8  29.8  29.8  29.8  7.68  4.84  4.54  9.39  3.63  6.47  7.26  9.04  11.6  4.48  5.24  3.38  4.21   3.4  7.51  9.98  4.21  4.88  4.35  4.83   3.0  2.27  3.52  5.28  7.49  5.22   8.8  5.35  8.81  2.93   4.4  2.47  4.07   3.0  2.36  3.26  14.2  6.55  3.23  3.32   2.9  3.11  2.94  6.39  3.02  4.21  3.58  3.56  3.75  4.65  4.69  3.43  7.22  4.79  4.99  3.68   3.1  2.91  3.31  2.82  3.11  7.67  6.17  3.75  4.58  6.39  5.96  6.48  4.07  3.54  4.43  7.27  3.92  13.2  9.36  5.59  3.08  7.05  8.46
C1908x2TS067_3 0.392  29.8  9.34  29.8  29.8  29.8  29.8  29.8  8.62  29.8  29.8  6.35  3.47   6.7  9.04  4.04   6.6  4.18  7.37  6.76  29.8  3.34  7.38  3.37  3.18  4.41  3.87  4.32  4.92   4.7  3.17  4.26  3.86  4.89  3.67  6.46  3.32  2.66  3.28  6.56  14.9  29.8  29.8  6.71  5.48   3.9  8.14  4.05  6.75  5.96  6.94  5.61  3.97  4.12   3.1  2.59  2.81   5.0  4.48  4.89  3.84  3.41  3.43  1.78   1.9  2.68  7.09  5.03  4.73  8.83  5.18  10.2  2.91  2.98  3.08  3.75  3.25  2.51  3.02  17.4  4.67  3.05   3.3  3.02  3.12  2.77  5.61  2.97  3.68  3.09  3.78  3.73  3.56  4.82  3.61   5.0  4.48  5.75  4.19  3.83   3.0  3.01  2.77  3.18  7.87  7.15  4.59  4.37  10.3   6.2  4.67  3.62  3.39  4.16  5.51  4.38  15.7  7.98  6.29  3.33  5.05  7.38
C1908x2TS067_2 0.395  29.8  27.7  29.8  19.5  6.52  7.31  5.15   3.0  2.85  6.82  5.57   5.8  3.26  4.43  4.31  3.42  3.67  3.19  4.22  4.15  2.53  3.14  3.69  2.92  3.07  2.49  2.38  5.89  4.31  2.32  3.67  4.22  3.31  3.19   4.2  2.63  5.22  3.02  6.08  4.23  3.84  5.01  3.22  5.65  4.28  4.32  6.02  6.44  3.74  5.47  4.09  5.27  2.63  3.34  3.71   4.6  3.77   6.0  9.12  8.96  6.11  3.68  4.14   3.4   2.7  2.64  4.73  3.84  4.41  5.63   3.6  4.48  29.8  11.1  3.85  6.52  4.61  10.2   3.5  3.26  2.66   3.4  5.45  4.62  3.62  4.35   4.0  5.04  1.89  3.26  5.21  6.71  3.87  6.87  9.78  4.44  7.94  18.6  11.0  29.8  7.77  6.46  7.49  29.8  25.2  4.35  3.39  29.8  9.68  5.18  4.75  3.68  5.46  29.8  29.8  8.14  11.1  29.8  3.13  7.88  5.03
C1908x2TS026_2 0.373  29.8  29.8  29.8  29.8  29.8  29.8  29.8   5.7   8.0  29.8  5.48   6.5  4.99  4.28  4.98  7.87  7.28  4.32  4.06   8.2  2.87  5.11  5.99  5.67  29.8  29.8  29.8  8.26  7.15  4.02  4.48  4.32  3.24  3.08  3.13  4.38  5.47  3.84  11.2  5.78  4.53  5.28  2.75  5.66  29.8  14.7   8.8  6.47  7.59  4.16  3.38  5.94  6.69  4.02  5.86  7.64  6.39  5.91  4.05  6.77  4.02  3.24  2.02  4.27   4.7  4.71  4.41  6.49  5.69  4.36  5.85  4.25  6.66  3.49  3.51  5.11  4.35  3.78  4.88  3.27   3.6  3.69  3.75  4.57  4.66   7.4  5.23  29.8  6.36  7.75  7.81  7.14  5.42  4.82  4.99  4.68   4.1  5.13  4.57  3.67  4.02  4.41  2.62   4.7  3.58  5.22  4.09  18.7  5.64  3.47  2.67  3.46  3.22  3.61  4.27  4.11  4.08  4.24  3.16  5.83  6.31
C1908x2TS067_5 0.379  29.8  29.8  29.8  29.8  29.8  29.8  29.8  9.81  29.8  29.8  5.86  3.09  5.93  11.7  4.24  6.19  3.36  4.73  5.08  29.8  3.77  6.64  2.91  3.01  4.63  4.02  4.57  5.31  4.71  3.74  4.73  5.34  3.72  3.63  7.06  3.82  11.8  6.16  29.8  11.1  29.8  29.8  7.37   5.7  6.02  11.8  4.44  10.4  7.24  7.89  7.92  4.02  4.92  2.98  3.64  3.69  5.71  8.16  4.15  5.91  4.07  4.71  2.14  2.18  3.23  3.46  9.03  5.14  9.62  6.01  10.1  2.82  4.95  2.42  4.01   3.3  2.53  3.14  13.8  5.19  2.93   2.4  2.72  3.17  2.93  6.62  3.09  4.49  3.25  3.71   3.8   5.5  5.01   3.6  7.69  4.81  5.18   4.8  3.68  3.48  3.16  2.91  3.18  6.38  6.25  3.94  5.17  6.43  4.66  4.06  4.32  3.36  3.87  6.26  4.18  29.8  9.11  5.66  3.68  6.85  5.24
C1908x2TS026_1 0.375  14.1  29.8  29.8  29.8  29.8  29.8  29.8  13.4  11.7  13.6   8.2  9.66  6.54   4.6  4.07  6.47  22.8  4.39  5.97  12.6   3.6  3.96  5.19  4.27  29.8  23.5  29.8  5.48  3.64  4.27  3.87  5.72  5.01  4.15  3.27  3.26  5.56  4.13  4.95  3.97  5.83  5.37  3.12  5.02   4.4  10.2  6.99  6.19  4.82  3.32  4.54  29.8  29.8  5.84  8.89  29.8  6.03  10.0  6.69  6.66  2.84  2.08  1.39  3.41  3.88  3.56  5.66  5.43  5.99  4.75  3.91  3.55  3.85   3.5  3.93  10.5  4.35   4.1  4.45  3.69  5.42  3.35  6.05  5.58  5.54  6.49   7.7  29.8  6.21  5.54  17.3  8.32  6.49  5.64  5.96  3.42  3.76  3.48   2.3  1.86  2.77  3.23  3.34  4.27  7.48  8.61  7.02  29.8  13.1  6.01  3.49  3.24  2.14  3.26  3.43  2.59  1.86  3.71  4.33  3.86  5.97
C1908x2TS067_4 0.387  19.0  21.3  29.8  29.8  29.8  29.8  29.8  12.1  29.8  29.8  6.19  3.31  5.13  7.13  3.81  8.94   5.0  5.68  4.96  29.8  3.19   8.8  2.95  3.22  4.64  3.85  4.36  5.73  4.59  3.52  7.19   4.6  3.58   3.2  7.44  3.26  19.5  5.81  29.8  29.8  29.8  29.8  3.07  3.02  3.63  9.93  3.17  8.38  6.82  8.27  9.02  4.14   5.0  3.34  4.86  3.88   4.8  6.19  5.36  4.22  3.47  3.84  3.34  1.85  2.48  4.03  6.79  6.17  5.41  3.51  10.9   3.2  3.38  2.64  3.89  2.93  2.45  3.15  18.5  5.93  2.97  3.23  2.52  2.89  2.79  5.74  3.11  3.76   3.1  3.52  4.01  3.91  5.71  3.51  5.54  4.48  4.46  4.27  3.31  2.78  3.19  2.89   3.1  7.24  7.97  4.29  4.61  9.42  5.84  4.52  3.56  3.19  3.73  5.62  3.79  14.2  6.26  5.81  3.82  5.03  6.62
C1908x2TS103_3 0.338  8.53  8.66  9.23  8.45  3.85  8.12  9.96  11.6  19.2  29.8  29.8  4.21  29.8  7.25  4.08  8.69  4.71  3.53  3.41  3.13  29.8  29.8  10.5  14.9  29.8  29.8  5.32  6.12  4.09  3.89  5.69  7.52  29.8   5.9  3.96  6.37  6.15  8.22  18.8  4.26  4.19  7.52  3.69  3.62  4.79  2.87  3.27   5.4  7.53  3.47  5.54  4.81  5.76  3.27   3.7  3.81  5.97  4.94  6.83  29.8  29.8  29.8  10.7  29.8  29.8  9.02  29.8  11.9  5.26  6.28  14.3  16.7  29.8  29.8  5.83  29.8  5.14  8.13  10.1  5.19  10.2   4.8  3.53  6.93  9.74  12.0   6.3  29.8  5.42  6.92  11.1  3.74   5.8  8.59   7.9  7.05  5.65  7.73   3.9  5.38  4.21  5.15  7.12   5.9  5.69  4.62   2.9  10.4  9.83  3.82     X     X     X     X     X     X     X     X     X     X     X
C1908x2TS345_4 0.528  6.06   5.0  5.46  2.32  1.54  3.42  1.71   0.0  1.15  1.14   0.0  1.41  1.12   1.3  1.87   3.1  2.56  3.29  3.12  4.85  3.48  3.12   2.4  2.33  3.53  2.05  2.55  4.02  3.88  1.52   2.4  1.59  1.97   3.8  2.92  3.49  5.06   1.0  2.18  2.85  3.16  2.82   3.3  2.83  4.46  2.48  3.27  3.34  2.19  2.08  3.04  6.81  3.77  2.92  2.25  2.09  3.88  3.58  3.39  2.83  1.92  2.07  1.81   2.6  1.85  1.85  3.03  3.18  2.47  3.41  3.55  3.25  3.14  3.12  6.47   6.9  3.18  3.12  29.8  3.21  3.13  1.65   3.0  3.69  2.72  1.89  1.65  1.25  1.76  1.67  3.11   2.0  1.64  1.71  2.65  1.88  2.26  2.92  1.37 0.803  1.93  1.36  1.59  2.42   2.3  2.85  4.21  29.8   8.2  2.89  3.31  2.49  2.53  2.57  3.49  2.07   2.0  1.51  3.33   4.5  5.92
C1908x2TS179_1 0.378  29.8  18.7  29.8  29.8  29.8  8.17  29.8  4.17  3.48  7.54  4.98  2.65  4.73  2.57  2.63  8.15  4.07  4.45  4.17  5.17  2.74  4.67  4.59  2.24  1.94  3.48   2.5  2.82  3.68  2.03  2.26  5.74  4.54  3.04  3.84  4.24  7.02  4.39  4.42  16.2  6.17  7.47  4.38   5.6  29.8  29.8  29.8  29.8  29.8  7.36  5.37  6.04  4.17  5.34  3.23  5.54  6.63  29.8  29.8  29.8  7.16  3.75  2.52  3.09  3.24  1.52  2.48  3.59  3.12  3.19  20.6  5.94  7.34  6.88  4.27  5.46  3.25  4.23  4.79  4.15  3.94  4.75  6.64  4.66  2.24  4.01  3.39  7.42   3.4  4.21  3.25  1.99  3.79  4.38  6.28  2.98  3.28  11.2  6.56  5.75  29.8  11.4  4.96  5.97  18.4  6.11  6.55  29.8  29.8  5.11  6.71  9.12  4.63  20.3  29.8  29.8  29.8  29.8  6.61  7.96  10.1
C1908x2TS345_5 0.511  6.99  6.18  6.64  3.15  2.88  2.62  1.23  1.32  2.59  1.41 0.504  2.12  1.48  1.22  2.21  3.58  5.08   2.6  3.17  2.22  2.14  2.94  3.14  3.18   3.1  3.16  2.15  3.81  2.77  1.39  2.35  1.54  1.79  3.84  1.67  4.66  3.43  3.07  2.58  2.96  4.45  1.54  1.79  3.31  1.93  2.52  2.26  2.75  2.63  3.07  4.01  8.01  6.24  3.52  3.31  2.86  3.13  5.15  5.36  5.89  4.63  3.41  3.29  3.09  2.34  2.84  4.06  4.14  2.45  2.16  1.86   2.4  3.36  2.25  3.99  29.8  7.09  4.37  4.89  1.98   1.8   1.2  1.28  2.05  2.09  3.83  4.91  3.73  4.46  5.11  5.89  3.58  3.91  3.88  1.97  2.35  2.77  2.24  1.94 0.663  2.81  1.48 0.943  2.34  3.59  2.96  3.48  5.98  5.47  3.23  3.83  2.36  1.59  1.68  1.93  1.01  1.29  1.87  2.58  4.41  29.8
C1908x2TS103_2 0.415  13.4  3.32  4.28  3.33  1.79  3.84  4.44  1.45  2.63  2.53  2.15  3.34  2.19  1.94  2.09   6.5  4.73  5.48  3.57  3.62  2.75  4.03  3.19  2.97   3.2  4.31   4.3  5.45  5.38  3.82  5.63  29.8  14.0  3.77  5.03  4.04  2.86  4.23  3.03  1.96  2.61  3.33  2.61  4.85  7.94  3.05  2.46  7.12  4.09  10.6  7.53  6.16  12.2  8.46  5.79  3.73  3.38  3.63  3.49  2.78  2.94  2.92  1.81  1.98  2.11  2.49  2.47  3.71  4.45  3.85  5.32  3.64  4.25  4.76   3.1  4.78  2.75  4.23  14.3  4.33  7.71  6.92  10.5  3.58  4.29  5.55  4.37  29.8  9.22  4.07  2.68  2.99  3.89  2.65  4.84   4.6  4.09   4.4  3.33   2.9  6.38   8.8  13.8  12.5  29.8  5.39  9.28  29.8  29.8  7.49  7.23  9.17  8.51  3.98  3.27  3.59  8.52  29.8  29.8  29.8  29.8
C1908x2TS123_5 0.396  5.06  7.81  29.8  29.8  12.4  8.34  5.15   2.0  2.94  4.91  5.26  3.91  5.52  3.56   3.9  6.97  5.51  4.62  3.65   6.9  11.0  12.7  10.2  3.92  5.61  3.71   5.4  4.62  4.35  1.66  3.98  4.41  3.83  3.88  4.83  5.48  3.54   8.3  7.12  5.73  29.8  29.8  4.01  4.12  3.94   4.2  4.65  4.82  3.14  2.85   3.1  4.26  7.56  4.04  3.25  3.92   6.6  5.54  7.34  7.87  2.78  7.28  7.17  5.24   4.6  3.58  3.74  3.21  5.89  5.11  7.57   4.4  3.79  3.72  4.13  4.48  3.09  3.63  7.65  4.98  2.26   4.5  1.47  2.77  2.12  5.52   4.4  6.03  5.74  29.8  6.19  4.02  6.15  5.13   8.2  4.42  3.38  3.15  3.41  2.33   3.3  1.41  2.92  5.25  5.19  6.51  9.42  29.8  29.8  7.12  7.56  4.98  2.78  3.27  4.52  3.49  3.76  4.42  3.61  20.9  8.97
C1908x2TS123_4 0.396  5.06  7.81  29.8  29.8  12.4  8.34  5.15   2.0  2.94  4.91  5.26  3.91  5.52  3.56   3.9  6.97  5.51  4.62  3.65   6.9  11.0  12.7  10.2  3.92  5.61  3.71   5.4  4.62  4.35  1.66  3.98  4.41  3.83  3.88  4.83  5.48  3.54   8.3  7.12  5.73  29.8  29.8  4.01  4.12  3.94   4.2  4.65  4.82  3.14  2.85   3.1  4.26  7.56  4.04  3.25  3.92   6.6  5.54  7.34  7.87  2.78  7.28  7.17  5.24   4.6  3.58  3.74  3.21  5.89  5.11  7.57   4.4  3.79  3.72  4.13  4.48  3.09  3.63  7.65  4.98  2.26   4.5  1.47  2.77  2.12  5.52   4.4  6.03  5.74  29.8  6.19  4.02  6.15  5.13   8.2  4.42  3.38  3.15  3.41  2.33   3.3  1.41  2.92  5.25  5.19  6.51  9.42  29.8  29.8  7.12  7.56  4.98  2.78  3.27  4.52  3.49  3.76  4.42  3.61  20.9  8.97
C1908x2TS432_1 0.449  5.03  4.93  4.32   2.9   2.8  4.95  2.39  1.46  2.64   1.6  1.57  3.53  3.28  2.33  3.06  3.28  6.56  5.58  4.45   5.5  2.88  2.84  2.72  2.22  4.75  2.98  1.97  2.59  3.95  2.44  3.21  2.38  2.62   3.0  3.06  2.09  5.32   4.7  5.91  15.3  7.04  15.9  3.99  4.42   5.1  2.71  1.99  5.41  1.95   2.0  6.61  5.82  4.04  5.21   3.6  4.39   2.3  2.44  2.51  3.17  4.48  3.27  2.32   3.1  5.44  2.49   2.7  3.82  3.38  4.25  3.88  2.11  4.09  4.44  6.27  29.8  6.06  8.14   5.3  4.65  2.86   1.8  3.84  3.63   3.8  6.87  3.16  5.53  2.41   6.3  4.96  2.58  3.64  3.71  10.4  4.87  6.17   4.1  3.47  4.61  3.74  3.01  2.31  4.55  2.73  3.34  4.83  6.67  3.83  3.11  4.67  5.73  3.18  3.42   3.3  3.65  3.52  4.65  4.47  8.36  29.8
C1908x2TS103_1 0.363  6.68  29.8  29.8  29.8  29.8  29.8  29.8  29.8  29.8  29.8  29.8  29.8  29.8  29.8  14.3  29.8  29.8  5.87  7.85  29.8  5.43  5.99  3.12  4.36   4.9  6.22  6.99  8.06  5.45  2.12  3.83  4.49  1.88  3.52  3.66  4.11  4.22  2.25  2.91  3.56  5.13  9.57  3.52   5.1  7.06  8.68  4.94  3.04  2.11  3.23  2.54  4.79  5.32  3.02  3.57  4.72  9.69  29.8  25.7  5.77   5.1  6.23  4.76  6.08   3.9  4.24  4.09  5.31  3.22  3.83  6.69   5.5  14.0  9.68  5.83  29.8  8.11  4.83  4.38   4.1  4.68  4.28  4.27  2.93   4.2  6.03  7.87  4.83   3.5  4.75  3.98  4.68  4.41  6.27   9.0  3.66  4.29  3.91  5.42  1.61  5.06  8.06  7.82  26.6  8.89  8.41  3.96   8.0  7.04  3.96  5.44  4.76   3.0  2.23  3.29  3.46  2.05  9.57  7.47  29.8  29.8
C1908x2TS345_2 0.523   8.8  2.84  4.12  1.98 0.678  1.86  1.67 0.666  1.33  1.43  1.02  1.04  1.69  2.17  2.93  4.59  3.46  3.48   3.6  3.42  2.61  5.16   4.5  3.88  8.46  5.43  3.64  5.17  3.63  2.73  2.65  4.15  3.84  3.92  2.79  1.45  1.64  1.14  2.34  5.02  3.09  3.43  1.88  1.92  3.57  2.68  1.76   2.5  2.79  2.69  4.46   7.4  3.58  2.08  1.75  1.74  2.35  2.15  2.39  2.38   2.0  2.67  1.84  2.34  2.49  1.16  1.92  4.23   2.4  2.15  3.26  3.22  29.8  5.57  1.22  3.07  1.21  2.58  3.06  3.15   5.1  3.03  2.51  4.93  1.66  3.55  1.88   2.1  2.12  3.24  3.09   1.9  2.39  2.91  3.79  2.47  2.83  4.04 0.722  1.23  2.27 0.505  1.97  3.65  2.42  3.28  4.02  7.23  4.94   2.9  3.94  2.66  1.61  2.17  2.47  1.47  1.21  2.22  2.12  6.78  29.8
C1908x2TS123_1 0.424   6.4  4.72  10.2  29.8   5.5  5.79  3.01  2.91  3.32  3.83  2.81  2.54  2.79  1.69  1.36  4.05  3.51  3.94  3.29  4.34  2.49  5.67  4.45  3.71  5.67   4.8  3.29  3.87   5.0   3.8  3.74  3.01  2.31  4.51  4.11  5.91  4.79   3.5  5.24  3.99  9.39  29.8  5.56  7.38  4.65  6.59  8.44  7.02  4.32  3.03  3.11  7.75  4.09   2.4  3.47  2.18  2.85  3.89  3.65   3.0  3.16   4.3  2.79  5.04  3.93  2.93  5.15  7.43  5.29  4.78  29.8  4.53  29.8  6.28  4.09  11.7  3.87  12.3  4.84  4.42  4.92  2.75  3.74  4.44  3.74  5.11  2.59  3.44   1.6  3.96  3.89  2.53  4.83  8.69  5.89  2.93  2.65  3.49  2.19  1.93  2.75   5.8  3.93   3.4  3.28  4.62  5.15  29.8  15.8  4.91  3.84  5.75  4.08  3.73  5.86  4.23  1.47  4.59  2.88  6.11  7.12
C1908x2TS003_1 0.384   4.6  29.8  29.8  29.8   8.4  29.8  5.45  3.82  6.01  4.03  4.85  4.37   3.4  3.97   2.5  21.4  7.12  3.46  2.07  4.57  4.56  8.53  5.48  4.22   7.1   5.5  4.13  4.39  4.78  3.72  4.06  5.72  4.85  4.57  3.34  3.43  4.22  2.67   5.2   5.8  29.8  12.2  3.49  4.11  4.99  4.38  4.53  4.36   3.4  3.26  1.77  6.27  29.8   4.6  3.12  5.03   6.4  7.09  3.81  6.26  4.35  3.59  2.76  3.63  2.44  3.65  3.81  4.15   2.3  3.72  10.7  7.31  9.17  14.0  4.15  2.83  3.87  4.42  29.8  4.11  2.97  2.98  3.33  7.26  2.67  6.35  4.94  29.8  7.23  4.14  4.56   5.2  6.46  6.46  29.8  3.84  3.32  14.1  8.18  2.79  6.76  3.17  2.43  3.27  3.28  3.16  3.73  6.85  5.68  4.94  6.34  6.62   4.6  7.96  15.2  29.8  29.8  29.8   7.7  29.8  29.8
C1908x2TS345_3 0.525   4.1  6.49  10.6   5.5   3.5  3.95  3.38  1.93  2.55  1.42  1.48  2.26  1.24  0.93  2.31  5.33  2.74  2.79  2.96  2.14  1.14  3.02  2.76  2.34  2.02  3.44   2.2  3.35  2.53  1.01  2.89  1.91  2.71  3.59  2.92  1.63  2.58  1.19  2.11  3.27  5.33  3.15  5.37  3.54 0.665  1.35  1.82  1.95  1.74  2.04  3.43  3.74  2.85  2.02   2.1 0.426  3.14  3.11   3.2  3.15  2.92  3.87  3.02  3.72  2.88  2.15 0.967  3.11  1.06  2.61  1.94  2.18  1.52  1.28  1.39  3.26  1.63  2.93  4.05  1.63  3.23  2.66  2.11  4.09  2.03  1.72  1.68  2.41  1.79  2.48  2.84  1.52  1.89   1.6   2.6  2.15   1.9  3.67  1.63  1.25  2.44  1.77  3.99  4.83  5.79  4.62   4.0  5.73  8.35  29.8  8.14  3.61  3.36  4.16  3.84  4.14  2.03  3.54  3.44  4.97  29.8
C1908x2TS345_1 0.546  2.91  3.21  2.33  3.27  3.13  4.84  1.96  1.54 0.855  1.55  2.09  1.67  1.06  1.76  3.99  5.49  2.44  2.38  3.42  2.89  1.17  1.07   1.6  1.93  1.75  2.53  4.03  3.25  2.81  2.27  4.74  3.11  3.75  3.42  2.53  1.21  1.83  1.04  1.84  4.56  4.42  3.06  1.99  4.37  2.96  2.42  1.54  3.82  2.75  2.02  2.66  2.14  3.51  3.33  1.99  2.34  2.57  2.83  3.63  2.74  2.05  2.56  2.08   2.2  2.05  1.81  3.05  2.95 0.829  1.78  2.73  2.52  4.05  2.43  2.57  8.89  3.03  3.56  2.67  2.31  1.48 0.718  1.44  2.31  2.04  3.28  2.68  2.91  2.69  19.4   4.8  2.46  3.28   2.5  2.18  2.16  1.14  1.16  1.08 0.662  1.87  1.24   1.4  2.12  3.25  2.81  4.16  7.15  6.06  2.96  3.54  3.57  1.13  1.95  1.91  1.62  1.67  1.19  1.75  3.09  4.34
C1908x2TS123_3 0.396  5.06  7.81  29.8  29.8  12.4  8.34  5.15   2.0  2.94  4.91  5.26  3.91  5.52  3.56   3.9  6.97  5.51  4.62  3.65   6.9  11.0  12.7  10.2  3.92  5.61  3.71   5.4  4.62  4.35  1.66  3.98  4.41  3.83  3.88  4.83  5.48  3.54   8.3  7.12  5.73  29.8  29.8  4.01  4.12  3.94   4.2  4.65  4.82  3.14  2.85   3.1  4.26  7.56  4.04  3.25  3.92   6.6  5.54  7.34  7.87  2.78  7.28  7.17  5.24   4.6  3.58  3.74  3.21  5.89  5.11  7.57   4.4  3.79  3.72  4.13  4.48  3.09  3.63  7.65  4.98  2.26   4.5  1.47  2.77  2.12  5.52   4.4  6.03  5.74  29.8  6.19  4.02  6.15  5.13   8.2  4.42  3.38  3.15  3.41  2.33   3.3  1.41  2.92  5.25  5.19  6.51  9.42  29.8  29.8  7.12  7.56  4.98  2.78  3.27  4.52  3.49  3.76  4.42  3.61  20.9  8.97
C1908x2TS123_2 0.383  6.63  6.14  6.15  6.35  3.49  4.54  2.85  1.84  2.64   4.1  5.35  2.84  3.34  4.98  4.48  3.64   5.0  3.81  3.19  4.97  5.84  5.08  7.74  8.48  5.53  5.61  4.53  6.38  4.45  4.88  12.4  4.44  8.71  9.92  4.59  6.51  29.8  15.8  7.86  7.04  29.8  10.6  4.16   5.6  7.57  3.56  3.49  14.4  3.83  4.56  4.83  11.8  29.8  3.27  4.57  6.59  13.4  4.39  7.42   2.3  8.16  12.2  2.67  4.97  3.57  3.17  2.83  2.95   2.8  5.04  7.92  4.88  10.5  3.93  3.44  4.49   6.9  7.31  14.5  3.08  4.87  3.09  4.22  3.63  5.02  3.83  3.55  3.47  3.06  5.87  4.96  6.22  3.71  4.75  29.8  4.71  3.45  6.88  6.03  11.7  10.1  10.5  9.44  6.62  9.17  4.41  8.23  29.8  6.26  4.61  7.97  4.79  4.86  3.47  4.08  5.35  2.62  2.79  7.26   4.8  29.8
C1908x2TS405_1 0.468  3.71  6.96  7.04  4.54  2.45   4.0   2.9  1.72  3.09  3.21  2.88  3.42  3.84  2.68  3.55  9.74   4.9  4.82   3.9  3.75  1.52  2.56  2.34  3.33  3.44  4.05   3.1  4.51  6.71  3.65  3.55  3.47  2.98  3.92   3.1  2.97  8.52  5.36  4.68  5.97  11.5  6.64   4.6  2.66  3.35  2.69  2.37  2.92   2.5  2.25  3.19  4.68  4.28  4.39  3.09  2.69   2.9  2.25   2.1   2.2  1.32  2.55  2.17  5.37  3.21  2.34  2.94  2.75  2.46  2.41  4.35  2.66  2.58  4.08  3.68  4.55  2.18  4.86  5.26  3.72  3.06  3.04  3.33  4.31  2.97   2.5  4.69  4.08  3.11  3.87  5.11  4.32  3.56  6.36  17.2   3.6  3.15  2.42  2.73  2.78   4.7  1.94  2.42  2.27  2.33  3.41  4.45  17.8  29.8  3.35  1.25  2.52  1.64  3.95  3.56  3.14  2.54  2.93  2.15  6.25  29.8
C1908x2TS228_4 0.448  4.84  4.78  5.99  4.57   2.2  3.96  3.69  3.93  4.39  2.74  3.75  4.63  1.48  1.53   2.1  5.61  2.36  3.98  3.47  2.79  1.86  3.98  3.26  2.66   4.3   3.0   2.0  3.13  3.32  2.91  4.44  3.64  2.67  4.12  2.87  3.76 0.777  4.12  3.91  3.64  4.49  3.83   4.0  3.23  3.68  6.92  3.47  4.31  2.92  3.51  5.67   4.7  3.53  4.47  3.49  3.14  2.87  2.61  2.39  2.44  2.47  2.72   2.7  4.06  2.14  1.07  2.14  2.64   2.2  2.52  2.07  2.97   3.4  5.53  4.31  15.0   3.1  5.02  6.98  3.59  5.18  6.24  5.22  4.13  3.94  4.57  6.93   5.1  2.91  4.72  2.58  2.87  2.63  5.49  8.93  3.61  2.77  6.72  6.59  29.8  8.54  3.61  4.36  3.82  5.39   3.7  3.87  10.4  5.79  4.81  3.44  3.15  3.19  7.08  8.76  4.64  3.95  4.36  5.09  11.5  29.8
C1908x2TS270_1 0.474  3.88  4.67  4.26   4.3  2.23  2.99  1.95  2.15  2.95  2.08  1.46  2.27  2.91  1.93   1.9  5.33  3.51  3.61  3.82  5.38  3.04  3.22  3.84  3.29  3.22  3.27  2.75  2.83  3.09  4.51  2.69   2.4  2.05  2.56  4.01   3.4  3.65  2.35  6.59  8.71   6.0  4.47  8.68  3.88  6.15  4.67  4.56  2.81  4.01  2.42  3.52   4.1  2.72  3.81  3.37  2.81  1.81  2.46  1.97  2.62  4.02   5.3  4.29  4.26  2.78  3.15  3.29  4.02  2.58  2.17  2.11  2.02  2.56  3.35  4.06  7.73  2.53  4.69  6.15  2.61  2.55  2.19  3.23  3.54  4.38  15.7  3.74  3.58  4.13   4.2  3.02  3.81  3.52   6.5  5.75  2.35  3.35  4.41  1.51   2.4  2.16  2.67  2.13  3.12  2.43  3.11  3.97  5.95  4.87  3.85  2.91  2.43  2.43  3.73  3.53   3.4  2.23  3.84  4.31  8.02  29.8
C1908x2TS215_4 0.497  7.44  5.41  3.68  1.92  1.47  2.56  1.58   0.0  2.13  1.82  2.58  2.59   2.4  3.91  3.47  3.59  4.38   3.3  3.64  3.31  3.44  2.38  5.05  1.71  6.01  4.14  3.05  5.49  4.33  4.71  2.67  3.21  4.78   2.8  4.57  2.75  3.85  4.05  3.67  3.93  13.9  11.8  4.09   3.4  3.57  2.21  2.91  3.16  4.71  3.01  3.14  5.02  2.89  4.18   2.9  2.44  2.18  2.52  1.07  1.68  1.37  1.66  3.13  3.76  3.89  1.75   2.6   2.3  2.19  2.17   2.6  1.76  2.23  3.81  3.58  7.05  2.93  4.32  5.67  3.25  2.93  1.75  1.64   2.1  1.38  4.42  2.24  2.23  1.73   2.8  2.82   3.4   3.0  4.12  6.36  2.24  2.99  2.35  1.12  1.06  1.88 0.948  1.92  7.86  8.84  6.47   4.1  5.13  6.65  3.17  2.42  2.36  4.08  3.09  3.56   3.2   2.6   3.6  2.78  2.84  4.25
C1908x2TS215_5 0.517  4.58  4.41  8.28  3.38  1.83  2.84  4.13  1.47   1.5 0.898  1.69 0.932  2.03  1.82  1.27  3.88  3.19  2.88  3.13  2.21  3.39  6.11  3.18  2.37  5.61  3.34  1.81  2.66  4.08  2.69  3.48  4.28  2.65  2.34  2.39  2.32  2.22  2.21  2.44  3.38  4.06  2.63  2.86  4.85  4.19  3.85  1.67  1.68   0.0  2.67  3.45  4.35  3.72  3.02  2.92  3.48  4.56  2.86  2.67  2.34  1.75  3.08  2.92  3.12  3.21  2.53  3.14  2.97  2.28  1.79  2.04  2.28  2.39  2.67  4.18  7.28  3.06  3.66  4.76  2.38  1.72   1.7  2.03  3.13  1.16  5.09  3.17  4.07  2.88  3.55   2.7 0.951  2.56  3.84  6.03  3.34  1.27  3.45  1.25 0.654  3.49  1.66  1.67  2.16  1.75  2.83  4.25  29.8  5.59  1.98  3.53  3.28   2.1  3.42  3.44  3.26  2.32  3.21  2.58   2.9  3.69
C1908x2TS389_1 0.457  4.47  9.35  6.64  4.25  2.16  3.47  2.58  1.38  2.59  2.27   1.9  2.57   2.4  1.49  1.11  3.95  3.53  4.31  4.38  2.82  1.91  4.52  3.47   1.9  3.53  2.36  3.13  2.67   2.9  3.03  6.05  8.61  5.63  3.72   2.1  3.17  2.68  4.37  6.79  7.22  10.2  6.48  5.34  3.29  2.39  3.66  4.25  3.16  2.61  1.82  3.35  5.12  3.55   4.6  4.13  2.97   2.5  2.86   2.2  2.83  1.94  3.82  3.58  2.54  2.19  1.56  1.73   2.4  1.81  2.06  2.56  2.57  2.87  3.29  4.93  29.8  4.05  4.63  6.96  4.89  5.92  2.09  3.87  2.98  3.96  6.72  4.83  5.74  3.67  5.06  3.63  4.22  4.69   5.1  4.81  3.17  3.88  5.68  3.07  5.07  7.24  3.58  1.34   4.7  5.61  4.02  4.88  29.8  7.82  4.55  10.8  6.94  2.41  3.23   3.1  3.63  2.47  4.24  4.07  7.27  29.8
C1908x2TS228_5 0.472  4.45   6.1   8.1  4.04  1.95  3.38  2.15  1.15   3.2  2.38  2.05  2.58  1.86  1.81  2.25  5.82  5.89  4.97  3.82  2.59  3.18  1.63  2.48  1.95   2.4  2.72  2.81  3.26  3.26  3.06  5.48  3.95  7.55  3.96  2.04  3.75   3.3  4.81  3.71  5.75  5.39  6.17  4.49  3.63  3.83  5.36  5.26  4.75   1.8  1.93  4.79   5.7  3.82  3.76  2.81  2.18  1.77  2.14  2.52  2.72  2.08  2.32  2.27  2.15  2.75  1.08  1.96  2.01  1.78  2.47  1.52  2.24   2.4  3.35  3.71  4.39  2.93  5.94  5.27  6.03  4.83  2.32  2.43   1.9  2.73  1.18  1.99  4.58  3.56  4.65  4.71  4.45  3.27  6.37  16.0  3.98  4.38  4.07  1.85  2.63  2.81  3.81  4.65  3.71  4.66  5.57  5.27  29.8  7.77  4.51  3.87  2.89   3.7  2.06  3.37  4.68  3.79  3.98  5.08  29.8  29.8
C1908x2TS405_2 0.465  5.29  5.24  6.68  5.41   3.0  4.09  3.12  1.98  3.56  3.53  3.06  3.35  3.92  2.87  3.43  8.93  5.04  4.61  4.03  4.64  1.51   3.7  3.13  2.85  3.88  4.35   2.3  3.53  5.23  2.91  2.79  3.62  3.97  3.65  3.52  2.85  7.06  2.01  13.2  4.27  7.06  13.1  4.62   3.4   4.0  3.14  2.19  2.73   2.6  1.83  3.51   5.6  4.49   5.0  3.06  2.88  2.66  2.07  2.28   2.9  1.79  2.77  2.42  3.74   2.5  1.97  2.38  2.62  2.54  2.24  3.48  2.77  2.53  3.41  3.44  4.67  2.02  4.95  5.86  3.65  3.31  2.82  3.39  4.04  2.73  3.65  8.37  29.8  3.61  3.42  4.26  8.24  2.84   5.3  29.8  3.68  1.67  3.32  2.63  2.45  4.14  1.76  2.71  2.31  2.75  3.61  4.73  29.8  29.8  3.31  1.69  2.62  1.82  3.81  3.91  2.86  2.32  2.53  2.44  4.67  29.8
C1908x2TS073_5 0.436  5.22  8.48  6.16  29.8  5.97  20.2  6.85  6.86  22.2  29.8  7.41  29.8  3.98   3.2   4.0  7.11  3.19  3.11  3.45  3.17  3.61  3.07  3.56  4.84  3.89  2.15  2.91  5.01  4.09  8.82  8.63  5.02  4.14  4.36  3.17  2.69  2.16  2.79  5.99  4.08   4.5  4.64  3.99  3.79  2.93  4.95  8.03  7.69  7.68  4.97  6.82  7.82   2.4  4.05  2.87  2.97   7.2  3.19  2.52  6.65  2.01  2.52  4.95   6.9  2.44 0.981  2.69  4.75   2.0  1.86  2.69  2.56  4.58   2.7  3.75  4.35  2.71  4.79  5.59  3.59  3.04  3.26  2.93  3.02   3.8  3.07  2.53  2.65  2.97  3.91  3.14   1.7  3.34  5.08  3.12  2.18  1.88  2.15  4.86  2.71  5.64  3.13   2.6   4.8  9.05  4.42   4.5   6.2  3.07   3.2  3.73  4.95  4.71  4.54  3.19  4.06  3.21  4.59  2.79   8.4  18.9
C1908x2TS389_3 0.446   5.7  10.4  6.83  4.36   2.4  3.49  2.24  1.57  1.92  2.04  1.53  2.63  2.75  2.27  1.53  8.03  4.26  4.97  7.85  4.22  2.62  3.06  2.02  1.89  3.66  3.18  2.64  3.44  3.25  3.49   5.3  22.2  4.86  3.63  3.21  3.78  3.54  2.85  7.21  7.32  9.93  6.07  4.99  3.19  2.49  3.23  6.13  3.27  2.54  1.75  3.65  4.86  3.98  5.31  3.97  2.61  2.56  2.66  2.14   3.1  2.04  3.54  3.81  5.71  4.19  1.39  1.61  2.44  1.89  2.16  2.58  2.72   2.8  3.19  6.27  9.16  4.96   5.4  6.26  2.86   3.9  1.95  3.94  3.01  3.91  8.46  3.81  7.58  4.15  4.81  4.99   4.4  4.11  5.46  4.36  3.78  4.01  6.98  3.09  5.13  6.31  3.76   2.2  5.01   5.6  5.17  5.19  29.8  6.47   4.3  8.47  4.14  3.96  6.85  3.39  3.76  2.43  3.99  4.21  8.33  29.8
C1908x2TS389_2 0.458  7.03  8.89  7.42  4.33  2.61  3.54  2.79  1.32   2.6  2.33  2.07  2.66  2.76   1.5  1.37  3.76  3.61  4.79  3.47  2.61  1.51  2.88  2.71  1.83  2.84  3.08  2.66  3.15  3.17  3.16  7.09  4.18  5.73  4.21  2.89  3.76  1.91  3.68  7.46  7.47  9.81  6.26  4.17  3.78  2.57  3.59  4.27  3.11  2.75  1.87  3.21  5.08  3.54  5.58  3.77   2.5  2.63   2.9  2.23  2.91   2.0  3.96  3.67   2.5  2.28  1.48  1.82  2.45  1.85  2.32  2.74  2.88  3.15  4.21  5.13  29.8  3.07   5.0  9.92  4.07  6.24  2.62  3.44  2.46  3.16  7.26  4.42  6.55  3.89  4.63  3.55  3.68  4.28  6.65  5.05  3.09   4.3  6.31  3.25  5.35  6.77  2.52  2.04  4.78  9.83  4.81  3.25  29.8  5.55  6.59  3.46  3.16   3.5  3.66  3.83  3.59  2.57  3.73  4.59  10.2  29.8
C1908x2TS073_4 0.464  5.29  4.38  16.4  5.33  29.8   5.8  4.09   3.4  4.17  2.76  3.53  4.05  4.12  2.29  2.29  3.84  2.68  2.15   2.7  2.54  2.27  3.18  2.87  3.98  3.23  1.07  4.79  2.81  3.14  3.42  4.15  4.21  3.71  3.44   3.2  2.41   3.5  2.22  3.27  4.53  6.18  3.84  3.48  4.79  6.23  4.52  3.65  4.31  2.55  2.18  3.96  3.77   4.6   2.5  3.38  2.12  3.27   2.6  3.43  4.58  3.11  2.55  5.29  3.97  2.91  2.81  3.42  3.32  3.65  2.78  5.32  4.43   4.2  3.45  3.11  3.89  2.11  4.03  3.17  2.93  3.93  2.46  3.39   3.1  4.53  3.14   2.1   2.4  2.91  3.78  3.65  3.75  5.02  3.29   2.9  2.18  2.39  3.52  2.36  1.99  3.03  3.21  2.18  3.72  4.46  3.24  4.34  29.8  10.4  2.98  3.53  4.59  4.41  29.8  4.42  4.82  2.64  3.47  2.08  3.48  4.94
C1908x2TS405_3 0.453  3.94   6.6  10.7  5.13  3.01  3.79  3.49  1.58  3.17  2.71  2.55  3.02  2.95  2.27  2.38  6.14  4.51  5.34  4.25  4.94  2.03  3.89  3.04  2.83  3.09  3.87  2.48  3.57   6.0  4.33  4.79  6.83  4.72  4.19  4.47  4.14  6.03   4.6  9.68  9.04  11.2  29.8  3.76   4.3  4.67  2.79  3.38  3.69  3.27  1.87  3.46  5.39  4.18  5.65  3.38  2.46  3.09  2.17  2.02   2.5  1.55  2.09  2.26  2.77  2.47  1.44  2.01   1.6  1.38  2.58  1.72  2.78   3.4  3.58  3.91  4.06  2.47  5.67   4.9  3.72  5.32  6.75  5.53  3.25   5.2   4.2  3.79  2.25  2.91  3.41  3.73  4.77  3.68  3.63  25.2  4.17  2.44  3.59  2.98  2.57  7.07  3.32   3.0  4.25  4.24  3.94  5.06  10.7  8.65  3.92  2.04  2.49  2.86  3.74  4.25  3.87  2.94  4.09  4.73  10.3  29.8
C1908x2TS228_2 0.459  7.73   4.4  9.23  3.48  2.04   3.0  1.94  1.22   2.7  1.73   1.7  2.43  2.84  1.87  2.95   5.6  5.75  3.79  3.95  3.22  1.63  3.87  2.58  2.11   2.8  3.09   1.9  3.66  4.02   7.3   8.0  4.93  4.15  3.92  2.16  3.03  4.31  3.41   7.0  7.48  6.17   7.6  4.66  3.79  4.66  6.52  3.67  3.57  2.36  2.36  4.27  7.46  3.57  3.52  3.42  3.06  2.28  2.01   2.5  3.16  2.82  4.01  4.16  4.43  2.48  2.09  2.68  2.43  2.53  1.95  2.08  2.74  2.43  3.48   4.1  7.84   2.7  6.49  4.86  4.41  3.07   3.0  3.33   2.9   3.7  8.89  4.23  7.32  3.84  2.82  3.51  3.75  3.99   5.9  6.86  3.13  2.47  3.53  3.12  2.17  2.71  1.37   1.8  3.09  6.26  6.67  4.97  27.9  10.3  29.8  4.27  2.65  1.77  2.78  3.64  5.48  2.93  4.69  4.34  14.4  29.8
C1908x2TS215_2 0.495  8.07  10.1  4.75  4.32  2.91   3.5   3.0  1.93  2.86  2.57  2.44  2.61  3.56  3.19  3.05  4.22  3.48  6.27  3.61  4.59  3.28  3.38  3.63  2.38  12.1   4.9  4.68  3.32  3.56   2.3  6.09  4.36  3.75  3.52   4.2  2.63   2.0  1.54  2.43  1.58  4.53   5.5  4.25  3.31  2.71   1.6  1.84  2.15  2.46  2.61  4.74  4.53  5.15  2.67  3.13  2.88  2.98  1.31  2.21  2.08  1.88  2.27  2.74  3.21  3.45   1.7  2.58  2.62  1.96  1.78  4.04  2.83   4.2  29.8  4.87   8.4  2.95  4.28  3.17   2.1   1.7  3.09   2.4   1.5  1.46  2.78  2.37  2.55  3.53   3.3  3.04  1.66   1.7  3.71  5.44  3.58  2.42   2.7  1.17 0.524  2.15  1.73  1.84  2.84  4.77  3.96  2.91  3.38  5.08  2.84  3.94   2.9  2.86  3.97  2.75  2.84  3.01  3.82  2.91  3.55  8.11
C1908x2TS215_3 0.511  8.47  4.32  5.17  3.37  2.17  4.39  2.58  1.08  1.77   2.1  1.29  1.14  1.34 0.905  1.56  2.33  1.52  2.77  2.23  3.32  1.33  3.44  4.45  4.06  3.32  3.43  2.13  4.71  3.62  1.15  3.22  4.07  2.94  3.49  2.94  2.53  1.72  2.71  3.58  3.92  3.39  2.81  2.54  2.58  3.56  2.31  3.57  2.74  5.45  3.34  3.89   4.8  3.66   4.1  3.22  3.37   2.9  2.49  2.25  1.94 0.852  3.26  2.14  2.91  2.95 0.869  2.84   3.0  2.53  2.37  2.62  3.13  2.18   4.9   2.9  4.11  3.09  3.63  2.92  3.75  4.08  2.74  1.84  4.33  1.84  2.73  2.35  1.96  2.35  2.78  3.36  2.54  2.97  3.45  3.21  3.77  3.41  3.61 0.911  1.63  2.53 0.836  2.02  4.93  2.88  3.98  4.66  29.8  7.49   5.8  6.91  5.51  2.91  2.41  1.58  1.63  1.27  1.75  3.26  10.0  4.99
C1908x2TS228_3 0.463  4.86  5.89   5.4  5.03  2.84  3.54   4.1   1.2  1.59 0.853 0.634 0.792 0.502 0.842  1.67  3.28  3.01  3.75  4.71  2.78  3.41  2.29  1.77   1.9  2.38  2.86  2.51  3.58   2.8  2.14  4.18  5.25  7.05  3.83  2.49  2.53  2.93  1.23  3.84  4.34  6.84  10.1  4.88  3.97  6.33  5.87  4.27  5.56  6.19  2.77  5.76  29.8  5.55  4.21  4.24  1.72  5.03  3.27  2.94  2.32  1.76  3.24  3.34  2.91  1.52  1.84  1.84  3.13  2.03  2.85  5.24  3.56  4.45  4.93  3.08  7.11  5.71  5.76  7.45  4.05  4.28  3.57  6.03  4.79  3.56  2.54  1.97  1.98  2.12  3.99  4.21  7.57  2.97  5.41  6.68  4.84  4.81  4.95  1.71  2.03  3.09  2.49  2.45  3.88  4.95  6.36  4.63  7.51  21.0  3.81   8.8  9.44  4.86  2.08  4.34  2.87  2.72   4.6   3.6  29.8  29.8
C1908x2TS073_1 0.456  6.35  5.42   5.7  7.84  4.04  4.19  4.94   3.1  1.47   4.7  3.74  5.45  4.83  4.23  5.74  5.24  3.62  2.86  1.65   1.5  2.22  3.46  5.06  4.07  3.38  3.24   2.1  3.69  2.84  3.99  8.68  7.41   5.1  3.93  3.93  3.45  2.93  2.27   3.6  4.55  2.84  5.32  3.82  3.26  3.91  4.34  11.8  5.23   6.0  3.59  4.77  6.45  5.02  4.14  3.88   2.0  6.94  3.79  2.51  3.34  2.73  2.05  1.99   2.6  2.23  1.58  2.15   3.5  2.18  1.32  5.46  3.49  6.58  10.8  4.14  11.0  3.76   5.8  6.59  4.45  2.96  2.85  2.21  3.24  4.05  3.48  3.16  7.14  4.08  3.53  3.31  2.62  4.05  2.71  29.8  3.12  2.91  2.56  2.28  2.36  2.65  2.96  1.77   3.7  4.89  3.08  4.44  5.21  3.52   3.2  3.89  3.46   2.9  2.23  1.59  2.35   2.9  3.67  3.36  5.07  9.62
C1908x2TS405_4 0.457  6.18  7.03  9.92  5.27  2.95  4.74  4.17  1.94  3.41  3.59  2.43  3.45  3.56  3.09   2.7  8.24  5.78  5.34  4.56  7.05 0.898  4.58  2.71  2.97  4.02  3.51  3.86  5.83  6.58  4.93   4.3  4.46  3.99  5.07  6.43  3.65  11.3  5.21  12.6  11.1  9.63  8.03  4.05  3.69  2.82  3.27  2.58  2.46  3.11  2.24  3.13  4.28   5.8   5.2  3.18   3.1  2.77  1.92  2.09  3.36  1.96  2.41  1.77  3.46  2.68  2.02  2.27  2.28  1.69  2.09  1.57  2.39  2.28  4.15  3.97  5.27  2.53  4.85  5.76  4.26  3.82   7.8  4.89  4.21   7.2  4.27  3.35  2.86  3.55  2.57  4.03  3.76   2.7  3.75  7.61  3.75  1.62   2.5  2.14  3.27  3.85  3.09  2.41  3.17  5.39  3.81   3.7  23.1  6.04  3.69  2.52  2.09  1.99  3.79  3.03  3.16  2.37  3.17  1.93  4.65  29.8
C1908x2TS228_1 0.478  2.69  4.46  7.39  3.45  1.92  2.85  3.39  1.56  2.31  1.24  1.17 0.951   1.7  1.52   2.7  5.39  2.46  3.88  2.99  3.43  2.58  2.49  2.45  1.79   2.9  2.41  2.56  2.77  2.51  1.89  5.42  3.44  6.93  3.92  2.75  5.03  3.81  2.07  5.85  4.53  4.73  3.55  4.02  4.31   4.6  4.47  3.81  3.12  2.26   2.1  4.34  12.2  4.88  3.96  3.63  2.42  1.82  1.89  2.52  2.94  2.11  1.75  5.31  2.13  2.38   1.8  1.93  2.52  2.23  2.32   3.0  3.67  3.51  5.72  3.33  5.06  3.45  5.72  3.44  3.35  3.69  3.35  4.91  2.83  6.33  4.21  3.01  2.91   2.4  3.14  3.11  5.25  3.35  3.53   8.7  3.14  2.65  3.46  2.49  2.66  4.87  2.53  3.48  4.04  4.58  6.11  4.13  24.3  9.82  6.11  6.56  3.13   2.5  3.47  3.58   2.4  2.73  4.27  3.54  13.4  14.4
C1908x2TS073_3 0.438  6.19   6.4  29.8  29.8  9.83  29.8  12.2  5.06  3.33  4.16  3.56  3.39  2.52   1.7  1.55  3.36  3.13  3.28  3.17  3.17  3.91  7.05  3.43  4.44   4.4   8.1  4.39  2.84  3.79  6.08  18.1  4.16  5.96  3.55  3.41  2.96  5.04 0.951  2.71  3.94  7.57  8.59  15.6  6.14  10.8  13.2  6.94  4.53  3.96  3.18  5.13  8.45  4.71  4.12  2.41  2.14  3.42  1.78  3.03  3.26   2.0  1.95  3.77   1.9  2.61   4.3  2.89  3.95  2.65  3.05  6.64  4.05  4.86  4.97  3.61  7.33  2.95   4.9  4.75  3.56   2.5   2.5  2.54  2.68  3.95  2.96   2.9  4.53  3.99  3.71  3.43  2.78  2.44  4.38   4.4  4.74  5.75  7.01  3.65  1.97  3.64  1.88  3.24  3.03  2.27   2.8  3.55  10.3  3.33   2.3  4.07  3.63  3.02  2.71  6.06  4.74  3.39  3.89  4.58  5.56  29.8
C1908x2TS389_5 0.459  8.82  6.84  7.49  3.86  2.48  3.36  2.91  1.37  2.58  2.65  2.14  2.77  2.59  1.85  1.58  4.21  3.48  5.15  4.98  2.74  1.48  2.35  1.91  1.68  2.39  2.11  2.64  2.78  2.74   2.6  6.14  8.15  4.52  3.69  2.24  3.24  3.34  3.95  6.84  6.29  8.59  7.16  6.16  3.67   3.2  3.35  3.19  3.27  2.63   1.8  3.06  4.99  3.87  4.41  3.63  2.68  2.44  3.23   2.1  2.72  1.79  4.06  3.54  3.17  2.63   1.6  1.98  2.78  2.01  2.19  2.58   2.8  3.01  3.82  6.21  29.8  4.44  6.39  5.79  3.87  5.87  2.39  3.28  2.33  3.17   7.0  5.03  6.66  4.64  4.74  3.34  3.48  4.57  5.78  6.39  3.25  4.19   7.3  3.67  4.26  5.74  2.48   2.6  4.77  5.15  4.12  3.95  10.1  4.22  4.25  5.91  6.31  3.01  3.47  3.77  3.78   2.2  4.48  4.38  5.89  29.8
C1908x2TS215_1 0.484  3.44  4.86  7.59  4.12  2.82  3.95  2.79  1.13  2.21  1.51  1.32  2.29  1.87  2.07  4.56   5.9  4.12  3.64  5.89   5.2  2.49  2.39  3.45  2.31  2.28  4.09  3.24  5.84  3.48  3.54  5.64  4.17  6.55  4.43  3.48   3.0  3.23  2.99  3.75  3.31  10.9  7.66  3.45  4.09  14.5   2.4   2.6   3.4  2.78  2.45  3.28  6.13  6.17  3.22  2.43  2.62  3.33  2.29  2.57  2.67  3.97  5.07  3.06  3.26  4.51   4.0  2.91  5.43   4.2  3.37  1.92  1.42   2.3  1.81  2.63  4.77   2.5  4.22   4.4  2.68  2.62   1.2  1.85  1.81  2.07  6.37   2.5  3.22  3.32  3.36  3.46  2.18  2.98  5.92  8.89   3.8  4.83  2.64 0.906 0.722  1.96   1.4  1.95  2.66   1.9  3.19  3.56  5.87  19.1  3.33  2.71  3.27  1.57  3.59  3.04  2.74  2.73  3.02  2.65  6.43  8.94
C1908x2TS389_4 0.468  4.33  7.65  7.22  3.91  2.31  3.49   2.8  1.36  2.56  2.12  2.55  2.54  2.54  1.64  1.55  3.98  2.59  4.44  4.24  2.89 0.844  1.76  2.38  1.84  2.91  2.76  2.76  3.13  2.89  3.23  10.1  4.34  6.23  3.22   1.8  3.44  1.29  3.45  6.06  6.73  6.46  8.23  4.58  3.65  2.76  4.33  7.82  2.88   2.6   2.3  4.37  4.62  4.12  7.46  3.38  2.38  2.57  2.65  2.22  3.27  1.99  3.59  3.29  2.45  2.38  1.82  1.75  2.42   1.8  2.39  2.67  2.69  2.88  2.95  6.22  6.02  5.46  5.51  5.36  2.45  3.86  1.83  2.45  3.18  3.37  7.02  5.01  6.72  4.32   4.0  3.56  3.65  4.11  5.63  6.26  3.33  4.08  6.56  3.78  4.99  6.66   2.7  1.73  3.62  5.04  4.27  5.07  29.8   5.2  4.59  5.29  3.09  2.39  3.42   3.6  3.62  2.02  3.33  3.65  5.69  29.8
C1908x2TS073_2 0.435  5.49  3.91  5.19  3.16  1.49   3.7  3.05  1.95  2.78  2.87  3.33  2.79  3.72  2.17  2.43  3.53  3.95  4.78  4.77  5.18  3.58  5.63  4.68  4.54  4.27  5.54  4.54  4.54  3.54  5.46  29.8  3.92  9.42  4.46  2.37  4.06  5.34  2.08  5.61  5.24  19.0  8.42  4.17  4.21  3.61   7.3  9.35  5.56  29.8  4.51  7.12  5.17  5.13  2.84  2.75  2.23   5.2  3.61  3.66  4.42  4.21  2.56  2.44  4.49  2.71  1.69  2.39  3.74  2.34  2.18  4.67  3.49  4.31  7.92  3.55  29.8  3.84  5.09  5.93  3.49  4.01  4.35  3.91  3.93   4.6  3.66  2.65  4.14   3.1  3.46  2.79  2.15   2.7  2.67  3.51  3.15  2.57  4.13   3.2  2.74  5.46  3.58  3.04  4.35  4.99  3.48  4.65  7.34  3.09  3.27  4.43  2.89  3.94  4.45  4.23  4.89  3.48   6.9  4.63  5.82  29.8
C1908x2TS405_5 0.458  4.62  6.06  5.63  3.84  2.47  3.44  2.66  1.69  2.95  2.72  2.91  3.59  3.49   2.7  3.25  6.67  4.15  4.45  6.34  5.84  2.23  3.42  2.89  3.08  3.11  3.93  2.71  5.11   8.1  6.05  9.08  11.1  6.78  4.05  7.37  4.89  3.32  5.44  24.5  6.55  4.64   7.4  4.04   3.3  3.61  2.49  3.21  2.72   2.9  2.34  3.72  5.05  4.73  4.94  3.52  3.76  2.75  2.49  2.09  2.14  1.61  1.92  2.67   2.7  2.38 0.703  1.66  2.07  1.27  2.32  1.68   2.8  3.01   3.6  3.73  4.05  2.59  5.71   6.7  3.94  3.44  4.05  4.01  2.92  3.39  3.49  3.75  2.79  2.22  3.97  4.26  4.35  2.76  4.72  5.56  3.44  2.43  4.22   3.0  3.12  3.59   2.3  1.68  4.08  7.31  3.86  7.18  29.8  8.33  5.15  5.45  3.35  2.53  2.58  3.67  2.73  3.47  4.23  4.23  4.34  12.2
C1908x2TS049_3 0.351  4.52  29.8  29.0  29.8  4.28  9.48  3.81  2.67  3.38  4.08  2.29  2.47  3.59  3.28  3.79  6.75  6.29  5.74  8.27  11.3  4.69  29.8  5.74  3.68  6.08  5.04  2.62  29.8  5.03  11.6  29.8  29.8  29.8  4.19  7.19   6.8  17.7  6.81  29.8  7.52  29.8  29.8  4.63  8.04  29.8  29.8  29.8  29.8  29.8  29.8  9.83  6.59  5.26  4.24  3.44  3.35  5.03  4.73  3.51  4.58  3.83  3.72  2.64  2.53   3.0  2.82  4.63  4.97  5.13  10.4  29.8  4.82  29.8  29.8  4.82  9.24  3.39  29.8  29.8  3.53  8.25  5.74  12.2  8.83  3.78  29.8  4.61  8.33  5.84  29.8  5.84  2.73  4.14  4.73  4.59  3.04  5.04  20.6  3.17  5.51  7.59  29.8  6.96  11.1  5.64  3.92  3.07  20.8  6.11  8.29  10.7  3.33  4.92  6.64  6.28  5.61  5.85  7.19  3.22  29.8  12.8
C1908x2TS404_2 0.365  29.8  9.16  29.8  6.24  3.79  7.04  3.34  1.84  3.83  3.46  2.57  3.77  4.52  2.45   2.1  5.93  4.35  4.12  3.53  4.03  3.58  4.25  5.37  4.08  6.31  5.85  3.21  7.06  9.11  8.46  5.03   2.5  3.84  2.93  3.09   4.1   3.0  4.63   6.5  8.38  7.54  5.32  5.08  6.23  8.46   5.9  5.05  29.8  29.8  6.98  12.4  6.55  5.32  7.11  9.06  7.76  29.8  22.3  29.8  29.8  29.8  29.8  4.72  6.12  5.71  7.46  29.8  7.12  6.12  4.58  8.27  6.32  10.1  29.8  4.67  15.2  4.69  7.62  16.0  4.94  3.96  5.07  3.05  3.41  3.11  3.02  7.07  5.93  5.21  29.8   4.5  3.76   3.4  3.61  7.43  6.29  4.11  5.66  2.07  1.88  2.55  2.39  4.08  15.6  9.96  5.15   6.7  13.6  18.4  7.82  11.7  16.3  9.03  11.4  5.59  29.8  8.39  7.42  2.55  10.2  29.8
C1908x2TS210_3 0.453  3.94   6.6  10.7  5.13  3.01  3.79  3.49  1.58  3.17  2.71  2.55  3.02  2.95  2.27  2.38  6.14  4.51  5.34  4.25  4.94  2.03  3.89  3.04  2.83  3.09  3.87  2.48  3.57   6.0  4.33  4.79  6.83  4.72  4.19  4.47  4.14  6.03   4.6  9.68  9.04  11.2  29.8  3.76   4.3  4.67  2.79  3.38  3.69  3.27  1.87  3.46  5.39  4.18  5.65  3.38  2.46  3.09  2.17  2.02   2.5  1.55  2.09  2.26  2.77  2.47  1.44  2.01   1.6  1.38  2.58  1.72  2.78   3.4  3.58  3.91  4.06  2.47  5.67   4.9  3.72  5.32  6.75  5.53  3.25   5.2   4.2  3.79  2.25  2.91  3.41  3.73  4.77  3.68  3.63  25.2  4.17  2.44  3.59  2.98  2.57  7.07  3.32   3.0  4.25  4.24  3.94  5.06  10.7  8.65  3.92  2.04  2.49  2.86  3.74  4.25  3.87  2.94  4.09  4.73  10.3  29.8
C1908x2TS210_2 0.465  5.29  5.24  6.68  5.41   3.0  4.09  3.12  1.98  3.56  3.53  3.06  3.35  3.92  2.87  3.43  8.93  5.04  4.61  4.03  4.64  1.51   3.7  3.13  2.85  3.88  4.35   2.3  3.53  5.23  2.91  2.79  3.62  3.97  3.65  3.52  2.85  7.06  2.01  13.2  4.27  7.06  13.1  4.62   3.4   4.0  3.14  2.19  2.73   2.6  1.83  3.51   5.6  4.49   5.0  3.06  2.88  2.66  2.07  2.28   2.9  1.79  2.77  2.42  3.74   2.5  1.97  2.38  2.62  2.54  2.24  3.48  2.77  2.53  3.41  3.44  4.67  2.02  4.95  5.86  3.65  3.31  2.82  3.39  4.04  2.73  3.65  8.37  29.8  3.61  3.42  4.26  8.24  2.84   5.3  29.8  3.68  1.67  3.32  2.63  2.45  4.14  1.76  2.71  2.31  2.75  3.61  4.73  29.8  29.8  3.31  1.69  2.62  1.82  3.81  3.91  2.86  2.32  2.53  2.44  4.67  29.8
C1908x2TS404_3 0.366  29.8  9.11  29.8  6.24  3.81  6.98  3.34  1.83  3.71  3.47  2.58  3.75  4.74  2.46  2.21  4.86  3.91  4.11  3.35  4.08  3.06  5.26  5.54  3.68  8.68  4.63  10.4  6.66  10.4  5.75  4.91  2.58  3.34  2.26  2.76  4.15  2.92  3.88  6.78  8.43  7.54  5.33  5.07  6.23  8.41  6.03  4.93  29.8  29.8   6.9  12.6  6.76  5.05  6.59  15.3  7.67  29.8  21.4  29.8  29.8  29.8  29.8  4.72  6.12   5.7  7.45  29.8  7.12  6.11  4.58   8.3  6.34  10.1  29.8  4.66  15.1  4.66  7.65  16.1  4.93  3.94  5.11  3.02  3.41  3.11  3.02  7.06  5.93  5.21  29.8   4.5  3.76  3.39  3.61  7.44  6.29  4.11  5.66  2.06  1.89   2.6  2.39  4.05  13.6  9.93  5.14  6.28  11.6  9.35  7.82  11.4  14.5  7.36  14.0  7.19  29.8  8.32  7.29  2.57  10.3  29.8
C1908x2TS049_2 0.328  29.8  4.28  4.52  6.04  5.05  6.44  29.8   4.3  4.74  5.12  5.73  6.98  5.03  2.99  4.47  8.24  6.48  29.8   6.4  5.31  2.99  4.51  5.34  3.34  4.14  5.63  3.13  4.97  4.62  8.49  18.1  29.8  20.9  5.26  3.44  5.63  4.06  10.6  29.8  29.8  29.8  29.8  8.36  5.36  13.1  4.22  3.54  7.25   5.8  5.66  11.2  29.8  7.87  6.59  4.39  2.73  4.37  3.45  3.41   2.6  4.09  4.83  2.43  2.77  4.69  4.51  9.16  5.23  5.33  7.84  29.8  10.9  29.8  29.8  5.26  29.8  3.56  10.2  29.8  29.8  29.8  15.4  29.8  29.8  9.59  29.8  14.7  29.8  9.74  29.8  8.03  8.89  29.8  29.8  29.8  6.27  29.8  29.8  29.8  29.8  7.85  8.85  2.94  5.25  5.01  5.27  3.78  7.12  5.92  4.72  6.23  3.91  6.85  8.64  12.1  6.93  10.4  7.46  29.8  29.8  29.8
C1908x2TS131_5 0.517     X     X     X     X     X     X     X     X     X     X     X     X     X     X     X  5.55  4.43  5.11  3.55  5.42  2.27  2.63  3.32  2.18   2.6  1.07  4.02  2.77  1.54   2.2  2.28  1.48  2.05  2.67  2.94  3.06  2.76  3.43  4.32  3.73  3.55  3.18  2.32  2.88  2.21  2.34  1.59  3.22  2.07  2.95  4.62  5.99  4.99  4.42  4.12  3.52   4.2  3.22  2.17  2.12  1.47  2.25  2.59  2.81  3.02  2.41  2.93  2.88  2.15  2.34  3.54  6.57  8.15  6.33  3.15  5.09  5.32  4.82  15.1  3.63  16.3   4.4  4.78   5.3  3.68  2.51  1.93  2.24  3.03  3.78   2.9  3.63  4.96  5.52  8.11  3.65  1.69  2.32  1.62  1.66   2.6  2.91  1.77  5.43  4.07  2.96  2.64  7.82  4.59  5.51  4.57  4.74  2.26  2.33  2.89   4.1  2.26  5.14  5.19  10.5  29.8
C1908x2TS404_1 0.369  29.8   9.1  29.8  6.23  3.78  7.02  3.34  1.84  3.85  3.41  2.48   3.8  4.03  2.23  2.07  5.53  3.76   4.2  3.49  3.54  3.02  4.61  4.38  4.02  6.89  5.89  3.48  6.23  8.98  4.99  5.45  2.53  3.31  2.26  2.77  4.16   2.9  3.96  6.97  8.47  7.63  5.15  5.13  6.04  7.01  4.73   5.0  29.8  29.8  7.04  13.4  6.58  5.04  6.56  12.7  7.61  29.8  16.3  29.8  29.8  29.8  29.8  4.72  6.12   5.7  7.44  29.8  7.13  6.13  4.58  8.42  6.47  7.69  29.8  4.47  12.0  4.79  7.65  17.2  4.48  3.91  5.28  3.04  3.41  3.11  3.02  7.05  5.93  5.21  29.8   4.5  3.76  3.39  3.61  7.43  6.29  4.11  5.67  2.06  1.88  2.55  2.37  3.83  16.7  8.95  5.57  6.34  29.8  29.8  8.52  12.6  18.4  8.61  14.6  5.59  29.8  8.37  7.39  2.55  10.2  29.8
C1908x2TS210_1 0.468  3.71  6.96  7.04  4.54  2.45   4.0   2.9  1.72  3.09  3.21  2.88  3.42  3.84  2.68  3.55  9.74   4.9  4.82   3.9  3.75  1.52  2.56  2.34  3.33  3.44  4.05   3.1  4.51  6.71  3.65  3.55  3.47  2.98  3.92   3.1  2.97  8.52  5.36  4.68  5.97  11.5  6.64   4.6  2.66  3.35  2.69  2.37  2.92   2.5  2.25  3.19  4.68  4.28  4.39  3.09  2.69   2.9  2.25   2.1   2.2  1.32  2.55  2.17  5.37  3.21  2.34  2.94  2.75  2.46  2.41  4.35  2.66  2.58  4.08  3.68  4.55  2.18  4.86  5.26  3.72  3.06  3.04  3.33  4.31  2.97   2.5  4.69  4.08  3.11  3.87  5.11  4.32  3.56  6.36  17.2   3.6  3.15  2.42  2.73  2.78   4.7  1.94  2.42  2.27  2.33  3.41  4.45  17.8  29.8  3.35  1.25  2.52  1.64  3.95  3.56  3.14  2.54  2.93  2.15  6.25  29.8
C1908x2TS049_1 0.353  9.44  11.2  29.8  29.8  7.79  29.8  19.4  5.01  4.98  3.85  4.04  3.31  5.44   5.7  3.88  9.21  6.44  6.83  3.74  6.42  3.99  6.45   5.6  3.84   5.1  4.74  4.44  4.92  4.88  5.53  4.97  5.84  3.43  4.21   2.5  4.28  5.51  3.62  6.87  5.44  21.7  29.8  7.79  6.19  7.04  8.34  29.8  7.95  7.59  16.9  10.5  4.54  4.81  2.41  3.52  4.24  5.03  4.18  2.92  3.45  5.97  3.95  3.58  4.22  3.57  3.29  3.79   4.4  4.43  29.8  29.8  16.1  29.8  29.8  7.09  29.8   5.0  29.8  29.8  5.38  4.45   4.2  4.34  29.8  6.96  29.8  4.88  29.8  4.03  4.34  4.21  1.51  1.97  3.31  2.71  3.47  3.86  7.61  8.46  7.39  29.8  29.8  7.23  7.48  11.3  6.54  3.63  5.47  5.38  7.87  15.2  4.78  6.92  5.59  21.2  13.9  20.6  29.8  29.8  29.8  11.3
C1908x2TS131_4 0.517     X     X     X     X     X     X     X     X     X     X     X     X     X     X     X  29.8  29.8  6.45  3.14  4.79  3.39  5.46  3.46   1.9  2.91  1.89  3.71   4.1  2.02  1.21  2.77  2.03  1.48  1.98  3.59  3.14  3.08  3.49  3.93  4.91  5.97  4.73  2.34  2.16  2.06  2.43  1.99  2.95  4.25  3.08  4.85  4.94  4.27  4.75  2.61  1.58  2.68  3.64  2.08  2.17  1.68  1.96  5.34  5.27  4.41  5.01   4.0   2.7  2.34  3.43  3.95  4.49   5.7  5.07   4.4  3.06   2.5  4.74  4.46  3.47  12.6  4.23  3.95  4.51  1.91  2.99  2.29   2.3  2.93  3.88  3.95  3.91  4.84  3.25  6.12  3.57  2.34   1.7  1.29  1.49   3.1   2.6  2.25  3.36  3.55  2.17  2.53  4.25  4.19  5.26  5.32  3.71  1.98  2.67  2.16   3.2  2.62  6.05  4.54  6.87  12.4
C1908x2TS049_5 0.337  11.1  5.96  29.8  5.56  5.47  5.47  7.34  4.27  5.03  6.33  4.66  3.84  4.72  3.42  3.53  7.96  6.98  29.8  29.8  9.61  4.93  29.8  5.12   4.1  7.09  6.42  3.78  5.07  5.22  8.75  29.8  29.8  29.8  8.76  14.3  7.22  6.36  10.3  9.66  12.7  29.8  26.1  4.75  6.05  29.8  29.8  5.06  6.57  29.8  10.6  14.3  6.89  4.85  3.59  3.66  3.22  3.06  3.71  3.24  5.79   3.8  5.52  4.75   4.9  5.42   3.6  8.17   4.1   5.2  5.54  29.8  4.91  5.19  29.8  2.83  8.37  3.56  4.41  9.78  4.17  4.05  5.55  6.02  18.0  29.8  10.7  5.32  6.18  7.69  29.8  4.13  4.75  5.01  5.73  9.03  4.96  8.08  29.8  12.0  20.9  21.1  10.4  5.04  4.41  6.94  4.43   3.8  8.32  5.74  4.92  11.0  6.52  5.34  11.4  26.1  29.8  29.8  29.8  6.28  29.8  29.8
C1908x2TS404_4 0.368  29.8  9.15  29.8  6.24  3.79  7.04  3.34  1.84  3.83  3.44  2.55  3.82  4.25  2.21  2.06  5.53  3.76  4.19  3.46  3.48  3.17  4.51  4.06  4.01  5.37  5.97  3.66  5.88  29.8  10.8  5.02  2.52  3.32  2.23  2.75  4.15  2.92  3.87  6.76  8.44  7.51   5.2  5.13  6.02   7.0  4.82  4.99  29.8  29.8  7.02  13.6  6.36  7.33  6.31  16.6  7.43  29.8  15.6  29.8  29.8  29.8  29.8  4.73  6.12  5.69  7.46  29.8  7.12  6.11  4.58  8.68  6.48  7.71  29.8  4.47  12.0   4.8  7.65  17.3  4.48  3.91  5.29  3.04  3.41  3.11  3.02  7.07  5.93   5.2  29.8   4.5  3.76   3.4  3.61  7.43   6.3  4.11  5.66  2.06  1.88  2.54  2.37  3.83  16.7  8.95   5.6  6.38  24.1  29.8  8.27  12.5  18.4  8.61  14.7  5.59  29.8  8.36   7.4  2.55  10.1  29.8
C1908x2TS210_5 0.458  4.62  6.06  5.63  3.84  2.47  3.44  2.66  1.69  2.95  2.72  2.91  3.59  3.49   2.7  3.25  6.67  4.15  4.45  6.34  5.84  2.23  3.42  2.89  3.08  3.11  3.93  2.71  5.11   8.1  6.05  9.08  11.1  6.78  4.05  7.37  4.89  3.32  5.44  24.5  6.55  4.64   7.4  4.04   3.3  3.61  2.49  3.21  2.72   2.9  2.34  3.72  5.05  4.73  4.94  3.52  3.76  2.75  2.49  2.09  2.14  1.61  1.92  2.67   2.7  2.38 0.703  1.66  2.07  1.27  2.32  1.68   2.8  3.01   3.6  3.73  4.05  2.59  5.71   6.7  3.94  3.44  4.05  4.01  2.92  3.39  3.49  3.75  2.79  2.22  3.97  4.26  4.35  2.76  4.72  5.56  3.44  2.43  4.22   3.0  3.12  3.59   2.3  1.68  4.08  7.31  3.86  7.18  29.8  8.33  5.15  5.45  3.35  2.53  2.58  3.67  2.73  3.47  4.23  4.23  4.34  12.2
C1908x2TS210_4 0.457  6.18  7.03  9.92  5.27  2.95  4.74  4.17  1.94  3.41  3.59  2.43  3.45  3.56  3.09   2.7  8.24  5.78  5.34  4.56  7.05 0.898  4.58  2.71  2.97  4.02  3.51  3.86  5.83  6.58  4.93   4.3  4.46  3.99  5.07  6.43  3.65  11.3  5.21  12.6  11.1  9.63  8.03  4.05  3.69  2.82  3.27  2.58  2.46  3.11  2.24  3.13  4.28   5.8   5.2  3.18   3.1  2.77  1.92  2.09  3.36  1.96  2.41  1.77  3.46  2.68  2.02  2.27  2.28  1.69  2.09  1.57  2.39  2.28  4.15  3.97  5.27  2.53  4.85  5.76  4.26  3.82   7.8  4.89  4.21   7.2  4.27  3.35  2.86  3.55  2.57  4.03  3.76   2.7  3.75  7.61  3.75  1.62   2.5  2.14  3.27  3.85  3.09  2.41  3.17  5.39  3.81   3.7  23.1  6.04  3.69  2.52  2.09  1.99  3.79  3.03  3.16  2.37  3.17  1.93  4.65  29.8
C1908x2TS404_5 0.372  29.8  9.17  29.8  6.16  3.81  7.19  3.14  1.66  3.98  3.42  2.39  3.04  3.91  2.61  1.29  6.43  3.48  3.91  3.42  3.92  3.09  4.59  4.55  4.04  7.97   6.4  3.09  6.23  7.65  4.73  5.84  2.96  3.28  2.12   2.8  4.06  2.83  3.78   5.6  5.13  4.57  4.46   5.1  6.02  7.69  4.83  4.96  29.8  29.8  7.06  13.3  6.71  5.07  6.55  13.3  7.65  29.8  16.7  29.8  29.8  29.8  29.8  4.72  6.12  5.69  7.45  29.8  7.12  6.11  4.58  8.42  6.48  7.66  29.8  4.46  12.7  4.43  8.67  18.2  4.44   3.9  5.28  3.01  3.41  3.11  3.02  7.06  5.94  5.21  29.8   4.5  3.76   3.4  3.61  7.43  6.29  4.11  5.66  2.06  1.89   2.6  2.38  3.77  16.7  8.85  5.58  5.94  26.1  23.2  8.59  12.7  18.4  8.61  14.6  5.59  29.8  8.31  7.26  2.57  10.3  29.8
C1908x2TS049_4 0.354  6.47  5.72  29.8  5.13  3.81  8.06  5.18  2.98  3.49  3.81  5.45  4.94  3.46  3.93  3.18  6.19  7.05  9.32  6.39  7.28  5.09  13.1  5.09  3.69  4.92   4.0   3.4  3.45   3.4  6.09  8.27  17.5  6.42  4.36  3.41  6.42  4.73  5.86   6.2  6.86  11.5  13.4  3.08  8.03  13.4  5.52   6.0  6.53  13.8  3.27  6.85  7.53   8.4  5.65  2.53  3.54  4.62   4.4  3.02  4.02  3.97  3.87  2.79  2.34  3.09  2.65  3.89  4.34  3.97  6.16  29.8  24.6  29.8  29.8  9.21  29.8  3.74  7.19  29.8  8.77  29.8  8.51  8.59  10.5  3.47  4.29  2.93  6.62  4.84  29.8  4.33  6.13  29.8  4.92  29.8  5.65  3.11  11.5  5.52  29.8  29.8  29.8  7.62  6.27  29.8   4.9  4.63  8.87  29.8  6.98  4.65  5.79  13.6  29.8  11.3  29.8  29.8  7.19  5.06  29.8  10.5
C1908x2TS131_1 0.522     X     X     X     X     X     X     X     X     X     X     X     X     X     X     X  8.44  5.13  3.78  3.64  2.99  1.42  8.19  3.71  2.44  2.85  3.37  3.98  4.11  4.47  2.19  2.63  1.96 0.969  2.35  2.59  6.07  3.92  3.83  3.37  3.67   2.9  3.86  1.89  2.49   2.1  2.46  1.84  2.16   2.1  1.54  3.77  3.75  3.74  4.01  4.07  1.98  1.73  1.74  1.85  1.68  1.21  2.91  3.91  3.13  4.01  2.64  2.97  3.09  2.57  1.42  1.58  3.13  4.02  3.65  2.53  15.9  1.88   4.8  7.65  3.16   3.2  1.62  4.47  4.11  4.64  2.85  2.49  2.32  2.36  3.46  3.32  3.43  4.02  3.93  29.8  10.1  5.42   2.5  0.94  1.33  3.01  3.03  4.11  29.8  12.2  7.21  9.35  7.23   5.0  4.37   3.8  1.97  2.17  2.65  2.21  3.22   2.9  10.8  4.03  9.61  8.32
C1908x2TS131_3 0.532     X     X     X     X     X     X     X     X     X     X     X     X     X     X     X  5.22   5.1  4.28  2.41  2.56  1.37  5.15  2.52  7.71  3.68  2.66  3.57   4.0  1.88  2.25  2.17  1.95  1.03  1.02  3.17  3.03  1.72  3.17  6.53  5.04  5.27  6.28  2.78  2.93   2.8  2.68  2.59  2.72   1.7  4.61  3.66  10.4   5.7  3.77  1.98  2.58  1.49  1.42  1.98   2.0  1.43  2.14  5.15  5.88  4.65   2.6  2.89  2.78  1.99  1.57  3.16  4.23  2.34  2.77  3.02  6.07  2.45  4.67  2.68  2.77  2.06  3.05  3.98  5.45  1.95  4.61  2.75   2.3  2.97  3.87  3.37  2.87  5.38   2.4  8.09  3.74  1.62  2.55  1.29  1.52   2.9   2.6  2.58  3.62   3.2  3.35  2.93  4.72  9.47  4.62  5.04  2.37  1.98  2.22  2.01  2.38  2.29  5.85  4.53  11.1  29.8
C1908x2TS131_2  0.54     X     X     X     X     X     X     X     X     X     X     X     X     X     X     X  6.75  5.79  3.89  2.97  2.72  1.69   4.9  4.63  4.49  2.36  2.39  2.54  3.34  1.94  1.14  1.92  1.79  1.14  1.19  2.56  5.17  2.44  3.21  5.27  4.44  3.56  3.91  2.91  1.96   2.2  2.76  1.79  2.07  1.98  2.67  4.67  5.58   4.1  4.15  3.69  3.07  1.26  1.68  1.59  1.59  1.19  3.33  3.13  1.97  2.18   2.5  3.08  2.43  2.29  1.58  3.08  2.34   3.0  2.44  2.94  5.14  2.11  5.21  4.13   2.1  3.09   3.0  3.02   5.2   2.4  3.08  2.49   3.5   3.4  4.34  4.64  3.84  4.31  2.47  8.71  3.98  2.48  2.31  1.03  1.39  3.47  1.95  1.81   3.5  6.76  4.12   6.9  6.59  3.19   3.5   7.4  4.16  1.78  1.94  2.15  2.37  2.31  6.33  4.11  7.57  9.92
END
