PFRMAT QA
TARGET C1909
AUTHOR 1180-9126-6058
METHOD VoroMQA-GEMME
METHOD -------------
MODEL 2
QMODE 2
C1909TS003_1 0.258 17.236 11.265 12.481 12.511 11.805 13.265 13.279 26.364 24.264 29.850 29.850 29.850 29.850 29.850 29.850 29.850 29.850 29.850 29.850 29.850 29.850 29.850 29.850 16.156 10.673 11.660 29.850 14.019 15.557 11.309 10.242 9.531 8.517 8.256 7.731 8.999 9.374 7.283
C1909TS003_2 0.247 29.850 17.565 14.733 13.834 17.400 13.812 14.662 15.015 13.138 15.722 14.058 12.584 16.105 16.899 14.012 29.850 29.850 29.850 29.850 29.850 29.850 29.850 29.850 29.850 29.850 29.850 29.850 29.850 29.850 29.850 29.850 29.850 29.850 29.850 29.850 20.614 13.662 13.907
C1909TS003_3 0.282 29.850 29.850 29.850 29.850 29.850 29.850 29.850 16.926 15.202 23.526 16.406 11.058 9.918 8.413 8.342 7.866 7.153 7.604 7.052 7.163 7.496 8.883 9.061 8.748 9.429 9.818 10.270 9.430 9.056 10.617 10.277 8.485 8.791 8.200 8.683 7.875 9.132 8.393
C1909TS010_1 0.317 5.787 7.791 7.098 8.346 8.120 7.851 7.388 7.353 7.475 6.882 5.936 7.046 6.614 7.768 8.923 8.327 8.569 9.283 9.917 7.851 8.347 8.312 7.006 7.610 8.774 9.826 13.020 12.340 11.072 9.125 9.253 7.325 6.554 6.450 6.072 5.879 6.012 5.917
C1909TS010_2 0.342 6.281 5.962 5.359 5.672 5.064 5.478 5.962 6.024 6.771 6.928 6.882 6.679 6.850 7.666 7.431 6.852 6.613 7.052 6.932 6.658 6.707 7.148 6.770 6.163 6.421 6.486 6.621 5.951 5.933 6.050 7.147 6.923 7.175 7.194 6.843 5.040 5.332 4.819
C1909TS010_3 0.288 13.377 9.538 10.633 9.338 10.769 9.318 8.702 12.120 10.199 13.739 10.463 12.057 13.068 13.347 13.019 11.835 13.436 12.363 19.880 11.262 12.117 12.122 9.391 7.992 11.009 9.629 9.767 10.450 9.715 9.318 10.434 10.298 8.850 8.739 9.262 8.895 8.610 8.768
C1909TS010_4 0.294 4.132 3.814 4.405 4.396 4.768 4.251 5.345 6.360 7.002 9.804 12.322 20.093 29.850 29.850 29.850 29.850 29.850 29.850 29.850 29.850 29.850 29.850 29.850 29.850 29.850 29.850 29.850 27.395 12.798 8.184 8.312 7.009 6.013 4.444 6.203 3.864 4.157 4.165
C1909TS010_5 0.339 3.434 2.896 3.336 3.781 5.097 5.641 7.014 11.770 9.904 22.254 19.167 17.797 16.930 9.594 11.697 11.062 11.618 10.287 7.287 4.396 4.138 4.283 4.301 4.428 4.548 5.026 5.790 6.395 10.235 8.063 11.441 15.439 8.015 8.089 8.066 10.066 8.812 7.850
C1909TS044_1 0.314 5.268 4.820 5.718 5.706 6.954 7.483 8.050 7.881 10.032 13.019 12.543 17.599 14.190 29.850 29.850 19.967 9.624 7.739 6.880 5.180 5.230 4.895 4.985 5.352 5.387 6.000 6.630 11.286 9.210 29.850 28.594 20.401 10.514 7.958 8.367 7.226 9.003 9.138
C1909TS054_1 0.308 15.990 18.084 11.471 14.386 11.537 10.434 8.940 8.348 7.602 7.107 7.091 6.732 6.979 8.116 6.556 5.961 7.332 7.429 6.032 6.311 8.869 7.388 6.939 7.659 9.098 13.151 23.919 13.332 11.226 8.950 9.728 9.786 9.447 7.670 6.583 7.220 5.938 6.845
C1909TS054_2 0.289 11.916 9.999 9.884 11.016 10.029 13.120 12.160 15.700 17.251 10.957 13.017 9.663 10.853 10.584 9.042 9.435 9.967 7.849 7.347 7.681 8.377 7.531 7.025 7.140 7.196 8.551 9.756 10.536 11.056 11.633 19.517 21.823 29.850 16.348 16.800 16.478 14.700 10.741
C1909TS054_3 0.291 13.323 9.992 13.891 12.032 13.245 16.574 13.291 10.746 10.963 11.243 13.887 7.541 8.770 18.687 9.969 7.456 9.677 9.425 7.046 7.584 8.258 6.984 6.231 6.417 6.371 7.117 10.135 12.666 29.850 29.850 29.850 29.850 29.850 13.848 8.292 7.190 6.930 7.501
C1909TS054_4 0.275 15.649 10.101 13.814 18.735 19.597 29.850 29.850 29.850 15.216 10.541 18.272 12.632 13.569 14.210 13.537 11.771 13.825 10.241 10.024 10.183 12.145 10.842 9.200 9.761 10.438 12.902 10.774 13.972 24.334 14.723 20.588 29.850 29.850 29.850 14.615 9.738 7.392 7.332
C1909TS054_5 0.303 29.850 13.069 9.843 9.011 8.225 7.597 7.962 7.667 8.478 7.816 8.771 7.109 6.657 8.580 7.811 5.704 6.492 7.464 5.966 6.037 9.505 7.845 7.288 9.065 8.639 15.184 12.062 16.972 13.904 10.659 13.982 10.889 11.246 9.266 12.038 8.650 11.045 8.920
C1909TS066_1 0.322 8.956 11.341 13.443 8.816 11.370 11.189 12.050 10.123 7.226 5.534 5.163 4.866 4.957 6.182 4.823 4.554 5.731 5.455 4.611 5.013 6.639 5.346 5.132 5.652 6.715 10.303 16.359 22.573 23.006 16.389 29.850 19.951 11.890 8.872 8.206 7.903 7.190 6.827
C1909TS066_2 0.309 5.086 5.291 5.070 4.544 4.661 5.515 4.184 5.069 4.805 5.277 5.044 6.028 6.178 6.413 6.758 6.909 6.899 7.567 7.191 9.827 28.475 11.799 13.190 29.850 29.850 29.850 29.850 29.850 29.850 29.850 29.850 27.871 14.403 12.867 11.224 9.798 10.158 7.569
C1909TS067_1 0.293 29.850 11.135 8.646 8.647 10.822 10.777 6.395 7.028 8.123 7.142 6.652 6.143 7.839 7.576 6.494 7.868 8.756 8.097 8.167 8.256 9.931 9.916 9.610 8.713 8.925 8.457 9.200 9.890 22.652 9.445 29.850 29.850 29.751 16.492 29.850 29.850 29.850 29.850
C1909TS067_2 0.285 21.461 11.779 10.078 10.845 9.634 11.043 9.325 9.619 9.501 10.941 8.567 9.984 9.636 10.665 9.693 10.664 10.105 9.931 9.761 9.482 11.945 11.221 14.685 11.976 12.778 11.564 12.209 14.917 16.474 9.988 13.901 13.535 11.231 11.538 10.299 11.052 9.256 11.879
C1909TS067_3 0.285 29.850 29.850 29.850 29.850 29.850 29.850 29.850 21.903 18.227 10.479 9.167 9.300 8.108 7.365 8.141 8.282 8.177 7.802 8.026 7.797 7.684 7.927 7.938 8.289 7.947 8.061 8.143 8.422 10.763 19.374 15.869 29.850 27.526 14.182 10.575 9.005 11.096 9.798
C1909TS067_4 0.230 29.850 29.850 29.850 16.246 29.850 29.850 29.850 29.850 29.850 29.850 29.850 29.850 29.850 29.850 29.850 29.850 29.850 29.850 29.850 29.850 29.850 29.850 29.850 29.850 29.850 28.041 16.166 9.760 12.238 9.798 8.227 9.892 9.400 10.067 10.195 10.973 12.805 9.012
C1909TS067_5 0.293 29.850 11.135 8.646 8.647 10.822 10.777 6.395 7.028 8.123 7.142 6.652 6.143 7.839 7.576 6.494 7.868 8.756 8.097 8.167 8.256 9.931 9.916 9.610 8.713 8.925 8.457 9.200 9.890 22.652 9.445 29.850 29.850 29.751 16.492 29.850 29.850 29.850 29.850
C1909TS073_1 0.327 10.515 8.501 6.844 5.443 5.844 6.857 6.815 10.218 23.515 13.464 8.836 10.610 14.106 9.616 10.617 10.535 9.926 7.180 5.602 4.551 4.715 4.078 4.173 4.171 4.184 4.487 5.079 5.372 9.038 7.272 15.383 10.116 7.907 8.026 9.115 11.514 10.259 12.033
C1909TS073_2 0.291 9.982 9.678 8.370 8.904 8.710 7.900 10.012 14.793 13.171 9.715 12.259 29.850 15.146 10.403 29.850 15.953 11.828 19.455 14.585 9.900 8.267 7.122 7.516 7.939 7.794 7.735 10.381 9.788 11.012 10.378 9.136 10.835 9.342 9.691 8.170 8.520 8.024 16.888
C1909TS073_3 0.293 13.805 9.304 7.769 6.356 6.260 8.205 11.657 29.850 29.850 29.850 25.135 29.850 29.850 29.850 24.970 29.850 23.404 10.908 9.411 6.047 5.868 5.238 5.222 5.517 5.183 5.559 6.412 6.924 13.064 12.484 13.807 12.389 9.625 9.537 10.535 29.850 17.531 15.738
C1909TS073_4 0.283 10.714 15.588 11.220 9.660 11.835 12.747 13.511 19.412 28.865 17.725 16.804 22.205 16.775 12.772 29.850 14.187 19.384 29.850 21.143 13.459 9.258 8.496 7.571 8.819 8.949 9.071 11.796 11.734 19.431 19.514 16.590 9.426 7.669 7.402 9.308 8.119 7.190 6.949
C1909TS073_5 0.285 29.850 15.040 29.850 29.850 24.750 29.850 29.850 29.850 29.850 29.850 29.850 29.779 17.292 11.915 10.219 9.897 17.254 15.732 15.799 7.750 7.451 6.102 5.769 6.232 5.544 6.254 9.810 11.302 29.850 22.063 15.352 10.402 8.083 7.584 7.613 7.503 9.352 10.679
C1909TS087_1 0.377 4.734 4.439 4.670 4.874 5.665 6.225 5.685 6.914 5.910 5.759 5.482 4.517 4.852 4.590 4.541 4.559 4.675 4.479 4.192 4.520 4.958 4.279 4.497 4.860 4.700 5.235 5.847 6.071 6.643 5.766 5.134 5.384 6.266 5.521 5.387 5.703 5.252 5.763
C1909TS087_2 0.367 7.593 6.651 7.186 6.268 7.867 6.367 7.135 6.364 5.517 4.659 4.389 4.283 4.512 4.827 4.253 4.259 5.051 5.109 4.349 4.419 5.310 5.082 5.030 5.405 5.539 6.175 6.250 6.447 6.793 6.687 7.341 5.757 6.974 6.238 4.842 4.242 5.219 4.197
C1909TS087_3 0.382 5.802 5.592 5.711 4.917 5.998 5.364 5.743 5.128 5.185 4.763 4.776 4.422 4.522 4.758 4.475 4.180 4.720 4.744 4.060 4.244 4.732 4.370 4.432 4.534 4.586 5.002 5.329 5.269 5.625 5.603 5.760 5.816 5.541 5.861 5.289 5.989 4.332 5.398
C1909TS087_4 0.430 2.591 2.631 3.138 3.392 4.444 5.812 6.337 7.384 5.131 5.230 4.932 4.119 4.638 4.578 4.162 3.734 3.783 3.620 3.191 3.434 3.115 2.931 3.018 2.906 2.597 2.734 2.892 3.682 3.907 5.369 6.533 7.241 6.011 5.624 5.359 4.644 4.447 3.979
C1909TS102_1 0.280 6.837 6.022 6.896 9.055 9.833 13.812 15.521 22.912 15.050 12.318 7.716 8.125 11.082 10.376 9.009 9.612 15.112 9.486 9.245 12.509 27.100 14.477 9.803 15.658 12.744 18.121 19.343 29.850 29.850 29.850 29.850 29.850 29.395 10.523 8.629 7.651 6.363 6.552
C1909TS102_2 0.364 7.378 6.741 5.962 5.647 5.234 4.965 4.843 4.946 4.761 4.937 4.771 4.649 4.873 4.583 4.807 5.330 4.888 4.786 5.398 5.636 5.139 5.527 6.560 7.150 7.208 7.120 6.334 7.522 6.955 6.008 5.825 5.554 5.130 5.123 5.046 5.630 5.758 5.669
C1909TS103_1 0.280 6.837 6.022 6.896 9.055 9.833 13.812 15.521 22.912 15.050 12.318 7.716 8.125 11.082 10.376 9.009 9.612 15.112 9.486 9.245 12.509 27.100 14.477 9.803 15.658 12.744 18.121 19.343 29.850 29.850 29.850 29.850 29.850 29.395 10.523 8.629 7.651 6.363 6.552
C1909TS123_1 0.341 7.539 6.905 6.760 7.637 7.893 7.096 7.848 7.231 6.498 5.380 4.975 5.574 6.161 4.655 4.906 6.369 5.232 4.926 5.863 5.834 5.111 5.567 6.306 6.179 7.202 7.590 6.882 7.713 7.026 8.377 8.410 7.754 7.993 6.806 6.256 6.824 6.611 5.638
C1909TS123_2 0.328 6.334 5.670 6.962 7.481 9.050 9.277 10.339 10.374 8.094 7.663 6.839 8.357 7.039 5.650 6.149 6.721 5.378 5.001 5.462 5.345 4.862 4.949 5.290 5.476 6.325 6.811 6.496 7.537 9.127 10.057 10.204 11.923 8.394 8.726 8.222 8.411 9.244 7.955
C1909TS123_3 0.339 4.552 4.345 4.564 5.880 6.760 7.279 10.167 8.771 7.430 8.366 7.101 7.092 7.230 5.918 6.115 6.486 5.767 5.575 5.541 6.035 5.509 4.860 4.961 4.829 4.491 5.451 6.080 7.188 11.172 9.041 13.802 10.390 9.216 8.342 7.995 7.381 7.278 7.232
C1909TS123_4 0.310 5.636 6.506 8.216 11.330 14.082 16.924 29.850 29.850 16.043 9.538 8.548 9.879 7.722 6.650 7.946 7.741 6.729 6.345 7.219 6.734 5.976 5.359 5.513 6.830 7.038 8.481 8.375 10.112 11.391 29.850 8.865 8.263 8.435 7.384 7.884 8.082 7.549 6.595
C1909TS123_5 0.301 5.968 6.522 9.335 11.154 20.655 19.706 17.837 29.850 11.363 9.293 9.777 11.704 8.887 7.940 8.757 9.032 7.347 6.382 7.073 7.033 6.159 5.519 5.745 7.757 7.640 11.958 10.541 13.280 11.304 13.716 11.082 29.850 9.838 8.931 7.893 9.470 7.899 10.268
C1909TS131_1 0.338 27.474 29.850 25.957 15.685 15.203 14.297 10.952 10.607 8.214 7.443 6.700 5.997 5.870 5.269 5.170 5.298 4.939 4.942 4.849 4.611 4.776 5.065 4.972 4.807 5.064 4.823 5.025 5.114 5.028 5.390 5.830 6.426 6.726 7.218 8.786 7.004 12.105 13.543
C1909TS131_2 0.376 5.966 5.857 5.628 5.290 6.266 7.309 5.637 6.481 5.225 4.671 4.504 4.487 4.445 4.774 4.461 4.412 4.750 4.879 4.339 4.429 4.976 4.740 4.736 4.839 4.876 5.070 5.126 5.567 5.276 5.321 5.663 5.456 5.215 5.528 5.869 5.242 6.409 6.296
C1909TS131_3 0.339 11.779 15.015 10.853 17.869 11.875 8.926 8.688 8.276 7.248 6.899 6.125 5.759 5.716 5.205 5.297 5.547 5.031 5.194 5.222 4.862 5.039 5.458 5.426 5.267 5.628 5.143 5.455 5.649 5.283 5.708 6.520 6.611 6.350 7.493 7.945 7.450 11.647 7.943
C1909TS131_4 0.339 11.648 14.324 10.792 17.636 11.679 8.856 8.651 8.270 7.246 6.902 6.120 5.752 5.715 5.211 5.297 5.542 5.035 5.195 5.225 4.867 5.042 5.458 5.425 5.265 5.628 5.145 5.450 5.653 5.283 5.696 6.505 6.578 6.320 7.443 7.894 7.408 11.394 7.880
C1909TS131_5 0.348 9.463 8.742 8.878 10.591 9.635 7.405 7.522 7.687 6.617 6.512 5.839 5.530 5.559 5.054 5.201 5.475 4.900 5.117 5.145 4.778 4.975 5.411 5.356 5.203 5.569 5.078 5.358 5.571 5.208 5.517 6.238 6.144 5.976 6.942 6.753 6.758 8.473 6.923
C1909TS152_1 0.267 29.850 27.199 29.850 15.440 29.850 18.937 10.520 14.177 9.414 8.600 8.044 7.055 7.881 10.364 8.133 8.577 11.685 12.671 12.587 11.344 14.896 29.850 29.850 29.850 29.850 29.850 29.850 29.850 11.724 12.711 11.293 13.722 19.392 24.003 22.497 29.850 29.850 29.850
C1909TS152_2 0.340 6.140 5.990 6.224 5.984 6.530 6.831 6.745 8.623 7.454 7.068 6.975 7.312 6.290 5.727 5.854 5.935 5.603 5.598 5.652 5.960 5.885 5.602 5.874 6.138 6.027 5.937 6.019 6.404 6.207 6.534 6.387 7.430 7.991 7.618 7.697 6.771 6.674 6.345
C1909TS152_3 0.342 5.197 5.360 5.871 7.983 11.006 9.629 9.324 8.253 6.177 5.607 5.289 6.267 5.766 5.208 5.962 6.824 5.620 5.526 6.249 5.780 5.271 5.026 5.067 5.818 5.894 7.094 7.381 7.846 8.238 10.541 6.747 6.025 7.033 7.298 7.314 6.280 5.797 5.166
C1909TS152_4 0.351 5.882 6.057 6.334 7.412 9.899 9.527 13.358 9.733 6.278 6.424 5.101 6.203 6.605 4.264 4.907 6.381 4.431 4.240 5.277 4.512 4.228 4.401 4.845 5.086 6.268 7.099 7.351 10.152 9.220 22.231 14.959 10.062 9.110 5.399 4.482 4.337 3.945 4.009
C1909TS152_5 0.361 7.839 8.035 7.013 7.270 6.493 6.735 6.037 6.372 5.550 5.275 4.959 5.293 5.215 5.179 4.804 4.900 5.314 5.272 4.844 5.145 5.824 5.397 4.990 5.140 5.659 5.424 6.289 6.967 7.079 6.325 6.285 5.935 5.987 5.219 4.830 4.656 4.528 4.550
C1909TS158_1 0.354 5.841 5.738 5.450 5.512 5.800 6.501 7.024 7.104 6.477 6.241 5.251 4.797 3.910 4.158 4.784 4.925 6.117 7.731 8.393 8.702 6.617 6.391 5.588 5.416 5.053 5.511 6.089 6.784 8.401 8.524 9.509 8.559 6.500 6.253 5.182 4.452 4.550 4.112
C1909TS158_2 0.322 6.587 5.950 6.800 8.361 10.020 9.916 14.309 12.489 7.937 7.043 6.160 8.339 8.372 6.282 6.530 8.325 6.483 5.773 6.300 6.861 5.628 5.453 5.905 5.562 6.403 7.329 7.773 9.797 9.086 12.990 13.430 12.980 10.695 8.993 6.665 6.112 5.904 4.958
C1909TS158_3 0.302 5.804 4.928 5.661 8.179 12.196 16.585 12.618 20.353 10.575 10.312 9.007 7.710 7.098 9.920 13.956 11.686 21.206 12.023 9.683 7.046 5.864 6.995 6.272 7.419 9.531 17.846 11.006 9.600 10.058 10.428 11.091 13.547 11.383 10.063 8.544 7.170 7.096 6.751
C1909TS158_4 0.301 6.173 6.071 5.930 6.247 6.395 6.184 5.798 6.031 6.639 6.548 6.690 6.462 6.917 6.437 6.664 6.381 6.827 6.942 6.188 6.914 8.480 7.870 11.696 15.127 20.522 29.850 29.850 29.850 29.850 29.850 29.850 29.850 29.850 29.850 6.543 5.903 5.614 4.652
C1909TS158_5 0.308 6.997 6.752 7.337 8.479 12.578 13.446 17.031 29.850 9.613 7.023 6.605 8.850 8.513 5.960 6.570 8.779 6.677 6.087 7.231 6.651 6.361 6.361 6.728 6.865 7.755 7.854 9.715 12.940 20.398 29.850 29.850 29.850 15.599 8.651 6.947 6.987 6.367 5.490
C1909TS182_1 0.298 10.438 8.269 7.820 9.813 9.045 9.480 8.487 11.685 9.017 9.910 7.297 8.460 9.485 9.949 13.319 10.251 10.093 11.484 10.681 10.867 12.455 17.822 12.706 13.369 17.431 12.596 10.802 9.894 10.463 8.590 9.675 9.829 8.250 7.005 6.396 5.712 5.836 7.000
C1909TS182_2 0.364 5.379 5.984 6.709 5.777 8.346 7.718 9.914 7.571 6.744 6.730 5.960 5.635 5.863 5.294 5.260 5.101 5.020 4.864 4.430 4.722 4.410 4.346 4.531 4.471 4.570 5.012 5.214 5.607 5.578 5.577 7.187 7.037 5.672 6.373 5.843 5.268 4.686 4.456
C1909TS182_3 0.285 21.867 29.850 16.909 21.231 19.832 12.981 9.200 10.379 9.436 10.946 9.031 7.238 11.010 9.859 11.706 17.516 13.968 14.825 11.864 29.850 17.689 29.850 23.015 29.850 29.850 29.850 15.948 16.942 24.497 12.746 14.831 21.320 12.021 7.879 6.168 4.716 4.619 4.199
C1909TS182_4 0.345 5.537 5.990 6.349 6.284 7.934 7.110 11.043 9.941 8.780 9.048 7.350 6.577 6.900 5.433 5.696 5.190 5.820 5.797 4.576 5.279 4.871 4.847 5.279 5.327 5.464 5.750 5.918 6.319 5.999 6.208 7.176 7.490 6.668 6.540 6.406 6.584 6.404 6.005
C1909TS182_5 0.330 8.719 8.875 9.364 7.512 9.639 8.939 12.817 9.813 7.311 7.812 6.266 6.500 7.097 6.086 6.273 5.869 5.583 5.630 4.909 5.444 5.498 5.348 6.087 6.771 6.264 6.572 6.525 7.191 8.370 6.940 10.345 9.159 6.582 7.699 6.732 7.428 5.697 6.316
C1909TS196_1 0.364 7.378 6.741 5.962 5.647 5.234 4.965 4.843 4.946 4.761 4.937 4.771 4.649 4.873 4.583 4.807 5.330 4.888 4.786 5.398 5.636 5.139 5.527 6.560 7.150 7.208 7.120 6.334 7.522 6.955 6.008 5.825 5.554 5.130 5.123 5.046 5.630 5.758 5.669
C1909TS200_1 0.289 7.935 7.605 7.973 9.419 9.758 11.999 11.829 14.428 9.490 10.764 12.436 13.869 13.948 10.537 15.989 17.733 10.450 17.244 13.769 10.066 10.789 10.823 10.098 8.695 8.647 8.135 8.645 8.298 8.319 10.842 10.848 12.949 14.914 11.356 10.178 8.037 9.051 10.428
C1909TS210_1 0.426 2.996 2.977 2.938 3.109 3.510 3.819 4.837 5.532 6.255 6.203 5.190 5.513 4.376 4.401 3.912 3.835 3.728 3.467 3.390 3.094 3.164 2.973 2.866 2.882 2.959 2.904 2.928 3.114 3.226 4.114 4.634 6.738 7.221 7.833 7.378 7.946 7.190 8.680
C1909TS210_2 0.272 7.454 6.468 9.824 13.370 8.873 10.168 7.908 7.502 8.306 9.398 9.379 11.103 11.773 10.904 19.333 29.850 29.850 29.850 29.850 29.850 29.850 29.850 13.934 7.723 9.104 23.449 29.850 29.850 29.850 29.850 29.850 29.850 29.850 9.243 7.628 6.781 6.511 5.465
C1909TS210_3 0.390 6.223 6.328 5.963 4.835 4.517 3.996 3.879 4.071 4.715 4.900 4.769 4.440 4.184 4.060 4.329 4.365 4.185 4.315 4.059 4.760 5.285 4.989 5.439 6.277 6.773 6.743 5.986 6.711 5.355 4.740 4.393 4.082 4.060 4.539 4.414 5.303 4.994 4.649
C1909TS210_4 0.305 6.143 5.489 5.576 8.295 9.688 11.876 13.542 29.850 29.850 24.006 12.000 10.446 11.233 18.607 21.538 17.330 12.904 9.562 8.589 7.185 6.088 5.086 5.269 5.025 5.932 6.974 7.351 7.982 8.933 10.012 11.660 11.905 10.669 9.794 9.995 8.591 8.378 6.488
C1909TS210_5 0.435 2.155 2.342 2.961 3.605 3.794 4.459 4.618 4.918 5.124 5.144 4.792 4.952 4.832 4.407 5.581 4.999 4.420 4.581 3.987 3.914 4.120 4.046 3.026 2.599 2.207 2.808 3.126 3.583 3.771 4.293 4.405 4.710 4.617 4.779 4.359 4.121 4.250 4.288
C1909TS211_1 0.346 3.858 3.795 4.020 4.389 5.199 5.250 6.390 7.811 8.201 8.385 6.689 6.382 6.726 6.754 6.215 6.435 6.973 6.745 5.567 6.510 7.258 6.128 5.948 7.142 8.035 7.901 9.299 8.651 10.782 9.186 9.926 8.703 7.716 5.660 5.502 5.061 4.341 4.018
C1909TS211_2 0.306 8.899 8.121 7.715 7.635 7.590 8.495 8.441 10.006 7.986 6.912 7.362 7.258 6.759 5.396 6.525 7.094 6.890 6.120 6.604 8.270 9.681 7.456 8.443 13.008 18.126 28.843 29.850 29.850 29.850 29.850 15.697 13.556 13.387 10.413 6.282 5.531 5.727 6.314
C1909TS211_3 0.284 29.850 29.850 9.515 7.158 6.604 8.242 6.980 7.192 8.262 8.976 10.534 19.294 11.526 11.353 21.430 29.850 29.850 29.850 29.850 29.850 29.850 29.850 29.850 15.986 14.139 18.118 9.848 16.341 11.810 9.241 7.550 6.868 6.414 6.770 7.555 6.666 6.139 6.486
C1909TS211_4 0.289 8.397 8.343 13.151 9.116 10.983 9.428 11.756 15.538 10.297 11.314 11.339 11.308 8.873 10.036 12.576 20.930 29.850 29.850 29.850 21.122 17.104 15.808 10.721 8.842 8.151 7.514 9.125 11.814 14.394 9.173 8.735 7.109 7.569 8.090 9.731 7.514 7.553 8.101
C1909TS211_5 0.299 12.711 9.612 12.678 10.288 11.744 9.986 11.837 12.373 9.120 10.084 10.986 11.068 7.884 8.595 12.435 15.095 29.850 29.850 22.848 14.565 11.990 12.249 9.036 8.594 7.466 6.854 6.958 8.296 9.279 8.041 7.548 6.592 6.194 6.500 7.660 6.261 6.017 6.931
C1909TS213_1 0.382 4.460 4.298 4.440 5.247 5.749 5.844 5.983 5.931 5.484 4.720 4.507 5.048 4.939 4.425 4.533 5.215 4.554 4.300 4.593 4.863 4.484 4.288 4.300 4.506 4.586 4.850 5.313 5.882 5.413 6.594 6.321 6.033 6.246 5.448 5.139 5.152 4.651 4.637
C1909TS213_2 0.346 5.167 4.963 5.080 6.121 6.346 7.314 8.744 8.756 7.166 5.803 5.593 6.250 6.195 5.355 5.200 6.883 5.543 5.171 5.721 5.927 5.436 5.360 5.158 5.210 5.438 5.411 6.136 7.179 6.878 10.525 9.520 8.484 8.377 7.124 5.987 6.651 6.385 5.311
C1909TS213_3 0.379 4.377 4.018 4.152 4.830 5.206 5.759 6.635 6.557 5.871 5.018 4.663 5.081 5.250 4.461 4.377 5.121 4.476 4.202 4.499 4.610 4.240 4.252 4.077 4.171 4.185 4.695 4.989 5.403 6.162 6.921 7.680 6.607 6.876 6.314 5.962 6.596 6.489 5.256
C1909TS213_4 0.366 5.010 4.752 4.817 5.510 5.763 6.514 7.307 7.386 5.950 4.941 4.621 5.385 5.482 4.466 4.515 5.665 4.755 4.436 4.873 5.025 4.629 4.609 4.608 4.781 5.060 5.391 5.609 6.471 6.071 9.372 7.624 7.141 6.605 6.335 5.962 5.825 5.449 5.032
C1909TS213_5 0.352 5.595 5.118 5.119 5.896 6.165 6.847 7.895 8.029 6.735 5.605 5.160 5.916 5.834 4.774 5.225 5.901 5.136 5.244 5.602 5.682 5.411 5.594 5.733 5.152 5.454 5.532 5.972 6.392 7.090 8.720 9.104 7.630 7.808 6.552 5.889 5.639 5.133 5.993
C1909TS215_1 0.358 4.257 3.793 4.497 4.778 5.082 4.836 5.618 4.399 4.718 4.802 5.610 5.101 5.145 5.911 5.605 5.796 5.950 6.315 5.770 6.138 6.923 6.219 6.269 6.643 6.648 7.581 7.850 8.402 8.331 7.282 7.724 8.233 7.373 6.529 5.620 5.712 4.869 4.873
C1909TS215_2 0.364 9.075 7.248 7.048 5.927 6.250 5.661 6.144 6.378 5.815 4.904 4.596 4.308 4.565 5.335 4.518 4.470 4.969 5.120 4.455 4.279 5.269 4.557 4.105 4.556 4.517 5.326 5.606 6.626 7.929 7.248 7.388 7.562 6.379 6.308 5.977 5.961 5.649 5.844
C1909TS215_3 0.359 5.122 5.800 7.185 9.000 7.874 9.041 7.763 9.862 11.480 15.332 9.481 7.107 5.779 5.940 4.992 4.432 4.906 4.257 3.928 4.105 4.667 4.139 3.696 3.684 3.954 5.000 5.540 5.643 6.251 6.244 6.259 5.561 5.272 6.030 6.722 5.800 5.843 6.427
C1909TS215_4 0.368 6.454 5.292 5.368 5.877 5.955 5.601 5.926 6.699 6.184 5.659 4.686 4.490 5.210 5.027 4.463 4.759 5.282 4.658 4.503 4.966 5.244 4.237 4.454 4.510 5.131 4.711 5.454 6.229 5.881 5.962 6.951 5.915 5.677 5.673 6.939 6.469 5.812 7.323
C1909TS215_5 0.395 4.532 4.408 4.559 4.425 5.242 5.271 5.525 5.136 5.063 4.956 5.098 4.722 4.624 5.335 4.940 4.677 4.866 5.118 5.336 4.747 4.793 4.477 5.107 4.732 4.905 4.772 4.788 4.302 4.219 4.149 4.128 4.419 4.235 4.383 4.517 4.167 4.446 3.958
C1909TS228_1 0.371 4.961 5.738 6.917 6.337 7.178 7.082 7.874 9.253 7.329 6.903 6.566 5.593 5.683 4.975 4.925 4.897 4.330 4.165 4.214 3.916 3.775 3.925 4.019 4.571 4.400 4.179 4.606 4.890 5.067 5.207 5.454 5.305 5.830 5.659 6.944 5.869 7.325 6.088
C1909TS228_2 0.354 6.235 7.571 6.608 7.074 7.018 5.878 5.939 5.833 6.126 6.418 6.552 6.243 5.799 5.604 5.642 6.423 5.471 5.302 5.470 5.209 5.326 5.323 5.157 5.003 5.259 4.932 5.275 5.287 5.003 5.868 5.931 5.309 6.047 6.315 6.547 6.421 7.118 7.522
C1909TS228_3 0.321 6.621 7.382 8.757 12.274 11.672 14.668 11.530 13.993 14.271 10.541 13.682 8.847 9.034 7.112 6.691 6.276 6.167 6.041 5.620 5.417 5.535 5.332 5.335 5.229 5.636 5.066 5.773 6.476 5.795 5.897 7.332 7.176 8.394 7.928 8.234 11.480 17.389 23.527
C1909TS228_4 0.381 4.421 5.536 6.029 5.758 6.309 6.159 6.515 7.218 6.451 6.217 6.252 5.114 5.194 4.643 4.757 4.643 4.220 4.085 4.064 3.785 3.803 3.971 4.065 4.525 4.415 4.093 4.341 4.800 4.821 4.973 5.277 5.336 5.232 5.420 6.801 5.799 6.649 5.817
C1909TS228_5 0.383 4.411 5.346 6.114 5.767 6.478 6.499 7.334 8.827 6.782 6.546 6.287 5.180 5.204 4.783 4.683 4.585 4.167 3.996 3.988 3.750 3.685 3.785 3.877 4.218 4.229 3.974 4.277 4.584 4.696 4.867 5.080 5.071 5.191 5.143 6.807 5.555 6.611 5.611
C1909TS230_1 0.371 3.606 3.374 3.634 4.596 6.877 7.705 17.562 20.890 8.638 6.092 5.951 5.830 5.912 6.597 5.211 4.949 5.095 4.956 4.204 3.915 4.059 3.831 3.505 3.636 3.453 3.586 3.752 4.813 6.461 8.046 14.035 17.537 9.772 7.572 6.252 6.636 5.535 5.719
C1909TS230_2 0.285 9.997 9.624 9.902 11.685 12.900 16.744 29.850 29.850 22.088 12.762 9.682 9.424 8.554 9.699 8.022 7.453 8.476 7.674 7.407 6.856 8.720 8.398 8.227 9.524 10.636 11.090 10.117 11.005 15.623 22.378 29.850 17.220 29.850 17.070 12.291 14.002 10.263 9.996
C1909TS230_3 0.296 6.240 5.964 6.388 9.563 11.539 29.850 29.850 29.850 29.850 29.850 16.381 13.854 13.017 7.747 8.350 9.299 6.926 5.906 6.336 6.145 5.638 5.544 5.963 5.514 6.160 6.687 7.772 8.603 23.151 29.850 29.850 29.850 29.850 15.870 10.130 8.828 7.105 6.780
C1909TS230_4 0.331 6.751 6.109 5.838 6.841 6.798 7.430 7.485 8.032 7.381 6.262 5.807 5.685 6.343 6.481 6.078 5.906 6.458 6.291 6.020 6.035 6.275 6.266 6.633 7.185 7.081 7.922 8.743 8.845 8.782 8.178 7.958 7.712 7.104 7.522 8.350 6.204 6.378 6.410
C1909TS230_5 0.277 8.439 7.482 9.797 9.461 14.336 14.024 9.862 11.753 8.947 10.145 9.571 8.912 9.810 12.727 9.115 11.066 12.085 16.853 12.377 8.855 13.548 23.665 12.821 10.673 29.850 29.850 29.850 29.850 29.850 29.850 29.850 29.850 29.850 29.850 7.680 5.725 4.761 5.802
C1909TS240_1 0.297 12.220 11.717 9.408 8.288 8.293 7.393 7.199 7.437 8.215 8.110 7.455 8.709 9.386 9.627 10.783 17.172 11.642 9.607 13.701 9.794 11.260 14.221 11.739 9.513 13.592 15.492 16.969 13.596 10.441 9.774 7.561 7.984 7.546 7.252 7.710 8.559 7.440 7.853
C1909TS240_2 0.271 29.850 17.733 11.565 12.526 11.738 8.567 5.831 5.812 5.657 6.401 29.850 29.850 29.850 29.850 29.850 29.850 29.850 29.850 29.850 29.850 29.850 29.850 29.850 29.850 29.850 29.850 29.850 28.951 12.716 10.101 9.048 8.430 6.622 5.575 4.910 4.295 4.191 4.024
C1909TS240_3 0.259 13.189 11.518 8.556 10.849 12.009 12.785 10.114 7.779 8.719 7.711 7.207 6.883 7.266 8.643 15.522 29.850 29.850 29.850 29.850 29.850 29.850 29.850 29.850 29.850 29.850 29.850 29.850 29.850 29.850 29.850 29.850 29.850 8.914 7.218 6.591 7.062 6.383 7.220
C1909TS240_4 0.260 12.059 13.043 9.223 8.854 8.684 8.563 8.294 8.255 9.351 8.434 8.487 11.088 11.421 29.850 29.850 29.850 29.850 29.850 29.850 26.729 29.850 18.749 23.108 10.663 23.950 29.850 29.850 29.850 29.850 29.850 29.850 29.850 10.802 9.222 7.567 6.910 6.775 11.444
C1909TS240_5 0.275 29.850 29.850 29.850 29.850 29.850 29.850 29.850 29.850 29.850 29.850 9.871 8.069 8.809 12.375 29.850 29.850 29.850 29.850 16.239 7.259 7.740 6.719 6.051 6.074 6.497 9.133 10.854 15.900 26.710 13.765 15.351 10.072 7.985 8.644 8.328 29.850 24.316 29.850
C1909TS247_1 0.365 6.171 5.421 5.443 5.373 5.680 5.312 5.666 6.019 6.239 6.609 6.797 6.467 5.714 5.277 5.508 5.130 5.307 4.959 4.892 5.441 5.095 4.951 5.388 5.859 5.727 5.615 5.527 5.830 5.685 5.423 5.421 6.141 5.913 5.824 5.611 4.366 4.625 4.464
C1909TS247_2 0.381 4.178 3.739 4.329 4.614 5.867 6.359 7.721 7.448 8.341 8.394 6.779 5.609 5.104 4.715 4.920 5.008 4.647 4.563 4.530 4.479 4.537 4.432 4.263 4.432 4.108 4.125 4.524 4.437 3.873 4.979 5.217 5.914 6.496 5.876 6.328 5.483 5.014 4.392
C1909TS247_3 0.328 13.781 14.643 16.311 21.598 9.965 7.487 6.700 6.091 5.631 6.160 5.948 5.924 6.664 6.476 7.100 7.796 6.593 6.579 6.305 7.135 6.828 6.390 7.291 7.250 7.744 9.396 9.535 18.939 14.595 11.273 8.864 7.058 5.536 5.226 4.956 4.580 4.225 4.093
C1909TS247_4 0.375 5.098 4.728 4.887 4.871 5.149 4.992 5.090 5.167 4.931 4.903 4.985 4.905 4.934 4.883 4.929 5.264 5.198 5.200 4.989 5.670 5.843 5.798 5.854 6.023 6.303 6.116 5.962 5.711 5.013 5.333 4.889 5.124 5.184 5.066 4.921 4.966 5.081 4.537
C1909TS247_5 0.283 29.850 14.452 10.038 13.881 9.355 9.147 6.908 7.341 6.920 7.012 7.819 9.769 29.850 29.850 20.553 19.115 29.850 29.850 29.850 29.850 29.850 29.850 29.850 29.850 29.850 29.850 29.850 24.232 29.850 16.987 12.575 8.559 7.135 5.658 5.961 5.425 4.893 5.191
C1909TS258_1 0.316 8.530 7.897 7.914 7.655 10.506 8.846 10.130 10.643 8.145 7.427 7.419 6.953 7.209 6.143 6.488 7.580 6.250 5.602 6.283 5.833 5.464 5.347 5.184 6.156 7.344 9.228 8.257 10.327 10.171 20.970 20.075 16.159 10.344 9.587 8.851 7.769 7.325 7.140
C1909TS258_2 0.398 3.795 3.273 3.798 4.047 5.993 5.587 7.308 6.940 5.891 4.706 4.439 5.035 4.541 3.726 4.227 4.402 3.657 3.551 3.940 3.794 3.514 3.439 3.307 3.384 3.373 3.901 4.340 5.232 5.809 7.783 10.298 13.867 7.463 7.583 5.598 5.285 4.518 4.283
C1909TS258_3 0.350 5.276 4.813 5.291 5.473 6.909 6.531 8.100 7.218 6.279 5.576 5.309 5.546 5.475 4.726 4.939 5.934 4.859 4.647 4.972 5.152 4.819 4.906 5.392 5.222 5.808 5.746 6.198 6.909 7.875 8.656 10.371 9.949 9.641 9.488 8.088 7.007 6.506 5.604
C1909TS258_4 0.358 4.787 4.487 5.309 5.651 7.296 11.567 6.398 9.687 8.623 8.161 7.463 6.943 5.793 4.265 5.121 5.222 3.764 3.720 4.315 3.855 3.581 3.701 4.085 4.313 4.997 5.104 5.142 6.267 6.744 14.559 29.850 29.850 17.305 9.719 7.524 6.091 4.937 4.868
C1909TS258_5 0.319 4.818 5.196 5.690 8.074 8.519 13.152 17.458 29.850 29.850 19.712 11.100 14.049 9.895 8.305 8.058 7.407 6.518 5.688 5.478 5.570 5.200 5.205 4.853 4.977 4.780 5.043 5.506 7.621 10.310 29.850 29.850 29.850 29.850 9.955 7.747 6.678 6.047 5.778
C1909TS273_1 0.230 29.850 16.410 29.850 29.850 29.850 29.850 29.850 29.850 29.850 29.850 29.850 29.850 29.850 29.850 29.850 29.850 29.850 29.850 29.850 29.850 29.850 29.850 29.850 29.850 29.850 29.850 29.850 29.850 29.850 29.850 29.850 29.850 29.850 29.850 13.827 8.239 8.106 7.840
C1909TS273_2 0.257 29.850 13.702 26.996 17.045 17.458 13.667 12.955 20.392 19.577 29.850 29.850 29.850 29.850 29.850 29.850 29.850 29.850 29.850 29.850 29.850 29.850 29.850 22.283 19.496 29.850 23.756 20.193 16.226 18.003 12.407 24.941 23.343 11.684 11.025 15.421 11.975 15.698 18.370
C1909TS273_3 0.353 4.371 3.925 4.238 4.598 5.430 5.821 6.544 7.167 6.755 6.866 6.372 6.185 6.589 5.781 6.728 6.393 7.192 8.103 6.969 5.665 4.740 4.730 4.750 4.902 5.120 5.487 6.127 6.338 9.120 7.159 8.581 7.599 6.320 5.967 5.964 6.083 5.878 5.581
C1909TS273_4 0.312 9.363 8.138 7.181 6.926 6.147 6.710 6.675 7.327 8.373 8.814 7.842 7.619 8.369 8.881 8.970 8.499 8.389 9.495 11.678 9.081 10.569 10.239 8.886 9.583 9.721 10.034 10.230 8.149 7.126 7.123 7.984 8.045 8.217 8.657 8.174 5.314 5.942 5.790
C1909TS273_5 0.218 29.850 29.850 29.850 29.850 29.850 29.850 29.850 29.850 29.850 29.850 29.850 29.850 29.850 29.850 29.850 29.850 29.850 29.850 29.850 29.850 29.850 29.850 25.402 17.376 29.850 29.850 29.850 29.850 29.850 29.850 29.850 29.850 29.850 29.850 29.850 29.850 15.617 16.536
C1909TS278_1 0.394 7.115 8.335 6.998 5.253 5.219 5.177 4.410 4.248 3.902 4.065 3.958 4.098 4.252 3.881 4.099 4.805 4.067 4.182 4.489 4.764 4.259 4.496 4.944 5.474 5.675 5.916 5.664 5.756 6.397 5.287 5.454 4.793 4.379 4.348 4.003 4.178 4.306 3.442
C1909TS278_2 0.367 5.162 4.976 4.907 4.855 5.599 5.625 6.005 6.090 5.587 5.842 5.406 5.376 5.626 5.081 5.032 5.061 5.043 5.341 4.759 4.937 5.188 5.171 5.415 5.437 5.242 5.585 5.377 5.585 5.810 5.316 5.574 6.019 5.974 6.190 6.119 5.858 6.502 4.704
C1909TS278_3 0.363 5.742 6.185 5.949 6.177 5.549 5.581 5.491 8.956 11.426 8.887 7.106 5.440 4.927 4.575 4.891 5.277 4.829 4.536 4.699 5.855 5.040 5.104 6.071 6.466 6.175 6.793 5.439 5.955 6.295 5.274 5.282 5.100 4.821 4.586 5.152 4.691 4.868 4.865
C1909TS278_4 0.315 8.176 7.702 7.780 7.613 16.089 9.091 14.782 9.614 7.201 7.260 5.839 6.968 7.168 5.420 5.642 7.017 5.873 4.904 5.853 6.039 5.343 5.961 7.092 7.225 8.285 7.525 7.745 9.742 9.395 11.604 29.850 29.850 29.850 16.253 11.040 8.233 6.997 6.930
C1909TS278_5 0.288 29.850 29.850 29.850 29.850 29.850 29.850 29.850 16.964 8.784 6.801 8.121 7.925 8.247 9.384 10.258 8.669 8.384 11.375 11.724 9.012 10.068 15.567 13.196 11.413 12.223 16.329 14.161 21.589 29.850 21.954 24.067 25.273 13.105 10.237 6.575 4.324 4.794 4.314
C1909TS299_1 0.394 7.115 8.335 6.998 5.253 5.219 5.177 4.410 4.248 3.902 4.065 3.958 4.098 4.252 3.881 4.099 4.805 4.067 4.182 4.489 4.764 4.259 4.496 4.944 5.474 5.675 5.916 5.664 5.756 6.397 5.287 5.454 4.793 4.379 4.348 4.003 4.178 4.306 3.442
C1909TS299_2 0.367 5.162 4.976 4.907 4.855 5.599 5.625 6.005 6.090 5.587 5.842 5.406 5.376 5.626 5.081 5.032 5.061 5.043 5.341 4.759 4.937 5.188 5.171 5.415 5.437 5.242 5.585 5.377 5.585 5.810 5.316 5.574 6.019 5.974 6.190 6.119 5.858 6.502 4.704
C1909TS299_3 0.363 5.742 6.185 5.949 6.177 5.549 5.581 5.491 8.956 11.426 8.887 7.106 5.440 4.927 4.575 4.891 5.277 4.829 4.536 4.699 5.855 5.040 5.104 6.071 6.466 6.175 6.793 5.439 5.955 6.295 5.274 5.282 5.100 4.821 4.586 5.152 4.691 4.868 4.865
C1909TS299_4 0.315 8.176 7.702 7.780 7.613 16.089 9.091 14.782 9.614 7.201 7.260 5.839 6.968 7.168 5.420 5.642 7.017 5.873 4.904 5.853 6.039 5.343 5.961 7.092 7.225 8.285 7.525 7.745 9.742 9.395 11.604 29.850 29.850 29.850 16.253 11.040 8.233 6.997 6.930
C1909TS299_5 0.288 29.850 29.850 29.850 29.850 29.850 29.850 29.850 16.964 8.784 6.801 8.121 7.925 8.247 9.384 10.258 8.669 8.384 11.375 11.724 9.012 10.068 15.567 13.196 11.413 12.223 16.329 14.161 21.589 29.850 21.954 24.067 25.273 13.105 10.237 6.575 4.324 4.794 4.314
C1909TS301_1 0.314 5.268 4.820 5.718 5.706 6.954 7.483 8.050 7.881 10.032 13.019 12.543 17.599 14.190 29.850 29.850 19.967 9.624 7.739 6.880 5.180 5.230 4.895 4.985 5.352 5.387 6.000 6.630 11.286 9.210 29.850 28.594 20.401 10.514 7.958 8.367 7.226 9.003 9.138
C1909TS309_1 0.404 5.247 5.033 4.856 4.802 4.852 4.645 4.394 4.345 4.104 4.250 4.703 4.661 4.582 4.477 4.960 4.852 4.804 4.595 4.667 4.759 5.063 4.832 5.181 5.122 5.422 5.293 5.076 5.201 4.851 4.875 4.661 4.257 3.949 3.928 3.718 2.994 3.051 3.052
C1909TS309_2 0.346 8.458 8.346 7.746 8.312 7.644 5.884 5.722 4.845 4.254 4.420 4.449 4.655 5.158 4.642 4.897 6.748 6.046 5.836 6.210 7.472 6.979 9.013 13.308 9.238 15.341 29.850 10.873 10.279 9.406 7.563 7.297 6.424 5.617 5.078 4.526 4.144 3.939 3.831
C1909TS309_3 0.312 6.695 8.135 7.913 8.364 8.994 9.132 8.544 9.383 7.091 7.059 7.591 8.062 7.905 7.047 7.047 7.895 7.044 6.618 7.700 7.882 7.553 7.158 8.275 8.957 13.414 11.568 9.523 8.516 8.951 7.639 9.702 8.664 9.861 8.356 7.158 6.892 6.898 6.712
C1909TS309_4 0.379 7.529 7.084 6.902 5.787 5.969 5.258 5.115 4.908 4.835 4.238 4.069 4.134 4.592 4.029 4.063 4.741 4.717 4.367 4.932 5.442 4.602 4.367 5.014 5.646 5.979 5.377 6.055 5.591 6.548 5.761 6.051 5.367 5.444 5.100 4.880 4.915 4.512 4.622
C1909TS309_5 0.336 29.850 12.856 9.580 9.318 6.680 6.397 5.775 5.259 4.774 4.729 4.649 4.881 5.631 5.492 5.401 6.240 7.374 6.886 5.803 9.624 9.384 7.970 11.027 10.172 13.809 26.664 11.444 12.616 9.367 7.430 6.951 5.918 5.576 5.008 5.053 4.512 3.862 4.368
C1909TS345_1 0.361 6.654 6.971 6.373 7.271 7.301 7.011 6.366 6.703 5.686 4.790 4.576 4.455 4.900 5.171 4.777 4.812 5.240 5.618 5.035 5.431 6.029 5.825 5.688 6.372 6.003 6.003 6.626 6.445 6.244 5.766 6.062 5.761 5.308 4.898 5.197 4.779 5.176 4.482
C1909TS345_2 0.327 9.348 8.801 7.732 7.859 7.660 7.217 7.400 7.777 7.309 7.074 7.146 6.645 6.697 7.077 6.519 5.934 6.237 6.286 6.128 5.833 6.588 6.567 6.449 6.089 6.261 6.711 6.963 6.815 7.471 7.099 7.028 6.732 7.392 7.199 8.068 8.169 8.944 7.523
C1909TS345_3 0.335 9.908 8.798 9.926 12.335 9.893 10.013 7.626 5.923 5.655 4.881 4.661 4.611 5.297 5.615 5.055 5.223 5.841 5.800 5.226 5.429 6.744 5.685 5.547 5.932 6.129 6.989 8.645 8.713 11.171 11.419 12.936 9.275 8.424 7.541 6.434 7.053 5.228 6.073
C1909TS345_4 0.296 7.979 8.573 7.140 11.713 10.498 13.128 11.116 12.407 10.239 10.173 9.202 8.332 9.593 9.773 8.975 8.260 9.040 8.929 7.236 7.415 9.389 9.170 10.689 8.926 10.100 9.840 9.139 9.945 11.001 12.446 10.785 20.799 10.133 15.164 7.764 9.619 6.977 9.101
C1909TS345_5 0.426 4.329 4.142 3.960 4.415 4.195 4.464 4.331 4.729 4.463 4.281 4.512 4.359 4.285 4.155 4.213 3.840 3.812 3.767 3.391 3.482 3.559 3.534 3.473 3.684 3.706 3.695 3.667 4.007 3.692 3.937 3.923 3.827 4.199 4.545 4.832 5.071 4.717 4.799
C1909TS347_1 0.262 13.847 13.765 14.688 29.850 29.850 29.850 29.850 29.850 22.628 11.379 13.595 10.929 12.148 10.404 10.028 10.141 9.045 8.611 8.868 8.339 9.749 10.525 11.298 11.067 13.010 29.850 29.850 29.850 29.850 29.850 29.850 29.850 29.850 29.850 5.911 3.602 3.646 3.940
C1909TS349_1 0.346 5.395 5.615 5.765 6.262 6.744 5.856 6.412 7.107 6.424 5.685 5.071 5.121 5.627 5.495 4.957 5.589 5.985 5.998 5.792 6.291 6.288 6.297 5.890 5.810 5.644 5.956 6.121 7.900 7.440 6.586 7.489 6.947 6.523 6.804 7.732 6.936 7.096 7.471
C1909TS349_2 0.345 5.413 5.668 5.792 6.303 6.755 5.882 6.409 7.077 6.397 5.687 5.089 5.137 5.619 5.519 4.982 5.598 6.013 6.043 5.830 6.321 6.334 6.337 5.928 5.853 5.695 5.996 6.154 7.954 7.489 6.587 7.489 6.957 6.521 6.749 7.706 6.869 7.028 7.398
C1909TS349_3 0.349 5.051 5.432 5.910 6.360 7.066 5.956 6.615 7.078 6.532 5.746 5.158 5.253 5.480 5.551 4.945 5.401 5.738 5.812 5.483 5.930 6.174 5.877 5.335 5.616 5.537 6.053 6.568 7.398 7.497 6.479 7.508 6.406 6.022 6.465 7.235 6.826 6.831 6.393
C1909TS349_4 0.353 4.675 4.795 5.476 6.129 6.892 5.885 6.558 7.061 6.441 5.686 5.071 5.250 5.485 5.429 4.929 5.444 5.700 5.766 5.547 5.931 5.907 5.653 4.799 5.031 5.188 5.528 6.166 7.117 7.220 6.273 7.498 6.386 6.072 6.519 7.474 6.905 6.939 6.676
C1909TS349_5 0.342 5.390 5.505 5.896 6.686 7.422 6.370 7.199 7.959 6.846 6.199 5.527 5.538 5.782 5.796 5.313 5.757 6.140 6.207 5.749 6.278 6.292 6.232 5.742 5.744 5.628 5.957 6.333 7.475 7.623 6.487 7.840 6.579 6.637 6.743 7.275 6.963 7.349 6.695
C1909TS359_1 0.374 5.881 5.754 6.006 6.133 6.263 5.452 5.099 5.626 5.164 5.000 4.714 4.857 4.693 4.321 4.836 4.998 4.817 4.800 4.859 5.900 5.120 5.123 5.712 6.109 5.715 6.263 5.512 6.010 6.084 5.666 5.972 5.424 5.638 5.292 4.533 4.192 4.417 3.883
C1909TS369_1 0.300 8.067 6.570 7.442 9.166 13.839 16.592 29.850 15.461 9.647 8.621 7.512 10.828 8.364 5.880 6.621 8.109 6.102 5.750 6.633 7.021 5.473 5.654 6.059 6.408 7.134 8.702 9.203 12.378 15.273 28.669 29.850 29.850 29.850 24.082 16.979 16.096 29.850 16.787
C1909TS369_2 0.317 5.639 5.092 5.073 5.820 7.563 12.273 12.426 14.096 8.658 9.478 9.852 8.637 7.317 5.727 7.314 6.922 5.578 5.250 6.232 5.427 5.359 5.932 5.929 6.021 5.936 5.203 7.296 7.703 9.367 14.147 21.222 29.850 17.281 14.305 29.850 12.001 18.306 14.925
C1909TS369_3 0.279 6.815 7.840 12.815 12.004 29.850 24.971 29.850 29.850 11.473 9.462 10.520 14.024 12.779 8.929 10.895 15.224 8.895 7.157 8.455 7.311 6.667 6.842 7.449 9.995 13.256 14.228 15.796 29.850 29.850 29.850 29.850 29.850 29.311 21.722 9.592 11.171 29.850 11.895
C1909TS369_4 0.298 8.506 8.149 9.085 12.045 26.449 29.850 12.173 29.850 15.562 9.671 8.295 11.483 9.379 6.779 7.093 8.661 6.341 5.929 6.887 6.997 5.724 5.779 6.328 6.259 8.027 8.806 9.555 16.983 13.012 29.850 13.630 29.850 11.212 10.730 9.472 11.404 15.163 8.701
C1909TS369_5 0.331 9.990 7.664 8.259 8.231 8.644 7.455 7.662 7.148 6.830 6.010 5.300 5.928 6.143 4.850 5.298 6.453 5.337 5.278 6.360 6.269 5.490 6.174 6.828 6.533 8.711 9.231 7.836 8.578 8.021 8.321 8.921 7.696 7.193 6.848 6.819 7.308 7.090 6.259
C1909TS389_1 0.328 6.001 5.262 5.214 6.301 6.803 7.884 7.312 9.977 7.970 7.383 6.797 5.638 5.441 6.429 5.805 5.496 5.785 6.087 6.146 5.632 5.941 6.008 6.532 6.235 6.427 6.366 7.187 7.221 10.013 12.170 29.850 29.850 29.850 29.850 7.412 7.712 6.336 4.212
C1909TS389_2 0.287 9.445 11.301 10.327 13.369 17.590 16.850 11.200 16.924 21.365 12.395 8.890 10.837 11.181 8.506 10.041 10.785 9.096 8.660 7.885 8.825 9.565 9.073 12.257 9.875 12.217 11.261 12.772 14.640 29.850 26.585 29.850 27.889 13.867 9.260 8.031 6.848 6.122 6.364
C1909TS389_3 0.283 16.778 9.751 10.374 12.473 15.677 14.081 26.940 29.850 29.850 11.377 9.764 8.247 8.499 11.161 9.289 7.988 8.351 8.375 8.292 7.548 7.734 7.551 8.340 8.215 7.736 8.461 11.972 15.012 29.850 29.850 29.850 29.850 29.850 29.850 15.051 9.660 9.086 6.515
C1909TS389_4 0.340 12.699 10.560 8.096 7.648 6.475 6.685 6.489 7.070 6.864 7.612 7.461 7.643 7.547 6.786 6.037 6.292 6.658 5.914 5.815 5.781 6.066 5.829 5.744 5.944 5.984 6.001 6.803 8.018 7.518 6.430 6.153 6.647 6.685 6.020 5.080 4.983 4.408 4.390
C1909TS389_5 0.265 29.850 29.850 29.850 14.540 19.973 13.760 10.424 11.052 8.839 9.385 9.931 8.562 8.158 10.729 8.194 7.554 10.043 16.978 11.171 10.049 15.122 29.850 29.850 29.850 29.850 29.850 29.850 29.850 19.188 15.977 12.834 14.549 15.316 21.532 25.150 29.850 29.850 29.850
C1909TS404_1 0.278 11.607 11.497 12.362 13.347 17.070 13.412 14.919 19.235 29.850 26.686 15.286 18.569 13.076 13.558 17.565 15.753 17.872 15.403 11.705 12.011 14.282 10.209 10.766 8.279 10.088 11.218 16.063 17.259 14.338 14.088 16.254 9.879 15.783 11.791 9.891 6.983 7.372 7.100
C1909TS404_2 0.300 6.746 7.787 11.359 12.657 11.389 14.011 10.152 25.611 14.888 12.320 9.520 8.475 8.079 8.622 8.748 8.036 8.100 8.679 7.797 6.789 7.751 7.564 7.745 7.556 8.521 9.353 10.538 15.333 27.353 29.850 15.843 9.105 11.218 8.842 7.509 6.112 5.240 6.020
C1909TS404_3 0.263 29.850 11.135 14.747 17.383 29.850 29.850 29.850 29.850 29.850 29.850 29.850 29.850 14.063 17.550 23.887 15.745 17.790 19.310 12.159 12.338 15.352 11.058 11.740 9.042 12.612 11.519 29.320 29.850 29.850 29.850 29.850 17.072 11.630 22.760 15.880 12.880 10.359 29.850
C1909TS404_4 0.269 7.187 6.862 8.128 11.859 29.850 29.850 29.850 29.850 29.850 29.850 29.850 29.850 15.067 21.256 29.850 17.166 19.229 23.722 13.173 12.745 16.048 11.164 11.928 9.240 13.435 12.652 29.850 29.850 29.850 29.850 20.126 13.461 9.306 9.653 8.182 8.586 11.376 7.791
C1909TS404_5 0.254 8.514 7.229 8.817 11.846 29.850 29.850 29.850 29.850 29.850 29.850 29.850 24.400 25.298 29.850 29.850 29.850 29.850 29.850 29.850 29.850 29.850 29.850 29.850 29.850 29.850 29.850 29.850 29.850 29.850 29.850 29.850 29.850 14.575 8.590 7.040 5.807 5.754 4.613
C1909TS405_1 0.277 8.856 10.576 12.376 20.037 29.850 20.090 16.729 14.521 9.977 9.394 9.853 9.449 24.743 14.489 20.323 29.850 29.850 29.850 29.850 12.717 11.910 9.478 12.669 11.064 15.859 28.649 29.850 29.850 16.695 29.850 24.228 11.200 13.451 9.210 7.936 6.301 6.135 5.713
C1909TS405_2 0.257 29.850 29.850 29.850 29.850 29.850 20.500 14.225 9.132 11.491 12.666 10.909 25.230 29.850 29.850 29.850 29.850 29.850 29.850 29.850 29.850 29.850 29.850 29.850 29.850 29.850 29.850 29.850 29.850 29.850 29.850 29.850 29.850 11.704 9.722 8.235 5.603 6.263 5.386
C1909TS405_3 0.264 8.331 29.850 29.850 29.850 29.850 29.850 29.850 9.045 10.398 8.145 8.281 13.834 29.850 29.850 29.850 29.850 29.850 29.850 29.850 29.850 29.850 29.850 21.617 29.850 10.957 29.850 29.850 29.850 29.850 29.850 29.850 29.850 10.577 8.112 5.418 4.188 4.570 4.442
C1909TS405_4 0.280 8.440 7.559 8.474 20.574 29.850 22.730 12.521 8.991 10.258 8.738 9.081 16.331 29.850 29.850 29.850 29.850 29.850 29.850 14.907 9.331 8.396 8.422 8.178 7.708 8.481 10.669 29.850 29.850 29.850 29.850 29.850 29.850 10.894 9.042 7.319 4.974 5.542 5.465
C1909TS405_5 0.274 7.838 8.458 10.637 24.825 23.411 29.850 10.539 10.703 11.992 29.850 15.345 11.974 29.850 16.129 29.850 29.850 29.850 29.850 29.850 8.772 8.681 7.698 6.959 6.386 6.941 7.953 12.171 29.850 29.850 29.850 29.850 29.850 29.850 29.850 9.729 7.429 7.183 6.210
C1909TS413_1 0.409 3.825 3.646 3.822 3.980 4.509 4.676 5.156 5.373 5.756 5.482 5.407 4.951 5.264 4.929 4.663 4.412 4.429 4.317 4.003 4.305 4.041 4.298 3.648 4.063 3.709 3.703 3.727 3.608 3.877 3.693 3.916 4.600 4.761 4.529 4.698 5.184 5.370 5.097
C1909TS413_2 0.373 4.872 5.407 5.721 6.042 7.722 7.535 7.167 6.721 6.000 5.286 5.960 6.171 5.767 5.018 5.194 6.003 5.209 4.510 4.526 4.702 4.287 3.926 3.679 4.127 4.539 4.376 4.700 4.299 5.144 4.988 5.276 5.281 6.423 6.084 5.723 6.196 5.471 6.212
C1909TS413_3 0.327 8.642 8.323 8.242 10.907 10.356 13.102 9.765 8.526 11.872 10.654 7.570 5.421 4.962 4.760 5.685 6.413 5.474 5.467 6.971 6.792 6.108 5.993 7.494 6.625 6.301 7.250 8.194 7.839 6.352 7.401 7.409 6.896 6.444 7.636 6.487 6.591 7.121 7.098
C1909TS413_4 0.348 5.234 5.562 5.675 7.147 9.069 10.066 13.004 29.850 29.850 10.268 7.918 5.763 4.923 4.732 5.753 5.689 4.459 4.482 5.294 4.769 4.350 4.610 4.686 5.094 5.411 4.939 5.338 5.646 5.556 5.152 6.922 6.130 6.451 6.533 8.749 6.681 8.480 7.861
C1909TS413_5 0.390 4.856 4.783 4.884 5.089 5.856 5.446 6.051 5.963 6.292 5.560 5.318 5.443 5.021 4.459 4.639 4.801 3.865 3.879 4.154 3.907 3.597 3.523 3.741 3.157 3.672 3.954 4.468 4.854 5.435 5.398 5.009 5.685 5.951 6.028 6.150 5.959 6.070 5.841
C1909TS414_1 0.342 7.188 7.555 7.348 7.375 8.615 7.564 7.902 7.308 6.206 5.248 5.178 5.800 6.335 5.207 5.374 5.720 5.952 5.544 5.010 6.097 6.668 5.540 5.671 6.400 7.998 7.418 8.624 8.456 8.186 7.724 7.375 6.618 7.033 6.849 6.171 4.570 4.640 4.870
C1909TS414_2 0.397 8.485 6.580 5.318 5.285 4.999 4.864 4.539 4.663 4.145 4.023 4.028 3.629 3.796 4.225 3.890 4.323 4.423 4.634 4.431 4.772 5.504 5.332 6.484 8.943 8.787 7.621 6.378 5.502 5.043 4.321 3.595 3.614 3.629 3.344 3.642 3.646 3.780 3.965
C1909TS414_3 0.358 8.501 8.709 6.484 7.557 7.220 7.736 7.037 6.603 5.734 4.696 4.155 3.711 4.116 5.400 4.340 4.549 5.285 5.627 4.820 5.151 6.802 6.460 7.450 7.935 9.932 9.011 7.941 7.225 8.754 7.234 7.083 6.511 5.205 4.515 4.286 4.350 3.702 3.611
C1909TS414_4 0.362 7.277 7.337 5.681 5.534 5.837 5.520 5.647 5.703 5.289 5.468 5.136 5.176 5.334 5.115 4.878 4.896 5.428 4.866 4.748 5.130 5.687 5.810 6.199 6.383 7.440 6.692 6.391 5.766 5.050 5.050 5.081 5.280 5.007 5.823 5.298 6.009 6.481 5.554
C1909TS414_5 0.356 6.299 8.465 6.379 6.808 7.050 6.815 6.292 6.537 5.706 5.563 5.175 4.963 4.784 4.801 4.998 5.596 5.046 5.212 5.923 5.631 5.330 5.549 6.093 6.596 6.128 6.148 6.660 7.153 7.061 6.422 7.288 6.348 5.994 6.026 5.305 4.191 4.547 4.121
C1909TS438_1 0.309 5.652 5.411 6.668 8.570 13.354 14.116 29.850 23.378 10.913 9.726 9.763 11.445 7.400 7.165 7.629 7.275 6.577 6.049 6.352 6.223 5.772 5.396 5.432 5.633 5.715 7.128 7.835 9.861 14.812 17.170 21.289 29.850 15.715 13.570 11.935 9.501 7.816 7.063
C1909TS438_2 0.332 6.693 6.742 6.890 7.325 8.568 9.822 15.107 13.497 7.311 6.381 5.578 6.888 5.692 4.768 5.355 5.930 4.840 4.599 5.135 4.940 4.618 4.752 5.406 5.833 6.888 7.518 6.598 7.439 7.735 11.883 11.658 29.850 12.018 10.807 11.045 7.645 7.663 6.200
C1909TS438_3 0.289 7.529 7.815 10.522 13.025 28.487 24.758 29.850 29.850 17.271 10.846 9.257 14.801 9.584 8.322 8.840 9.303 6.969 6.050 7.021 7.135 5.828 5.875 6.548 7.122 8.428 11.239 9.588 11.571 14.739 29.850 26.395 29.850 29.850 14.720 15.129 12.900 15.091 15.428
C1909TS438_4 0.316 4.297 3.855 5.076 6.749 8.336 9.936 29.850 29.850 12.194 12.453 9.729 11.857 9.170 7.006 7.286 7.451 6.833 5.736 5.829 5.977 5.388 5.023 4.572 4.684 4.379 5.438 6.635 7.364 11.243 15.999 29.850 29.850 29.850 29.850 29.850 17.557 10.899 13.507
C1909TS438_5 0.327 7.479 7.458 8.500 8.979 11.049 10.658 20.200 18.706 7.601 6.964 6.436 8.687 7.252 5.186 5.929 6.491 5.032 4.602 5.483 5.141 4.506 4.716 5.538 6.321 7.402 8.895 7.650 10.551 9.535 18.113 21.696 20.705 13.091 9.236 6.078 4.918 4.679 4.778
END



