PFRMAT QA
TARGET C1905x2
MODEL 2
QMODE 2
C1905x2TS215_2 0.642 2.41 2.30 2.18 2.01 1.91 1.79 1.64 1.44 1.34 1.21 1.03 0.76 0.67 0.65 0.72 0.82 1.07 1.37 1.61 1.74
1.76 1.72 1.59 1.42 1.33 1.30 1.38 1.43 1.39 1.33 1.28 1.31 1.44 1.58 1.77 1.87 1.87 1.80 1.68 1.62
1.56 1.52 1.51 1.50 1.46 1.37 1.29 1.19 1.06 0.90 0.79 0.81 0.91 0.97 0.98 0.91 0.80 0.76 0.72 0.73
0.77 0.85 0.89 0.91 0.93 1.02 1.11 1.20 1.21 1.21 1.15 1.16 1.17 1.28 1.51 1.75 1.92 2.07 2.10 2.07
1.90 1.74 1.67 1.63 1.61 1.63 1.65 1.69 1.71 1.74 1.74 1.74 1.69 1.61 1.51 1.42 1.29 1.25 1.30 1.40
1.50 1.59 1.73 1.85 1.86 1.87 1.89 1.91 1.89 1.87 1.89 1.92 1.91 1.84 1.74 1.65 1.58 1.52 1.65 1.87
2.01 2.05 2.08 2.02 1.93 1.77 1.75 1.82 1.81 1.80 1.87 1.86 1.87 1.85 1.80 1.73 1.61 1.64 1.65 1.56
1.45 1.36 1.25 1.16 1.07 1.20 1.32 1.40 1.44 1.57 1.70 1.79 1.83 1.76 1.61 1.37 1.11 0.90 0.75 0.72
0.79 0.83 0.82 0.83 0.93 0.99 0.96 0.94 0.95 1.01 1.06 1.07 1.10 1.13 1.13 1.09 1.04 1.11 1.31 1.51
1.65 1.78 1.94 1.94 1.88 1.84 1.84 1.86 1.83 1.98 2.18 2.24 2.26 2.33 2.37 2.38 2.24 2.21 2.14 2.05
1.96 1.94 1.99 2.05 2.02 1.88 1.71 1.58 1.48 1.35 1.32 1.37 1.39 1.36 1.42 1.60 1.81 1.99 2.12 2.25
2.28 2.33 2.44 2.53 2.53 2.42 2.26 2.04 1.76 1.61 1.56 1.57 1.63 1.67 1.73 1.79 1.84 1.96 2.01 2.08
2.11 2.05 1.93 1.77 1.57 1.46 1.36 1.34 1.37 1.38 1.42 1.43 1.37 1.36 1.30 1.23 1.16 1.13 1.21 1.40
1.72 2.07 2.34 2.48 2.51 2.35 2.17 1.92 1.73 1.53 1.33 1.21 1.15 1.12 1.22
C1905x2TS215_1 0.634 1.36 1.25 1.15 1.06 0.99 0.97 1.08 1.14 1.19 1.25 1.27 1.33 1.49 1.63 1.78 1.87 1.92 2.00 2.05 1.97
1.92 1.85 1.66 1.50 1.43 1.44 1.53 1.50 1.44 1.28 1.04 0.79 0.71 0.76 0.91 1.07 1.23 1.40 1.60 1.87
2.04 2.20 2.28 2.22 2.05 1.74 1.45 1.27 1.10 1.03 1.02 1.10 1.21 1.26 1.30 1.28 1.29 1.34 1.37 1.45
1.56 1.70 1.83 1.90 1.94 1.99 2.02 2.01 1.98 1.99 1.97 1.94 1.85 1.70 1.61 1.63 1.61 1.55 1.49 1.49
1.46 1.34 1.26 1.33 1.39 1.43 1.43 1.50 1.53 1.55 1.59 1.61 1.57 1.59 1.60 1.60 1.58 1.61 1.70 1.77
1.78 1.90 1.94 1.94 1.93 1.96 1.93 1.86 1.77 1.80 1.80 1.80 1.88 1.96 1.95 1.92 1.89 1.88 1.93 2.00
2.11 2.17 2.21 2.27 2.36 2.35 2.35 2.43 2.52 2.61 2.73 2.72 2.75 2.73 2.63 2.63 2.78 2.99 3.21 3.12
2.91 2.63 2.36 2.08 1.91 1.94 1.98 1.94 1.91 1.98 2.18 2.32 2.41 2.52 2.47 2.25 1.96 1.73 1.56 1.46
1.44 1.46 1.46 1.47 1.54 1.58 1.59 1.63 1.67 1.66 1.60 1.48 1.45 1.46 1.57 1.71 1.82 1.98 2.09 2.03
1.99 1.92 1.86 1.76 1.64 1.71 1.79 1.81 1.93 2.11 2.21 2.17 2.01 1.86 1.69 1.47 1.32 1.23 1.19 1.16
1.08 0.90 0.84 0.81 0.89 0.92 0.92 0.96 1.00 0.99 1.01 1.03 1.02 0.94 0.82 0.69 0.63 0.77 0.96 1.12
1.18 1.16 1.12 1.05 0.90 0.75 0.72 0.76 0.80 0.93 1.03 1.17 1.37 1.50 1.64 1.77 1.83 1.89 1.86 1.80
1.80 1.76 1.74 1.65 1.46 1.24 1.02 0.88 0.86 0.95 1.04 1.16 1.32 1.50 1.61 1.73 1.81 1.90 1.83 1.79
1.85 1.90 1.89 1.83 1.77 1.73 1.61 1.59 1.72 1.82 1.87 1.85 1.83 1.83 1.76
C1905x2TS215_3 0.632 0.98 1.10 1.16 1.22 1.28 1.33 1.25 1.16 1.11 1.10 1.11 1.19 1.33 1.53 1.70 1.81 1.82 1.82 1.76 1.73
1.74 1.80 1.83 1.80 1.77 1.75 1.72 1.67 1.69 1.68 1.71 1.70 1.74 1.79 1.88 1.86 1.84 1.71 1.64 1.62
1.57 1.59 1.64 1.63 1.60 1.45 1.29 1.16 1.00 0.90 0.82 0.77 0.89 1.02 1.14 1.23 1.33 1.50 1.60 1.63
1.63 1.61 1.60 1.55 1.49 1.57 1.64 1.71 1.66 1.62 1.63 1.64 1.65 1.68 1.79 1.95 1.95 1.93 1.87 1.82
1.71 1.54 1.43 1.46 1.47 1.44 1.39 1.40 1.40 1.41 1.39 1.42 1.51 1.59 1.63 1.67 1.66 1.76 1.85 1.85
1.84 1.81 1.83 1.86 1.85 1.97 2.10 2.13 2.07 1.96 1.90 1.84 1.74 1.64 1.54 1.47 1.43 1.43 1.51 1.58
1.62 1.67 1.74 1.74 1.86 1.95 1.98 1.98 1.96 2.00 2.09 2.16 2.28 2.40 2.41 2.47 2.42 2.41 2.41 2.35
2.21 2.07 1.93 1.79 1.60 1.52 1.46 1.47 1.50 1.50 1.61 1.64 1.69 1.72 1.65 1.56 1.55 1.50 1.57 1.73
2.01 2.25 2.34 2.22 2.02 1.70 1.37 1.15 1.12 1.14 1.14 1.12 1.11 1.04 0.99 1.06 1.26 1.49 1.77 1.99
2.22 2.34 2.40 2.34 2.13 1.97 1.96 1.93 2.01 2.18 2.33 2.32 2.15 2.06 2.08 2.06 2.06 2.04 1.96 1.72
1.42 1.11 0.96 0.95 1.00 1.08 1.18 1.32 1.43 1.41 1.36 1.40 1.42 1.48 1.61 1.79 1.97 2.12 2.15 2.15
2.08 1.98 1.92 1.86 1.76 1.64 1.52 1.43 1.36 1.44 1.52 1.59 1.67 1.66 1.62 1.58 1.50 1.56 1.62 1.67
1.74 1.84 1.90 1.90 1.80 1.75 1.67 1.63 1.61 1.65 1.75 1.80 1.78 1.77 1.67 1.53 1.43 1.35 1.34 1.45
1.64 1.94 2.15 2.23 2.19 2.01 1.71 1.42 1.20 1.16 1.18 1.29 1.40 1.49 1.57
C1905x2TS215_5 0.621 1.84 1.78 1.76 1.72 1.65 1.60 1.55 1.47 1.38 1.36 1.43 1.51 1.63 1.76 1.84 1.83 1.77 1.75 1.78 1.77
1.77 1.83 1.84 1.77 1.68 1.73 1.84 1.90 2.02 2.16 2.20 2.17 1.99 1.89 1.86 1.75 1.72 1.82 1.83 1.94
1.96 2.07 2.20 2.27 2.27 2.19 1.98 1.77 1.57 1.48 1.41 1.47 1.60 1.69 1.74 1.78 1.80 1.78 1.66 1.56
1.46 1.42 1.37 1.39 1.43 1.50 1.52 1.52 1.45 1.40 1.35 1.35 1.32 1.33 1.39 1.47 1.50 1.51 1.51 1.59
1.64 1.68 1.75 1.88 1.96 2.04 2.01 2.01 1.94 1.89 1.79 1.79 1.81 1.88 1.90 1.91 1.86 1.95 2.07 2.13
2.17 2.24 2.26 2.31 2.40 2.60 2.80 2.88 2.81 2.74 2.52 2.33 2.22 2.11 1.95 1.82 1.73 1.67 1.68 1.68
1.68 1.66 1.66 1.69 1.75 1.84 1.94 2.01 2.01 2.01 2.01 1.98 2.03 2.11 2.12 2.12 2.10 2.07 2.01 1.84
1.76 1.69 1.60 1.52 1.45 1.53 1.62 1.67 1.69 1.68 1.74 1.77 1.77 1.78 1.75 1.67 1.58 1.39 1.26 1.15
1.17 1.18 1.18 1.16 1.19 1.17 1.16 1.19 1.25 1.35 1.35 1.37 1.38 1.35 1.32 1.31 1.28 1.37 1.47 1.63
1.85 2.02 2.17 2.21 2.07 2.00 1.91 1.80 1.74 1.80 1.87 1.84 1.72 1.65 1.58 1.46 1.31 1.27 1.29 1.29
1.36 1.38 1.47 1.57 1.63 1.66 1.67 1.67 1.71 1.67 1.66 1.76 1.82 1.84 1.80 1.75 1.69 1.60 1.51 1.56
1.57 1.60 1.60 1.56 1.48 1.36 1.28 1.33 1.39 1.60 1.82 2.03 2.20 2.31 2.29 2.25 2.13 2.03 1.91 1.77
1.63 1.59 1.53 1.57 1.67 1.83 2.06 2.24 2.34 2.42 2.37 2.31 2.20 2.14 2.11 2.02 1.92 1.91 1.84 1.84
1.92 1.98 1.99 1.95 1.84 1.73 1.63 1.61 1.69 1.80 1.89 2.03 2.12 2.15 2.18
C1905x2TS215_4 0.621 1.49 1.55 1.62 1.66 1.73 1.74 1.63 1.39 1.14 0.89 0.64 0.50 0.66 0.88 1.07 1.17 1.25 1.35 1.37 1.33
1.32 1.42 1.49 1.53 1.63 1.82 2.03 2.08 2.11 2.12 2.14 2.14 2.14 2.17 2.25 2.23 2.14 2.04 1.96 1.97
1.90 1.85 1.86 1.89 1.90 1.91 1.94 1.91 1.85 1.79 1.65 1.51 1.50 1.50 1.52 1.41 1.33 1.35 1.36 1.29
1.33 1.39 1.43 1.40 1.36 1.44 1.62 1.76 1.79 1.84 1.84 1.86 1.81 1.72 1.69 1.73 1.62 1.51 1.39 1.39
1.38 1.35 1.32 1.40 1.45 1.45 1.42 1.43 1.40 1.41 1.44 1.49 1.62 1.73 1.75 1.79 1.72 1.68 1.73 1.75
1.84 2.05 2.24 2.44 2.52 2.63 2.72 2.70 2.59 2.62 2.69 2.76 2.76 2.77 2.67 2.50 2.32 2.18 2.14 2.14
2.13 2.15 2.19 2.16 2.22 2.20 2.19 2.17 2.08 2.01 2.00 1.91 1.89 1.88 1.88 1.92 1.93 1.99 2.03 1.88
1.69 1.49 1.34 1.25 1.17 1.24 1.31 1.32 1.35 1.43 1.55 1.62 1.60 1.51 1.36 1.16 1.02 0.98 0.99 1.04
1.11 1.21 1.28 1.33 1.42 1.49 1.47 1.42 1.34 1.32 1.26 1.19 1.20 1.25 1.36 1.49 1.59 1.71 1.75 1.68
1.70 1.68 1.59 1.48 1.34 1.28 1.17 0.99 1.09 1.24 1.35 1.38 1.43 1.56 1.67 1.76 1.84 1.84 1.81 1.71
1.68 1.66 1.75 1.97 2.19 2.36 2.45 2.50 2.53 2.37 2.19 2.06 1.90 1.74 1.64 1.66 1.72 1.78 1.84 1.89
1.87 1.79 1.74 1.74 1.72 1.70 1.72 1.76 1.76 1.81 1.90 2.00 2.15 2.25 2.32 2.36 2.35 2.29 2.21 2.15
2.15 2.21 2.28 2.32 2.31 2.22 2.09 1.94 1.83 1.77 1.74 1.68 1.64 1.59 1.50 1.41 1.44 1.55 1.73 2.11
2.67 3.20 3.53 3.42 3.11 2.72 2.27 1.99 1.87 1.80 1.81 1.90 1.94 2.03 2.18
C1905x2TS389_4 0.551 2.17 2.17 2.21 2.22 2.29 2.41 2.48 2.51 2.51 2.59 2.59 2.62 2.68 2.61 2.51 2.43 2.41 2.45 2.37 2.35
2.26 2.18 2.10 2.05 2.17 2.33 2.51 2.62 2.62 2.61 2.60 2.64 2.79 2.97 3.26 3.42 3.53 3.61 3.76 4.06
3.96 3.76 3.56 3.31 2.92 2.47 2.25 2.15 1.99 1.86 1.78 1.83 1.97 2.08 2.23 2.35 2.44 2.50 2.50 2.49
2.44 2.43 2.50 2.58 2.85 3.24 3.53 3.74 3.59 3.27 2.87 2.48 2.29 2.29 2.27 2.35 2.41 2.45 2.41 2.43
2.42 2.41 2.35 2.31 2.22 2.02 1.77 1.63 1.43 1.30 1.27 1.34 1.45 1.56 1.60 1.67 1.71 1.80 1.93 2.03
2.12 2.27 2.34 2.31 2.22 2.14 1.99 1.80 1.56 1.47 1.46 1.47 1.52 1.57 1.58 1.54 1.55 1.58 1.73 1.82
1.98 2.12 2.24 2.34 2.51 2.59 2.69 2.78 2.87 2.82 2.79 2.78 2.78 2.75 2.72 2.79 2.92 2.94 2.95 2.91
2.81 2.72 2.64 2.57 2.45 2.46 2.47 2.52 2.54 2.64 2.80 2.92 2.92 2.88 2.77 2.69 2.67 2.64 2.64 2.65
2.73 2.72 2.66 2.62 2.56 2.47 2.27 2.13 1.99 1.84 1.64 1.48 1.33 1.29 1.31 1.41 1.53 1.76 1.98 2.09
2.22 2.32 2.45 2.51 2.49 2.57 2.57 2.53 2.49 2.58 2.65 2.72 2.77 2.88 2.90 2.90 2.74 2.69 2.57 2.51
2.46 2.45 2.53 2.73 2.99 3.26 3.37 3.46 3.49 3.39 3.17 3.11 3.10 3.03 2.91 2.86 2.77 2.64 2.47 2.40
2.38 2.41 2.48 2.59 2.62 2.55 2.48 2.40 2.30 2.28 2.29 2.36 2.52 2.64 2.72 2.87 2.96 3.04 3.12 3.24
3.42 3.48 3.27 3.00 2.61 2.27 2.05 1.93 1.91 1.89 1.85 1.91 1.90 1.90 1.95 2.02 2.14 2.22 2.23 2.31
2.46 2.52 2.59 2.70 2.89 3.02 3.05 2.96 2.93 2.86 2.80 2.86 2.96 3.08 3.25
C1905x2TS389_2 0.540 2.00 1.97 1.98 1.99 2.02 2.06 2.12 2.14 2.22 2.35 2.52 2.76 2.98 3.12 3.22 3.16 3.12 3.19 3.24 3.34
3.44 3.61 3.61 3.46 3.27 3.12 3.04 2.86 2.60 2.43 2.28 2.22 2.21 2.24 2.44 2.63 2.68 2.75 2.74 2.72
2.56 2.47 2.41 2.33 2.18 2.01 1.87 1.73 1.55 1.49 1.44 1.47 1.59 1.68 1.78 1.82 1.86 2.00 2.15 2.26
2.41 2.70 3.00 3.23 3.32 3.35 3.37 3.33 3.11 2.96 2.98 3.23 3.39 3.36 3.34 3.37 3.17 2.78 2.40 2.25
2.10 1.90 1.76 1.73 1.68 1.57 1.40 1.31 1.21 1.21 1.27 1.41 1.55 1.62 1.67 1.75 1.74 1.80 1.99 2.15
2.31 2.45 2.52 2.55 2.46 2.40 2.32 2.19 2.02 1.91 1.85 1.81 1.75 1.68 1.59 1.49 1.45 1.44 1.56 1.69
1.85 1.99 2.16 2.26 2.55 2.83 3.04 3.15 3.16 3.08 2.96 2.72 2.67 2.67 2.64 2.73 2.91 3.04 3.15 3.14
3.12 3.08 2.97 2.91 2.84 2.85 2.87 2.83 2.84 2.97 3.19 3.37 3.43 3.40 3.29 3.12 2.99 2.88 2.84 2.78
2.82 2.77 2.69 2.63 2.59 2.57 2.45 2.33 2.20 2.09 1.91 1.77 1.66 1.67 1.69 1.79 1.86 2.03 2.17 2.30
2.45 2.62 2.80 3.02 3.08 3.13 3.17 3.11 2.99 2.91 2.79 2.59 2.40 2.26 2.20 2.22 2.24 2.39 2.51 2.56
2.61 2.63 2.74 2.99 3.19 3.24 3.16 3.15 3.19 3.16 3.15 3.35 3.47 3.39 3.22 3.08 2.90 2.71 2.55 2.45
2.32 2.24 2.30 2.49 2.62 2.71 2.90 3.02 3.07 3.03 3.02 2.97 2.92 2.81 2.73 2.63 2.59 2.51 2.52 2.49
2.60 2.74 2.90 3.06 3.39 3.73 4.00 4.00 3.96 3.77 3.30 3.00 2.87 2.82 2.83 2.87 2.98 3.12 3.02 2.97
2.96 2.91 2.91 2.93 2.96 2.94 2.86 2.73 2.65 2.56 2.54 2.61 2.68 2.72 2.75
C1905x2TS228_1 0.538 3.33 3.25 3.16 3.06 2.99 2.80 2.58 2.40 2.27 2.13 2.06 2.02 2.03 1.99 1.90 1.77 1.71 1.69 1.71 1.84
1.99 2.14 2.25 2.29 2.41 2.58 2.65 2.70 2.70 2.69 2.64 2.52 2.42 2.34 2.26 2.09 1.93 1.89 1.91 1.96
2.05 2.20 2.29 2.26 2.24 2.20 2.17 2.10 2.13 2.30 2.40 2.49 2.71 2.84 2.89 2.82 2.84 2.96 3.06 3.07
3.08 3.09 3.01 2.83 2.71 2.68 2.69 2.65 2.56 2.53 2.48 2.45 2.43 2.50 2.67 2.89 2.98 2.93 2.76 2.61
2.40 2.24 2.21 2.32 2.36 2.33 2.23 2.20 2.07 2.00 2.01 2.02 2.01 1.98 1.92 1.90 1.75 1.66 1.62 1.55
1.54 1.58 1.67 1.75 1.76 1.79 1.75 1.64 1.48 1.38 1.34 1.33 1.30 1.28 1.29 1.29 1.30 1.43 1.62 1.86
2.05 2.26 2.44 2.53 2.65 2.75 2.79 2.83 2.73 2.62 2.49 2.34 2.31 2.35 2.36 2.50 2.72 2.99 3.08 3.03
2.89 2.80 2.69 2.64 2.58 2.71 2.77 2.73 2.65 2.64 2.67 2.72 2.66 2.59 2.58 2.51 2.56 2.61 2.64 2.65
2.64 2.60 2.56 2.52 2.55 2.55 2.46 2.36 2.14 2.00 1.81 1.69 1.66 1.73 1.90 2.16 2.34 2.61 2.87 3.03
3.24 3.44 3.50 3.48 3.49 3.68 3.92 4.03 4.12 4.26 4.11 3.67 3.11 2.73 2.48 2.30 2.17 2.13 2.17 2.32
2.38 2.34 2.42 2.55 2.63 2.62 2.51 2.55 2.66 2.70 2.83 3.07 3.17 3.15 2.90 2.73 2.56 2.44 2.38 2.37
2.27 2.19 2.18 2.27 2.33 2.47 2.72 3.04 3.32 3.61 3.85 3.97 4.00 3.98 4.09 4.25 4.36 4.57 4.55 4.14
3.76 3.44 3.28 3.20 3.07 3.10 3.09 2.92 2.75 2.56 2.37 2.30 2.31 2.48 2.71 2.92 3.20 3.41 3.41 3.45
3.66 3.71 3.73 3.64 3.62 3.54 3.33 3.28 3.43 3.73 4.21 4.86 5.65 6.62 7.52
C1905x2TS389_5 0.532 2.03 2.05 2.05 2.04 2.06 2.10 2.07 1.99 2.06 2.24 2.52 2.84 3.22 3.46 3.42 3.17 3.04 3.06 3.26 3.66
3.99 4.13 3.89 3.43 3.16 3.06 3.12 3.36 3.57 3.71 3.71 3.58 3.48 3.42 3.42 3.41 3.47 3.60 3.49 3.43
3.15 2.95 2.73 2.50 2.34 2.26 2.11 1.99 1.84 1.83 1.78 1.74 1.84 1.99 2.11 2.16 2.22 2.33 2.40 2.36
2.33 2.40 2.47 2.47 2.48 2.59 2.70 2.68 2.52 2.40 2.21 2.01 1.85 1.82 1.84 1.95 2.06 2.18 2.21 2.31
2.35 2.35 2.35 2.53 2.64 2.67 2.69 2.79 2.82 2.81 2.89 3.05 3.17 3.14 3.06 2.93 2.74 2.65 2.62 2.55
2.52 2.53 2.59 2.62 2.65 2.76 2.75 2.66 2.46 2.25 2.18 2.21 2.24 2.23 2.19 2.10 2.02 1.91 1.94 2.07
2.22 2.33 2.50 2.63 2.88 2.99 3.03 3.11 3.09 2.91 2.81 2.61 2.57 2.53 2.47 2.55 2.69 2.82 2.99 2.93
2.80 2.73 2.67 2.55 2.40 2.44 2.45 2.45 2.55 2.82 3.18 3.31 3.18 2.91 2.52 2.10 1.91 1.87 2.01 2.20
2.41 2.49 2.44 2.27 2.10 1.89 1.69 1.54 1.50 1.52 1.43 1.32 1.24 1.21 1.22 1.27 1.39 1.63 1.80 1.88
2.04 2.17 2.29 2.37 2.34 2.45 2.56 2.62 2.72 2.87 2.99 3.00 2.86 2.87 2.88 2.89 2.77 2.69 2.58 2.45
2.36 2.25 2.33 2.49 2.57 2.67 2.75 2.88 3.06 3.19 3.42 3.78 3.83 3.66 3.34 3.12 2.88 2.73 2.68 2.79
2.87 2.94 2.88 2.89 2.83 2.72 2.71 2.72 2.69 2.77 2.69 2.65 2.63 2.59 2.62 2.72 2.78 2.88 2.87 2.86
2.88 2.91 3.02 3.22 3.42 3.71 3.90 3.90 3.83 3.60 3.37 3.27 3.20 3.20 3.15 3.06 3.03 2.95 2.80 2.75
2.89 3.00 3.09 3.17 3.32 3.44 3.40 3.27 3.26 3.27 3.36 3.44 3.53 3.67 3.81
C1905x2TS389_3 0.526 2.62 2.58 2.58 2.60 2.70 2.87 2.92 2.91 2.94 2.90 2.85 2.83 2.88 2.98 3.03 3.05 3.03 3.04 2.99 2.88
2.70 2.57 2.49 2.41 2.50 2.79 3.20 3.61 3.89 3.96 3.91 3.72 3.50 3.40 3.38 3.26 3.09 3.00 2.92 2.91
2.76 2.68 2.62 2.49 2.32 2.14 2.01 1.88 1.79 1.83 1.86 1.97 2.21 2.39 2.53 2.51 2.49 2.54 2.58 2.71
2.86 3.10 3.29 3.34 3.44 3.70 3.94 4.11 3.99 3.90 3.61 3.24 2.93 2.87 2.93 3.06 3.09 3.10 3.00 2.96
2.84 2.70 2.69 2.80 2.86 2.78 2.61 2.49 2.30 2.13 2.07 2.13 2.25 2.33 2.39 2.45 2.40 2.39 2.40 2.40
2.42 2.49 2.56 2.56 2.53 2.60 2.56 2.49 2.32 2.24 2.20 2.13 2.09 2.05 1.92 1.75 1.62 1.57 1.59 1.70
1.90 2.08 2.25 2.33 2.54 2.73 2.76 2.90 3.04 2.97 2.82 2.60 2.46 2.39 2.29 2.41 2.61 2.81 2.93 2.89
2.73 2.61 2.51 2.47 2.40 2.50 2.56 2.53 2.45 2.47 2.57 2.64 2.69 2.75 2.82 2.77 2.74 2.69 2.68 2.72
2.79 2.74 2.66 2.55 2.47 2.33 2.14 2.03 1.96 1.92 1.75 1.62 1.50 1.42 1.40 1.42 1.48 1.68 1.90 2.05
2.24 2.44 2.61 2.79 2.86 2.98 3.07 3.00 2.98 3.09 3.25 3.35 3.31 3.29 3.15 2.92 2.63 2.39 2.29 2.25
2.25 2.28 2.49 2.84 3.16 3.30 3.25 3.24 3.26 3.19 3.26 3.54 3.70 3.69 3.41 3.19 2.99 2.80 2.64 2.57
2.42 2.30 2.19 2.17 2.24 2.27 2.33 2.42 2.45 2.59 2.72 2.81 3.01 3.14 3.24 3.30 3.33 3.43 3.50 3.53
3.55 3.63 3.65 3.52 3.33 3.14 2.90 2.69 2.46 2.36 2.31 2.35 2.44 2.62 2.85 3.09 3.29 3.43 3.43 3.41
3.50 3.46 3.45 3.50 3.62 3.82 3.93 3.91 3.88 3.68 3.43 3.19 3.01 2.96 2.96
C1905x2TS389_1 0.515 2.63 2.66 2.69 2.77 2.92 3.05 3.21 3.25 3.27 3.23 3.11 3.11 3.22 3.24 3.23 3.16 3.11 3.07 2.91 2.78
2.72 2.79 2.82 2.99 3.39 4.03 4.67 4.94 4.86 4.38 3.70 3.22 2.98 2.94 3.02 3.07 3.26 3.41 3.53 3.61
3.52 3.50 3.44 3.31 3.12 2.82 2.60 2.44 2.27 2.22 2.19 2.30 2.49 2.62 2.69 2.71 2.75 2.84 2.94 3.07
3.11 3.11 3.07 2.89 2.75 2.67 2.68 2.71 2.63 2.56 2.45 2.36 2.30 2.33 2.45 2.65 2.82 2.97 2.93 2.98
2.92 2.81 2.74 2.83 2.81 2.70 2.50 2.40 2.22 2.08 2.05 2.16 2.26 2.33 2.35 2.41 2.35 2.34 2.39 2.41
2.42 2.43 2.47 2.47 2.41 2.45 2.45 2.41 2.29 2.19 2.16 2.13 2.07 2.05 2.02 1.94 1.92 1.93 2.05 2.10
2.22 2.35 2.48 2.48 2.63 2.73 2.82 2.90 2.97 2.97 2.93 2.83 2.81 2.78 2.73 2.77 2.84 2.88 2.85 2.81
2.76 2.81 2.93 3.06 3.01 3.05 3.02 2.88 2.75 2.77 2.96 3.15 3.20 3.17 3.11 2.94 2.86 2.85 2.91 2.97
3.04 3.02 2.93 2.76 2.64 2.52 2.35 2.21 2.08 2.00 1.86 1.77 1.73 1.76 1.82 1.93 2.04 2.28 2.53 2.75
3.02 3.21 3.39 3.43 3.31 3.28 3.23 3.18 3.17 3.31 3.59 3.80 3.87 3.83 3.66 3.37 3.01 2.84 2.72 2.77
2.85 2.89 3.03 3.20 3.27 3.39 3.47 3.66 3.88 4.05 4.07 4.24 4.22 4.00 3.87 3.72 3.51 3.53 3.51 3.53
3.42 3.23 3.19 3.09 2.91 2.81 2.85 2.92 2.91 2.95 3.02 3.08 3.12 3.09 3.07 3.06 3.05 3.07 3.01 3.03
3.05 3.03 3.02 2.96 2.88 2.76 2.57 2.46 2.43 2.40 2.36 2.36 2.38 2.36 2.33 2.33 2.43 2.52 2.55 2.58
2.70 2.73 2.69 2.66 2.70 2.74 2.84 2.88 2.90 2.90 2.86 2.90 2.91 2.92 3.06
C1905x2TS073_3 0.492 4.02 4.09 4.07 4.02 4.00 3.90 3.73 3.48 3.23 3.05 2.90 2.93 3.03 3.12 3.19 3.22 3.25 3.23 3.11 3.08
3.00 2.91 2.75 2.57 2.60 2.75 3.05 3.27 3.39 3.53 3.55 3.52 3.58 3.64 3.90 4.00 3.90 3.78 3.42 3.25
3.03 2.88 2.85 2.92 2.92 2.81 2.61 2.47 2.29 2.19 2.13 2.27 2.55 2.80 2.96 3.05 3.16 3.24 3.22 3.30
3.39 3.72 3.93 4.02 4.24 4.37 4.35 4.40 4.12 3.95 3.66 3.37 3.11 2.93 2.79 2.74 2.60 2.46 2.23 2.06
1.87 1.74 1.67 1.72 1.77 1.78 1.74 1.75 1.73 1.77 1.80 1.89 2.00 2.02 2.01 2.06 2.10 2.27 2.43 2.52
2.56 2.56 2.47 2.33 2.15 2.08 2.02 1.93 1.82 1.75 1.77 1.77 1.74 1.66 1.62 1.55 1.51 1.48 1.67 1.82
1.97 2.12 2.34 2.45 2.62 2.71 2.84 2.94 2.90 2.79 2.77 2.63 2.57 2.60 2.60 2.76 2.93 3.13 3.39 3.38
3.31 3.38 3.39 3.41 3.50 3.78 4.03 3.91 3.60 3.34 3.15 2.98 3.03 3.18 3.39 3.44 3.48 3.35 3.16 2.97
2.90 2.88 2.89 2.88 2.98 3.15 3.29 3.39 3.43 3.47 3.41 3.37 3.35 3.42 3.53 3.62 3.62 3.57 3.52 3.40
3.43 3.50 3.81 4.20 4.51 5.00 5.39 5.49 5.54 5.70 6.24 6.33 5.65 5.15 4.52 4.03 3.56 3.35 3.27 3.30
3.28 3.28 3.39 3.67 3.78 3.92 3.75 3.59 3.39 3.23 3.19 3.37 3.34 3.32 3.21 3.23 3.27 3.35 3.40 3.48
3.35 3.11 2.91 2.86 2.88 2.92 3.04 3.23 3.36 3.51 3.66 3.71 3.75 3.66 3.44 3.31 3.15 3.06 3.06 3.05
3.18 3.34 3.46 3.56 3.66 3.80 3.79 3.65 3.54 3.35 3.14 3.01 2.95 3.07 3.21 3.47 3.94 4.29 4.45 4.67
4.94 4.92 4.77 4.72 4.80 4.58 4.24 3.89 3.68 3.46 3.35 3.36 3.41 3.46 3.59
C1905x2TS073_4 0.486 3.43 3.57 3.68 3.76 3.93 4.12 4.17 3.93 3.83 3.84 3.82 3.92 4.18 4.31 4.40 4.17 4.00 3.82 3.56 3.45
3.47 3.49 3.50 3.40 3.46 3.49 3.56 3.61 3.64 3.58 3.57 3.60 3.66 3.74 3.92 4.04 4.07 4.15 4.07 4.11
3.86 3.75 3.64 3.49 3.30 3.16 3.02 2.94 2.81 2.87 2.88 3.07 3.32 3.38 3.29 3.02 2.80 2.74 2.68 2.77
2.91 3.07 3.16 3.15 3.11 3.23 3.36 3.50 3.45 3.29 3.02 2.74 2.44 2.27 2.21 2.26 2.28 2.28 2.24 2.22
2.24 2.25 2.25 2.31 2.31 2.17 1.94 1.75 1.60 1.54 1.53 1.57 1.63 1.66 1.62 1.62 1.54 1.54 1.61 1.67
1.75 1.81 1.82 1.81 1.72 1.61 1.47 1.34 1.25 1.23 1.33 1.46 1.60 1.68 1.76 1.79 1.82 1.89 2.07 2.25
2.43 2.60 2.80 2.88 3.02 3.08 3.09 3.12 3.02 2.92 2.87 2.74 2.72 2.70 2.63 2.73 2.95 3.24 3.50 3.64
3.68 3.77 3.70 3.63 3.56 3.66 3.67 3.60 3.38 3.24 3.17 3.26 3.37 3.46 3.58 3.65 3.86 3.95 3.98 4.10
4.31 4.29 4.17 4.00 3.94 3.93 3.84 3.89 3.86 3.83 3.68 3.58 3.44 3.32 3.24 3.32 3.36 3.43 3.56 3.70
3.85 3.86 3.91 3.93 3.72 3.55 3.42 3.36 3.44 3.62 3.84 3.93 3.70 3.52 3.35 3.28 3.34 3.63 4.08 4.56
4.79 4.69 4.78 4.98 4.86 4.62 4.40 4.25 4.10 3.82 3.82 4.10 4.28 4.30 4.28 4.51 4.90 4.99 4.81 4.54
4.06 3.56 3.22 3.13 3.23 3.31 3.41 3.56 3.60 3.66 3.81 3.83 3.89 3.74 3.51 3.35 3.16 3.04 3.07 3.10
3.32 3.65 3.99 4.28 4.31 4.32 4.30 4.14 3.90 3.73 3.60 3.46 3.18 2.98 2.85 2.78 2.82 2.91 3.00 3.22
3.48 3.61 3.62 3.51 3.42 3.37 3.29 3.24 3.24 3.25 3.26 3.35 3.41 3.50 3.68
C1905x2TS073_1 0.473 3.11 3.19 3.23 3.28 3.39 3.50 3.47 3.23 3.12 3.06 3.01 3.17 3.48 3.81 4.07 4.14 4.05 3.90 3.71 3.66
3.61 3.57 3.51 3.43 3.48 3.58 3.83 4.11 4.41 4.70 4.86 4.78 4.74 4.65 4.54 4.43 4.32 4.17 3.85 3.66
3.41 3.18 2.96 2.83 2.71 2.50 2.26 2.08 1.95 1.98 2.22 2.64 3.23 3.75 4.06 3.96 3.59 3.21 2.98 2.90
2.94 3.08 3.16 3.25 3.39 3.55 3.64 3.79 3.71 3.52 3.18 2.90 2.65 2.52 2.45 2.55 2.54 2.47 2.27 2.09
1.87 1.69 1.60 1.65 1.68 1.65 1.56 1.51 1.38 1.35 1.39 1.48 1.58 1.71 1.78 1.84 1.76 1.76 1.81 1.86
1.95 2.11 2.24 2.34 2.35 2.38 2.30 2.16 2.04 1.96 1.89 1.88 1.91 1.94 1.90 1.87 1.92 1.98 2.13 2.39
2.70 2.93 3.16 3.29 3.51 3.52 3.38 3.34 3.16 3.00 2.92 2.73 2.63 2.55 2.49 2.57 2.64 2.81 2.95 3.01
3.00 2.97 3.06 3.24 3.35 3.69 3.84 3.81 3.70 3.71 3.90 4.12 4.39 4.81 5.11 4.89 4.59 4.24 4.03 3.79
3.74 3.69 3.70 3.74 3.87 4.05 4.30 4.45 4.39 4.26 3.95 3.75 3.67 3.78 4.01 4.38 4.65 4.97 5.15 5.31
5.85 6.62 7.49 8.09 7.94 7.79 7.16 6.32 5.73 5.61 5.93 5.79 5.42 5.43 5.48 5.24 4.84 4.67 4.70 4.69
4.58 4.45 4.52 4.55 4.46 4.22 3.90 3.73 3.69 3.65 3.78 4.24 4.69 5.07 5.07 5.08 4.90 4.61 4.25 4.08
3.86 3.78 3.66 3.65 3.58 3.52 3.52 3.62 3.74 4.02 4.15 4.18 4.18 3.98 3.76 3.62 3.48 3.41 3.31 3.22
3.24 3.26 3.30 3.46 3.65 3.88 4.06 4.09 4.02 3.91 3.76 3.75 3.77 3.92 4.00 4.03 4.02 3.88 3.66 3.57
3.53 3.53 3.49 3.47 3.52 3.58 3.58 3.51 3.41 3.23 3.14 3.08 3.04 3.07 3.23
C1905x2TS073_5 0.467 3.60 3.66 3.66 3.73 3.83 3.84 3.75 3.59 3.46 3.47 3.43 3.57 3.81 3.94 3.93 3.81 3.69 3.67 3.58 3.53
3.58 3.55 3.40 3.23 3.23 3.23 3.27 3.29 3.38 3.31 3.26 3.39 3.61 3.82 4.16 4.58 4.88 4.90 4.70 4.75
4.52 4.46 4.60 4.82 4.79 4.49 4.07 3.68 3.23 2.92 2.79 2.82 2.96 3.00 3.00 2.98 2.97 2.94 2.97 3.03
3.15 3.32 3.52 3.68 3.80 3.88 4.14 4.08 3.74 3.45 3.16 2.85 2.56 2.37 2.37 2.37 2.35 2.38 2.33 2.27
2.18 2.09 2.04 2.04 2.06 2.01 1.91 1.87 1.79 1.77 1.79 1.88 1.96 1.97 1.96 1.97 1.92 1.94 2.02 2.04
2.06 2.13 2.22 2.28 2.32 2.42 2.45 2.39 2.33 2.32 2.32 2.37 2.50 2.60 2.61 2.60 2.64 2.64 2.72 2.85
3.03 3.11 3.12 3.09 3.21 3.24 3.27 3.44 3.59 3.69 3.68 3.54 3.49 3.36 3.09 3.16 3.34 3.64 3.84 3.82
3.55 3.27 3.00 2.93 2.91 3.17 3.46 3.78 3.93 4.27 4.78 5.09 5.23 5.06 4.64 4.01 3.42 3.02 2.66 2.35
2.24 2.22 2.28 2.43 2.67 3.03 3.27 3.44 3.48 3.49 3.30 3.17 3.15 3.33 3.56 3.86 3.96 4.11 4.15 3.94
3.87 3.84 3.74 3.65 3.40 3.32 3.38 3.41 3.60 4.05 4.79 5.30 5.22 5.13 4.93 4.57 4.11 3.84 3.84 3.89
3.80 3.72 3.85 4.03 4.05 3.88 3.60 3.45 3.44 3.40 3.58 4.00 4.44 4.72 4.86 5.13 5.49 5.64 5.64 5.41
4.94 4.54 4.33 4.28 4.34 4.32 4.39 4.41 4.22 4.15 4.01 3.77 3.57 3.28 2.98 2.84 2.73 2.79 2.84 2.92
3.10 3.30 3.39 3.56 3.68 3.91 4.11 4.21 4.30 4.29 4.15 4.22 4.47 4.71 5.03 5.40 5.90 6.33 6.30 6.68
7.47 7.43 6.58 5.51 4.78 4.36 4.21 4.22 4.35 4.59 4.86 4.80 4.68 4.54 4.61
C1905x2TS123_3 0.448 3.71 3.79 3.83 3.77 3.85 4.17 4.52 4.58 4.44 4.31 4.12 3.84 3.78 3.85 3.83 3.68 3.47 3.30 3.25 3.42
3.68 4.05 4.33 4.45 4.43 4.15 4.01 3.87 3.62 3.33 3.18 3.08 3.27 3.53 4.09 4.40 4.41 4.19 3.79 3.33
2.91 2.72 2.79 2.84 2.79 2.71 2.63 2.58 2.42 2.36 2.37 2.45 2.58 2.70 2.88 3.08 3.24 3.39 3.46 3.51
3.41 3.30 3.23 3.16 3.05 3.03 3.05 3.02 2.86 2.73 2.57 2.46 2.37 2.38 2.48 2.60 2.65 2.71 2.66 2.65
2.61 2.55 2.51 2.63 2.70 2.71 2.72 2.87 2.90 2.93 3.02 3.16 3.27 3.24 3.09 3.02 2.79 2.56 2.46 2.42
2.55 2.83 3.15 3.50 3.75 4.00 4.03 3.95 3.79 3.67 3.54 3.34 3.04 2.79 2.57 2.40 2.30 2.27 2.30 2.42
2.57 2.70 2.89 3.06 3.29 3.45 3.47 3.57 3.59 3.58 3.50 3.26 3.24 3.27 3.27 3.48 3.69 3.99 4.12 3.87
3.62 3.41 3.29 3.28 3.28 3.54 3.85 4.21 4.47 4.73 5.46 6.55 7.23 7.17 6.31 5.21 4.27 3.49 3.04 3.02
3.25 3.76 4.44 5.03 5.80 6.08 5.69 5.18 4.49 4.11 3.90 3.78 3.78 3.91 4.14 4.55 4.97 5.36 5.72 5.94
6.01 6.00 5.66 5.48 5.22 5.23 5.16 5.09 5.19 5.57 5.87 6.32 6.50 6.86 6.61 6.10 5.69 5.51 5.15 4.81
4.63 4.61 4.70 4.68 4.79 4.85 4.61 4.44 4.39 4.35 4.53 4.81 4.99 5.11 4.90 4.94 4.84 4.59 4.25 3.91
3.40 3.06 2.86 2.95 3.12 3.36 3.54 3.83 3.88 4.01 4.15 4.40 4.78 5.15 5.12 5.02 4.64 4.42 4.38 4.34
4.49 4.68 4.84 4.79 4.54 4.38 4.29 4.16 4.07 4.00 3.95 3.81 3.69 3.64 3.62 3.59 3.59 3.76 3.81 3.90
4.24 4.65 5.01 4.94 4.68 4.40 3.98 3.62 3.46 3.49 3.58 3.77 3.90 4.01 4.23
C1905x2TS073_2 0.444 3.56 3.67 3.72 3.83 4.03 4.19 4.24 4.06 3.84 3.68 3.52 3.57 3.68 3.71 3.71 3.71 3.78 3.98 4.14 4.26
4.19 4.00 3.45 3.00 2.80 2.81 2.93 2.98 3.12 3.32 3.43 3.72 4.14 4.62 5.08 4.94 4.62 4.22 3.69 3.51
3.20 3.08 3.10 3.15 3.24 3.23 3.23 3.28 3.14 3.10 3.03 3.19 3.55 3.79 3.93 3.92 3.83 3.88 3.76 3.67
3.57 3.46 3.26 3.01 2.81 2.88 3.03 3.27 3.39 3.45 3.29 3.02 2.68 2.50 2.42 2.51 2.64 2.78 2.74 2.69
2.54 2.40 2.28 2.24 2.23 2.12 1.94 1.78 1.58 1.47 1.40 1.38 1.44 1.48 1.51 1.58 1.58 1.65 1.77 1.82
1.88 1.92 1.92 1.89 1.79 1.74 1.66 1.56 1.47 1.40 1.38 1.36 1.37 1.38 1.38 1.40 1.55 1.69 1.92 2.21
2.50 2.73 2.98 3.16 3.53 3.76 3.82 4.03 4.15 4.11 4.05 3.86 3.85 3.95 3.85 4.00 4.46 5.18 5.67 5.55
5.25 5.12 4.75 4.43 4.32 4.65 4.78 4.86 4.85 4.95 5.26 5.32 5.43 5.55 5.56 5.29 5.25 5.22 5.16 4.90
4.82 4.73 4.61 4.50 4.57 4.93 4.99 4.83 4.60 4.41 3.98 3.82 3.81 3.98 4.17 4.44 4.65 4.81 4.82 4.83
5.12 5.55 5.95 6.40 6.27 6.10 5.79 5.31 5.02 5.05 5.22 5.29 4.97 4.96 4.93 5.11 5.44 5.88 6.22 6.40
6.09 5.61 5.46 5.82 6.15 6.14 5.72 5.40 5.17 4.78 4.73 5.21 5.41 5.37 5.31 5.39 5.37 5.31 5.26 5.38
5.11 4.82 4.75 4.80 4.82 4.90 5.38 6.29 7.07 7.91 8.12 7.48 6.98 5.97 5.31 4.91 4.49 4.13 3.82 3.68
3.91 4.29 4.86 5.52 6.03 6.31 5.91 5.38 4.89 4.60 4.49 4.55 4.83 5.35 5.62 5.79 5.75 5.44 4.97 4.84
5.10 5.22 5.24 5.14 5.08 4.91 4.62 4.73 5.06 5.36 5.55 5.52 5.37 5.15 4.83
C1905x2TS123_5 0.432 5.24 5.97 6.90 8.04 10.44 12.67 12.04 8.05 6.08 5.08 4.37 3.91 3.64 3.45 3.27 3.04 2.94 2.91 2.84 2.82
2.86 2.97 3.00 3.15 3.48 3.95 4.37 4.40 4.24 3.81 3.32 3.04 2.82 2.84 3.01 3.17 3.39 3.73 3.88 4.22
4.30 4.54 4.60 4.47 4.12 3.77 3.37 3.00 2.68 2.57 2.43 2.41 2.46 2.53 2.60 2.55 2.49 2.51 2.47 2.44
2.36 2.42 2.48 2.56 2.67 2.90 3.25 3.57 3.69 3.75 3.54 3.20 2.84 2.64 2.60 2.69 2.74 2.87 2.87 2.87
2.80 2.81 2.92 3.11 3.22 3.28 3.14 3.08 2.92 2.87 2.91 3.01 3.28 3.61 3.88 4.38 4.99 5.86 6.29 6.12
5.81 5.44 4.94 4.56 4.37 4.30 4.04 3.80 3.42 3.11 3.00 3.03 3.04 2.94 2.84 2.75 2.65 2.52 2.50 2.59
2.69 2.77 2.98 3.22 3.57 3.91 4.19 4.47 4.42 4.05 3.76 3.58 3.44 3.39 3.43 3.80 4.37 4.99 5.37 5.41
4.93 4.52 4.07 3.84 3.74 3.96 4.13 4.18 3.97 4.09 4.52 4.93 5.20 5.36 5.55 5.58 5.50 5.61 5.72 5.53
5.30 4.72 4.20 3.91 3.91 4.10 4.11 3.97 3.77 3.44 3.00 2.68 2.45 2.34 2.40 2.57 2.81 3.03 3.26 3.37
3.51 3.62 3.75 3.79 3.71 3.70 3.69 3.55 3.39 3.53 3.79 3.90 3.77 3.84 3.93 4.10 4.20 4.59 5.18 5.86
6.25 6.25 6.34 6.84 8.17 8.91 9.65 11.71 19.38 23.47 26.97 29.85 29.16 11.42 7.98 6.68 5.99 5.52 5.24 5.19
4.82 4.43 4.19 4.17 4.18 4.22 4.35 4.53 4.58 4.72 4.74 4.76 4.89 4.90 4.74 4.50 4.20 3.96 3.76 3.66
3.77 4.08 4.50 4.98 5.29 5.66 6.00 6.05 5.69 5.27 4.84 4.75 4.82 5.16 5.68 6.55 7.91 9.67 9.30 9.28
10.13 8.79 6.94 5.62 4.75 4.26 3.93 3.80 3.85 3.88 3.89 3.97 3.94 3.92 4.03
C1905x2TS123_4 0.432 5.24 5.97 6.90 8.04 10.44 12.67 12.04 8.05 6.08 5.08 4.37 3.91 3.64 3.45 3.27 3.04 2.94 2.91 2.84 2.82
2.86 2.97 3.00 3.15 3.48 3.95 4.37 4.40 4.24 3.81 3.32 3.04 2.82 2.84 3.01 3.17 3.39 3.73 3.88 4.22
4.30 4.54 4.60 4.47 4.12 3.77 3.37 3.00 2.68 2.57 2.43 2.41 2.46 2.53 2.60 2.55 2.49 2.51 2.47 2.44
2.36 2.42 2.48 2.56 2.67 2.90 3.25 3.57 3.69 3.75 3.54 3.20 2.84 2.64 2.60 2.69 2.74 2.87 2.87 2.87
2.80 2.81 2.92 3.11 3.22 3.28 3.14 3.08 2.92 2.87 2.91 3.01 3.28 3.61 3.88 4.38 4.99 5.86 6.29 6.12
5.81 5.44 4.94 4.56 4.37 4.30 4.04 3.80 3.42 3.11 3.00 3.03 3.04 2.94 2.84 2.75 2.65 2.52 2.50 2.59
2.69 2.77 2.98 3.22 3.57 3.91 4.19 4.47 4.42 4.05 3.76 3.58 3.44 3.39 3.43 3.80 4.37 4.99 5.37 5.41
4.93 4.52 4.07 3.84 3.74 3.96 4.13 4.18 3.97 4.09 4.52 4.93 5.20 5.36 5.55 5.58 5.50 5.61 5.72 5.53
5.30 4.72 4.20 3.91 3.91 4.10 4.11 3.97 3.77 3.44 3.00 2.68 2.45 2.34 2.40 2.57 2.81 3.03 3.26 3.37
3.51 3.62 3.75 3.79 3.71 3.70 3.69 3.55 3.39 3.53 3.79 3.90 3.77 3.84 3.93 4.10 4.20 4.59 5.18 5.86
6.25 6.25 6.34 6.84 8.17 8.91 9.65 11.71 19.38 23.47 26.97 29.85 29.16 11.42 7.98 6.68 5.99 5.52 5.24 5.19
4.82 4.43 4.19 4.17 4.18 4.22 4.35 4.53 4.58 4.72 4.74 4.76 4.89 4.90 4.74 4.50 4.20 3.96 3.76 3.66
3.77 4.08 4.50 4.98 5.29 5.66 6.00 6.05 5.69 5.27 4.84 4.75 4.82 5.16 5.68 6.55 7.91 9.67 9.30 9.28
10.13 8.79 6.94 5.62 4.75 4.26 3.93 3.80 3.85 3.88 3.89 3.97 3.94 3.92 4.03
C1905x2TS067_5 0.419 5.35 5.33 5.31 5.34 5.38 5.39 5.41 5.16 4.99 5.05 5.20 5.70 6.42 6.72 6.49 5.67 4.99 4.52 4.08 3.90
3.82 3.77 3.52 3.20 3.11 3.12 3.26 3.36 3.42 3.53 3.54 3.54 3.60 3.75 4.10 4.50 4.72 4.91 4.92 5.06
4.99 5.11 5.39 6.10 6.83 7.26 7.41 7.14 6.41 5.83 5.23 4.92 4.88 4.72 4.42 3.99 3.57 3.25 3.00 2.90
2.87 2.96 2.98 2.96 3.01 3.18 3.42 3.84 4.13 4.47 4.52 4.43 4.29 4.35 4.56 5.00 5.36 5.90 5.80 5.56
5.05 4.62 4.39 4.32 4.33 4.38 4.36 4.49 4.52 4.53 4.60 4.62 4.66 4.38 4.04 3.80 3.44 3.25 3.11 3.00
2.99 3.09 3.25 3.46 3.64 3.95 4.16 4.29 4.41 4.71 4.96 5.11 5.15 4.88 4.48 4.01 3.63 3.45 3.44 3.49
3.53 3.51 3.55 3.56 3.61 3.73 3.88 4.07 4.40 4.77 5.05 5.00 4.92 4.87 4.57 4.39 4.50 4.80 4.98 4.93
4.79 4.70 4.59 4.53 4.46 4.70 4.81 4.67 4.37 4.10 4.06 3.97 3.90 3.96 4.19 4.26 4.46 4.50 4.41 4.18
3.99 3.78 3.60 3.48 3.52 3.66 3.71 3.73 3.63 3.58 3.38 3.30 3.22 3.21 3.28 3.48 3.59 3.72 3.81 3.86
3.94 3.97 4.02 4.06 3.99 3.96 3.93 3.77 3.72 3.91 4.30 4.69 4.98 5.52 5.95 6.25 6.23 6.11 5.85 5.76
5.48 4.99 4.65 4.56 4.39 4.11 3.92 3.99 4.35 4.56 4.86 5.30 5.20 4.66 4.18 3.85 3.63 3.46 3.37 3.40
3.38 3.43 3.68 4.17 4.55 4.84 5.10 5.21 5.05 5.09 5.20 5.40 5.36 5.09 4.87 4.52 4.10 3.88 3.67 3.62
3.68 3.80 4.07 4.39 4.78 5.20 5.19 4.93 4.53 4.01 3.56 3.24 3.11 3.18 3.30 3.45 3.68 3.83 3.90 4.03
4.27 4.37 4.41 4.26 4.11 3.92 3.66 3.57 3.59 3.61 3.68 3.63 3.58 3.52 3.40
C1905x2TS067_4 0.419 5.35 5.33 5.31 5.34 5.38 5.39 5.41 5.16 4.99 5.05 5.20 5.70 6.42 6.72 6.49 5.67 4.99 4.52 4.08 3.90
3.82 3.77 3.52 3.20 3.11 3.12 3.26 3.36 3.42 3.53 3.54 3.54 3.60 3.75 4.10 4.50 4.72 4.91 4.92 5.06
4.99 5.11 5.39 6.10 6.83 7.26 7.41 7.14 6.41 5.83 5.23 4.92 4.88 4.72 4.42 3.99 3.57 3.25 3.00 2.90
2.87 2.96 2.98 2.96 3.01 3.18 3.42 3.84 4.13 4.47 4.52 4.43 4.29 4.35 4.56 5.00 5.36 5.90 5.80 5.56
5.05 4.62 4.39 4.32 4.33 4.38 4.36 4.49 4.52 4.53 4.60 4.62 4.66 4.38 4.04 3.80 3.44 3.25 3.11 3.00
2.99 3.09 3.25 3.46 3.64 3.95 4.16 4.29 4.41 4.71 4.96 5.11 5.15 4.88 4.48 4.01 3.63 3.45 3.44 3.49
3.53 3.51 3.55 3.56 3.61 3.73 3.88 4.07 4.40 4.77 5.05 5.00 4.92 4.87 4.57 4.39 4.50 4.80 4.98 4.93
4.80 4.70 4.59 4.54 4.46 4.71 4.82 4.67 4.37 4.11 4.06 3.98 3.90 3.96 4.19 4.26 4.46 4.50 4.41 4.18
3.99 3.78 3.60 3.48 3.52 3.66 3.71 3.73 3.63 3.58 3.39 3.30 3.22 3.22 3.28 3.48 3.60 3.73 3.82 3.86
3.94 3.97 4.03 4.06 3.99 3.96 3.93 3.77 3.72 3.91 4.30 4.69 4.98 5.52 5.95 6.25 6.23 6.11 5.85 5.76
5.48 5.00 4.66 4.57 4.40 4.12 3.94 4.00 4.36 4.56 4.87 5.30 5.19 4.65 4.18 3.85 3.63 3.46 3.38 3.40
3.39 3.43 3.68 4.17 4.55 4.84 5.10 5.21 5.05 5.09 5.20 5.41 5.37 5.09 4.88 4.53 4.10 3.89 3.68 3.63
3.68 3.80 4.07 4.40 4.78 5.20 5.19 4.93 4.53 4.01 3.56 3.25 3.11 3.19 3.30 3.46 3.69 3.84 3.91 4.04
4.27 4.37 4.41 4.26 4.12 3.92 3.65 3.56 3.59 3.61 3.69 3.65 3.61 3.54 3.42
C1905x2TS067_1 0.416 2.81 2.84 2.89 2.98 3.07 3.18 3.22 3.13 2.98 2.87 2.82 2.90 2.99 3.14 3.34 3.49 3.78 4.18 4.61 4.93
5.06 5.17 4.83 4.35 4.27 4.35 4.55 4.63 4.70 4.69 4.52 4.23 4.05 3.92 3.86 3.69 3.44 3.26 3.08 2.97
2.78 2.79 2.98 3.17 3.26 3.33 3.42 3.54 3.53 3.75 4.22 4.70 5.11 5.11 4.79 4.23 3.72 3.35 3.19 3.03
2.92 2.88 2.73 2.47 2.35 2.32 2.30 2.33 2.34 2.46 2.45 2.28 2.11 2.09 2.14 2.35 2.58 2.96 3.29 3.68
3.98 4.39 4.97 5.99 7.90 10.53 10.16 8.88 6.78 5.44 4.69 4.26 4.18 4.22 4.10 3.92 3.44 3.08 2.86 2.68
2.57 2.64 2.82 2.94 2.92 2.99 3.04 3.02 2.89 2.81 2.84 2.83 2.76 2.63 2.49 2.36 2.32 2.29 2.41 2.65
2.94 3.16 3.41 3.56 3.77 3.87 3.92 4.08 4.21 4.35 4.57 4.67 4.77 4.91 4.90 4.98 5.09 5.36 5.50 5.30
5.13 5.32 5.67 6.17 6.54 7.60 7.81 7.00 5.92 5.37 5.46 5.62 5.77 6.65 7.99 8.24 7.85 6.93 6.23 5.56
5.00 4.72 4.64 4.56 4.75 5.00 5.02 5.03 4.76 4.36 3.90 3.60 3.53 3.81 4.22 4.86 5.27 5.45 5.54 5.22
5.13 5.26 5.45 5.59 5.57 5.65 5.84 5.74 5.85 5.99 6.30 6.41 6.59 7.39 8.18 8.76 9.05 8.55 7.91 7.70
7.36 6.85 6.75 6.85 6.75 6.26 5.77 5.68 5.85 5.60 5.64 5.99 5.85 5.37 4.88 4.57 4.39 4.20 4.15 4.29
4.31 4.28 4.25 4.41 4.63 4.79 5.06 5.50 5.88 6.17 5.96 5.74 5.66 5.35 4.92 4.63 4.44 4.31 4.23 4.18
4.26 4.47 4.83 5.27 5.45 5.77 6.23 6.39 6.30 5.81 5.39 5.15 4.85 4.65 4.48 4.52 4.80 4.93 4.82 4.99
5.53 5.63 5.45 5.18 4.99 4.83 4.66 4.77 5.24 5.97 7.03 7.68 8.05 8.43 8.67
C1905x2TS121_1 0.410 4.53 4.71 4.72 4.79 4.97 4.88 4.58 4.16 3.85 3.56 3.24 3.12 3.10 3.08 3.08 3.05 3.13 3.17 3.20 3.29
3.46 3.60 3.58 3.51 3.67 3.84 4.06 4.15 4.31 4.37 4.15 3.95 3.82 3.79 3.72 3.61 3.55 3.56 3.43 3.54
3.46 3.52 3.56 3.58 3.54 3.41 3.23 3.16 2.96 2.84 2.75 2.80 2.99 3.14 3.24 3.28 3.26 3.30 3.31 3.33
3.39 3.62 3.80 3.93 4.00 4.16 4.49 4.81 4.76 4.87 4.67 4.07 3.43 2.99 2.73 2.69 2.71 2.86 2.90 2.93
2.90 2.88 2.86 3.03 3.20 3.29 3.20 3.26 3.25 3.30 3.37 3.56 3.72 3.74 3.64 3.63 3.39 3.21 3.15 3.17
3.21 3.31 3.54 3.82 3.90 3.99 3.93 3.77 3.57 3.35 3.31 3.40 3.50 3.53 3.48 3.24 3.10 3.00 3.11 3.41
3.84 4.08 4.29 4.22 4.26 4.23 4.17 4.44 4.74 4.87 5.04 4.88 4.82 4.58 4.07 3.75 3.59 3.57 3.60 3.46
3.45 3.51 3.67 3.94 4.23 4.93 5.50 5.51 5.09 4.88 5.10 5.67 6.36 7.45 9.50 10.88 9.89 8.28 7.19 6.49
5.95 5.42 5.21 5.24 5.52 5.98 6.26 6.45 6.05 5.64 5.10 4.81 4.81 5.00 5.23 5.67 5.84 6.06 6.21 6.25
6.92 7.48 8.11 7.99 7.01 6.39 5.72 5.09 4.83 4.96 5.34 5.52 5.23 5.23 5.16 5.02 4.83 4.94 5.12 5.61
5.86 5.84 5.98 6.19 6.09 5.67 5.33 5.69 6.22 6.49 7.39 9.57 11.45 10.98 9.23 8.30 7.46 6.35 5.61 5.25
4.66 4.30 4.10 4.17 4.47 4.84 5.54 6.60 7.32 8.24 7.98 7.25 6.77 6.18 5.70 5.43 5.21 5.22 5.03 4.83
4.80 4.80 4.90 5.07 5.17 5.54 5.54 5.49 5.34 4.97 4.58 4.31 4.26 4.60 4.81 5.13 5.68 6.17 6.11 6.03
6.46 6.99 6.73 6.38 6.22 5.93 5.42 5.01 4.71 4.79 4.88 5.03 5.20 5.47 5.86
C1905x2TS067_3 0.402 3.92 3.90 3.93 4.00 4.04 3.93 3.86 3.68 3.43 3.23 3.15 3.20 3.30 3.44 3.66 3.74 3.88 4.09 4.30 4.42
4.56 4.79 4.78 4.55 4.66 4.97 5.52 5.75 5.81 5.61 5.00 4.39 3.93 3.70 3.69 3.60 3.48 3.44 3.30 3.25
3.10 3.17 3.38 3.63 3.77 3.86 3.90 3.92 3.87 3.90 3.88 4.09 4.53 4.99 5.40 5.47 5.35 5.10 4.55 4.03
3.65 3.48 3.26 2.98 2.80 2.74 2.64 2.60 2.55 2.59 2.54 2.37 2.20 2.21 2.21 2.38 2.56 2.87 3.17 3.56
3.88 4.36 5.03 6.26 8.08 9.37 9.12 8.37 6.71 5.75 5.18 4.89 4.91 4.84 4.56 4.17 3.53 3.16 2.88 2.65
2.51 2.59 2.74 2.90 3.04 3.31 3.46 3.52 3.36 3.30 3.24 3.19 3.17 3.12 2.99 2.80 2.66 2.73 2.99 3.44
4.07 4.91 6.22 7.77 9.60 10.99 10.41 8.81 7.01 5.95 5.37 4.97 4.80 4.91 4.90 4.98 5.09 5.35 5.49 5.30
5.13 5.31 5.66 6.17 6.54 7.60 7.81 7.00 5.92 5.37 5.46 5.62 5.77 6.65 7.99 8.24 7.85 6.93 6.23 5.56
5.00 4.72 4.63 4.56 4.75 5.00 5.02 5.03 4.76 4.37 3.91 3.60 3.53 3.81 4.22 4.86 5.27 5.45 5.54 5.22
5.13 5.26 5.45 5.59 5.57 5.65 5.84 5.74 5.85 5.99 6.30 6.41 6.59 7.39 8.18 8.76 9.05 8.55 7.91 7.70
7.36 6.85 6.75 6.85 6.75 6.26 5.77 5.68 5.84 5.59 5.64 5.98 5.84 5.36 4.88 4.57 4.38 4.20 4.14 4.29
4.31 4.28 4.25 4.41 4.63 4.79 5.06 5.50 5.88 6.17 5.96 5.73 5.66 5.35 4.92 4.63 4.44 4.31 4.23 4.18
4.26 4.47 4.83 5.27 5.44 5.77 6.21 6.37 6.28 5.80 5.40 5.17 4.85 4.65 4.48 4.51 4.79 4.93 4.84 5.02
5.56 5.65 5.46 5.18 4.98 4.82 4.66 4.76 5.23 5.97 7.02 7.64 7.99 8.34 8.55
C1905x2TS123_1 0.401 6.39 6.80 7.29 8.07 9.19 9.65 9.13 8.68 7.63 6.52 5.51 4.92 4.44 3.94 3.54 3.30 3.20 3.22 3.20 3.23
3.28 3.42 3.58 3.74 4.16 4.79 5.49 6.13 6.49 6.24 5.99 5.82 5.39 5.20 5.14 5.04 4.98 5.06 5.00 5.25
4.90 4.93 5.24 5.25 5.04 4.83 4.55 4.28 3.92 3.79 3.68 3.64 3.78 3.79 3.76 3.70 3.75 4.04 4.16 4.30
4.53 4.78 4.70 4.65 4.66 4.82 4.80 4.82 4.61 4.45 4.04 3.70 3.41 3.31 3.26 3.41 3.53 3.74 3.73 3.87
4.07 4.49 5.10 5.88 6.44 6.59 5.77 5.08 4.43 4.07 3.93 3.92 4.04 4.24 4.34 4.52 4.24 3.97 3.79 3.74
3.69 3.84 4.08 4.44 4.65 4.85 4.77 4.70 4.30 4.05 3.95 3.89 3.89 3.96 3.91 3.80 3.72 3.83 4.25 4.79
5.07 5.15 5.14 4.84 4.54 4.27 4.27 4.41 4.34 4.29 4.33 4.24 4.20 4.29 4.28 4.56 5.06 5.78 6.20 6.00
5.49 5.31 5.06 5.03 5.39 6.25 6.65 6.48 5.53 5.00 4.81 4.57 4.54 4.66 4.88 4.96 4.92 4.98 5.07 5.11
5.36 5.51 5.48 5.27 5.19 5.09 4.73 4.36 4.08 3.87 3.57 3.35 3.25 3.19 3.21 3.33 3.47 3.64 3.86 3.98
4.30 4.49 4.81 5.06 5.05 5.12 5.30 5.13 5.02 5.08 5.24 5.16 4.69 4.54 4.63 4.72 4.62 4.71 4.79 5.02
4.98 4.82 4.90 5.11 5.25 5.12 4.89 5.03 5.35 5.30 5.45 5.72 5.85 5.77 5.61 5.89 6.19 5.92 5.72 5.44
4.63 4.08 3.66 3.54 3.58 3.60 3.97 4.57 5.11 5.85 5.92 5.60 5.23 4.62 4.09 3.74 3.48 3.43 3.36 3.38
3.59 4.00 4.41 4.84 5.01 5.29 5.23 4.78 4.38 4.05 3.85 3.79 3.87 4.19 4.54 4.74 4.99 5.01 4.83 4.77
5.01 5.19 5.14 4.95 4.75 4.45 4.20 4.09 4.14 4.27 4.43 4.64 4.77 4.82 4.89
C1905x2TS103_1 0.397 7.25 7.65 7.96 8.05 8.08 8.25 7.52 6.16 5.15 4.64 4.29 4.19 4.25 4.44 4.54 4.40 4.26 4.22 4.06 3.96
3.91 3.97 3.88 3.79 3.88 4.02 4.10 3.90 3.60 3.22 2.84 2.64 2.56 2.56 2.65 2.66 2.67 2.73 2.67 2.72
2.64 2.69 2.73 2.70 2.68 2.70 2.75 2.86 2.96 3.20 3.51 3.84 4.38 4.88 5.24 5.31 5.27 5.19 5.21 5.30
5.40 5.72 5.64 5.28 4.94 4.75 4.59 4.53 4.30 4.19 3.84 3.54 3.24 3.17 3.36 3.71 4.01 4.33 4.32 4.35
4.11 3.77 3.58 3.50 3.35 3.13 2.81 2.59 2.41 2.30 2.25 2.25 2.26 2.25 2.19 2.16 2.15 2.19 2.26 2.29
2.32 2.38 2.41 2.45 2.54 2.64 2.69 2.75 2.78 2.87 3.04 3.39 3.69 3.81 3.71 3.47 3.30 3.17 3.16 3.64
4.17 4.73 5.60 6.79 8.71 10.88 11.42 14.84 18.99 18.52 16.49 17.01 12.38 8.72 6.47 5.48 5.09 5.10 5.25 5.69
6.21 6.54 6.41 6.74 6.93 7.73 8.08 7.65 6.76 6.38 6.07 5.90 5.80 6.00 6.48 6.65 6.75 6.79 6.54 6.13
6.06 5.91 5.84 6.02 7.02 8.34 8.17 7.19 6.20 5.41 4.63 4.17 3.98 4.07 4.14 4.40 4.59 4.86 5.12 5.23
5.38 5.82 6.41 7.31 8.10 8.13 7.40 6.19 5.27 5.02 4.85 4.70 4.55 4.64 4.71 4.67 4.56 4.71 4.71 4.80
4.68 4.64 4.85 5.21 5.68 6.00 5.71 5.77 5.83 5.44 5.25 5.25 5.23 5.18 4.97 5.18 5.43 5.69 6.00 6.25
5.94 5.53 5.15 5.19 5.38 5.97 6.98 8.19 8.98 9.91 9.51 8.14 7.48 7.31 6.90 6.28 5.61 5.32 5.06 4.81
4.92 5.31 5.87 6.13 6.21 6.59 6.61 6.30 6.10 5.78 5.64 5.39 5.18 5.38 5.91 7.21 10.97 22.18 29.85 29.85
22.68 11.09 7.81 6.47 6.04 5.91 5.85 5.88 6.22 6.72 7.09 7.13 6.88 6.77 6.63
C1905x2TS067_2 0.392 5.35 5.33 5.31 5.34 5.38 5.39 5.41 5.16 4.99 5.05 5.20 5.70 6.42 6.72 6.49 5.67 4.99 4.52 4.08 3.90
3.82 3.77 3.52 3.20 3.11 3.12 3.26 3.36 3.42 3.53 3.54 3.54 3.60 3.75 4.10 4.50 4.72 4.91 4.92 5.06
4.99 5.11 5.39 6.10 6.83 7.26 7.41 7.14 6.41 5.83 5.23 4.92 4.88 4.72 4.42 3.99 3.57 3.25 3.00 2.90
2.87 2.96 2.98 2.96 3.01 3.18 3.42 3.84 4.13 4.47 4.52 4.43 4.29 4.35 4.56 5.00 5.36 5.90 5.80 5.56
5.05 4.62 4.39 4.32 4.33 4.38 4.36 4.49 4.52 4.53 4.60 4.62 4.66 4.38 4.04 3.80 3.44 3.25 3.11 3.00
2.99 3.09 3.25 3.46 3.64 3.95 4.16 4.29 4.41 4.71 4.96 5.11 5.15 4.88 4.48 4.01 3.63 3.45 3.44 3.49
3.53 3.51 3.55 3.56 3.61 3.73 3.88 4.14 4.32 4.54 4.78 4.77 4.73 4.91 4.90 4.98 5.09 5.36 5.50 5.30
5.13 5.32 5.67 6.18 6.54 7.60 7.81 7.00 5.93 5.37 5.46 5.62 5.77 6.65 7.99 8.24 7.85 6.93 6.23 5.56
5.00 4.72 4.64 4.56 4.75 5.00 5.02 5.02 4.75 4.35 3.89 3.59 3.52 3.80 4.20 4.85 5.26 5.44 5.53 5.22
5.13 5.26 5.45 5.60 5.57 5.65 5.84 5.74 5.85 5.99 6.30 6.41 6.59 7.39 8.18 8.76 9.05 8.55 7.91 7.70
7.36 6.85 6.75 6.85 6.75 6.27 5.77 5.68 5.85 5.60 5.64 5.99 5.85 5.37 4.88 4.57 4.39 4.20 4.15 4.29
4.31 4.28 4.25 4.41 4.63 4.79 5.06 5.50 5.88 6.18 5.96 5.74 5.66 5.35 4.92 4.63 4.44 4.31 4.23 4.19
4.26 4.47 4.83 5.27 5.45 5.78 6.23 6.39 6.30 5.80 5.35 5.04 4.63 4.37 4.17 4.20 4.48 4.68 4.70 4.97
5.53 5.66 5.47 5.19 4.99 4.83 4.66 4.77 5.24 5.98 7.03 7.63 7.95 8.26 8.42
C1905x2TS123_2 0.389 6.72 7.13 7.44 7.41 7.25 6.53 5.65 4.91 4.51 4.42 4.41 4.67 5.02 5.30 5.12 4.69 4.54 4.53 4.32 4.38
4.30 4.20 3.92 3.60 3.56 3.77 4.15 4.86 5.54 6.26 6.70 7.21 7.53 7.59 7.35 6.80 5.81 5.23 4.68 4.59
4.32 4.28 4.27 4.24 4.03 3.80 3.66 3.56 3.27 3.19 3.06 2.97 2.99 3.01 3.03 2.99 2.90 2.95 3.01 3.07
3.25 3.59 3.83 4.10 4.53 4.87 4.99 4.93 4.52 4.15 3.62 3.13 2.80 2.66 2.58 2.62 2.69 2.91 3.08 3.44
3.82 4.24 4.66 4.97 5.00 4.75 4.12 3.74 3.43 3.18 3.13 3.22 3.46 3.73 4.00 4.30 4.33 4.35 4.31 4.20
4.08 4.09 4.16 4.33 4.62 5.11 5.20 5.13 4.75 4.39 4.07 3.87 3.87 3.85 3.78 3.78 3.79 3.77 3.83 3.89
3.79 3.55 3.40 3.24 3.21 3.11 3.08 3.21 3.16 3.18 3.37 3.57 3.80 3.94 3.97 4.18 4.24 4.30 4.52 4.73
4.97 5.33 5.77 6.53 6.97 7.28 7.05 6.39 5.75 5.31 5.16 5.09 5.01 4.97 4.84 4.65 4.69 4.60 4.48 4.39
4.59 4.65 4.63 4.63 4.76 4.76 4.36 3.96 3.73 3.49 3.09 2.89 2.81 2.94 3.09 3.33 3.51 3.79 4.03 4.15
4.35 4.67 5.17 5.74 5.92 6.16 6.54 6.51 6.27 6.10 5.92 5.46 4.80 4.63 4.69 5.02 5.48 6.34 7.29 8.16
8.10 7.64 7.56 7.92 8.15 7.76 6.73 6.16 5.76 5.14 4.89 5.06 5.12 4.99 4.75 4.65 4.42 4.20 4.12 4.22
4.02 3.83 3.68 3.68 3.61 3.59 3.84 4.27 4.65 5.30 6.02 6.93 7.81 8.12 8.16 8.05 7.43 6.96 6.74 7.16
8.63 13.40 29.85 29.85 29.85 29.85 29.85 29.85 29.85 19.62 15.15 15.41 17.57 29.85 29.85 29.85 29.85 29.85 29.85 29.85
29.85 29.85 29.85 29.85 13.31 9.75 8.45 8.26 9.21 11.26 14.61 14.78 13.28 10.95 9.10
C1905x2TS003_1 0.341 6.55 6.27 6.00 6.01 6.16 6.31 6.26 5.90 5.36 4.92 4.51 4.33 4.40 4.54 4.53 4.31 4.24 4.09 3.93 3.79
3.75 3.80 3.75 3.63 3.76 4.06 4.53 5.08 5.86 6.55 6.64 6.32 5.75 5.47 5.43 5.40 5.47 5.65 5.35 5.39
5.11 5.12 5.31 5.65 5.91 5.95 5.62 5.52 5.35 5.41 5.43 5.56 6.15 6.93 7.05 6.88 6.29 5.91 5.48 4.99
4.78 5.03 5.29 5.57 5.76 6.00 6.08 5.90 5.39 5.02 4.67 4.23 3.94 3.95 4.04 4.31 4.54 4.77 4.91 5.02
4.98 5.17 5.67 6.71 8.10 8.62 8.07 7.64 6.43 5.50 5.04 4.90 4.95 5.00 4.94 5.07 4.85 4.70 4.60 4.57
4.62 4.96 5.67 6.90 8.13 10.09 10.46 9.17 7.44 6.47 6.19 6.25 6.33 6.51 6.23 5.59 5.11 4.80 4.70 4.86
5.30 5.73 6.40 7.05 8.05 8.79 8.64 8.87 9.65 9.57 9.36 8.27 7.39 7.13 6.50 6.24 6.32 6.76 7.16 6.75
6.22 6.36 6.76 7.52 8.38 11.86 19.90 18.71 12.79 10.62 10.16 9.68 8.98 9.06 10.10 9.88 10.02 10.57 10.99 10.37
9.46 8.23 7.52 6.76 6.88 7.62 8.10 7.96 7.16 6.42 5.58 5.14 5.13 5.33 5.51 5.96 6.17 6.50 6.84 6.85
7.39 7.74 7.72 7.57 6.88 6.78 6.95 6.63 6.67 7.20 8.05 8.67 8.14 7.93 7.64 7.05 6.43 6.38 6.39 6.67
6.69 6.53 6.92 7.43 7.34 7.26 7.52 8.66 10.10 11.08 14.55 25.43 18.98 12.89 10.38 9.59 8.63 8.28 8.62 9.19
8.46 8.03 7.73 7.60 7.46 7.72 8.91 10.89 12.66 17.33 20.08 13.68 10.56 8.59 7.18 5.98 5.15 4.72 4.50 4.48
4.84 5.45 6.34 7.12 7.76 8.06 7.61 6.89 6.58 6.37 6.40 6.47 6.82 7.67 8.41 8.98 9.26 9.53 8.54 8.16
8.62 8.47 8.03 7.15 6.60 6.52 6.19 6.16 6.92 8.51 11.81 13.20 13.28 13.65 12.95
C1905x2TS121_2 0.329 29.85 29.85 29.85 29.85 29.85 29.85 29.85 18.54 9.46 7.36 6.46 5.89 5.52 5.13 4.76 4.56 4.36 4.43 4.56 5.02
5.47 6.87 9.61 16.53 29.85 29.85 29.85 29.85 29.85 19.99 20.04 22.71 25.39 29.85 29.85 25.77 24.12 25.84 14.46 12.18
9.13 8.39 7.27 7.16 7.03 6.01 4.96 4.48 3.97 3.81 3.60 3.90 4.48 4.68 4.60 4.41 4.15 4.06 3.97 4.34
4.92 6.16 7.82 10.37 14.93 29.85 29.85 29.85 29.85 29.85 29.27 11.00 6.80 5.59 5.23 5.35 5.17 5.22 5.68 6.45
6.47 6.76 7.64 9.97 11.72 12.90 14.20 15.11 10.85 9.11 8.02 7.56 8.04 8.01 7.47 7.61 7.36 7.83 7.89 7.65
8.06 7.89 7.11 7.34 7.16 7.70 9.22 10.83 9.30 8.48 8.35 8.38 7.37 6.44 6.02 5.37 4.85 4.52 4.52 4.43
4.31 4.20 4.21 4.16 4.46 4.75 5.42 6.56 7.32 7.65 7.55 6.95 6.19 5.16 4.62 4.77 5.18 6.31 8.91 15.57
29.85 29.85 15.07 9.61 7.46 6.71 6.39 5.99 5.46 5.20 5.55 6.33 7.87 10.47 15.97 16.98 12.93 8.54 6.66 5.76
5.30 4.98 4.97 5.11 5.60 6.73 8.54 11.70 16.49 15.15 10.87 8.17 6.44 5.49 4.97 5.02 5.54 6.54 8.17 10.67
17.58 21.06 13.86 9.68 7.48 6.55 5.77 5.13 4.83 4.92 5.10 5.05 4.65 4.62 4.59 4.47 4.26 4.41 4.62 5.03
5.22 5.35 5.95 7.02 8.26 10.50 14.76 29.85 29.85 29.85 29.85 19.09 12.08 8.98 7.34 6.92 6.85 6.66 6.30 6.11
5.62 5.44 5.42 5.84 6.61 7.23 8.02 9.24 9.35 9.61 10.21 11.43 14.92 14.91 13.44 14.24 12.11 9.28 7.00 5.83
5.15 4.65 4.48 4.64 4.72 5.03 5.26 5.49 5.67 5.53 5.37 5.30 5.27 5.57 6.19 6.79 7.75 8.33 7.70 7.15
6.86 6.52 6.43 6.21 6.12 5.97 5.71 5.71 5.65 5.63 5.60 5.63 5.60 5.58 5.59
C1905x2TS049_1 0.239 29.85 29.85 29.85 29.85 29.85 29.85 20.93 12.88 8.76 7.44 6.48 5.71 5.54 5.98 7.01 9.08 14.25 29.85 29.85 29.85
28.79 14.08 10.22 9.08 9.80 13.35 20.10 29.85 29.85 29.85 29.85 29.85 29.85 29.85 29.85 29.85 29.85 29.85 29.85 27.66
12.65 11.48 14.79 29.85 29.85 29.85 29.85 29.85 29.85 29.85 29.85 29.85 29.85 29.85 29.85 29.85 29.85 29.85 29.85 29.85
29.85 29.85 29.85 29.85 29.85 29.85 29.85 29.85 29.85 29.85 29.85 29.85 29.85 10.72 6.92 5.61 5.04 4.86 4.80 5.07
5.22 5.92 7.72 13.13 29.85 29.85 29.85 29.85 18.21 9.00 7.36 6.81 7.10 7.96 9.34 12.72 14.26 22.12 29.85 29.85
29.85 29.85 29.85 29.85 29.85 29.85 29.85 29.85 29.85 29.85 29.85 29.85 29.85 29.85 29.85 29.85 29.85 29.85 29.85 29.85
29.85 29.85 29.85 29.85 29.85 29.85 29.85 29.85 29.85 29.85 29.85 29.85 29.85 29.85 29.85 29.85 29.85 29.85 29.85 29.85
29.85 29.85 16.46 9.81 8.65 10.45 16.73 29.85 29.85 29.85 29.85 29.85 29.85 29.85 29.85 29.85 29.85 29.85 29.85 29.85
29.85 29.85 29.85 29.85 29.85 29.85 29.85 29.85 29.85 23.95 9.01 6.55 5.90 5.76 5.48 5.91 6.71 8.55 12.17 17.40
29.85 29.85 29.85 17.81 10.16 8.79 8.58 8.88 11.46 28.46 29.85 29.85 29.85 29.85 29.85 23.87 23.71 29.85 29.85 29.85
13.72 9.50 8.03 6.72 6.13 5.83 5.34 5.72 7.28 11.33 29.85 29.85 29.85 29.85 29.85 29.85 12.82 7.72 6.33 5.99
5.67 6.22 7.99 17.85 29.85 29.85 29.85 29.85 29.85 29.85 29.85 29.85 29.85 29.85 29.85 29.85 29.85 29.85 29.85 29.85
29.85 29.85 29.85 29.85 29.85 29.85 29.85 23.50 14.73 12.96 14.01 27.86 29.85 29.85 29.85 16.37 9.01 6.80 5.67 5.90
8.02 14.87 29.85 29.85 23.43 11.37 7.28 5.81 5.39 5.73 6.80 8.58 11.72 29.85 29.85
C1905x2TS049_2 0.207 14.45 29.85 29.85 29.85 29.85 29.85 29.85 29.85 29.85 29.85 29.85 15.85 13.78 10.92 9.53 8.46 9.04 9.82 9.66 11.93
19.54 29.85 29.85 29.85 29.85 29.85 29.85 29.85 29.85 29.85 29.85 29.85 29.85 29.85 29.85 29.85 29.85 29.85 29.85 29.85
29.85 29.85 29.85 29.85 29.85 29.85 14.58 9.63 8.52 9.52 16.95 29.85 29.85 29.85 29.85 29.85 29.85 29.85 29.85 29.85
29.85 29.85 29.85 29.85 29.85 29.85 29.85 29.85 29.85 29.85 29.85 29.85 29.85 29.85 29.85 29.85 29.85 29.85 29.85 29.85
29.85 29.85 29.85 29.85 29.85 29.85 29.85 29.85 29.85 29.85 29.85 29.85 29.85 29.85 29.85 29.85 12.91 8.24 6.81 6.12
5.90 6.38 7.63 10.33 20.16 29.85 29.85 29.85 29.85 29.85 29.85 29.85 29.85 29.85 29.85 29.85 29.85 29.85 29.85 29.85
29.85 29.85 29.85 29.85 29.85 29.85 29.85 29.85 29.85 29.85 29.85 29.85 29.85 29.85 19.23 10.79 10.57 17.48 29.85 29.85
29.85 29.85 29.85 29.85 29.85 29.85 29.85 29.85 29.85 29.85 29.85 29.85 29.85 29.85 29.85 29.85 29.85 29.85 29.85 29.85
29.85 29.85 29.85 29.85 29.85 29.85 29.85 29.85 15.89 9.35 6.90 6.05 6.15 6.58 7.22 8.55 12.80 29.85 29.85 29.85
29.85 29.85 29.85 29.85 29.85 29.85 29.85 29.85 29.85 29.85 29.85 29.85 29.85 16.16 10.63 8.24 7.57 8.65 14.77 29.85
29.85 29.85 29.85 29.85 29.85 29.85 29.85 29.85 29.85 29.85 29.85 29.85 29.85 29.85 29.85 29.85 29.85 29.85 29.85 29.85
29.85 12.88 6.61 5.09 4.67 4.60 4.94 5.52 6.89 9.59 14.48 29.85 29.85 29.85 29.85 29.85 29.85 29.85 24.27 12.99
10.00 9.48 11.41 29.85 29.85 29.85 29.85 29.85 29.85 29.85 29.85 29.85 29.85 29.85 29.85 29.85 29.85 29.85 29.85 29.85
29.85 29.85 29.85 29.85 29.85 29.85 29.85 29.85 29.85 29.85 29.85 29.85 29.85 29.85 29.85
C1905x2TS049_4 0.204 29.85 29.85 29.85 29.85 29.85 29.85 29.85 29.85 29.85 29.85 29.85 29.85 29.85 29.85 29.85 21.06 12.52 11.81 12.10 14.81
24.31 20.84 11.59 7.80 6.84 7.37 9.06 11.19 15.25 17.52 15.47 12.13 9.71 11.28 18.98 29.85 29.85 29.85 29.85 29.85
29.85 29.85 29.85 29.85 29.85 29.85 29.85 29.85 29.85 29.85 29.85 29.85 29.85 29.85 29.85 29.85 29.85 29.85 29.85 29.85
29.85 29.85 29.85 29.85 29.85 29.85 29.85 29.85 29.85 29.85 29.85 29.85 29.85 29.85 29.85 29.85 13.95 9.13 7.10 6.70
7.26 8.64 11.57 17.25 29.85 27.79 12.54 8.71 7.04 6.62 7.15 8.97 16.37 29.85 29.85 29.85 29.85 29.85 29.85 29.85
29.85 29.85 29.85 29.85 29.85 29.85 29.85 29.85 17.54 12.31 12.97 28.24 29.85 29.85 29.85 29.85 29.85 29.85 29.85 29.85
29.85 29.85 29.85 29.85 29.85 29.85 29.85 29.85 29.85 29.85 20.14 14.01 11.98 11.46 10.25 10.54 13.04 29.85 29.85 29.85
29.85 29.85 29.85 29.85 29.85 29.85 29.85 29.85 29.85 29.85 29.85 29.85 29.85 29.85 29.85 29.85 29.85 29.85 29.85 29.85
29.85 29.85 29.85 29.85 29.85 29.85 29.85 29.85 29.85 29.85 29.85 29.85 29.85 24.58 16.69 29.85 29.85 29.85 29.85 29.85
29.85 29.85 29.85 29.85 29.85 29.85 29.85 29.85 29.85 29.85 29.85 29.85 29.85 29.85 29.85 29.85 29.85 29.85 29.85 29.85
29.85 29.85 29.85 29.85 29.85 29.85 29.85 29.85 29.85 29.85 29.85 29.85 29.85 29.85 29.85 29.85 29.85 29.85 29.85 29.85
29.85 29.85 29.85 29.85 29.85 29.85 29.85 29.85 29.85 29.85 29.85 29.85 29.85 29.85 29.85 29.85 29.85 29.85 29.85 29.85
29.85 25.29 29.85 29.85 29.85 29.85 29.85 29.85 29.85 29.85 29.85 29.85 29.85 29.85 29.85 29.85 29.85 29.85 29.85 29.85
29.85 29.85 29.85 29.85 29.85 29.85 29.85 29.85 29.85 12.79 8.12 6.49 6.03 5.95 5.96
C1905x2TS049_3 0.191 29.85 29.85 29.85 29.85 29.85 29.85 29.85 29.85 29.85 29.85 29.85 29.85 29.85 29.85 29.85 29.85 29.85 29.85 29.85 29.85
29.85 29.85 29.85 29.85 29.85 29.85 29.85 29.85 29.85 29.85 29.85 29.85 29.85 29.85 29.85 29.85 29.85 29.85 29.85 29.85
29.85 29.85 18.48 14.13 11.69 11.60 13.52 29.85 29.85 29.85 29.85 29.85 29.85 29.85 29.85 29.85 29.85 29.85 29.85 29.85
29.85 29.85 29.85 29.85 29.85 29.85 29.85 29.85 29.85 29.85 29.85 29.85 29.85 29.85 29.85 29.85 29.85 29.85 11.11 8.09
7.88 10.16 29.85 29.85 29.85 29.85 29.85 29.85 29.85 29.85 29.85 29.85 29.85 29.85 29.85 29.85 29.85 29.85 29.85 29.85
29.85 29.85 11.72 7.79 7.25 8.34 12.30 29.85 29.85 29.85 29.85 29.85 29.85 29.85 29.85 29.85 29.85 29.85 29.85 29.85
29.85 29.85 29.85 29.85 29.85 29.85 29.85 29.85 29.85 29.85 29.85 29.85 29.85 29.85 29.85 28.40 29.85 29.85 29.85 29.85
29.85 29.85 29.85 29.85 29.85 29.85 29.85 29.85 29.85 29.85 29.85 29.85 29.85 29.85 29.85 29.85 29.85 29.85 29.85 29.85
29.85 29.85 19.39 13.93 18.36 29.85 29.85 29.85 29.85 29.85 29.85 29.85 29.85 29.85 29.85 29.85 29.85 29.85 19.37 14.09
24.59 29.85 29.85 29.85 29.85 29.85 29.85 29.85 29.85 29.85 29.85 29.85 29.85 29.85 29.85 29.85 29.85 29.85 29.85 29.85
29.85 29.85 29.85 29.85 29.85 29.85 29.85 29.85 29.85 27.85 20.96 18.03 15.11 13.29 10.41 9.54 9.26 9.95 11.19 12.66
15.32 20.04 21.27 29.85 29.85 29.85 29.85 29.85 29.85 29.85 29.85 29.85 29.85 29.85 29.85 29.85 29.85 29.85 29.85 12.59
12.67 18.97 29.85 29.85 29.85 29.85 29.85 29.85 29.85 29.85 29.85 29.85 29.85 29.85 29.85 29.85 29.85 29.85 29.85 29.85
29.85 29.85 29.85 29.85 29.85 15.47 13.09 17.38 29.85 29.85 29.85 29.85 29.85 29.85 29.85
C1905x2TS049_5 0.185 29.85 29.85 29.85 29.85 29.85 29.85 29.85 29.85 29.85 29.85 29.85 29.85 29.85 29.85 29.85 22.04 12.98 15.24 24.80 29.85
29.85 29.85 29.85 29.85 29.85 29.85 29.85 29.85 29.85 29.85 29.85 29.85 29.85 29.85 29.85 29.85 29.85 29.85 29.85 29.85
12.93 9.90 9.01 8.83 8.28 7.80 7.83 9.78 16.17 29.85 29.85 29.85 29.85 29.85 29.85 29.85 29.85 29.85 29.85 29.85
29.85 29.85 29.85 29.85 29.85 29.85 29.85 29.85 29.85 29.85 29.85 29.85 15.98 9.41 7.23 6.97 8.21 11.63 20.31 29.85
29.85 29.85 29.85 29.85 29.85 29.85 29.85 29.85 29.85 29.85 29.85 29.85 29.85 29.85 29.85 29.85 29.85 29.85 29.85 29.85
29.85 29.85 29.85 29.85 29.85 29.85 29.85 29.85 29.85 29.85 29.85 29.85 29.85 29.85 29.85 29.85 29.85 29.85 29.85 29.85
29.85 29.85 29.85 29.85 29.85 29.85 29.85 29.85 29.85 29.85 29.85 29.85 29.85 29.85 29.85 29.85 29.85 29.85 29.85 29.85
29.85 29.85 29.85 29.85 29.85 29.85 29.85 29.85 29.85 29.85 29.85 29.85 29.85 29.85 29.85 29.85 29.85 29.85 29.85 29.85
29.85 29.85 29.85 29.85 29.85 29.85 29.85 29.85 29.85 29.85 13.29 12.94 25.44 29.85 29.85 29.85 29.85 29.85 29.85 29.85
29.85 29.85 29.85 29.85 29.85 29.85 29.85 29.85 29.85 29.85 29.85 29.85 29.85 29.85 29.85 29.85 29.85 29.85 29.85 29.85
29.85 29.85 29.85 29.85 29.85 29.85 29.85 29.85 29.85 29.85 29.85 29.85 29.85 29.85 29.85 29.85 16.01 12.06 12.20 15.98
16.86 22.36 29.85 29.85 29.85 29.85 29.85 29.85 29.85 29.85 29.85 29.85 29.85 29.85 29.85 29.85 14.12 11.21 13.36 25.03
29.85 29.85 29.85 29.85 29.85 29.85 29.85 29.85 29.85 29.85 29.85 29.85 29.85 29.85 29.85 29.85 29.85 29.85 29.85 29.85
29.85 29.85 29.85 29.85 29.85 29.85 29.85 29.85 29.85 29.85 29.85 29.85 29.85 29.85 29.85
END
