PFRMAT QA
TARGET C1906
AUTHOR 5229-7541-3942
REMARK Graph-QA
METHOD Graph-QA
METHOD -------------
MODEL 2
QMODE 2
C1906TS003_1 0.167 10.239 8.823 8.797 8.771 8.989 8.254 9.036 8.879 8.263 6.517 6.468 6.134 6.318 6.492 6.07 6.633 7.443 7.034 8.084 8.618 8.149 
9.043 8.245 9.853 7.763 8.92 9.631 9.276 8.614 8.292 9.379 8.506 9.205 9.636 9.19 10.102 10.659 9.4 10.992 9.33 9.951 10.653 
9.916 11.033 10.392 10.363 10.713 8.848 7.548 7.262 7.464 7.342 8.047 6.446 7.29 6.596 6.081 7.372 6.03 5.806 6.152 6.23 5.404 
5.906 7.019 6.108 6.105 6.478 6.614 7.038 7.806 8.556 9.845 9.745 11.229 9.467 7.967 7.355 7.443 8.243 7.622 6.833 6.318 6.86 
6.238 7.046 6.572 6.493 7.24 7.817 7.977 9.03 7.487 6.873 7.38 7.474 7.14 6.631 6.843 8.24 8.134 9.555 10.315 8.293 9.593 
8.845 9.725 8.707 8.673 9.284 8.283 9.305 9.123 9.012 9.129 9.013 9.526 10.135 9.947 10.836 10.147 10.58 10.586 11.144 10.41 8.242 
9.237 9.805 10.507 9.969 10.015 8.86 9.714 10.139 9.415 9.183 10.333 10.702 10.05 10.684 9.592 9.774 10.346 11.658 10.965 10.972 10.106 
10.333 10.344 10.312 10.251 9.215 8.933 10.707 10.103 10.372 9.512 10.765 10.734 10.778 10.462 9.594 9.865 10.273 9.982 9.533 10.229 10.255 
9.79 10.477 9.827 10.909 9.913 10.398 10.019 9.795 8.494 9.581 9.394 8.373 9.776 8.924 9.226 9.46 9.722 10.711 9.175 9.413 8.437 
8.643 8.231 8.256 9.479 7.771 7.845 9.06 8.47 10.208 11.31 10.277 11.002 9.164 9.398 10.927 9.682 8.858 7.91 9.107 8.832 8.992 
8.38 8.316 8.842 8.119 8.091 9.159 9.619 8.779 9.162 10.031 9.424 9.632 
END



