PFRMAT QA
TARGET C1907
AUTHOR 5316-8559-7172
REMARK Error estimate is l-DDT
METHOD DeepAcuracyNetwork
METHOD -------------
MODEL 2
QMODE QMODE1
C1907TS345_5 0.569 0.425 0.465 0.564 0.534 0.582 0.568 0.567 0.557 0.573 0.528 0.589 0.522 0.635 0.56 0.65 0.652 0.649 0.639 0.686 0.715 0.684 0.661 0.745 0.668 0.686 0.612 0.645 0.667 0.657 0.685 0.67 0.639 0.648 0.733 0.704 0.644 0.673 0.753 0.686 0.624 0.663 0.713 0.606 0.594 0.643 0.605 0.519 0.459 0.414 0.378 0.407 0.356 0.357 0.333 0.391 0.359 0.349 0.366 0.393 0.33 0.353
C1907TS210_3 0.808 0.467 0.465 0.62 0.61 0.582 0.523 0.575 0.6 0.683 0.785 0.819 0.826 0.846 0.865 0.935 0.927 0.901 0.947 0.962 0.951 0.959 0.948 0.956 0.949 0.953 0.945 0.945 0.96 0.957 0.956 0.959 0.966 0.969 0.974 0.978 0.975 0.965 0.967 0.969 0.958 0.947 0.952 0.948 0.931 0.907 0.895 0.879 0.838 0.793 0.776 0.739 0.673 0.628 0.596 0.551 0.496 0.508 0.53 0.542 0.544 0.536
C1907TS405_1 0.817 0.478 0.487 0.644 0.611 0.577 0.551 0.611 0.66 0.744 0.809 0.846 0.869 0.863 0.87 0.95 0.94 0.921 0.958 0.966 0.959 0.962 0.959 0.963 0.96 0.96 0.955 0.959 0.968 0.964 0.962 0.967 0.975 0.977 0.978 0.981 0.979 0.97 0.967 0.974 0.961 0.948 0.955 0.951 0.937 0.911 0.899 0.877 0.835 0.793 0.771 0.732 0.661 0.6 0.642 0.538 0.48 0.496 0.505 0.532 0.552 0.553
C1907TS210_4 0.812 0.49 0.506 0.622 0.614 0.559 0.53 0.588 0.603 0.701 0.793 0.834 0.854 0.859 0.876 0.95 0.947 0.924 0.96 0.969 0.962 0.969 0.96 0.964 0.961 0.963 0.957 0.956 0.966 0.965 0.964 0.965 0.973 0.974 0.977 0.98 0.978 0.968 0.971 0.972 0.963 0.954 0.961 0.953 0.937 0.912 0.905 0.886 0.852 0.818 0.795 0.756 0.706 0.64 0.602 0.535 0.486 0.462 0.451 0.554 0.454 0.404
C1907TS345_2 0.592 0.353 0.392 0.406 0.427 0.422 0.591 0.546 0.623 0.639 0.634 0.662 0.692 0.681 0.714 0.731 0.736 0.712 0.767 0.753 0.768 0.721 0.73 0.733 0.672 0.655 0.585 0.652 0.672 0.662 0.6 0.587 0.684 0.689 0.693 0.725 0.718 0.703 0.713 0.729 0.701 0.676 0.696 0.667 0.622 0.591 0.63 0.582 0.517 0.466 0.433 0.435 0.406 0.413 0.449 0.419 0.392 0.359 0.409 0.412 0.373 0.315
C1907TS349_2 0.56 0.397 0.462 0.467 0.487 0.465 0.51 0.573 0.592 0.581 0.622 0.605 0.616 0.632 0.663 0.633 0.637 0.679 0.641 0.573 0.578 0.623 0.53 0.466 0.495 0.465 0.435 0.5 0.53 0.515 0.543 0.576 0.541 0.569 0.648 0.655 0.596 0.607 0.694 0.649 0.602 0.594 0.677 0.601 0.603 0.641 0.675 0.709 0.622 0.567 0.639 0.575 0.533 0.544 0.565 0.478 0.491 0.444 0.435 0.41 0.367 0.358
C1907TS054_4 0.411 0.264 0.262 0.311 0.296 0.326 0.343 0.367 0.424 0.423 0.501 0.499 0.538 0.562 0.525 0.52 0.555 0.506 0.476 0.53 0.513 0.469 0.436 0.431 0.403 0.431 0.38 0.435 0.427 0.387 0.373 0.362 0.339 0.354 0.402 0.397 0.365 0.4 0.418 0.372 0.341 0.405 0.446 0.441 0.42 0.4 0.459 0.434 0.415 0.406 0.447 0.389 0.366 0.374 0.441 0.42 0.363 0.402 0.386 0.378 0.352 0.292
C1907TS273_4 0.379 0.324 0.354 0.367 0.403 0.375 0.398 0.39 0.402 0.364 0.396 0.374 0.422 0.403 0.327 0.378 0.351 0.367 0.385 0.392 0.396 0.379 0.362 0.375 0.331 0.348 0.341 0.41 0.38 0.317 0.363 0.388 0.395 0.429 0.438 0.463 0.464 0.439 0.486 0.469 0.469 0.453 0.472 0.435 0.406 0.366 0.379 0.376 0.365 0.362 0.357 0.307 0.315 0.339 0.364 0.404 0.356 0.301 0.318 0.293 0.263 0.274
C1907TS273_3 0.529 0.322 0.345 0.419 0.407 0.401 0.444 0.445 0.426 0.483 0.499 0.511 0.528 0.574 0.573 0.559 0.615 0.599 0.582 0.575 0.656 0.608 0.596 0.659 0.613 0.709 0.659 0.727 0.693 0.646 0.659 0.7 0.658 0.615 0.642 0.653 0.593 0.579 0.657 0.575 0.55 0.531 0.52 0.459 0.431 0.461 0.479 0.481 0.414 0.395 0.439 0.43 0.441 0.425 0.437 0.484 0.402 0.446 0.455 0.466 0.457 0.441
C1907TS349_5 0.524 0.297 0.391 0.461 0.44 0.438 0.526 0.528 0.537 0.578 0.605 0.577 0.585 0.65 0.657 0.622 0.631 0.68 0.631 0.561 0.599 0.637 0.546 0.462 0.512 0.465 0.458 0.51 0.543 0.534 0.543 0.567 0.542 0.525 0.602 0.594 0.537 0.535 0.638 0.572 0.558 0.533 0.575 0.521 0.516 0.567 0.598 0.596 0.558 0.535 0.596 0.507 0.47 0.476 0.444 0.474 0.37 0.356 0.366 0.348 0.341 0.333
C1907TS066_1 0.777 0.579 0.614 0.736 0.805 0.754 0.815 0.832 0.86 0.873 0.876 0.912 0.938 0.933 0.932 0.96 0.954 0.937 0.929 0.95 0.941 0.925 0.916 0.93 0.908 0.892 0.899 0.909 0.914 0.901 0.918 0.914 0.927 0.907 0.928 0.89 0.876 0.857 0.876 0.839 0.801 0.797 0.742 0.594 0.651 0.663 0.624 0.638 0.62 0.576 0.596 0.622 0.563 0.491 0.508 0.557 0.549 0.536 0.527 0.53 0.443 0.517
C1907TS054_3 0.448 0.349 0.375 0.396 0.354 0.345 0.375 0.335 0.351 0.408 0.503 0.516 0.567 0.604 0.55 0.567 0.621 0.598 0.565 0.574 0.613 0.556 0.521 0.479 0.458 0.415 0.348 0.425 0.43 0.4 0.433 0.432 0.474 0.485 0.519 0.53 0.512 0.519 0.587 0.562 0.518 0.532 0.524 0.485 0.449 0.447 0.41 0.348 0.368 0.346 0.347 0.362 0.321 0.334 0.379 0.398 0.347 0.352 0.348 0.378 0.334 0.351
C1907TS131_1 0.924 0.597 0.619 0.772 0.863 0.841 0.856 0.899 0.921 0.908 0.899 0.94 0.96 0.949 0.971 0.988 0.985 0.986 0.988 0.987 0.981 0.979 0.981 0.978 0.974 0.97 0.966 0.966 0.975 0.971 0.967 0.973 0.979 0.986 0.986 0.988 0.988 0.985 0.981 0.984 0.982 0.977 0.976 0.977 0.975 0.969 0.971 0.964 0.96 0.957 0.955 0.932 0.91 0.89 0.896 0.898 0.846 0.77 0.773 0.78 0.764 0.74
C1907TS215_1 0.533 0.445 0.436 0.564 0.551 0.588 0.622 0.559 0.519 0.597 0.57 0.578 0.606 0.62 0.611 0.611 0.627 0.655 0.594 0.577 0.628 0.598 0.554 0.514 0.457 0.431 0.452 0.48 0.533 0.562 0.656 0.638 0.61 0.579 0.691 0.65 0.609 0.595 0.691 0.631 0.604 0.632 0.669 0.567 0.572 0.608 0.574 0.485 0.453 0.388 0.403 0.402 0.373 0.372 0.379 0.412 0.349 0.341 0.384 0.38 0.318 0.332
C1907TS456_5 0.691 0.394 0.405 0.509 0.553 0.668 0.713 0.734 0.766 0.821 0.793 0.779 0.824 0.823 0.792 0.8 0.839 0.795 0.766 0.763 0.81 0.8 0.728 0.769 0.679 0.648 0.638 0.663 0.642 0.668 0.685 0.713 0.78 0.809 0.807 0.775 0.812 0.823 0.807 0.788 0.813 0.8 0.768 0.746 0.748 0.717 0.672 0.641 0.604 0.551 0.503 0.546 0.602 0.594 0.593 0.603 0.594 0.608 0.554 0.527 0.513 0.482
C1907TS456_2 0.676 0.538 0.623 0.751 0.786 0.79 0.719 0.75 0.778 0.755 0.721 0.737 0.73 0.642 0.769 0.693 0.74 0.722 0.822 0.783 0.698 0.722 0.773 0.734 0.651 0.636 0.717 0.719 0.834 0.843 0.86 0.82 0.816 0.838 0.825 0.76 0.771 0.81 0.777 0.715 0.765 0.774 0.703 0.71 0.751 0.72 0.617 0.58 0.531 0.502 0.49 0.48 0.485 0.452 0.463 0.434 0.474 0.447 0.448 0.457 0.421 0.374
C1907TS182_1 0.434 0.321 0.406 0.408 0.403 0.479 0.481 0.502 0.495 0.559 0.546 0.514 0.567 0.617 0.554 0.524 0.574 0.601 0.501 0.506 0.598 0.504 0.471 0.476 0.434 0.462 0.423 0.453 0.504 0.482 0.5 0.521 0.494 0.467 0.55 0.544 0.485 0.51 0.578 0.547 0.476 0.413 0.407 0.354 0.29 0.306 0.304 0.305 0.279 0.288 0.272 0.26 0.243 0.237 0.34 0.314 0.293 0.316 0.32 0.324 0.288 0.302
C1907TS413_1 0.547 0.404 0.469 0.571 0.537 0.566 0.596 0.544 0.571 0.597 0.558 0.585 0.635 0.648 0.575 0.616 0.661 0.639 0.63 0.646 0.69 0.619 0.558 0.638 0.639 0.68 0.599 0.651 0.675 0.618 0.614 0.663 0.637 0.577 0.664 0.647 0.594 0.598 0.648 0.624 0.567 0.587 0.587 0.56 0.527 0.528 0.495 0.44 0.434 0.402 0.391 0.416 0.409 0.408 0.43 0.436 0.364 0.357 0.346 0.361 0.317 0.296
C1907TS414_5 0.589 0.473 0.509 0.613 0.576 0.648 0.684 0.604 0.643 0.714 0.653 0.634 0.698 0.737 0.67 0.66 0.72 0.722 0.657 0.638 0.723 0.718 0.663 0.616 0.392 0.589 0.584 0.621 0.614 0.603 0.606 0.665 0.642 0.622 0.661 0.669 0.63 0.617 0.668 0.651 0.597 0.575 0.608 0.581 0.57 0.568 0.58 0.567 0.531 0.471 0.492 0.499 0.465 0.451 0.428 0.451 0.448 0.426 0.439 0.464 0.478 0.414
C1907TS309_3 0.495 0.305 0.316 0.422 0.404 0.415 0.424 0.452 0.46 0.458 0.489 0.502 0.534 0.52 0.486 0.544 0.565 0.553 0.485 0.561 0.621 0.595 0.559 0.575 0.592 0.577 0.565 0.585 0.623 0.588 0.614 0.634 0.609 0.62 0.663 0.634 0.62 0.629 0.668 0.621 0.562 0.534 0.495 0.419 0.405 0.42 0.424 0.415 0.39 0.386 0.392 0.458 0.405 0.42 0.454 0.423 0.367 0.344 0.371 0.344 0.355 0.33
C1907TS152_1 0.555 0.411 0.427 0.537 0.518 0.54 0.561 0.527 0.553 0.566 0.558 0.587 0.604 0.642 0.595 0.622 0.659 0.652 0.621 0.636 0.709 0.642 0.576 0.607 0.574 0.653 0.584 0.646 0.681 0.619 0.626 0.697 0.659 0.63 0.698 0.713 0.641 0.63 0.671 0.648 0.585 0.601 0.64 0.579 0.541 0.536 0.496 0.475 0.444 0.398 0.403 0.426 0.427 0.434 0.451 0.431 0.364 0.402 0.383 0.389 0.355 0.353
C1907TS414_2 0.514 0.401 0.449 0.564 0.544 0.595 0.591 0.532 0.603 0.64 0.569 0.582 0.659 0.662 0.58 0.579 0.644 0.594 0.545 0.568 0.61 0.56 0.52 0.445 0.391 0.416 0.459 0.508 0.52 0.512 0.547 0.586 0.558 0.551 0.631 0.596 0.551 0.576 0.657 0.6 0.559 0.603 0.595 0.494 0.508 0.471 0.457 0.43 0.446 0.414 0.419 0.432 0.374 0.411 0.406 0.41 0.379 0.37 0.367 0.383 0.363 0.349
C1907TS247_5 0.75 0.516 0.582 0.644 0.649 0.627 0.627 0.661 0.641 0.682 0.684 0.707 0.747 0.829 0.818 0.78 0.822 0.828 0.824 0.825 0.828 0.828 0.806 0.788 0.78 0.772 0.749 0.76 0.743 0.782 0.79 0.774 0.825 0.825 0.843 0.867 0.87 0.874 0.847 0.888 0.87 0.85 0.88 0.842 0.863 0.813 0.821 0.822 0.808 0.785 0.785 0.748 0.721 0.698 0.611 0.618 0.662 0.56 0.613 0.524 0.583 0.528
C1907TS404_1 0.436 0.269 0.292 0.381 0.366 0.407 0.461 0.455 0.467 0.508 0.539 0.538 0.569 0.607 0.581 0.567 0.598 0.606 0.531 0.561 0.574 0.569 0.532 0.557 0.498 0.485 0.482 0.474 0.501 0.461 0.472 0.481 0.42 0.415 0.515 0.436 0.403 0.449 0.517 0.451 0.426 0.337 0.4 0.368 0.32 0.332 0.347 0.331 0.319 0.343 0.339 0.33 0.324 0.34 0.339 0.361 0.279 0.358 0.346 0.374 0.323 0.342
C1907TS211_3 0.676 0.425 0.48 0.551 0.58 0.546 0.601 0.606 0.629 0.65 0.685 0.701 0.767 0.763 0.774 0.797 0.832 0.765 0.767 0.757 0.762 0.762 0.74 0.692 0.631 0.668 0.672 0.599 0.65 0.683 0.79 0.77 0.748 0.823 0.851 0.761 0.754 0.773 0.854 0.796 0.796 0.843 0.827 0.734 0.733 0.772 0.794 0.74 0.681 0.691 0.723 0.617 0.632 0.613 0.605 0.473 0.416 0.43 0.507 0.437 0.411 0.319
C1907TS228_5 0.754 0.422 0.55 0.645 0.625 0.685 0.757 0.794 0.804 0.838 0.883 0.904 0.937 0.942 0.965 0.974 0.97 0.967 0.972 0.976 0.969 0.972 0.972 0.97 0.966 0.967 0.947 0.957 0.953 0.917 0.912 0.918 0.832 0.784 0.839 0.816 0.713 0.746 0.784 0.712 0.671 0.702 0.703 0.611 0.557 0.537 0.608 0.56 0.485 0.521 0.583 0.529 0.505 0.545 0.601 0.596 0.523 0.549 0.548 0.617 0.609 0.589
C1907TS230_4 0.461 0.377 0.429 0.484 0.476 0.495 0.558 0.523 0.538 0.555 0.585 0.538 0.574 0.593 0.519 0.52 0.553 0.545 0.492 0.51 0.537 0.512 0.449 0.474 0.447 0.43 0.494 0.511 0.486 0.496 0.556 0.569 0.506 0.499 0.536 0.593 0.521 0.493 0.54 0.534 0.443 0.515 0.479 0.462 0.451 0.449 0.421 0.389 0.34 0.336 0.358 0.332 0.294 0.29 0.345 0.355 0.29 0.307 0.32 0.305 0.291 0.287
C1907TS230_3 0.457 0.326 0.36 0.385 0.374 0.364 0.391 0.35 0.351 0.353 0.378 0.463 0.493 0.47 0.492 0.5 0.548 0.538 0.524 0.54 0.58 0.528 0.507 0.479 0.412 0.493 0.455 0.47 0.517 0.52 0.546 0.56 0.532 0.503 0.573 0.553 0.533 0.508 0.571 0.534 0.514 0.505 0.472 0.413 0.401 0.399 0.413 0.368 0.371 0.358 0.424 0.453 0.414 0.443 0.447 0.463 0.423 0.41 0.412 0.419 0.39 0.374
C1907TS247_2 0.694 0.474 0.502 0.621 0.711 0.693 0.688 0.736 0.708 0.712 0.72 0.768 0.771 0.804 0.771 0.787 0.785 0.731 0.684 0.711 0.693 0.662 0.612 0.638 0.576 0.593 0.589 0.564 0.574 0.624 0.649 0.698 0.688 0.711 0.76 0.754 0.737 0.796 0.813 0.796 0.765 0.805 0.816 0.793 0.769 0.81 0.81 0.762 0.731 0.766 0.757 0.717 0.706 0.703 0.648 0.594 0.586 0.6 0.63 0.607 0.523 0.516
C1907TS211_4 0.766 0.513 0.615 0.624 0.6 0.534 0.551 0.578 0.616 0.583 0.755 0.803 0.837 0.787 0.795 0.889 0.91 0.873 0.902 0.933 0.924 0.915 0.928 0.933 0.926 0.927 0.919 0.916 0.94 0.938 0.931 0.945 0.957 0.961 0.96 0.961 0.957 0.95 0.948 0.929 0.903 0.912 0.916 0.845 0.776 0.803 0.821 0.751 0.636 0.613 0.694 0.638 0.562 0.533 0.543 0.533 0.534 0.478 0.509 0.472 0.406 0.386
C1907TS228_2 0.761 0.416 0.528 0.651 0.645 0.649 0.747 0.775 0.802 0.836 0.874 0.9 0.935 0.94 0.962 0.975 0.972 0.977 0.98 0.981 0.979 0.978 0.977 0.972 0.973 0.967 0.957 0.964 0.965 0.941 0.923 0.935 0.87 0.802 0.854 0.83 0.732 0.761 0.79 0.721 0.665 0.696 0.713 0.645 0.553 0.527 0.61 0.568 0.503 0.517 0.575 0.555 0.53 0.561 0.615 0.637 0.547 0.57 0.539 0.636 0.616 0.602
C1907TS301_1 0.841 0.476 0.68 0.757 0.707 0.792 0.861 0.847 0.876 0.871 0.921 0.945 0.951 0.963 0.978 0.978 0.981 0.976 0.971 0.971 0.968 0.96 0.951 0.954 0.953 0.935 0.936 0.958 0.958 0.961 0.957 0.969 0.976 0.978 0.98 0.979 0.972 0.968 0.944 0.917 0.921 0.943 0.877 0.79 0.817 0.825 0.804 0.705 0.719 0.778 0.758 0.658 0.666 0.676 0.659 0.622 0.552 0.499 0.439 0.552 0.508
C1907TS369_5 0.511 0.316 0.457 0.507 0.506 0.539 0.578 0.543 0.587 0.621 0.559 0.561 0.607 0.607 0.539 0.552 0.605 0.561 0.525 0.557 0.601 0.52 0.494 0.49 0.409 0.43 0.435 0.5 0.539 0.521 0.566 0.621 0.562 0.588 0.659 0.632 0.587 0.608 0.665 0.61 0.58 0.617 0.629 0.556 0.545 0.571 0.528 0.476 0.411 0.421 0.402 0.407 0.398 0.388 0.335 0.368 0.351 0.371 0.379 0.378 0.365 0.34
C1907TS003_2 0.393 0.332 0.33 0.361 0.338 0.379 0.417 0.374 0.414 0.411 0.42 0.4 0.467 0.496 0.428 0.45 0.476 0.464 0.438 0.441 0.358 0.396 0.339 0.391 0.39 0.406 0.387 0.414 0.389 0.397 0.45 0.41 0.384 0.4 0.462 0.439 0.384 0.42 0.456 0.41 0.325 0.37 0.376 0.362 0.363 0.392 0.406 0.384 0.356 0.34 0.393 0.356 0.317 0.332 0.416 0.406 0.379 0.326 0.411 0.377 0.301 0.339
C1907TS067_1 0.453 0.251 0.28 0.33 0.354 0.338 0.34 0.283 0.325 0.399 0.406 0.403 0.439 0.469 0.457 0.482 0.504 0.513 0.525 0.537 0.51 0.512 0.429 0.38 0.397 0.437 0.444 0.494 0.485 0.453 0.555 0.541 0.452 0.472 0.58 0.52 0.441 0.478 0.563 0.498 0.443 0.455 0.453 0.496 0.486 0.481 0.527 0.476 0.453 0.451 0.54 0.476 0.464 0.466 0.466 0.459 0.42 0.459 0.497 0.486 0.439 0.444
C1907TS240_1 0.49 0.401 0.411 0.545 0.51 0.555 0.558 0.538 0.557 0.605 0.573 0.57 0.6 0.636 0.58 0.589 0.638 0.627 0.54 0.551 0.601 0.548 0.491 0.478 0.437 0.462 0.465 0.518 0.537 0.504 0.553 0.564 0.535 0.525 0.588 0.566 0.51 0.518 0.589 0.552 0.505 0.53 0.55 0.43 0.441 0.48 0.45 0.444 0.434 0.362 0.369 0.346 0.32 0.316 0.342 0.349 0.354 0.323 0.374 0.361 0.35 0.337
C1907TS369_2 0.452 0.308 0.351 0.428 0.428 0.431 0.512 0.498 0.494 0.56 0.543 0.516 0.547 0.581 0.523 0.511 0.564 0.55 0.466 0.482 0.506 0.46 0.399 0.429 0.415 0.435 0.415 0.446 0.466 0.449 0.461 0.512 0.49 0.473 0.551 0.533 0.51 0.492 0.561 0.523 0.486 0.5 0.521 0.478 0.447 0.455 0.468 0.423 0.378 0.359 0.365 0.391 0.375 0.355 0.38 0.392 0.326 0.346 0.357 0.338 0.313 0.32
C1907TS438_5 0.82 0.485 0.614 0.624 0.708 0.708 0.716 0.804 0.763 0.8 0.837 0.864 0.877 0.897 0.894 0.92 0.927 0.94 0.925 0.93 0.934 0.933 0.925 0.916 0.896 0.905 0.901 0.878 0.879 0.88 0.889 0.869 0.858 0.883 0.892 0.905 0.891 0.868 0.922 0.927 0.916 0.912 0.9 0.9 0.869 0.899 0.908 0.863 0.829 0.857 0.843 0.799 0.777 0.746 0.723 0.683 0.663 0.548 0.594 0.487 0.546 0.548
C1907TS123_4 0.455 0.349 0.377 0.397 0.4 0.437 0.447 0.444 0.464 0.511 0.521 0.513 0.519 0.577 0.56 0.531 0.557 0.565 0.538 0.528 0.614 0.554 0.497 0.49 0.424 0.484 0.443 0.45 0.446 0.483 0.45 0.492 0.513 0.502 0.539 0.543 0.522 0.53 0.584 0.553 0.526 0.512 0.504 0.477 0.426 0.414 0.382 0.42 0.341 0.31 0.312 0.356 0.303 0.354 0.361 0.352 0.308 0.355 0.363 0.384 0.335 0.315
C1907TS123_3 0.529 0.38 0.436 0.487 0.515 0.481 0.456 0.486 0.544 0.625 0.638 0.647 0.708 0.762 0.704 0.729 0.778 0.777 0.704 0.7 0.728 0.688 0.646 0.664 0.675 0.626 0.572 0.574 0.582 0.53 0.581 0.594 0.609 0.589 0.663 0.632 0.615 0.639 0.655 0.641 0.573 0.608 0.596 0.522 0.441 0.422 0.377 0.305 0.294 0.286 0.346 0.358 0.343 0.37 0.343 0.354 0.34 0.273 0.285 0.247 0.228 0.287
C1907TS438_2 0.773 0.485 0.595 0.602 0.63 0.609 0.601 0.65 0.635 0.708 0.737 0.773 0.827 0.823 0.843 0.85 0.867 0.828 0.805 0.811 0.809 0.796 0.768 0.722 0.722 0.74 0.715 0.711 0.692 0.762 0.789 0.795 0.817 0.84 0.882 0.871 0.889 0.908 0.903 0.899 0.9 0.901 0.902 0.925 0.916 0.918 0.92 0.893 0.882 0.873 0.861 0.839 0.811 0.784 0.768 0.718 0.684 0.62 0.623 0.561 0.564 0.593
C1907TS359_1 0.791 0.449 0.478 0.56 0.557 0.556 0.635 0.673 0.72 0.743 0.724 0.834 0.847 0.885 0.899 0.919 0.926 0.937 0.936 0.931 0.936 0.93 0.893 0.905 0.893 0.893 0.89 0.885 0.906 0.892 0.901 0.901 0.919 0.915 0.923 0.923 0.916 0.902 0.907 0.873 0.834 0.835 0.818 0.764 0.749 0.765 0.707 0.709 0.755 0.748 0.797 0.775 0.726 0.769 0.764 0.739 0.722 0.633 0.629 0.585 0.589 0.557
C1907TS213_2 0.526 0.338 0.388 0.371 0.403 0.446 0.436 0.458 0.52 0.541 0.555 0.586 0.615 0.583 0.603 0.629 0.621 0.632 0.638 0.715 0.659 0.645 0.661 0.619 0.682 0.602 0.661 0.695 0.631 0.625 0.666 0.642 0.606 0.625 0.635 0.597 0.577 0.64 0.59 0.564 0.523 0.522 0.465 0.43 0.473 0.446 0.439 0.429 0.375 0.392 0.404 0.391 0.404 0.437 0.412 0.375 0.375 0.396 0.402 0.385 0.357
C1907TS158_2 0.406 0.357 0.395 0.441 0.448 0.442 0.501 0.47 0.438 0.477 0.494 0.486 0.497 0.533 0.49 0.453 0.465 0.51 0.466 0.432 0.465 0.41 0.41 0.358 0.422 0.405 0.359 0.393 0.407 0.356 0.429 0.459 0.347 0.391 0.506 0.407 0.369 0.447 0.52 0.413 0.393 0.435 0.454 0.398 0.358 0.355 0.413 0.347 0.328 0.297 0.331 0.285 0.282 0.319 0.332 0.359 0.308 0.357 0.358 0.342 0.296 0.339
C1907TS299_3 0.882 0.559 0.627 0.652 0.709 0.644 0.71 0.795 0.797 0.821 0.852 0.884 0.916 0.926 0.956 0.974 0.972 0.976 0.976 0.972 0.964 0.961 0.959 0.952 0.948 0.945 0.937 0.935 0.952 0.957 0.953 0.956 0.968 0.978 0.982 0.983 0.983 0.981 0.979 0.978 0.974 0.97 0.974 0.973 0.965 0.964 0.965 0.958 0.946 0.939 0.931 0.9 0.87 0.859 0.835 0.805 0.785 0.67 0.708 0.65 0.62 0.573
C1907TS299_4 0.852 0.535 0.602 0.659 0.67 0.602 0.64 0.755 0.749 0.771 0.818 0.867 0.892 0.911 0.938 0.965 0.966 0.964 0.966 0.958 0.947 0.937 0.927 0.92 0.918 0.905 0.887 0.872 0.91 0.918 0.908 0.927 0.945 0.959 0.967 0.973 0.973 0.974 0.976 0.975 0.971 0.967 0.975 0.971 0.964 0.962 0.969 0.96 0.936 0.928 0.901 0.855 0.827 0.825 0.769 0.726 0.76 0.536 0.632 0.513 0.583 0.491
C1907TS389_1 0.454 0.358 0.434 0.429 0.469 0.462 0.465 0.469 0.519 0.491 0.493 0.557 0.602 0.548 0.547 0.615 0.596 0.549 0.56 0.599 0.537 0.464 0.454 0.426 0.43 0.409 0.454 0.452 0.435 0.457 0.47 0.442 0.429 0.492 0.484 0.451 0.478 0.533 0.491 0.471 0.492 0.535 0.484 0.463 0.437 0.468 0.448 0.419 0.4 0.383 0.381 0.369 0.352 0.379 0.34 0.332 0.317 0.318 0.308 0.305 0.317
C1907TS213_5 0.514 0.308 0.384 0.359 0.394 0.44 0.427 0.446 0.502 0.538 0.549 0.558 0.609 0.585 0.579 0.617 0.606 0.599 0.599 0.669 0.625 0.604 0.644 0.585 0.669 0.614 0.682 0.697 0.627 0.633 0.685 0.633 0.59 0.637 0.654 0.602 0.592 0.657 0.602 0.555 0.522 0.54 0.482 0.446 0.485 0.445 0.427 0.427 0.372 0.351 0.382 0.369 0.391 0.423 0.382 0.343 0.334 0.374 0.363 0.341 0.316
C1907TS158_5 0.552 0.421 0.487 0.557 0.579 0.552 0.583 0.594 0.589 0.622 0.638 0.625 0.62 0.697 0.648 0.649 0.617 0.67 0.597 0.625 0.596 0.637 0.589 0.587 0.57 0.589 0.617 0.569 0.593 0.626 0.64 0.671 0.644 0.613 0.717 0.673 0.617 0.652 0.707 0.645 0.576 0.608 0.578 0.48 0.45 0.413 0.44 0.386 0.401 0.371 0.362 0.347 0.35 0.37 0.367 0.443 0.399 0.46 0.513 0.518 0.439 0.455
C1907TS414_3 0.56 0.479 0.486 0.587 0.538 0.587 0.632 0.572 0.593 0.663 0.639 0.624 0.679 0.729 0.656 0.646 0.721 0.718 0.629 0.626 0.716 0.67 0.588 0.571 0.457 0.386 0.489 0.515 0.573 0.553 0.573 0.619 0.604 0.576 0.648 0.646 0.602 0.598 0.661 0.623 0.571 0.578 0.618 0.561 0.519 0.559 0.556 0.594 0.523 0.476 0.51 0.492 0.429 0.424 0.455 0.454 0.445 0.408 0.404 0.392 0.373 0.381
C1907TS414_4 0.58 0.497 0.552 0.632 0.606 0.678 0.672 0.62 0.666 0.712 0.675 0.669 0.727 0.718 0.664 0.663 0.703 0.65 0.611 0.63 0.658 0.6 0.575 0.519 0.449 0.448 0.527 0.575 0.591 0.587 0.619 0.645 0.622 0.612 0.691 0.654 0.603 0.62 0.695 0.637 0.606 0.644 0.649 0.556 0.544 0.555 0.524 0.459 0.459 0.468 0.516 0.539 0.48 0.49 0.471 0.511 0.484 0.452 0.444 0.447 0.415 0.387
C1907TS309_2 0.557 0.44 0.445 0.527 0.546 0.546 0.58 0.555 0.573 0.636 0.589 0.58 0.627 0.657 0.606 0.611 0.686 0.657 0.582 0.608 0.664 0.59 0.541 0.542 0.526 0.513 0.508 0.562 0.598 0.568 0.614 0.67 0.621 0.621 0.711 0.69 0.62 0.648 0.726 0.676 0.631 0.665 0.707 0.635 0.609 0.673 0.611 0.515 0.474 0.457 0.476 0.509 0.395 0.437 0.474 0.447 0.379 0.355 0.354 0.312 0.297 0.306
C1907TS196_1 0.827 0.638 0.62 0.762 0.805 0.781 0.805 0.859 0.853 0.875 0.874 0.907 0.924 0.926 0.943 0.964 0.972 0.97 0.958 0.959 0.963 0.958 0.937 0.944 0.955 0.947 0.931 0.93 0.949 0.943 0.949 0.953 0.953 0.949 0.955 0.947 0.927 0.908 0.895 0.88 0.834 0.816 0.805 0.752 0.689 0.715 0.748 0.742 0.73 0.688 0.749 0.752 0.709 0.738 0.726 0.693 0.647 0.547 0.579 0.568 0.52 0.519
C1907TS456_3 0.565 0.362 0.358 0.413 0.404 0.436 0.445 0.564 0.581 0.59 0.521 0.616 0.585 0.609 0.579 0.668 0.693 0.655 0.631 0.673 0.719 0.673 0.653 0.703 0.606 0.644 0.577 0.632 0.691 0.675 0.705 0.721 0.659 0.67 0.731 0.698 0.643 0.663 0.736 0.648 0.607 0.67 0.676 0.573 0.581 0.653 0.606 0.514 0.536 0.465 0.435 0.417 0.418 0.435 0.442 0.412 0.385 0.364 0.397 0.4 0.335 0.34
C1907TS103_2 0.423 0.355 0.462 0.47 0.482 0.492 0.539 0.479 0.442 0.49 0.458 0.479 0.485 0.52 0.505 0.47 0.511 0.486 0.487 0.451 0.504 0.521 0.466 0.476 0.468 0.519 0.456 0.482 0.494 0.456 0.53 0.526 0.446 0.46 0.528 0.488 0.42 0.446 0.522 0.471 0.377 0.401 0.43 0.393 0.289 0.263 0.302 0.256 0.261 0.268 0.29 0.285 0.305 0.308 0.294 0.292 0.262 0.352 0.368 0.343 0.324 0.374
C1907TS456_4 0.734 0.403 0.411 0.46 0.469 0.47 0.522 0.66 0.695 0.719 0.733 0.79 0.797 0.784 0.812 0.832 0.824 0.831 0.816 0.799 0.809 0.793 0.798 0.769 0.719 0.774 0.802 0.795 0.857 0.835 0.879 0.84 0.831 0.851 0.871 0.867 0.863 0.862 0.865 0.853 0.813 0.827 0.812 0.778 0.754 0.781 0.731 0.721 0.708 0.638 0.541 0.599 0.671 0.629 0.633 0.652 0.722 0.735 0.7 0.722 0.673 0.58
C1907TS273_2 0.476 0.332 0.316 0.364 0.357 0.385 0.405 0.382 0.435 0.449 0.531 0.526 0.548 0.554 0.526 0.54 0.567 0.549 0.531 0.543 0.584 0.567 0.516 0.522 0.523 0.546 0.491 0.587 0.619 0.546 0.609 0.617 0.568 0.532 0.624 0.609 0.569 0.56 0.636 0.567 0.521 0.487 0.484 0.438 0.415 0.47 0.469 0.462 0.413 0.39 0.405 0.416 0.368 0.405 0.396 0.414 0.345 0.306 0.333 0.295 0.272 0.303
C1907TS349_4 0.529 0.286 0.393 0.446 0.385 0.353 0.445 0.492 0.503 0.496 0.546 0.574 0.598 0.56 0.596 0.585 0.623 0.587 0.604 0.613 0.585 0.553 0.501 0.519 0.471 0.468 0.611 0.576 0.678 0.589 0.655 0.622 0.564 0.566 0.66 0.587 0.534 0.592 0.663 0.565 0.527 0.572 0.601 0.535 0.527 0.653 0.636 0.653 0.566 0.509 0.569 0.509 0.495 0.512 0.537 0.451 0.377 0.387 0.395 0.347 0.323 0.336
C1907TS054_2 0.474 0.368 0.41 0.46 0.453 0.479 0.491 0.491 0.533 0.612 0.577 0.555 0.612 0.658 0.614 0.601 0.65 0.628 0.564 0.59 0.616 0.568 0.525 0.48 0.493 0.469 0.409 0.443 0.397 0.395 0.391 0.481 0.464 0.46 0.548 0.55 0.497 0.519 0.59 0.548 0.513 0.524 0.505 0.426 0.367 0.362 0.395 0.385 0.313 0.308 0.439 0.402 0.347 0.377 0.412 0.359 0.351 0.407 0.431 0.409 0.36 0.348
C1907TS349_3 0.5 0.288 0.354 0.362 0.318 0.343 0.382 0.371 0.413 0.357 0.512 0.515 0.526 0.611 0.564 0.567 0.618 0.613 0.566 0.585 0.622 0.586 0.579 0.618 0.559 0.516 0.447 0.421 0.425 0.279 0.493 0.515 0.495 0.447 0.556 0.577 0.513 0.511 0.623 0.573 0.554 0.554 0.55 0.592 0.574 0.664 0.66 0.678 0.577 0.55 0.619 0.545 0.495 0.503 0.515 0.422 0.392 0.391 0.384 0.376 0.332 0.378
C1907TS054_5 0.353 0.301 0.362 0.376 0.365 0.377 0.34 0.335 0.342 0.368 0.417 0.406 0.401 0.399 0.39 0.394 0.397 0.373 0.329 0.338 0.337 0.314 0.278 0.286 0.243 0.287 0.275 0.307 0.368 0.355 0.394 0.401 0.386 0.356 0.397 0.384 0.394 0.378 0.414 0.383 0.323 0.369 0.396 0.366 0.294 0.347 0.343 0.316 0.257 0.239 0.319 0.321 0.303 0.362 0.415 0.403 0.367 0.412 0.418 0.396 0.338 0.291
C1907TS273_5 0.465 0.344 0.382 0.424 0.394 0.377 0.405 0.448 0.542 0.528 0.583 0.536 0.551 0.542 0.499 0.494 0.513 0.471 0.422 0.461 0.493 0.471 0.451 0.485 0.432 0.42 0.391 0.408 0.407 0.359 0.379 0.404 0.351 0.382 0.369 0.401 0.43 0.459 0.497 0.472 0.456 0.532 0.533 0.532 0.532 0.522 0.525 0.52 0.527 0.504 0.547 0.568 0.545 0.564 0.525 0.517 0.498 0.454 0.418 0.408 0.392 0.383
C1907TS278_1 0.499 0.455 0.5 0.553 0.615 0.537 0.599 0.552 0.525 0.546 0.546 0.512 0.565 0.599 0.567 0.557 0.596 0.585 0.56 0.573 0.619 0.61 0.578 0.558 0.537 0.506 0.496 0.458 0.439 0.459 0.471 0.479 0.442 0.463 0.47 0.521 0.471 0.518 0.588 0.549 0.502 0.554 0.573 0.508 0.447 0.517 0.465 0.444 0.398 0.405 0.42 0.367 0.383 0.338 0.436 0.448 0.375 0.422 0.418 0.415 0.394 0.446
C1907TS210_5 0.737 0.455 0.489 0.56 0.568 0.519 0.532 0.532 0.571 0.565 0.705 0.771 0.789 0.797 0.822 0.896 0.894 0.864 0.907 0.915 0.9 0.887 0.869 0.858 0.812 0.764 0.773 0.721 0.792 0.797 0.827 0.829 0.817 0.877 0.907 0.894 0.915 0.926 0.935 0.929 0.918 0.903 0.906 0.898 0.855 0.836 0.84 0.818 0.778 0.734 0.72 0.668 0.602 0.559 0.574 0.542 0.436 0.453 0.469 0.469 0.392 0.382
C1907TS345_3 0.568 0.404 0.404 0.479 0.488 0.498 0.44 0.461 0.523 0.424 0.536 0.588 0.676 0.638 0.597 0.703 0.741 0.673 0.711 0.783 0.8 0.692 0.69 0.765 0.674 0.705 0.614 0.711 0.732 0.652 0.669 0.72 0.706 0.649 0.712 0.703 0.697 0.669 0.686 0.601 0.642 0.643 0.617 0.569 0.569 0.581 0.573 0.531 0.464 0.377 0.39 0.359 0.368 0.389 0.377 0.439 0.403 0.39 0.431 0.365 0.274 0.294
C1907TS345_4 0.575 0.328 0.37 0.42 0.419 0.421 0.456 0.48 0.423 0.446 0.459 0.408 0.619 0.634 0.667 0.702 0.674 0.665 0.719 0.716 0.685 0.687 0.741 0.756 0.728 0.724 0.678 0.697 0.735 0.703 0.639 0.656 0.703 0.721 0.715 0.768 0.736 0.715 0.729 0.716 0.675 0.684 0.69 0.647 0.633 0.624 0.64 0.555 0.518 0.458 0.457 0.454 0.392 0.414 0.414 0.44 0.398 0.358 0.395 0.355 0.303 0.307
C1907TS210_2 0.891 0.599 0.679 0.725 0.756 0.717 0.77 0.836 0.84 0.874 0.885 0.928 0.944 0.948 0.969 0.982 0.982 0.978 0.983 0.981 0.977 0.973 0.971 0.966 0.965 0.961 0.954 0.951 0.966 0.967 0.96 0.964 0.976 0.983 0.985 0.986 0.987 0.985 0.984 0.984 0.982 0.977 0.98 0.977 0.973 0.968 0.969 0.956 0.937 0.925 0.906 0.876 0.837 0.818 0.814 0.796 0.725 0.641 0.677 0.628 0.632 0.564
C1907TS299_5 0.887 0.615 0.525 0.673 0.785 0.745 0.773 0.844 0.865 0.857 0.866 0.914 0.939 0.937 0.961 0.978 0.977 0.976 0.977 0.975 0.968 0.966 0.964 0.955 0.956 0.95 0.939 0.937 0.956 0.96 0.955 0.959 0.97 0.98 0.983 0.984 0.984 0.981 0.981 0.98 0.975 0.973 0.977 0.975 0.969 0.967 0.97 0.964 0.95 0.943 0.925 0.875 0.848 0.834 0.795 0.797 0.799 0.63 0.684 0.468 0.66 0.644
C1907TS200_1 0.363 0.23 0.325 0.336 0.333 0.323 0.321 0.311 0.371 0.345 0.341 0.363 0.355 0.373 0.303 0.334 0.319 0.339 0.294 0.323 0.336 0.357 0.343 0.368 0.352 0.352 0.346 0.357 0.409 0.385 0.421 0.437 0.407 0.431 0.441 0.445 0.419 0.431 0.473 0.451 0.378 0.384 0.416 0.384 0.328 0.337 0.347 0.325 0.343 0.324 0.343 0.356 0.343 0.353 0.368 0.384 0.392 0.377 0.368 0.364 0.371 0.357
C1907TS213_4 0.508 0.309 0.384 0.365 0.384 0.448 0.431 0.442 0.501 0.563 0.559 0.564 0.584 0.572 0.572 0.611 0.605 0.575 0.578 0.664 0.615 0.576 0.592 0.55 0.629 0.585 0.62 0.655 0.611 0.605 0.662 0.621 0.592 0.628 0.642 0.599 0.583 0.651 0.609 0.56 0.536 0.543 0.474 0.461 0.502 0.5 0.449 0.422 0.362 0.357 0.381 0.367 0.367 0.402 0.374 0.343 0.338 0.368 0.352 0.344 0.316
C1907TS158_4 0.635 0.431 0.48 0.559 0.636 0.599 0.656 0.632 0.642 0.628 0.64 0.69 0.724 0.681 0.713 0.725 0.743 0.653 0.674 0.695 0.651 0.558 0.604 0.577 0.612 0.554 0.584 0.601 0.684 0.682 0.742 0.724 0.781 0.738 0.804 0.784 0.794 0.805 0.778 0.768 0.728 0.729 0.743 0.715 0.668 0.66 0.675 0.594 0.536 0.524 0.524 0.49 0.46 0.448 0.452 0.496 0.484 0.515 0.572 0.605 0.577 0.519
C1907TS213_3 0.521 0.316 0.388 0.368 0.403 0.449 0.445 0.463 0.511 0.555 0.555 0.569 0.606 0.578 0.584 0.622 0.617 0.62 0.631 0.69 0.648 0.616 0.623 0.582 0.652 0.579 0.636 0.662 0.644 0.625 0.676 0.654 0.63 0.648 0.642 0.615 0.597 0.644 0.607 0.571 0.509 0.557 0.498 0.487 0.504 0.47 0.438 0.439 0.363 0.354 0.383 0.371 0.372 0.398 0.373 0.363 0.368 0.374 0.389 0.377 0.347
C1907TS158_3 0.421 0.359 0.38 0.362 0.342 0.397 0.379 0.362 0.367 0.427 0.423 0.408 0.438 0.503 0.468 0.479 0.53 0.504 0.469 0.5 0.531 0.478 0.444 0.441 0.417 0.412 0.348 0.377 0.437 0.395 0.481 0.528 0.472 0.46 0.534 0.52 0.472 0.492 0.568 0.491 0.458 0.491 0.498 0.457 0.43 0.422 0.435 0.388 0.377 0.329 0.362 0.331 0.322 0.301 0.348 0.382 0.332 0.337 0.369 0.358 0.286 0.267
C1907TS299_2 0.878 0.597 0.661 0.694 0.715 0.651 0.717 0.802 0.795 0.813 0.856 0.887 0.917 0.929 0.951 0.971 0.975 0.972 0.974 0.974 0.97 0.963 0.95 0.95 0.954 0.947 0.941 0.934 0.953 0.955 0.95 0.953 0.966 0.977 0.981 0.983 0.983 0.981 0.981 0.98 0.976 0.97 0.976 0.975 0.968 0.966 0.97 0.966 0.949 0.934 0.915 0.882 0.849 0.832 0.798 0.791 0.781 0.582 0.645 0.476 0.654 0.577
C1907TS123_2 0.427 0.374 0.334 0.398 0.402 0.446 0.397 0.433 0.445 0.465 0.435 0.477 0.454 0.49 0.458 0.473 0.493 0.487 0.458 0.462 0.514 0.47 0.434 0.429 0.418 0.443 0.41 0.439 0.457 0.478 0.476 0.496 0.475 0.474 0.491 0.51 0.461 0.5 0.514 0.496 0.492 0.478 0.483 0.458 0.414 0.393 0.394 0.375 0.368 0.297 0.35 0.367 0.339 0.362 0.355 0.364 0.328 0.326 0.359 0.345 0.304 0.303
C1907TS438_3 0.798 0.562 0.557 0.665 0.65 0.643 0.657 0.692 0.686 0.711 0.749 0.815 0.838 0.852 0.848 0.887 0.914 0.884 0.872 0.891 0.88 0.849 0.845 0.822 0.774 0.794 0.806 0.796 0.783 0.827 0.839 0.86 0.875 0.88 0.916 0.911 0.916 0.912 0.908 0.911 0.924 0.913 0.901 0.941 0.93 0.91 0.914 0.912 0.902 0.893 0.876 0.842 0.794 0.779 0.746 0.7 0.737 0.552 0.62 0.433 0.506 0.474
C1907TS102_2 0.827 0.638 0.62 0.762 0.805 0.781 0.805 0.859 0.853 0.875 0.874 0.907 0.924 0.926 0.943 0.964 0.972 0.97 0.958 0.959 0.963 0.958 0.937 0.944 0.955 0.947 0.931 0.93 0.949 0.943 0.949 0.953 0.953 0.949 0.955 0.947 0.927 0.908 0.895 0.88 0.834 0.816 0.805 0.752 0.689 0.715 0.748 0.742 0.73 0.688 0.749 0.752 0.709 0.738 0.726 0.693 0.647 0.547 0.579 0.568 0.52 0.519
C1907TS438_4 0.763 0.493 0.537 0.686 0.683 0.661 0.709 0.742 0.724 0.763 0.828 0.847 0.854 0.886 0.884 0.888 0.902 0.9 0.831 0.834 0.844 0.831 0.776 0.754 0.785 0.782 0.767 0.738 0.735 0.746 0.743 0.749 0.755 0.775 0.78 0.757 0.782 0.793 0.827 0.825 0.795 0.835 0.871 0.802 0.794 0.857 0.868 0.823 0.812 0.833 0.852 0.791 0.723 0.731 0.732 0.678 0.67 0.582 0.577 0.585 0.532 0.587
C1907TS044_1 0.841 0.476 0.68 0.757 0.707 0.792 0.861 0.847 0.876 0.871 0.921 0.945 0.951 0.963 0.978 0.978 0.981 0.976 0.971 0.971 0.968 0.96 0.951 0.954 0.953 0.935 0.936 0.958 0.958 0.961 0.957 0.969 0.976 0.978 0.98 0.979 0.972 0.968 0.944 0.917 0.921 0.943 0.877 0.79 0.817 0.825 0.804 0.705 0.719 0.778 0.758 0.658 0.666 0.676 0.659 0.622 0.552 0.499 0.439 0.552 0.508
C1907TS123_5 0.455 0.349 0.377 0.397 0.4 0.437 0.447 0.444 0.464 0.511 0.521 0.513 0.519 0.577 0.56 0.531 0.557 0.565 0.538 0.528 0.614 0.554 0.497 0.49 0.424 0.484 0.443 0.45 0.446 0.483 0.45 0.492 0.513 0.502 0.539 0.543 0.522 0.53 0.584 0.553 0.526 0.512 0.504 0.477 0.426 0.414 0.382 0.42 0.341 0.31 0.312 0.356 0.303 0.354 0.361 0.352 0.308 0.355 0.363 0.384 0.335 0.315
C1907TS258_1 0.5 0.367 0.386 0.425 0.408 0.417 0.428 0.428 0.446 0.458 0.513 0.546 0.535 0.555 0.535 0.564 0.589 0.591 0.56 0.54 0.577 0.562 0.45 0.484 0.476 0.493 0.467 0.502 0.515 0.543 0.577 0.585 0.554 0.569 0.633 0.593 0.584 0.591 0.652 0.6 0.571 0.608 0.599 0.55 0.534 0.576 0.56 0.49 0.465 0.424 0.448 0.454 0.408 0.404 0.485 0.442 0.383 0.385 0.381 0.363 0.307 0.34
C1907TS369_3 0.479 0.346 0.448 0.506 0.503 0.541 0.549 0.512 0.558 0.608 0.554 0.544 0.589 0.605 0.526 0.543 0.598 0.573 0.494 0.525 0.592 0.509 0.474 0.479 0.477 0.412 0.474 0.515 0.504 0.482 0.519 0.569 0.51 0.512 0.591 0.57 0.515 0.532 0.607 0.544 0.512 0.566 0.57 0.506 0.52 0.498 0.457 0.433 0.343 0.362 0.348 0.349 0.336 0.338 0.366 0.315 0.301 0.324 0.309 0.323 0.339 0.318
C1907TS010_1 0.55 0.343 0.336 0.413 0.444 0.471 0.543 0.579 0.572 0.653 0.603 0.596 0.671 0.693 0.63 0.654 0.723 0.698 0.65 0.641 0.746 0.664 0.639 0.622 0.558 0.645 0.572 0.644 0.623 0.562 0.654 0.661 0.595 0.584 0.655 0.668 0.588 0.572 0.641 0.615 0.57 0.52 0.566 0.513 0.515 0.546 0.549 0.531 0.485 0.455 0.49 0.481 0.448 0.432 0.45 0.451 0.366 0.373 0.387 0.37 0.319 0.322
C1907TS369_4 0.625 0.339 0.448 0.496 0.533 0.507 0.474 0.571 0.564 0.675 0.694 0.705 0.753 0.803 0.736 0.773 0.824 0.793 0.733 0.774 0.787 0.743 0.723 0.738 0.732 0.711 0.652 0.641 0.658 0.631 0.65 0.621 0.676 0.668 0.739 0.725 0.703 0.754 0.731 0.684 0.622 0.684 0.694 0.612 0.541 0.572 0.526 0.443 0.44 0.478 0.547 0.572 0.543 0.57 0.604 0.601 0.615 0.474 0.476 0.511 0.44 0.43
C1907TS003_3 0.404 0.332 0.352 0.399 0.357 0.39 0.35 0.335 0.402 0.383 0.411 0.436 0.462 0.492 0.471 0.471 0.496 0.498 0.403 0.357 0.416 0.41 0.376 0.4 0.366 0.393 0.375 0.411 0.442 0.43 0.459 0.441 0.424 0.451 0.474 0.432 0.432 0.426 0.382 0.375 0.412 0.447 0.464 0.399 0.416 0.392 0.427 0.356 0.37 0.338 0.355 0.376 0.35 0.363 0.409 0.409 0.348 0.377 0.405 0.386 0.377 0.363
C1907TS230_2 0.48 0.377 0.426 0.441 0.441 0.494 0.532 0.517 0.501 0.566 0.544 0.487 0.544 0.606 0.548 0.51 0.547 0.58 0.515 0.527 0.604 0.566 0.517 0.504 0.421 0.436 0.489 0.511 0.529 0.506 0.534 0.533 0.486 0.513 0.577 0.566 0.526 0.561 0.601 0.541 0.508 0.528 0.489 0.431 0.41 0.491 0.482 0.453 0.415 0.377 0.397 0.382 0.341 0.375 0.437 0.434 0.359 0.372 0.358 0.355 0.294 0.342
C1907TS247_3 0.718 0.514 0.554 0.607 0.609 0.614 0.661 0.678 0.647 0.689 0.73 0.756 0.771 0.812 0.829 0.821 0.821 0.812 0.761 0.733 0.725 0.701 0.693 0.66 0.652 0.632 0.601 0.636 0.673 0.713 0.722 0.744 0.744 0.783 0.828 0.793 0.811 0.819 0.848 0.843 0.819 0.852 0.851 0.841 0.811 0.813 0.839 0.818 0.813 0.791 0.816 0.759 0.734 0.718 0.643 0.659 0.673 0.544 0.552 0.493 0.474 0.461
C1907TS211_5 0.737 0.444 0.491 0.533 0.537 0.497 0.572 0.598 0.659 0.647 0.661 0.688 0.762 0.814 0.874 0.911 0.926 0.923 0.919 0.89 0.867 0.881 0.864 0.801 0.784 0.838 0.809 0.706 0.778 0.779 0.865 0.865 0.826 0.875 0.894 0.847 0.792 0.837 0.91 0.869 0.862 0.875 0.87 0.777 0.748 0.8 0.821 0.801 0.768 0.753 0.775 0.655 0.655 0.633 0.638 0.499 0.455 0.526 0.584 0.518 0.485 0.406
C1907TS228_3 0.547 0.395 0.423 0.57 0.475 0.519 0.585 0.558 0.551 0.57 0.611 0.575 0.571 0.608 0.568 0.576 0.634 0.601 0.581 0.579 0.638 0.622 0.565 0.627 0.604 0.609 0.592 0.58 0.59 0.565 0.604 0.588 0.553 0.546 0.581 0.511 0.462 0.515 0.573 0.489 0.455 0.513 0.525 0.438 0.335 0.351 0.402 0.493 0.465 0.445 0.57 0.557 0.548 0.61 0.654 0.63 0.59 0.546 0.595 0.567 0.56 0.561
C1907TS073_1 0.494 0.334 0.283 0.406 0.465 0.548 0.548 0.533 0.562 0.63 0.592 0.579 0.637 0.681 0.599 0.575 0.632 0.629 0.565 0.543 0.589 0.561 0.468 0.478 0.433 0.353 0.405 0.493 0.599 0.55 0.622 0.629 0.537 0.559 0.634 0.589 0.548 0.585 0.65 0.57 0.531 0.58 0.613 0.498 0.485 0.445 0.491 0.391 0.411 0.355 0.322 0.277 0.307 0.343 0.391 0.378 0.325 0.367 0.365 0.368 0.35 0.333
C1907TS247_4 0.704 0.598 0.601 0.698 0.706 0.659 0.694 0.707 0.688 0.689 0.719 0.747 0.743 0.707 0.731 0.774 0.78 0.704 0.64 0.689 0.716 0.707 0.692 0.694 0.68 0.654 0.665 0.67 0.683 0.711 0.729 0.706 0.715 0.716 0.75 0.716 0.713 0.728 0.742 0.704 0.736 0.76 0.708 0.733 0.751 0.795 0.795 0.786 0.775 0.785 0.797 0.777 0.789 0.758 0.743 0.674 0.656 0.598 0.592 0.549 0.499 0.524
C1907TS211_2 0.521 0.321 0.362 0.527 0.511 0.544 0.603 0.57 0.572 0.652 0.633 0.601 0.659 0.708 0.643 0.624 0.688 0.67 0.592 0.594 0.609 0.575 0.408 0.487 0.419 0.491 0.517 0.531 0.576 0.562 0.611 0.626 0.579 0.591 0.669 0.633 0.585 0.595 0.659 0.585 0.549 0.506 0.496 0.487 0.461 0.476 0.454 0.391 0.394 0.374 0.383 0.416 0.366 0.399 0.436 0.359 0.372 0.407 0.437 0.414 0.402 0.408
C1907TS228_4 0.764 0.442 0.56 0.642 0.637 0.672 0.746 0.781 0.789 0.842 0.892 0.908 0.939 0.946 0.966 0.978 0.979 0.982 0.983 0.984 0.983 0.982 0.981 0.978 0.976 0.974 0.958 0.968 0.965 0.928 0.915 0.922 0.835 0.784 0.848 0.826 0.725 0.758 0.795 0.725 0.688 0.717 0.723 0.645 0.612 0.558 0.626 0.588 0.511 0.539 0.585 0.545 0.515 0.556 0.604 0.628 0.526 0.547 0.542 0.639 0.628 0.602
C1907TS230_5 0.477 0.388 0.404 0.48 0.494 0.494 0.554 0.567 0.535 0.576 0.618 0.613 0.597 0.607 0.599 0.567 0.564 0.597 0.579 0.535 0.546 0.464 0.444 0.454 0.407 0.471 0.472 0.492 0.492 0.532 0.49 0.505 0.501 0.549 0.551 0.494 0.463 0.53 0.594 0.525 0.479 0.491 0.56 0.431 0.432 0.455 0.493 0.448 0.419 0.387 0.386 0.392 0.345 0.351 0.395 0.371 0.331 0.322 0.344 0.324 0.278 0.302
C1907TS299_1 0.887 0.594 0.666 0.722 0.746 0.676 0.742 0.825 0.831 0.839 0.872 0.908 0.937 0.94 0.965 0.981 0.981 0.98 0.981 0.978 0.971 0.966 0.963 0.953 0.953 0.948 0.94 0.933 0.953 0.958 0.952 0.955 0.969 0.979 0.983 0.983 0.985 0.984 0.985 0.985 0.98 0.977 0.982 0.978 0.974 0.973 0.976 0.967 0.948 0.942 0.924 0.873 0.848 0.831 0.799 0.794 0.796 0.615 0.674 0.463 0.667 0.634
C1907TS389_4 0.414 0.3 0.375 0.369 0.41 0.441 0.425 0.428 0.495 0.482 0.465 0.489 0.538 0.497 0.476 0.529 0.514 0.474 0.464 0.496 0.497 0.42 0.419 0.445 0.41 0.403 0.443 0.467 0.427 0.479 0.476 0.451 0.444 0.499 0.489 0.436 0.443 0.499 0.454 0.416 0.432 0.428 0.396 0.33 0.373 0.394 0.392 0.366 0.336 0.34 0.35 0.283 0.306 0.323 0.283 0.299 0.324 0.306 0.316 0.278 0.291
C1907TS389_3 0.479 0.389 0.466 0.489 0.517 0.527 0.488 0.514 0.561 0.55 0.542 0.597 0.648 0.615 0.603 0.673 0.655 0.569 0.572 0.645 0.565 0.509 0.492 0.46 0.452 0.432 0.476 0.468 0.45 0.461 0.481 0.436 0.427 0.495 0.501 0.449 0.471 0.528 0.473 0.456 0.476 0.526 0.457 0.438 0.446 0.464 0.473 0.426 0.433 0.427 0.422 0.378 0.372 0.405 0.392 0.398 0.368 0.378 0.359 0.304 0.309
C1907TS102_1 0.423 0.355 0.462 0.47 0.482 0.492 0.539 0.479 0.442 0.49 0.458 0.479 0.485 0.52 0.505 0.47 0.511 0.486 0.487 0.451 0.504 0.521 0.466 0.476 0.468 0.519 0.456 0.482 0.494 0.456 0.53 0.526 0.446 0.46 0.528 0.488 0.42 0.446 0.522 0.471 0.377 0.401 0.43 0.393 0.289 0.263 0.302 0.256 0.261 0.268 0.29 0.285 0.305 0.308 0.294 0.292 0.262 0.352 0.368 0.343 0.324 0.374
C1907TS123_1 0.472 0.304 0.292 0.371 0.309 0.386 0.461 0.447 0.46 0.508 0.502 0.541 0.545 0.557 0.543 0.556 0.582 0.56 0.557 0.599 0.629 0.575 0.557 0.527 0.423 0.532 0.524 0.567 0.579 0.546 0.499 0.565 0.566 0.572 0.613 0.595 0.548 0.562 0.608 0.554 0.517 0.52 0.512 0.448 0.406 0.421 0.415 0.396 0.362 0.373 0.36 0.354 0.351 0.368 0.361 0.38 0.327 0.37 0.346 0.344 0.315 0.313
C1907TS240_4 0.476 0.393 0.41 0.502 0.476 0.508 0.552 0.527 0.534 0.577 0.555 0.546 0.594 0.635 0.574 0.575 0.621 0.616 0.545 0.554 0.594 0.523 0.466 0.455 0.458 0.463 0.434 0.502 0.518 0.494 0.529 0.549 0.517 0.511 0.585 0.574 0.517 0.517 0.592 0.559 0.518 0.51 0.508 0.444 0.43 0.435 0.425 0.414 0.411 0.368 0.342 0.33 0.275 0.338 0.304 0.333 0.338 0.342 0.377 0.351 0.313 0.288
C1907TS010_5 0.582 0.382 0.398 0.442 0.434 0.461 0.483 0.405 0.548 0.557 0.572 0.532 0.599 0.614 0.553 0.618 0.684 0.627 0.623 0.675 0.747 0.698 0.701 0.705 0.698 0.762 0.676 0.736 0.743 0.653 0.687 0.753 0.679 0.639 0.712 0.676 0.623 0.631 0.709 0.623 0.571 0.596 0.639 0.603 0.579 0.661 0.691 0.61 0.566 0.561 0.588 0.552 0.515 0.477 0.51 0.433 0.428 0.416 0.398 0.364 0.363 0.354
C1907TS258_5 0.493 0.309 0.33 0.354 0.371 0.371 0.396 0.384 0.482 0.495 0.494 0.539 0.584 0.603 0.536 0.579 0.602 0.581 0.552 0.565 0.615 0.575 0.495 0.499 0.423 0.477 0.474 0.536 0.551 0.55 0.543 0.561 0.553 0.576 0.611 0.607 0.569 0.578 0.639 0.634 0.569 0.581 0.615 0.548 0.53 0.559 0.556 0.511 0.439 0.397 0.419 0.417 0.376 0.388 0.415 0.4 0.34 0.363 0.4 0.369 0.337 0.346
C1907TS067_4 0.453 0.251 0.28 0.33 0.354 0.338 0.34 0.283 0.325 0.399 0.406 0.403 0.439 0.469 0.457 0.482 0.504 0.513 0.525 0.537 0.51 0.512 0.429 0.38 0.397 0.437 0.444 0.494 0.485 0.453 0.555 0.541 0.452 0.472 0.58 0.52 0.441 0.478 0.563 0.498 0.443 0.455 0.453 0.496 0.486 0.481 0.527 0.476 0.453 0.451 0.54 0.476 0.464 0.466 0.466 0.459 0.42 0.459 0.497 0.486 0.439 0.444
C1907TS258_2 0.52 0.366 0.377 0.405 0.37 0.357 0.419 0.458 0.465 0.485 0.543 0.572 0.564 0.617 0.582 0.602 0.632 0.651 0.607 0.597 0.648 0.621 0.503 0.543 0.544 0.587 0.538 0.601 0.618 0.633 0.658 0.664 0.639 0.64 0.694 0.652 0.616 0.624 0.659 0.604 0.571 0.591 0.56 0.506 0.499 0.515 0.479 0.439 0.428 0.41 0.425 0.432 0.384 0.41 0.46 0.435 0.411 0.393 0.404 0.384 0.315 0.342
C1907TS067_3 0.438 0.318 0.326 0.349 0.37 0.382 0.371 0.324 0.417 0.424 0.447 0.433 0.492 0.552 0.492 0.501 0.536 0.552 0.528 0.502 0.524 0.496 0.402 0.426 0.41 0.409 0.427 0.46 0.454 0.403 0.533 0.507 0.365 0.4 0.529 0.48 0.359 0.396 0.509 0.434 0.392 0.435 0.436 0.432 0.455 0.475 0.503 0.456 0.422 0.387 0.478 0.422 0.414 0.445 0.453 0.413 0.378 0.402 0.437 0.438 0.392 0.402
C1907TS240_3 0.477 0.4 0.41 0.507 0.48 0.525 0.542 0.519 0.536 0.576 0.54 0.529 0.582 0.623 0.563 0.56 0.612 0.61 0.52 0.534 0.587 0.521 0.462 0.466 0.439 0.439 0.438 0.497 0.504 0.482 0.505 0.546 0.515 0.508 0.584 0.576 0.512 0.527 0.603 0.545 0.5 0.527 0.55 0.439 0.452 0.481 0.45 0.442 0.425 0.348 0.34 0.338 0.297 0.348 0.323 0.351 0.355 0.339 0.368 0.349 0.325 0.299
C1907TS010_2 0.533 0.355 0.35 0.39 0.385 0.439 0.434 0.417 0.489 0.532 0.583 0.568 0.618 0.633 0.586 0.635 0.652 0.645 0.633 0.646 0.689 0.688 0.645 0.763 0.686 0.671 0.591 0.671 0.672 0.602 0.647 0.667 0.626 0.582 0.642 0.635 0.604 0.609 0.685 0.616 0.588 0.566 0.551 0.465 0.465 0.53 0.492 0.48 0.453 0.402 0.407 0.422 0.384 0.422 0.408 0.443 0.369 0.325 0.343 0.334 0.311 0.351
C1907TS073_2 0.509 0.352 0.316 0.38 0.429 0.493 0.521 0.511 0.48 0.565 0.589 0.57 0.585 0.614 0.581 0.572 0.606 0.613 0.556 0.554 0.6 0.568 0.489 0.515 0.466 0.37 0.417 0.496 0.615 0.549 0.638 0.652 0.593 0.581 0.643 0.652 0.592 0.613 0.695 0.656 0.586 0.627 0.702 0.62 0.559 0.616 0.604 0.51 0.488 0.432 0.411 0.386 0.325 0.294 0.312 0.324 0.3 0.331 0.338 0.358 0.305 0.347
C1907TS404_3 0.412 0.288 0.261 0.363 0.343 0.38 0.449 0.408 0.436 0.457 0.482 0.472 0.5 0.565 0.534 0.525 0.545 0.505 0.482 0.486 0.506 0.481 0.433 0.458 0.438 0.448 0.424 0.416 0.418 0.394 0.431 0.394 0.362 0.37 0.434 0.378 0.372 0.42 0.482 0.418 0.374 0.402 0.379 0.383 0.332 0.389 0.385 0.375 0.363 0.339 0.348 0.367 0.331 0.392 0.419 0.4 0.391 0.393 0.376 0.386 0.329 0.331
C1907TS211_1 0.541 0.369 0.42 0.554 0.568 0.588 0.63 0.596 0.607 0.679 0.657 0.618 0.668 0.721 0.658 0.645 0.706 0.706 0.593 0.629 0.711 0.666 0.564 0.548 0.513 0.442 0.522 0.555 0.585 0.599 0.624 0.628 0.596 0.613 0.656 0.64 0.627 0.639 0.674 0.614 0.589 0.591 0.543 0.466 0.44 0.464 0.459 0.406 0.389 0.378 0.382 0.396 0.379 0.35 0.453 0.428 0.411 0.409 0.395 0.381 0.341 0.353
C1907TS230_1 0.505 0.36 0.404 0.493 0.483 0.479 0.51 0.483 0.465 0.529 0.518 0.481 0.541 0.568 0.491 0.515 0.575 0.58 0.553 0.566 0.61 0.546 0.519 0.523 0.484 0.475 0.553 0.533 0.56 0.568 0.6 0.593 0.575 0.56 0.652 0.604 0.581 0.575 0.668 0.616 0.567 0.613 0.632 0.58 0.56 0.591 0.562 0.469 0.462 0.346 0.316 0.373 0.368 0.357 0.397 0.421 0.374 0.363 0.371 0.371 0.331 0.37
C1907TS073_5 0.461 0.345 0.31 0.381 0.385 0.435 0.548 0.506 0.553 0.607 0.57 0.544 0.607 0.648 0.593 0.566 0.625 0.599 0.553 0.522 0.554 0.517 0.45 0.457 0.4 0.344 0.403 0.46 0.541 0.498 0.561 0.55 0.496 0.485 0.539 0.533 0.507 0.535 0.628 0.564 0.516 0.508 0.551 0.481 0.429 0.421 0.408 0.404 0.391 0.322 0.348 0.288 0.273 0.238 0.274 0.334 0.269 0.328 0.366 0.343 0.332 0.36
C1907TS404_4 0.432 0.286 0.319 0.398 0.39 0.422 0.474 0.46 0.462 0.491 0.526 0.54 0.548 0.582 0.557 0.544 0.571 0.576 0.518 0.54 0.567 0.574 0.523 0.529 0.502 0.5 0.489 0.491 0.504 0.466 0.49 0.475 0.417 0.415 0.515 0.442 0.397 0.454 0.531 0.482 0.405 0.353 0.332 0.316 0.281 0.328 0.339 0.295 0.283 0.312 0.286 0.296 0.327 0.335 0.389 0.388 0.32 0.382 0.359 0.386 0.33 0.351
C1907TS309_1 0.815 0.488 0.65 0.581 0.656 0.671 0.755 0.806 0.818 0.859 0.883 0.895 0.916 0.93 0.949 0.969 0.978 0.976 0.974 0.972 0.97 0.973 0.975 0.96 0.967 0.978 0.975 0.973 0.977 0.978 0.977 0.98 0.977 0.978 0.973 0.969 0.972 0.964 0.962 0.96 0.946 0.927 0.907 0.887 0.854 0.817 0.824 0.749 0.691 0.65 0.598 0.544 0.548 0.503 0.496 0.492 0.52 0.559 0.487 0.556 0.462 0.508
C1907TS152_4 0.685 0.491 0.567 0.573 0.535 0.467 0.476 0.495 0.552 0.513 0.71 0.727 0.753 0.734 0.71 0.77 0.81 0.754 0.773 0.811 0.831 0.816 0.801 0.823 0.817 0.796 0.776 0.77 0.792 0.805 0.796 0.841 0.853 0.849 0.865 0.835 0.833 0.855 0.881 0.822 0.797 0.841 0.843 0.726 0.668 0.745 0.771 0.719 0.627 0.594 0.661 0.584 0.493 0.498 0.51 0.529 0.543 0.475 0.456 0.398 0.3 0.327
C1907TS152_3 0.835 0.462 0.616 0.805 0.794 0.768 0.828 0.888 0.891 0.894 0.91 0.929 0.946 0.949 0.952 0.964 0.962 0.958 0.954 0.949 0.946 0.943 0.934 0.933 0.928 0.918 0.9 0.901 0.917 0.917 0.92 0.929 0.95 0.952 0.958 0.957 0.966 0.961 0.96 0.935 0.906 0.909 0.935 0.865 0.786 0.812 0.829 0.801 0.68 0.704 0.774 0.765 0.659 0.665 0.712 0.667 0.597 0.566 0.55 0.51 0.556 0.545
C1907TS347_1 0.789 0.56 0.724 0.837 0.812 0.776 0.849 0.911 0.893 0.892 0.907 0.918 0.924 0.936 0.927 0.935 0.943 0.935 0.912 0.826 0.917 0.902 0.861 0.863 0.848 0.85 0.822 0.825 0.847 0.849 0.847 0.837 0.809 0.799 0.825 0.805 0.768 0.745 0.774 0.821 0.725 0.708 0.713 0.746 0.823 0.764 0.806 0.82 0.809 0.737 0.748 0.752 0.731 0.641 0.575 0.688 0.542 0.525 0.482 0.655 0.576 0.53
C1907TS182_4 0.472 0.391 0.42 0.478 0.474 0.506 0.513 0.48 0.516 0.526 0.527 0.488 0.533 0.62 0.558 0.545 0.539 0.557 0.51 0.542 0.517 0.559 0.462 0.501 0.49 0.475 0.486 0.496 0.512 0.475 0.56 0.571 0.585 0.544 0.654 0.637 0.554 0.533 0.625 0.596 0.551 0.557 0.513 0.448 0.381 0.37 0.432 0.337 0.337 0.29 0.352 0.326 0.3 0.342 0.373 0.368 0.331 0.328 0.356 0.33 0.327 0.316
C1907TS413_4 0.552 0.424 0.479 0.588 0.545 0.593 0.62 0.577 0.602 0.636 0.602 0.599 0.658 0.689 0.616 0.646 0.689 0.681 0.633 0.653 0.698 0.625 0.534 0.587 0.528 0.584 0.561 0.624 0.627 0.598 0.589 0.661 0.609 0.572 0.665 0.672 0.612 0.605 0.659 0.627 0.564 0.578 0.619 0.569 0.523 0.505 0.525 0.48 0.403 0.383 0.427 0.427 0.403 0.404 0.439 0.39 0.383 0.385 0.423 0.41 0.35 0.319
C1907TS131_3 0.901 0.561 0.616 0.756 0.852 0.831 0.851 0.895 0.919 0.907 0.889 0.935 0.954 0.944 0.97 0.985 0.98 0.982 0.984 0.98 0.973 0.968 0.97 0.966 0.96 0.954 0.941 0.943 0.961 0.952 0.946 0.961 0.972 0.981 0.982 0.986 0.985 0.983 0.979 0.982 0.978 0.973 0.971 0.973 0.969 0.96 0.963 0.956 0.943 0.932 0.92 0.899 0.872 0.843 0.837 0.819 0.713 0.693 0.658 0.677 0.632 0.623
C1907TS215_3 0.494 0.404 0.404 0.499 0.462 0.531 0.489 0.479 0.478 0.509 0.491 0.495 0.599 0.534 0.515 0.54 0.586 0.535 0.557 0.571 0.611 0.539 0.527 0.527 0.418 0.464 0.483 0.417 0.499 0.563 0.633 0.609 0.557 0.569 0.657 0.597 0.569 0.599 0.651 0.583 0.576 0.618 0.587 0.552 0.532 0.521 0.486 0.5 0.442 0.401 0.35 0.336 0.279 0.315 0.351 0.351 0.378 0.357 0.387 0.368 0.333 0.338
C1907TS103_1 0.406 0.306 0.313 0.302 0.431 0.381 0.44 0.411 0.499 0.465 0.415 0.424 0.492 0.453 0.441 0.48 0.487 0.416 0.376 0.403 0.334 0.374 0.395 0.381 0.425 0.38 0.426 0.427 0.395 0.379 0.417 0.42 0.37 0.402 0.435 0.415 0.401 0.438 0.459 0.446 0.439 0.448 0.45 0.415 0.402 0.355 0.387 0.4 0.368 0.397 0.392 0.4 0.419 0.401 0.341 0.348 0.322
C1907TS131_4 0.895 0.616 0.711 0.793 0.827 0.762 0.824 0.89 0.887 0.902 0.923 0.948 0.955 0.957 0.978 0.985 0.981 0.982 0.987 0.984 0.976 0.973 0.977 0.976 0.97 0.965 0.96 0.958 0.972 0.966 0.964 0.97 0.978 0.984 0.984 0.987 0.986 0.983 0.979 0.981 0.979 0.973 0.971 0.973 0.97 0.961 0.962 0.954 0.942 0.928 0.914 0.884 0.826 0.828 0.798 0.785 0.722 0.623 0.557 0.553 0.546 0.582
C1907TS215_4 0.479 0.344 0.358 0.428 0.398 0.426 0.424 0.362 0.384 0.343 0.37 0.426 0.511 0.523 0.519 0.532 0.573 0.613 0.567 0.545 0.622 0.618 0.566 0.511 0.571 0.523 0.499 0.527 0.547 0.522 0.588 0.476 0.568 0.568 0.616 0.602 0.563 0.556 0.622 0.585 0.575 0.568 0.613 0.542 0.496 0.511 0.542 0.478 0.432 0.368 0.359 0.321 0.349 0.367 0.404 0.381 0.37 0.328 0.349 0.331 0.31 0.299
C1907TS182_3 0.447 0.306 0.398 0.4 0.409 0.47 0.484 0.496 0.495 0.553 0.57 0.526 0.575 0.607 0.566 0.532 0.587 0.627 0.535 0.519 0.612 0.514 0.498 0.511 0.469 0.51 0.479 0.486 0.546 0.521 0.521 0.557 0.538 0.497 0.568 0.57 0.525 0.525 0.587 0.554 0.491 0.406 0.401 0.361 0.301 0.312 0.311 0.322 0.293 0.294 0.277 0.258 0.234 0.235 0.341 0.315 0.3 0.319 0.335 0.334 0.284 0.297
C1907TS413_3 0.543 0.385 0.428 0.509 0.483 0.49 0.577 0.567 0.576 0.608 0.583 0.61 0.659 0.656 0.619 0.643 0.674 0.639 0.62 0.642 0.661 0.586 0.547 0.577 0.533 0.6 0.519 0.618 0.654 0.606 0.644 0.664 0.615 0.611 0.687 0.649 0.593 0.616 0.671 0.596 0.564 0.587 0.593 0.552 0.52 0.526 0.51 0.458 0.454 0.43 0.39 0.446 0.416 0.408 0.416 0.439 0.353 0.4 0.393 0.372 0.343 0.318
C1907TS278_2 0.406 0.357 0.395 0.441 0.448 0.442 0.501 0.47 0.438 0.477 0.494 0.486 0.497 0.533 0.49 0.453 0.465 0.51 0.466 0.432 0.465 0.41 0.41 0.358 0.422 0.405 0.359 0.393 0.407 0.356 0.429 0.459 0.347 0.391 0.506 0.407 0.369 0.447 0.52 0.413 0.393 0.435 0.454 0.398 0.358 0.355 0.413 0.347 0.328 0.297 0.331 0.285 0.282 0.319 0.332 0.359 0.308 0.357 0.358 0.342 0.296 0.339
C1907TS273_1 0.501 0.334 0.327 0.375 0.373 0.406 0.426 0.383 0.457 0.485 0.561 0.559 0.585 0.588 0.574 0.601 0.625 0.596 0.583 0.621 0.646 0.624 0.589 0.654 0.607 0.62 0.528 0.62 0.623 0.543 0.599 0.622 0.587 0.55 0.615 0.62 0.595 0.583 0.667 0.606 0.564 0.543 0.505 0.448 0.43 0.476 0.457 0.446 0.409 0.381 0.401 0.417 0.37 0.405 0.41 0.43 0.351 0.302 0.348 0.316 0.29 0.325
C1907TS278_5 0.552 0.421 0.487 0.557 0.579 0.552 0.583 0.594 0.589 0.622 0.638 0.625 0.62 0.697 0.648 0.649 0.617 0.67 0.597 0.625 0.596 0.637 0.589 0.587 0.57 0.589 0.617 0.569 0.593 0.626 0.64 0.671 0.644 0.613 0.717 0.673 0.617 0.652 0.707 0.645 0.576 0.608 0.578 0.48 0.45 0.413 0.44 0.386 0.401 0.371 0.362 0.347 0.35 0.37 0.367 0.443 0.399 0.46 0.513 0.518 0.439 0.455
C1907TS054_1 0.437 0.357 0.385 0.443 0.415 0.405 0.367 0.444 0.379 0.474 0.447 0.517 0.594 0.584 0.524 0.554 0.602 0.563 0.538 0.549 0.564 0.53 0.482 0.469 0.429 0.404 0.314 0.421 0.395 0.384 0.529 0.492 0.455 0.461 0.517 0.507 0.443 0.484 0.572 0.514 0.451 0.464 0.412 0.44 0.4 0.372 0.416 0.411 0.31 0.302 0.412 0.379 0.311 0.345 0.382 0.331 0.321 0.36 0.358 0.363 0.323 0.315
C1907TS210_1 0.888 0.603 0.647 0.718 0.747 0.676 0.744 0.836 0.83 0.857 0.877 0.913 0.938 0.942 0.965 0.98 0.981 0.981 0.983 0.981 0.977 0.974 0.971 0.963 0.964 0.96 0.952 0.95 0.965 0.966 0.96 0.963 0.974 0.982 0.984 0.985 0.986 0.984 0.983 0.984 0.982 0.978 0.979 0.978 0.972 0.969 0.971 0.964 0.949 0.939 0.911 0.863 0.844 0.824 0.784 0.8 0.799 0.614 0.625 0.455 0.696 0.657
C1907TS405_3 0.819 0.482 0.601 0.629 0.593 0.582 0.575 0.607 0.698 0.771 0.859 0.88 0.904 0.871 0.879 0.945 0.935 0.91 0.951 0.964 0.954 0.959 0.96 0.964 0.965 0.964 0.958 0.96 0.968 0.966 0.966 0.967 0.975 0.971 0.975 0.979 0.976 0.964 0.966 0.973 0.959 0.942 0.954 0.955 0.927 0.903 0.898 0.878 0.842 0.795 0.769 0.724 0.672 0.634 0.636 0.534 0.481 0.5 0.512 0.507 0.5 0.472
C1907TS405_4 0.787 0.49 0.542 0.624 0.576 0.512 0.515 0.505 0.563 0.625 0.754 0.813 0.837 0.825 0.858 0.922 0.934 0.918 0.944 0.958 0.953 0.945 0.939 0.947 0.94 0.932 0.928 0.932 0.943 0.942 0.937 0.946 0.959 0.953 0.965 0.968 0.966 0.955 0.957 0.96 0.945 0.922 0.931 0.922 0.896 0.861 0.859 0.836 0.786 0.727 0.715 0.691 0.606 0.553 0.55 0.564 0.445 0.492 0.542 0.512 0.538 0.425
C1907TS073_4 0.483 0.343 0.323 0.431 0.45 0.514 0.531 0.533 0.547 0.636 0.582 0.585 0.627 0.671 0.579 0.574 0.636 0.615 0.546 0.536 0.571 0.541 0.45 0.47 0.402 0.338 0.417 0.464 0.591 0.523 0.6 0.595 0.54 0.537 0.604 0.587 0.556 0.57 0.645 0.603 0.549 0.551 0.57 0.522 0.426 0.483 0.47 0.409 0.39 0.33 0.356 0.344 0.302 0.239 0.332 0.341 0.285 0.312 0.345 0.357 0.324 0.363
C1907TS247_1 0.725 0.507 0.527 0.599 0.664 0.628 0.662 0.689 0.68 0.733 0.733 0.757 0.739 0.777 0.812 0.826 0.815 0.79 0.728 0.749 0.689 0.72 0.685 0.675 0.676 0.601 0.585 0.589 0.611 0.651 0.685 0.716 0.725 0.756 0.798 0.818 0.8 0.82 0.833 0.82 0.84 0.849 0.889 0.875 0.871 0.864 0.875 0.878 0.854 0.84 0.848 0.814 0.763 0.701 0.724 0.667 0.551 0.565 0.626 0.579 0.553 0.529
C1907TS228_1 0.752 0.423 0.553 0.658 0.628 0.69 0.764 0.804 0.812 0.84 0.887 0.906 0.937 0.946 0.966 0.978 0.976 0.977 0.979 0.98 0.978 0.977 0.973 0.974 0.968 0.964 0.93 0.949 0.931 0.877 0.892 0.911 0.824 0.782 0.847 0.826 0.72 0.742 0.787 0.71 0.678 0.708 0.704 0.616 0.566 0.535 0.607 0.563 0.487 0.518 0.573 0.52 0.489 0.531 0.584 0.58 0.511 0.537 0.54 0.601 0.588 0.58
C1907TS404_5 0.418 0.341 0.294 0.397 0.389 0.42 0.503 0.498 0.452 0.48 0.502 0.495 0.499 0.564 0.556 0.558 0.533 0.514 0.496 0.497 0.507 0.491 0.442 0.441 0.441 0.444 0.43 0.462 0.463 0.419 0.468 0.444 0.37 0.381 0.473 0.409 0.374 0.414 0.535 0.437 0.414 0.382 0.383 0.35 0.319 0.345 0.375 0.343 0.305 0.319 0.347 0.334 0.339 0.334 0.321 0.371 0.397 0.367 0.348 0.323 0.306 0.312
C1907TS073_3 0.497 0.378 0.307 0.414 0.434 0.517 0.57 0.539 0.571 0.649 0.593 0.586 0.645 0.691 0.619 0.584 0.661 0.663 0.589 0.559 0.611 0.578 0.499 0.503 0.447 0.366 0.426 0.483 0.584 0.54 0.597 0.629 0.55 0.553 0.638 0.6 0.548 0.575 0.651 0.573 0.52 0.565 0.579 0.481 0.484 0.435 0.502 0.466 0.381 0.388 0.359 0.304 0.26 0.323 0.282 0.353 0.291 0.346 0.365 0.364 0.36 0.375
C1907TS404_2 0.414 0.299 0.273 0.371 0.363 0.405 0.472 0.458 0.456 0.48 0.511 0.49 0.504 0.572 0.546 0.528 0.535 0.538 0.492 0.499 0.514 0.493 0.442 0.464 0.435 0.43 0.44 0.431 0.441 0.397 0.443 0.448 0.367 0.362 0.449 0.378 0.341 0.39 0.473 0.429 0.385 0.341 0.392 0.374 0.347 0.393 0.382 0.366 0.337 0.366 0.38 0.371 0.367 0.374 0.379 0.298 0.326 0.383 0.368 0.378 0.281 0.308
C1907TS258_3 0.486 0.384 0.403 0.408 0.373 0.359 0.402 0.445 0.458 0.49 0.518 0.527 0.573 0.621 0.563 0.592 0.616 0.639 0.596 0.586 0.628 0.58 0.511 0.511 0.488 0.496 0.482 0.516 0.573 0.568 0.567 0.525 0.579 0.6 0.616 0.562 0.563 0.597 0.612 0.544 0.542 0.568 0.527 0.481 0.452 0.472 0.454 0.402 0.41 0.361 0.371 0.37 0.319 0.336 0.386 0.387 0.363 0.36 0.381 0.357 0.3 0.346
C1907TS067_2 0.468 0.252 0.267 0.316 0.345 0.343 0.335 0.292 0.383 0.392 0.43 0.403 0.457 0.516 0.444 0.432 0.512 0.52 0.472 0.527 0.549 0.474 0.397 0.395 0.382 0.467 0.454 0.495 0.479 0.44 0.527 0.548 0.466 0.448 0.553 0.498 0.414 0.472 0.551 0.475 0.463 0.508 0.527 0.485 0.523 0.576 0.612 0.564 0.56 0.527 0.653 0.606 0.547 0.496 0.526 0.476 0.447 0.451 0.477 0.494 0.456 0.427
C1907TS240_2 0.484 0.41 0.411 0.524 0.498 0.534 0.557 0.541 0.543 0.576 0.552 0.544 0.577 0.61 0.561 0.567 0.608 0.609 0.528 0.538 0.579 0.529 0.473 0.466 0.411 0.453 0.444 0.51 0.523 0.494 0.54 0.562 0.522 0.519 0.589 0.568 0.509 0.515 0.593 0.549 0.5 0.527 0.563 0.443 0.454 0.491 0.463 0.455 0.443 0.358 0.371 0.337 0.304 0.307 0.336 0.354 0.356 0.333 0.397 0.385 0.346 0.352
C1907TS369_1 0.884 0.64 0.711 0.807 0.84 0.795 0.841 0.885 0.894 0.889 0.919 0.939 0.956 0.962 0.968 0.977 0.98 0.976 0.973 0.971 0.973 0.966 0.963 0.961 0.96 0.96 0.954 0.954 0.96 0.962 0.96 0.957 0.967 0.972 0.975 0.978 0.978 0.975 0.975 0.977 0.976 0.97 0.967 0.969 0.963 0.955 0.953 0.94 0.926 0.901 0.884 0.86 0.808 0.78 0.738 0.752 0.65 0.542 0.582 0.517 0.507 0.51
C1907TS010_3 0.526 0.354 0.337 0.417 0.388 0.396 0.555 0.569 0.596 0.621 0.603 0.645 0.665 0.661 0.635 0.665 0.683 0.642 0.594 0.625 0.668 0.628 0.579 0.684 0.568 0.545 0.482 0.485 0.444 0.259 0.5 0.636 0.558 0.568 0.621 0.633 0.605 0.615 0.66 0.653 0.644 0.644 0.672 0.588 0.553 0.571 0.476 0.513 0.496 0.465 0.415 0.393 0.359 0.334 0.403 0.401 0.382 0.36 0.367 0.363 0.334 0.317
C1907TS240_5 0.49 0.425 0.426 0.546 0.511 0.551 0.572 0.536 0.554 0.58 0.562 0.554 0.583 0.629 0.565 0.577 0.63 0.641 0.554 0.568 0.631 0.563 0.485 0.494 0.465 0.474 0.443 0.492 0.517 0.499 0.529 0.561 0.528 0.527 0.584 0.561 0.515 0.524 0.591 0.549 0.5 0.513 0.532 0.432 0.436 0.475 0.453 0.462 0.446 0.363 0.386 0.343 0.322 0.315 0.327 0.353 0.369 0.324 0.382 0.365 0.348 0.325
C1907TS010_4 0.526 0.323 0.339 0.425 0.387 0.4 0.468 0.46 0.452 0.507 0.545 0.53 0.524 0.596 0.571 0.575 0.617 0.61 0.595 0.587 0.683 0.637 0.637 0.692 0.633 0.728 0.64 0.707 0.714 0.65 0.641 0.682 0.643 0.59 0.626 0.65 0.6 0.577 0.653 0.603 0.554 0.543 0.547 0.474 0.441 0.474 0.469 0.468 0.428 0.391 0.4 0.407 0.404 0.391 0.423 0.422 0.37 0.383 0.405 0.424 0.406 0.386
C1907TS003_1 0.45 0.29 0.343 0.366 0.33 0.355 0.394 0.378 0.436 0.316 0.467 0.516 0.529 0.516 0.51 0.511 0.545 0.526 0.532 0.511 0.548 0.466 0.311 0.419 0.441 0.422 0.376 0.414 0.477 0.413 0.475 0.551 0.541 0.508 0.578 0.601 0.546 0.552 0.62 0.59 0.517 0.497 0.523 0.454 0.457 0.457 0.418 0.391 0.413 0.376 0.395 0.401 0.376 0.417 0.453 0.418 0.371 0.376 0.399 0.412 0.351 0.339
C1907TS258_4 0.487 0.379 0.385 0.426 0.362 0.359 0.37 0.418 0.431 0.443 0.51 0.537 0.521 0.582 0.547 0.555 0.579 0.586 0.586 0.561 0.592 0.521 0.421 0.446 0.449 0.491 0.493 0.52 0.543 0.562 0.591 0.585 0.576 0.582 0.668 0.62 0.606 0.602 0.653 0.602 0.579 0.609 0.581 0.528 0.527 0.561 0.512 0.477 0.385 0.388 0.363 0.39 0.357 0.364 0.378 0.346 0.35 0.348 0.364 0.37 0.346 0.343
C1907TS067_5 0.468 0.252 0.267 0.316 0.345 0.343 0.335 0.292 0.383 0.392 0.43 0.403 0.457 0.516 0.444 0.432 0.512 0.52 0.472 0.527 0.549 0.474 0.397 0.395 0.382 0.467 0.454 0.495 0.479 0.44 0.527 0.548 0.466 0.448 0.553 0.498 0.414 0.472 0.551 0.475 0.463 0.508 0.527 0.485 0.523 0.576 0.612 0.564 0.56 0.527 0.653 0.606 0.547 0.496 0.526 0.476 0.447 0.451 0.477 0.494 0.456 0.427
C1907TS438_1 0.815 0.522 0.534 0.602 0.718 0.719 0.689 0.7 0.732 0.767 0.744 0.791 0.852 0.904 0.896 0.912 0.916 0.923 0.929 0.907 0.892 0.901 0.884 0.833 0.799 0.809 0.771 0.73 0.765 0.784 0.776 0.814 0.83 0.851 0.883 0.88 0.882 0.911 0.922 0.925 0.925 0.916 0.906 0.941 0.936 0.905 0.921 0.901 0.882 0.877 0.904 0.857 0.835 0.821 0.811 0.772 0.745 0.666 0.693 0.662 0.644 0.616
C1907TS179_1 0.363 0.23 0.325 0.336 0.333 0.323 0.321 0.311 0.371 0.345 0.341 0.363 0.355 0.373 0.303 0.334 0.319 0.339 0.294 0.323 0.336 0.357 0.343 0.368 0.352 0.352 0.346 0.357 0.409 0.385 0.421 0.437 0.407 0.431 0.441 0.445 0.419 0.431 0.473 0.451 0.378 0.384 0.416 0.384 0.328 0.337 0.347 0.325 0.343 0.324 0.343 0.356 0.343 0.353 0.368 0.384 0.392 0.377 0.368 0.364 0.371 0.357
C1907TS389_2 0.46 0.344 0.401 0.402 0.453 0.461 0.434 0.439 0.494 0.479 0.479 0.537 0.591 0.541 0.559 0.632 0.61 0.564 0.577 0.623 0.575 0.488 0.489 0.468 0.459 0.441 0.485 0.478 0.457 0.487 0.508 0.462 0.469 0.556 0.536 0.488 0.489 0.564 0.521 0.481 0.502 0.527 0.478 0.454 0.446 0.46 0.455 0.424 0.391 0.368 0.36 0.328 0.346 0.334 0.369 0.321 0.32 0.338 0.299 0.266 0.32
C1907TS213_1 0.522 0.34 0.406 0.372 0.416 0.455 0.435 0.469 0.53 0.569 0.559 0.58 0.606 0.605 0.604 0.613 0.626 0.624 0.621 0.689 0.662 0.638 0.636 0.593 0.66 0.587 0.677 0.694 0.618 0.603 0.649 0.615 0.591 0.624 0.642 0.609 0.586 0.648 0.608 0.564 0.541 0.516 0.473 0.42 0.439 0.43 0.415 0.416 0.358 0.369 0.384 0.374 0.379 0.411 0.401 0.362 0.376 0.414 0.427 0.425 0.373
C1907TS158_1 0.499 0.455 0.5 0.553 0.615 0.537 0.599 0.552 0.525 0.546 0.546 0.512 0.565 0.599 0.567 0.557 0.596 0.585 0.56 0.573 0.619 0.61 0.578 0.558 0.537 0.506 0.496 0.458 0.439 0.459 0.471 0.479 0.442 0.463 0.47 0.521 0.471 0.518 0.588 0.549 0.502 0.554 0.573 0.508 0.447 0.517 0.465 0.444 0.398 0.405 0.42 0.367 0.383 0.338 0.436 0.448 0.375 0.422 0.418 0.415 0.394 0.446
C1907TS389_5 0.39 0.357 0.407 0.356 0.386 0.416 0.384 0.361 0.389 0.414 0.422 0.414 0.439 0.428 0.431 0.451 0.438 0.449 0.432 0.436 0.439 0.402 0.409 0.419 0.372 0.393 0.421 0.445 0.397 0.447 0.426 0.422 0.428 0.462 0.433 0.411 0.41 0.447 0.419 0.412 0.37 0.385 0.348 0.373 0.371 0.363 0.371 0.371 0.336 0.326 0.348 0.343 0.354 0.369 0.38 0.296 0.338 0.279 0.311 0.258 0.261
C1907TS405_5 0.779 0.494 0.447 0.541 0.551 0.526 0.514 0.585 0.661 0.702 0.796 0.823 0.862 0.846 0.862 0.928 0.92 0.888 0.934 0.944 0.917 0.909 0.9 0.892 0.858 0.803 0.836 0.838 0.854 0.833 0.885 0.895 0.862 0.909 0.939 0.935 0.949 0.951 0.955 0.956 0.948 0.938 0.944 0.938 0.911 0.883 0.878 0.865 0.812 0.779 0.774 0.725 0.662 0.588 0.578 0.553 0.501 0.516 0.54 0.522 0.527 0.443
C1907TS345_1 0.629 0.482 0.536 0.617 0.66 0.728 0.707 0.671 0.69 0.746 0.709 0.697 0.745 0.732 0.696 0.703 0.713 0.69 0.648 0.652 0.617 0.638 0.542 0.344 0.483 0.537 0.516 0.54 0.644 0.651 0.707 0.677 0.677 0.682 0.725 0.689 0.742 0.738 0.739 0.688 0.713 0.764 0.702 0.667 0.714 0.767 0.67 0.674 0.629 0.594 0.575 0.527 0.52 0.482 0.467 0.516 0.552 0.523 0.51 0.516 0.464 0.424
C1907TS405_2 0.801 0.519 0.546 0.658 0.636 0.575 0.564 0.621 0.642 0.704 0.792 0.835 0.845 0.859 0.869 0.939 0.94 0.915 0.953 0.955 0.949 0.946 0.929 0.938 0.931 0.933 0.923 0.912 0.931 0.932 0.935 0.94 0.957 0.957 0.967 0.973 0.97 0.959 0.962 0.963 0.942 0.931 0.944 0.942 0.906 0.884 0.878 0.85 0.801 0.758 0.751 0.696 0.635 0.579 0.576 0.554 0.452 0.492 0.512 0.503 0.503 0.474
C1907TS278_4 0.635 0.431 0.48 0.559 0.636 0.599 0.656 0.632 0.642 0.628 0.64 0.69 0.724 0.681 0.713 0.725 0.743 0.653 0.674 0.695 0.651 0.558 0.604 0.577 0.612 0.554 0.584 0.601 0.684 0.682 0.742 0.724 0.781 0.738 0.804 0.784 0.794 0.805 0.778 0.768 0.728 0.729 0.743 0.715 0.668 0.66 0.675 0.594 0.536 0.524 0.524 0.49 0.46 0.448 0.452 0.496 0.484 0.515 0.572 0.605 0.577 0.519
C1907TS349_1 0.511 0.342 0.424 0.477 0.447 0.51 0.578 0.563 0.572 0.64 0.624 0.588 0.625 0.668 0.61 0.581 0.626 0.627 0.55 0.559 0.641 0.609 0.545 0.525 0.441 0.496 0.53 0.546 0.548 0.526 0.575 0.588 0.534 0.566 0.61 0.625 0.597 0.592 0.591 0.62 0.583 0.478 0.488 0.482 0.383 0.43 0.417 0.377 0.397 0.392 0.421 0.397 0.378 0.439 0.456 0.461 0.43 0.373 0.369 0.364 0.339 0.368
C1907TS278_3 0.421 0.359 0.38 0.362 0.342 0.397 0.379 0.362 0.367 0.427 0.423 0.408 0.438 0.503 0.468 0.479 0.53 0.504 0.469 0.5 0.531 0.478 0.444 0.441 0.417 0.412 0.348 0.377 0.437 0.395 0.481 0.528 0.472 0.46 0.534 0.52 0.472 0.492 0.568 0.491 0.458 0.491 0.498 0.457 0.43 0.422 0.435 0.388 0.377 0.329 0.362 0.331 0.322 0.301 0.348 0.382 0.332 0.337 0.369 0.358 0.286 0.267
C1907TS490_1 0.412 0.299 0.377 0.333 0.354 0.368 0.353 0.388 0.396 0.438 0.451 0.475 0.521 0.477 0.48 0.529 0.503 0.45 0.481 0.544 0.413 0.385 0.406 0.384 0.372 0.379 0.362 0.374 0.368 0.424 0.48 0.464 0.457 0.51 0.551 0.492 0.479 0.545 0.526 0.485 0.502 0.532 0.432 0.394 0.372 0.399 0.384 0.342 0.28 0.351 0.32 0.294 0.325 0.347 0.388 0.316 0.316 0.342 0.334 0.314 0.362
C1907TS131_5 0.923 0.582 0.628 0.779 0.866 0.849 0.868 0.903 0.926 0.913 0.904 0.94 0.961 0.951 0.97 0.988 0.985 0.986 0.989 0.987 0.981 0.98 0.981 0.978 0.975 0.972 0.969 0.966 0.976 0.973 0.969 0.974 0.979 0.986 0.986 0.988 0.988 0.985 0.981 0.983 0.981 0.976 0.974 0.976 0.973 0.968 0.968 0.96 0.957 0.955 0.953 0.929 0.906 0.897 0.887 0.881 0.836 0.775 0.778 0.755 0.758 0.697
C1907TS215_5 0.549 0.388 0.381 0.425 0.361 0.353 0.442 0.421 0.471 0.558 0.503 0.528 0.549 0.617 0.593 0.566 0.633 0.67 0.593 0.606 0.628 0.584 0.569 0.555 0.516 0.491 0.449 0.498 0.633 0.59 0.572 0.615 0.61 0.584 0.634 0.612 0.609 0.623 0.646 0.58 0.603 0.621 0.627 0.586 0.551 0.586 0.545 0.539 0.473 0.51 0.509 0.505 0.486 0.539 0.574 0.551 0.587 0.588 0.603 0.593 0.559 0.481
C1907TS456_1 0.622 0.377 0.424 0.554 0.628 0.66 0.645 0.691 0.728 0.741 0.701 0.704 0.76 0.751 0.716 0.744 0.76 0.714 0.684 0.671 0.687 0.643 0.563 0.478 0.494 0.507 0.511 0.568 0.714 0.711 0.769 0.706 0.724 0.761 0.779 0.738 0.79 0.796 0.77 0.718 0.73 0.735 0.682 0.653 0.657 0.659 0.577 0.522 0.48 0.487 0.441 0.463 0.458 0.456 0.472 0.46 0.475 0.547 0.499 0.493 0.466 0.441
C1907TS182_2 0.482 0.402 0.435 0.484 0.471 0.521 0.532 0.484 0.514 0.535 0.522 0.492 0.562 0.612 0.589 0.569 0.527 0.559 0.537 0.563 0.532 0.567 0.477 0.502 0.484 0.491 0.504 0.495 0.529 0.483 0.569 0.583 0.592 0.548 0.641 0.632 0.575 0.548 0.63 0.601 0.553 0.542 0.538 0.47 0.391 0.412 0.429 0.367 0.347 0.301 0.353 0.33 0.309 0.35 0.369 0.378 0.344 0.321 0.37 0.351 0.342 0.33
C1907TS413_2 0.559 0.42 0.462 0.582 0.546 0.576 0.586 0.557 0.59 0.612 0.571 0.593 0.637 0.672 0.619 0.64 0.687 0.676 0.65 0.653 0.716 0.649 0.56 0.6 0.591 0.646 0.579 0.643 0.688 0.64 0.616 0.684 0.645 0.6 0.684 0.69 0.616 0.599 0.667 0.646 0.579 0.579 0.623 0.575 0.542 0.545 0.537 0.477 0.422 0.411 0.412 0.415 0.412 0.419 0.41 0.386 0.366 0.349 0.375 0.423 0.378 0.379
C1907TS182_5 0.42 0.376 0.424 0.437 0.398 0.457 0.444 0.407 0.413 0.447 0.429 0.416 0.432 0.471 0.438 0.437 0.451 0.468 0.43 0.453 0.423 0.472 0.405 0.435 0.415 0.407 0.4 0.426 0.443 0.419 0.467 0.478 0.483 0.476 0.515 0.546 0.5 0.492 0.568 0.539 0.5 0.473 0.478 0.442 0.397 0.366 0.371 0.355 0.332 0.312 0.337 0.327 0.304 0.323 0.382 0.368 0.311 0.307 0.369 0.334 0.346 0.329
C1907TS413_5 0.562 0.401 0.457 0.554 0.518 0.558 0.588 0.554 0.589 0.623 0.579 0.601 0.66 0.67 0.618 0.638 0.691 0.671 0.635 0.637 0.703 0.634 0.548 0.596 0.54 0.613 0.586 0.633 0.646 0.611 0.628 0.686 0.638 0.611 0.69 0.685 0.629 0.617 0.67 0.661 0.582 0.603 0.652 0.61 0.566 0.575 0.592 0.53 0.487 0.433 0.422 0.446 0.426 0.43 0.446 0.406 0.383 0.385 0.394 0.404 0.322 0.313
C1907TS131_2 0.924 0.597 0.619 0.773 0.864 0.842 0.857 0.899 0.921 0.908 0.899 0.939 0.96 0.949 0.971 0.988 0.985 0.986 0.988 0.987 0.981 0.979 0.981 0.978 0.973 0.97 0.966 0.965 0.975 0.971 0.966 0.973 0.978 0.986 0.986 0.988 0.988 0.985 0.981 0.984 0.982 0.977 0.976 0.977 0.975 0.969 0.971 0.964 0.96 0.957 0.955 0.932 0.91 0.89 0.897 0.899 0.846 0.772 0.773 0.78 0.764 0.74
C1907TS215_2 0.556 0.405 0.424 0.49 0.459 0.484 0.526 0.47 0.491 0.455 0.521 0.491 0.562 0.503 0.585 0.598 0.603 0.584 0.605 0.612 0.615 0.586 0.583 0.564 0.51 0.477 0.421 0.421 0.449 0.515 0.586 0.616 0.581 0.553 0.637 0.643 0.627 0.633 0.678 0.649 0.654 0.691 0.687 0.653 0.668 0.721 0.641 0.683 0.624 0.615 0.597 0.551 0.496 0.528 0.546 0.501 0.522 0.51 0.496 0.485 0.428 0.41
C1907TS152_2 0.578 0.373 0.439 0.518 0.495 0.498 0.539 0.52 0.518 0.57 0.563 0.576 0.635 0.673 0.624 0.672 0.721 0.693 0.677 0.691 0.739 0.667 0.584 0.638 0.597 0.625 0.582 0.633 0.686 0.627 0.632 0.704 0.665 0.639 0.734 0.74 0.667 0.653 0.721 0.696 0.626 0.646 0.696 0.634 0.591 0.624 0.592 0.529 0.472 0.434 0.411 0.448 0.448 0.454 0.468 0.443 0.405 0.44 0.426 0.443 0.41 0.403
C1907TS414_1 0.607 0.487 0.607 0.586 0.628 0.66 0.645 0.676 0.726 0.673 0.706 0.743 0.742 0.695 0.707 0.751 0.727 0.684 0.702 0.778 0.708 0.643 0.657 0.586 0.608 0.551 0.593 0.626 0.649 0.662 0.683 0.67 0.681 0.712 0.722 0.716 0.694 0.712 0.698 0.664 0.637 0.639 0.628 0.615 0.581 0.572 0.613 0.555 0.497 0.499 0.481 0.466 0.384 0.394 0.351 0.389 0.381 0.426 0.397 0.404 0.371
C1907TS152_5 0.498 0.207 0.296 0.375 0.365 0.386 0.525 0.463 0.486 0.512 0.549 0.529 0.53 0.624 0.582 0.582 0.611 0.608 0.548 0.569 0.586 0.588 0.538 0.574 0.543 0.572 0.548 0.531 0.581 0.566 0.546 0.543 0.535 0.526 0.561 0.531 0.55 0.544 0.637 0.575 0.538 0.596 0.659 0.559 0.557 0.594 0.513 0.394 0.351 0.356 0.381 0.38 0.363 0.383 0.407 0.431 0.45 0.443 0.422 0.368 0.347 0.356
END



