PFRMAT QA
TARGET C1901x2
MODEL 2
QMODE 2
C1901x2TS215_1 0.645 2.55 2.45 2.29 2.15 2.00 1.88 1.85 1.91 1.93 1.90 1.73 1.53 1.42 1.32 1.40 1.60 1.77 1.91 1.97 1.87
1.85 1.84 1.88 1.94 1.93 1.88 1.86 1.77 1.65 1.51 1.37 1.28 1.18 1.16 1.27 1.47 1.72 1.98 2.21 2.32
2.32 2.33 2.39 2.33 2.33 2.47 2.56 2.58 2.49 2.34 2.26 2.05 1.88 1.88 1.92 1.93 1.90 1.87 1.78 1.69
1.70 1.84 2.11 2.30 2.36 2.41 2.32 2.12 1.96 1.86 1.86 1.94 1.96 2.01 2.02 1.94 1.79 1.65 1.47 1.42
1.48 1.56 1.58 1.61 1.55 1.53 1.37 1.20 1.16 1.17 1.11 1.20 1.28 1.40 1.45 1.39 1.36 1.41 1.44 1.52
1.70 1.96 2.10 2.17 2.15 2.16 2.20 2.12 2.11 2.17 2.13 2.08 2.03 2.00 1.93 1.87 1.82 1.76 1.65 1.52
1.63 1.81 1.86 1.86 1.79 1.65 1.47 1.23 1.10 1.13 1.23 1.35 1.48 1.55 1.60 1.57 1.49 1.46 1.48 1.63
1.81 2.08 2.29 2.35 2.36 2.29 2.22 2.17 2.02 1.92 1.76 1.53 1.42 1.33 1.35 1.39 1.57 1.84 2.08 2.21
2.29 2.20 2.05 1.82 1.72 1.74 1.87 2.09 2.29 2.25 2.15 1.98 1.84 1.79 1.74 1.79 1.88 1.84 1.83 1.72
1.55 1.43 1.29 1.26 1.24 1.33 1.42 1.46 1.48 1.42 1.42 1.42 1.42 1.48 1.53 1.53 1.54 1.57 1.70 1.85
1.96 1.97 2.05 2.09 2.07 2.13 2.21 2.29 2.27 2.16 2.11 2.05 1.92 1.85 1.81 1.74 1.63 1.49 1.43 1.33
1.20 1.10 1.12 1.16 1.25 1.27 1.28 1.26 1.18 1.09 1.03 0.97 0.92 0.95 1.18 1.47 1.64 1.69 1.68 1.57
1.33 1.05 0.99 1.04 1.13 1.19 1.24 1.34 1.38 1.54 1.72 1.88 2.04 2.19 2.30 2.38 2.28 2.30 2.20 2.09
2.07 2.03 1.97 1.87 1.73 1.64 1.54 1.44 1.42 1.50 1.63 1.73 1.83 1.90 2.01 2.14 2.18 2.24 2.19 2.10
1.92 1.75 1.63 1.66 1.84 2.06 2.16 2.18 2.13 1.99 1.77 1.63 1.67 1.71 1.73 1.78 1.92 1.98 1.88 1.72
1.58 1.38 1.11 0.93 0.94 1.00 0.99 0.94 0.92 0.84 0.80 0.81 0.90 1.05 1.09 1.13 1.23 1.21 1.20 1.18
1.24 1.32 1.36 1.39 1.49 1.66 1.94 2.18 2.37 2.46 2.39 2.23 1.97 1.86 1.89 1.92 1.87 1.87 1.83 1.75
1.71 1.87 2.11 2.30 2.32 2.29 2.23 2.02 1.77 1.56 1.55 1.55 1.51 1.47 1.53 1.64 1.66 1.59 1.72 1.82
1.79 1.69 1.55 1.43 1.24 0.96 0.86 0.80 0.70 0.70 0.61 0.53 0.53 0.48 0.54 0.62 0.80 0.96 1.08 1.23
1.41 1.42 1.32 1.17 1.02 0.87 0.83 0.90 1.02 1.11 1.16 1.16 1.12 1.00 0.99 1.02 0.93 0.85 0.72 0.53
0.36 0.27 0.44 0.61 0.71 0.83 0.95 0.97 0.99 1.14 1.32 1.40 1.38 1.29 1.21 0.98 0.77 0.61 0.55 0.46
0.29 0.00 0.00 0.00 0.00 0.12 0.42 0.67 0.87 1.08 1.25 1.43 1.53 1.64 1.67 1.68 1.67 1.76 1.89 2.04
2.12 2.19 2.18 2.05 1.88 1.80 1.85 1.94 2.06 2.13 2.25 2.30 2.31 2.22 2.22 2.25 2.26 2.23 2.25 2.28
2.24 2.08 2.05 2.09 2.22 2.31 2.36 2.36 2.23 1.94 1.63 1.37 1.21 1.06 0.91 0.80 0.76 0.68 0.68 0.73
0.75 0.79 0.89 1.04 1.07 1.07 1.09 1.08 1.01 0.90 0.83 0.90 0.94 0.97 1.11 1.24 1.35 1.43 1.51 1.59
1.69 1.75 1.80 1.81 1.87 1.87 1.86 1.87 1.89 1.94 1.88 1.74 1.59 1.39 1.13 0.97 0.86 0.91 1.04 1.27
1.45 1.56 1.55 1.47 1.30 1.20 1.10 1.11 1.26 1.40 1.60 1.73 1.81 1.97 2.09 2.17 2.19 2.09 2.07 1.96
1.83 1.71 1.65 1.61 1.52 1.40 1.38 1.41 1.47 1.49 1.54 1.53 1.48 1.43 1.37 1.34 1.30 1.30 1.29 1.32
1.30 1.31 1.26 1.21 1.11 1.06 0.97 0.94 0.94 1.02 1.09 1.17 1.18 1.22 1.31 1.39 1.48 1.51 1.49 1.42
1.23 1.02 0.86 0.89 1.08 1.23 1.29 1.34 1.33 1.28 1.26 1.32 1.40 1.44 1.40 1.32 1.17 0.96 0.82 0.78
0.71 0.70 0.83 1.00 1.14 1.21 1.21 1.17 1.10 0.97 0.92 0.89 0.97 1.03 1.06 1.06 1.06 1.02 0.95 0.79
0.77 0.69 0.64 0.66 0.65 0.64 0.67 0.74 0.90 1.01 1.04 1.06 1.02 0.87 0.81 0.79 0.82 0.90
C1901x2TS215_3 0.639 2.19 2.25 2.24 2.23 2.24 2.24 2.33 2.38 2.40 2.46 2.49 2.40 2.39 2.43 2.48 2.49 2.46 2.42 2.37 2.17
2.09 2.07 2.01 2.01 1.97 1.88 1.87 1.79 1.81 1.96 2.01 2.18 2.26 2.24 2.26 2.25 2.20 2.29 2.33 2.41
2.41 2.44 2.52 2.49 2.40 2.36 2.33 2.29 2.25 2.21 2.21 2.16 2.10 2.01 1.98 1.97 2.07 2.23 2.26 2.28
2.31 2.28 2.30 2.32 2.34 2.51 2.61 2.63 2.66 2.64 2.54 2.46 2.30 2.23 2.15 2.09 1.99 1.95 1.95 2.11
2.18 2.26 2.37 2.45 2.31 2.12 1.98 2.01 2.03 2.13 2.34 2.56 2.63 2.68 2.58 2.36 2.09 1.85 1.78 1.76
1.78 1.90 1.99 2.11 2.27 2.42 2.62 2.82 3.07 3.25 3.25 3.12 2.92 2.76 2.49 2.25 2.05 2.01 2.01 2.02
1.99 2.01 1.94 1.89 1.79 1.73 1.69 1.67 1.64 1.59 1.53 1.49 1.45 1.38 1.34 1.32 1.39 1.47 1.60 1.70
1.76 1.84 1.83 1.67 1.53 1.47 1.45 1.49 1.55 1.74 1.91 1.98 1.99 2.02 1.98 1.91 1.85 1.81 1.80 1.84
1.87 1.93 2.00 2.05 2.15 2.19 2.22 2.24 2.16 2.03 1.87 1.71 1.58 1.50 1.34 1.24 1.18 1.19 1.28 1.34
1.34 1.33 1.20 1.09 1.00 1.03 1.16 1.37 1.46 1.52 1.57 1.61 1.60 1.62 1.67 1.70 1.65 1.62 1.64 1.58
1.54 1.47 1.49 1.45 1.36 1.32 1.36 1.37 1.39 1.39 1.46 1.51 1.56 1.67 1.85 2.08 2.20 2.17 2.12 1.89
1.62 1.41 1.27 1.24 1.21 1.14 1.12 1.06 0.99 1.03 1.09 1.05 1.04 1.07 1.22 1.35 1.44 1.49 1.50 1.38
1.18 0.97 0.88 0.85 0.85 0.75 0.72 0.78 0.86 0.88 0.96 1.10 1.26 1.31 1.34 1.40 1.45 1.52 1.49 1.46
1.55 1.54 1.57 1.55 1.54 1.55 1.56 1.56 1.66 1.73 1.84 1.92 2.01 1.95 1.91 1.81 1.69 1.54 1.30 1.13
1.03 0.91 0.88 0.96 1.16 1.37 1.49 1.57 1.60 1.53 1.34 1.13 0.99 0.92 0.88 0.94 1.18 1.38 1.53 1.56
1.53 1.43 1.26 1.07 1.01 0.96 0.94 0.95 1.02 1.08 1.19 1.28 1.39 1.41 1.36 1.31 1.28 1.20 1.20 1.20
1.26 1.30 1.37 1.43 1.51 1.55 1.61 1.64 1.59 1.52 1.46 1.38 1.35 1.34 1.41 1.51 1.57 1.63 1.59 1.50
1.46 1.43 1.43 1.42 1.44 1.45 1.34 1.16 0.97 0.83 0.74 0.60 0.70 0.85 0.95 1.02 0.99 0.93 0.91 0.79
0.83 0.97 1.13 1.29 1.46 1.58 1.85 2.04 2.14 2.17 2.08 1.86 1.62 1.37 1.28 1.26 1.35 1.48 1.70 1.86
1.97 1.93 1.75 1.55 1.30 1.07 0.97 0.98 1.05 1.09 1.06 1.08 1.08 1.04 1.03 1.05 1.06 1.08 1.10 1.07
1.04 1.06 1.14 1.13 1.14 1.15 1.20 1.15 1.18 1.33 1.49 1.56 1.55 1.48 1.35 1.09 0.92 0.79 0.68 0.63
0.50 0.36 0.35 0.41 0.53 0.57 0.68 0.85 0.94 1.00 1.03 1.14 1.37 1.53 1.61 1.65 1.64 1.60 1.46 1.35
1.39 1.53 1.58 1.59 1.55 1.47 1.47 1.47 1.41 1.45 1.45 1.47 1.50 1.52 1.58 1.61 1.53 1.49 1.43 1.44
1.47 1.46 1.49 1.53 1.51 1.50 1.55 1.71 1.82 1.83 1.89 1.91 1.95 1.94 2.00 2.04 1.91 1.69 1.52 1.41
1.27 1.19 1.27 1.49 1.61 1.72 1.76 1.92 1.95 1.95 1.85 1.76 1.60 1.45 1.33 1.32 1.37 1.48 1.52 1.51
1.47 1.37 1.25 1.11 1.02 0.94 0.87 0.88 0.98 1.21 1.40 1.51 1.56 1.51 1.40 1.32 1.26 1.26 1.26 1.20
1.18 1.11 0.97 0.96 1.00 1.06 1.06 0.97 0.94 0.92 0.91 0.96 1.14 1.33 1.47 1.50 1.43 1.34 1.38 1.34
1.39 1.42 1.43 1.33 1.13 1.03 1.14 1.28 1.48 1.74 1.97 2.08 2.01 1.92 1.79 1.63 1.43 1.30 1.23 1.21
1.24 1.33 1.42 1.57 1.71 1.82 1.88 1.99 2.08 2.22 2.39 2.56 2.63 2.57 2.44 2.29 2.12 1.91 1.72 1.53
1.34 1.14 1.11 1.16 1.37 1.59 1.80 1.95 2.03 2.04 2.03 2.05 2.23 2.35 2.43 2.48 2.35 2.16 1.93 1.67
1.54 1.39 1.30 1.28 1.22 1.20 1.22 1.30 1.32 1.35 1.47 1.60 1.67 1.72 1.72 1.70 1.59 1.41 1.29 1.22
1.22 1.26 1.36 1.52 1.63 1.63 1.58 1.45 1.36 1.27 1.16 1.14 1.12 1.06 1.04 1.01 0.99 1.02
C1901x2TS215_2 0.629 2.10 2.06 1.99 1.89 1.78 1.66 1.72 1.72 1.71 1.74 1.83 1.92 2.13 2.29 2.51 2.64 2.62 2.48 2.34 2.13
2.07 2.06 2.10 2.21 2.32 2.31 2.30 2.18 2.03 1.93 1.84 1.83 1.89 1.91 1.95 1.98 1.96 1.96 1.96 1.87
1.77 1.74 1.75 1.76 1.80 1.88 2.05 2.18 2.22 2.33 2.48 2.52 2.47 2.32 2.20 2.15 2.10 2.18 2.27 2.31
2.38 2.35 2.26 2.18 2.18 2.34 2.45 2.45 2.52 2.45 2.35 2.18 2.04 1.94 1.92 1.96 2.00 2.01 2.09 2.23
2.33 2.33 2.39 2.45 2.36 2.28 2.24 2.24 2.25 2.21 2.25 2.27 2.22 2.17 2.22 2.23 2.31 2.34 2.33 2.30
2.19 2.08 2.00 1.98 2.07 2.14 2.24 2.33 2.33 2.26 2.07 1.87 1.71 1.53 1.41 1.40 1.42 1.51 1.58 1.60
1.63 1.62 1.58 1.57 1.44 1.33 1.29 1.30 1.33 1.33 1.40 1.44 1.34 1.25 1.21 1.19 1.20 1.21 1.28 1.31
1.30 1.33 1.47 1.51 1.55 1.52 1.51 1.53 1.49 1.41 1.39 1.33 1.26 1.14 1.10 1.14 1.21 1.28 1.36 1.53
1.69 1.70 1.76 1.77 1.73 1.67 1.61 1.68 1.82 1.79 1.70 1.59 1.41 1.24 1.02 0.98 1.14 1.24 1.34 1.42
1.40 1.39 1.25 1.18 1.17 1.20 1.26 1.37 1.35 1.35 1.32 1.31 1.31 1.43 1.54 1.67 1.69 1.72 1.79 1.76
1.79 1.84 1.89 1.94 1.98 2.09 2.24 2.28 2.27 2.18 2.09 2.01 1.92 1.92 2.03 2.13 2.10 2.04 1.99 1.88
1.76 1.63 1.60 1.58 1.46 1.33 1.25 1.13 1.03 1.07 1.18 1.28 1.40 1.51 1.59 1.73 1.77 1.75 1.72 1.62
1.52 1.39 1.32 1.36 1.38 1.32 1.33 1.40 1.45 1.53 1.71 1.88 1.97 1.85 1.72 1.62 1.48 1.43 1.41 1.52
1.70 1.70 1.67 1.60 1.53 1.47 1.41 1.45 1.55 1.69 1.85 1.95 1.99 1.93 1.85 1.77 1.72 1.80 1.96 2.16
2.36 2.50 2.59 2.68 2.87 3.09 3.23 3.26 3.09 2.83 2.44 2.14 1.92 1.83 1.81 1.79 1.85 1.92 1.95 2.00
2.05 2.18 2.32 2.53 2.83 2.98 2.93 2.72 2.57 2.36 2.20 2.23 2.48 2.71 2.78 2.77 2.83 2.74 2.71 2.67
2.68 2.70 2.66 2.64 2.69 2.75 2.77 2.78 2.67 2.54 2.34 2.13 1.98 1.96 1.98 2.04 2.03 2.06 2.14 2.17
2.03 1.90 1.77 1.69 1.60 1.44 1.50 1.62 1.73 1.81 1.86 1.94 2.09 2.11 2.14 2.12 2.05 1.88 1.71 1.51
1.34 1.23 1.14 1.10 1.09 1.09 1.16 1.19 1.22 1.25 1.27 1.22 1.27 1.32 1.40 1.47 1.69 1.88 2.12 2.24
2.31 2.25 2.13 1.98 1.95 1.91 1.89 1.88 1.76 1.55 1.34 1.22 1.20 1.21 1.22 1.30 1.32 1.30 1.27 1.21
1.23 1.24 1.28 1.30 1.35 1.45 1.58 1.58 1.62 1.68 1.76 1.78 1.77 1.76 1.81 1.77 1.76 1.66 1.59 1.50
1.36 1.20 1.08 1.01 1.01 1.01 1.04 1.09 1.19 1.31 1.41 1.51 1.56 1.60 1.53 1.42 1.32 1.32 1.34 1.46
1.54 1.60 1.62 1.61 1.52 1.47 1.57 1.76 1.88 1.94 2.05 2.14 2.14 2.04 1.98 1.95 1.97 1.98 1.98 2.05
2.07 2.09 2.06 1.93 1.91 1.87 1.81 1.81 1.73 1.70 1.75 1.79 1.81 1.76 1.65 1.51 1.28 1.04 0.87 0.74
0.66 0.70 0.82 1.02 1.20 1.44 1.68 1.82 1.89 1.81 1.71 1.61 1.49 1.42 1.49 1.61 1.71 1.76 1.81 1.73
1.60 1.45 1.29 1.16 1.10 1.10 1.13 1.16 1.19 1.28 1.30 1.27 1.28 1.26 1.14 1.08 1.03 0.99 0.88 0.78
0.74 0.81 0.86 1.04 1.18 1.30 1.28 1.15 0.97 0.85 0.74 0.71 0.83 0.98 1.19 1.34 1.43 1.52 1.61 1.61
1.71 1.78 1.88 1.97 1.97 1.99 2.12 2.30 2.53 2.80 2.97 2.99 2.78 2.56 2.34 2.13 1.89 1.77 1.68 1.61
1.48 1.43 1.38 1.31 1.18 1.11 1.10 1.17 1.25 1.39 1.56 1.74 1.85 1.91 1.94 1.92 1.86 1.70 1.49 1.25
1.02 0.78 0.74 0.88 1.15 1.32 1.38 1.38 1.28 1.16 1.16 1.26 1.35 1.37 1.30 1.20 1.00 0.80 0.83 0.96
1.02 1.02 1.02 1.02 0.98 0.95 0.96 0.99 0.98 0.92 0.92 0.91 0.91 0.98 1.06 1.13 1.17 1.11 1.09 1.03
1.05 1.12 1.31 1.46 1.52 1.47 1.37 1.21 1.08 0.96 0.93 0.95 0.93 0.83 0.82 0.81 0.83 0.90
C1901x2TS215_4 0.622 1.77 1.80 1.79 1.75 1.69 1.64 1.60 1.52 1.42 1.37 1.24 1.11 1.07 1.07 1.13 1.18 1.23 1.33 1.34 1.34
1.41 1.48 1.52 1.65 1.84 2.04 2.20 2.28 2.23 2.14 1.91 1.77 1.65 1.58 1.62 1.67 1.66 1.70 1.81 1.93
1.95 1.95 2.04 2.11 2.18 2.36 2.68 3.02 3.28 3.42 3.51 3.43 3.32 3.28 3.25 3.17 3.14 3.14 3.06 2.87
2.74 2.59 2.43 2.23 2.03 1.96 1.92 1.83 1.79 1.77 1.78 1.82 1.85 1.89 1.90 1.91 1.88 1.85 1.87 1.94
2.05 2.25 2.47 2.68 2.69 2.59 2.51 2.34 2.13 2.02 1.94 1.95 1.88 1.74 1.64 1.45 1.28 1.21 1.16 1.22
1.31 1.47 1.63 1.74 1.81 1.87 2.04 2.21 2.35 2.45 2.42 2.26 2.07 1.79 1.53 1.43 1.57 1.77 1.89 1.91
2.04 2.07 1.91 1.73 1.64 1.65 1.69 1.69 1.83 1.98 2.05 2.10 2.06 1.99 1.97 1.92 1.92 1.95 1.99 2.05
2.06 2.07 2.13 2.10 2.07 2.07 2.18 2.28 2.33 2.32 2.26 2.19 2.10 2.01 1.94 1.87 1.78 1.77 1.65 1.64
1.70 1.76 1.85 1.95 1.94 1.95 1.91 1.99 2.07 2.07 2.01 1.96 1.85 1.64 1.43 1.44 1.52 1.62 1.72 1.82
1.87 1.84 1.72 1.67 1.61 1.51 1.41 1.31 1.24 1.21 1.16 1.22 1.27 1.32 1.37 1.34 1.34 1.33 1.42 1.57
1.69 1.72 1.77 1.75 1.72 1.64 1.68 1.74 1.78 1.83 1.93 2.07 2.18 2.31 2.42 2.45 2.35 2.20 2.05 1.88
1.67 1.50 1.32 1.16 1.07 1.00 1.03 1.00 0.98 0.98 0.97 0.86 0.78 0.72 0.82 0.92 0.96 1.00 1.05 1.06
1.01 0.94 0.95 0.97 1.02 1.08 1.19 1.43 1.57 1.63 1.69 1.78 1.82 1.74 1.65 1.72 1.69 1.62 1.59 1.78
2.06 2.26 2.46 2.76 2.90 2.83 2.73 2.61 2.43 2.31 2.27 2.35 2.43 2.49 2.65 2.80 2.83 2.93 2.98 2.95
2.76 2.52 2.22 1.99 1.87 1.98 2.12 2.31 2.41 2.35 2.07 1.75 1.44 1.25 1.10 1.05 1.13 1.23 1.23 1.21
1.17 1.19 1.22 1.30 1.42 1.56 1.66 1.65 1.59 1.52 1.52 1.51 1.50 1.53 1.54 1.55 1.59 1.58 1.68 1.70
1.71 1.72 1.77 1.84 1.92 2.04 2.24 2.38 2.46 2.41 2.34 2.21 2.04 1.96 2.02 2.05 2.14 2.30 2.40 2.47
2.35 2.23 2.26 2.24 2.18 2.18 2.23 2.33 2.28 2.12 2.05 1.95 1.78 1.56 1.39 1.28 1.20 1.11 1.24 1.33
1.41 1.51 1.55 1.59 1.64 1.62 1.72 1.74 1.74 1.74 1.62 1.43 1.37 1.33 1.33 1.32 1.41 1.48 1.47 1.36
1.30 1.24 1.11 0.97 0.90 0.87 0.86 0.93 1.00 1.09 1.11 1.14 1.24 1.33 1.47 1.66 1.75 1.83 1.83 1.71
1.63 1.56 1.57 1.62 1.63 1.64 1.70 1.67 1.58 1.55 1.60 1.62 1.59 1.49 1.44 1.41 1.39 1.42 1.53 1.58
1.52 1.44 1.35 1.28 1.31 1.38 1.48 1.67 1.88 2.08 2.17 2.16 2.13 2.03 1.74 1.55 1.50 1.56 1.59 1.65
1.71 1.79 1.77 1.66 1.58 1.58 1.63 1.78 1.95 2.07 2.16 2.15 2.13 2.03 1.84 1.75 1.72 1.64 1.58 1.67
1.85 1.98 2.02 2.00 1.96 1.84 1.69 1.66 1.66 1.64 1.61 1.53 1.39 1.21 1.08 1.06 1.08 1.14 1.18 1.28
1.31 1.31 1.34 1.37 1.41 1.51 1.61 1.73 1.86 1.90 1.91 1.87 1.82 1.75 1.74 1.79 1.91 1.97 1.99 1.96
1.94 1.87 1.85 1.78 1.75 1.70 1.70 1.70 1.67 1.70 1.79 1.85 1.86 1.83 1.77 1.81 1.92 2.06 2.20 2.37
2.47 2.48 2.35 2.22 2.10 2.02 1.95 1.89 1.85 1.81 1.77 1.73 1.69 1.69 1.71 1.73 1.76 1.81 1.91 1.96
1.96 1.91 1.87 1.82 1.77 1.80 1.89 2.02 2.15 2.16 2.17 2.12 2.04 2.01 1.92 1.88 1.90 1.88 1.90 1.93
1.94 1.91 1.87 1.86 1.79 1.72 1.69 1.79 1.95 2.09 2.30 2.46 2.46 2.32 2.15 2.00 1.83 1.61 1.46 1.33
1.22 1.16 1.29 1.52 1.80 1.95 1.97 1.91 1.78 1.63 1.61 1.65 1.82 1.94 1.96 1.92 1.81 1.62 1.49 1.36
1.27 1.16 1.08 1.03 1.04 1.11 1.19 1.26 1.30 1.30 1.32 1.27 1.22 1.23 1.26 1.27 1.30 1.28 1.31 1.31
1.34 1.35 1.45 1.55 1.62 1.63 1.62 1.57 1.52 1.47 1.41 1.35 1.26 1.11 0.95 0.82 0.70 0.67
C1901x2TS215_5 0.598 2.16 2.24 2.22 2.22 2.23 2.25 2.30 2.21 2.08 1.97 1.82 1.71 1.82 1.91 2.09 2.24 2.28 2.28 2.27 2.15
2.24 2.29 2.27 2.24 2.13 1.99 1.94 1.88 1.86 1.88 1.83 1.86 1.88 2.02 2.22 2.44 2.64 2.94 3.03 2.95
2.68 2.53 2.50 2.47 2.61 3.10 3.69 4.28 4.69 5.01 5.24 4.98 4.73 4.52 4.28 3.77 3.40 3.16 2.90 2.63
2.45 2.25 2.12 1.95 1.89 2.03 2.17 2.36 2.56 2.64 2.67 2.69 2.59 2.50 2.32 2.16 1.99 1.85 1.81 1.96
2.20 2.56 3.01 3.43 3.58 3.44 3.20 2.87 2.53 2.26 2.08 2.03 1.99 1.92 1.90 1.79 1.70 1.68 1.64 1.74
1.85 2.06 2.24 2.39 2.50 2.66 2.92 3.24 3.48 3.72 3.79 3.68 3.51 3.32 3.01 2.77 2.70 2.64 2.56 2.35
2.26 2.19 1.97 1.73 1.59 1.59 1.62 1.56 1.53 1.54 1.65 1.76 1.79 1.80 1.79 1.72 1.62 1.54 1.55 1.55
1.60 1.59 1.57 1.52 1.48 1.55 1.78 1.97 2.13 2.17 2.12 2.09 1.97 1.92 2.10 2.28 2.41 2.44 2.29 2.17
2.00 1.89 1.88 1.97 2.08 2.16 2.17 2.27 2.31 2.29 2.12 2.00 1.87 1.65 1.41 1.40 1.50 1.64 1.72 1.83
1.89 1.84 1.72 1.67 1.67 1.73 1.75 1.81 1.85 1.83 1.79 1.84 1.89 1.96 2.03 2.13 2.17 2.11 2.09 2.12
2.17 2.09 2.06 2.18 2.27 2.37 2.47 2.51 2.49 2.44 2.44 2.54 2.70 2.86 2.92 2.82 2.52 2.24 2.10 1.98
1.91 1.86 1.81 1.71 1.56 1.36 1.29 1.26 1.22 1.22 1.20 1.13 1.10 1.08 1.22 1.41 1.52 1.58 1.57 1.50
1.38 1.20 1.22 1.32 1.39 1.51 1.68 2.00 2.16 2.21 2.35 2.52 2.54 2.45 2.34 2.39 2.36 2.26 2.24 2.45
2.72 2.93 3.14 3.50 3.90 4.21 4.41 4.51 4.40 4.26 4.14 3.99 3.81 3.75 3.87 3.91 3.86 3.90 3.91 3.72
3.37 2.94 2.58 2.27 2.16 2.19 2.26 2.44 2.67 2.71 2.50 2.17 1.89 1.65 1.37 1.19 1.19 1.27 1.28 1.27
1.25 1.31 1.35 1.41 1.57 1.81 2.03 2.20 2.29 2.31 2.40 2.36 2.35 2.28 2.15 2.07 2.05 1.97 2.07 2.15
2.31 2.40 2.50 2.52 2.53 2.54 2.56 2.57 2.62 2.73 2.82 2.79 2.66 2.57 2.50 2.36 2.26 2.34 2.46 2.58
2.53 2.55 2.75 2.88 2.83 2.75 2.79 2.81 2.60 2.34 2.18 2.02 1.81 1.56 1.37 1.29 1.27 1.30 1.41 1.47
1.54 1.65 1.74 1.97 2.23 2.36 2.46 2.41 2.27 2.09 1.83 1.67 1.70 1.68 1.64 1.56 1.57 1.55 1.50 1.39
1.39 1.34 1.25 1.18 1.18 1.17 1.16 1.20 1.22 1.26 1.25 1.32 1.49 1.62 1.79 2.04 2.14 2.22 2.17 1.98
1.83 1.67 1.63 1.67 1.71 1.82 1.94 1.90 1.78 1.75 1.88 2.06 2.17 2.17 2.14 1.98 1.78 1.61 1.54 1.52
1.50 1.47 1.39 1.28 1.32 1.39 1.43 1.55 1.74 1.94 2.01 2.06 2.06 2.00 1.77 1.56 1.49 1.50 1.56 1.72
1.80 1.92 1.93 1.79 1.74 1.80 1.93 2.14 2.38 2.56 2.56 2.37 2.28 2.16 1.91 1.73 1.66 1.58 1.44 1.45
1.54 1.65 1.72 1.77 1.79 1.77 1.67 1.70 1.66 1.63 1.62 1.60 1.53 1.44 1.38 1.52 1.62 1.75 1.86 2.07
2.18 2.19 2.11 2.04 1.90 1.83 1.79 1.85 1.94 2.03 2.03 1.92 1.74 1.60 1.54 1.55 1.59 1.60 1.61 1.56
1.53 1.49 1.46 1.44 1.43 1.41 1.50 1.61 1.69 1.80 1.93 1.96 1.94 1.89 1.87 1.92 1.97 2.02 2.02 2.00
1.95 1.88 1.71 1.56 1.43 1.39 1.33 1.27 1.32 1.41 1.48 1.53 1.58 1.67 1.72 1.72 1.78 1.89 1.97 1.99
2.03 2.02 1.98 1.89 1.81 1.84 1.89 1.98 2.13 2.15 2.23 2.22 2.16 2.12 2.05 1.97 1.93 1.82 1.79 1.78
1.70 1.65 1.61 1.56 1.48 1.41 1.44 1.57 1.73 1.82 1.98 2.12 2.14 1.99 1.89 1.81 1.71 1.50 1.33 1.20
1.06 0.96 1.03 1.24 1.49 1.62 1.72 1.80 1.81 1.83 1.88 1.94 1.99 1.92 1.81 1.67 1.51 1.34 1.25 1.19
1.11 1.01 0.97 0.95 0.92 0.96 1.02 1.08 1.13 1.11 1.13 1.11 1.04 1.00 0.98 0.98 1.05 1.07 1.13 1.16
1.23 1.25 1.36 1.43 1.47 1.42 1.38 1.28 1.23 1.17 1.13 1.12 1.07 0.87 0.69 0.52 0.29 0.00
C1901x2TS228_1 0.520 4.74 4.65 4.38 4.08 3.75 3.51 3.53 3.66 3.75 3.98 4.13 4.04 3.98 3.82 3.94 4.16 4.13 4.11 4.05 3.62
3.34 3.13 3.00 2.97 2.88 2.86 2.92 2.83 2.75 2.77 2.71 2.80 2.82 2.84 2.94 3.10 3.32 3.71 4.04 4.25
4.18 3.96 3.71 3.42 3.22 3.31 3.49 3.52 3.53 3.54 3.72 3.75 3.71 3.77 3.86 3.86 4.02 4.21 4.42 4.32
4.18 3.86 3.56 3.27 3.15 3.34 3.56 3.75 3.95 3.98 3.87 3.81 3.71 3.74 3.75 3.84 3.80 3.65 3.50 3.60
3.69 3.73 3.83 3.90 3.72 3.46 3.39 3.55 3.78 4.10 4.73 5.52 5.53 5.35 5.11 4.59 4.07 3.75 3.59 3.57
3.53 3.62 3.70 3.64 3.51 3.29 3.08 2.82 2.64 2.60 2.57 2.54 2.68 2.82 2.81 2.85 2.83 2.85 2.80 2.68
2.78 2.90 2.86 2.86 2.81 2.75 2.70 2.70 2.77 2.85 2.97 3.15 3.44 3.74 4.02 4.28 4.44 4.62 4.59 4.36
4.09 4.11 3.96 3.63 3.40 3.31 3.26 3.37 3.57 4.20 4.70 4.88 5.04 4.95 4.59 4.31 4.23 4.28 4.32 4.48
4.73 4.83 4.84 4.80 4.59 4.34 4.19 4.22 4.28 4.18 4.07 4.04 3.86 3.75 3.52 3.36 3.19 2.90 2.70 2.55
2.35 2.24 2.11 2.15 2.27 2.51 2.87 3.21 3.32 3.42 3.39 3.26 2.99 2.82 2.77 2.81 2.71 2.75 2.79 2.72
2.65 2.48 2.31 2.31 2.34 2.39 2.44 2.44 2.43 2.42 2.31 2.22 2.22 2.27 2.40 2.61 2.67 2.85 3.09 3.22
3.26 3.17 3.12 2.96 2.65 2.41 2.36 2.47 2.64 2.85 3.16 3.27 3.26 3.16 3.11 3.15 3.07 3.03 3.10 3.16
3.30 3.45 3.74 4.06 4.15 3.94 3.66 3.48 3.27 3.07 2.92 2.84 2.76 2.61 2.48 2.42 2.36 2.36 2.35 2.35
2.33 2.17 2.04 1.85 1.65 1.56 1.52 1.55 1.61 1.66 1.76 1.87 2.00 2.20 2.39 2.51 2.53 2.60 2.58 2.56
2.62 2.75 2.77 2.67 2.54 2.52 2.46 2.39 2.34 2.28 2.11 1.96 1.83 1.82 1.85 1.90 2.06 2.18 2.27 2.39
2.49 2.56 2.45 2.34 2.29 2.22 2.15 2.13 2.15 2.14 2.06 2.02 1.96 1.87 1.67 1.55 1.46 1.33 1.32 1.34
1.42 1.46 1.52 1.57 1.59 1.60 1.66 1.68 1.70 1.79 1.94 2.10 2.19 2.35 2.49 2.50 2.43 2.47 2.41 2.30
2.15 2.15 2.33 2.48 2.62 2.99 3.41 3.51 3.35 3.25 3.29 3.14 2.95 2.91 2.83 2.63 2.35 2.16 2.10 1.96
1.95 2.15 2.24 2.33 2.46 2.51 2.53 2.44 2.35 2.38 2.28 2.18 2.22 2.18 2.17 2.19 2.27 2.32 2.38 2.50
2.63 2.63 2.61 2.64 2.56 2.45 2.48 2.51 2.49 2.48 2.41 2.42 2.42 2.42 2.42 2.33 2.18 2.07 1.81 1.59
1.59 1.63 1.66 1.66 1.65 1.63 1.57 1.43 1.35 1.30 1.33 1.43 1.62 1.87 2.22 2.48 2.76 2.93 2.95 2.84
2.63 2.43 2.29 2.15 2.07 1.98 1.86 1.74 1.64 1.57 1.53 1.57 1.73 1.96 2.10 2.16 2.28 2.47 2.65 2.74
2.86 3.04 3.07 2.99 2.98 2.99 3.12 3.27 3.31 3.28 3.13 3.10 3.11 2.98 2.89 2.89 2.80 2.73 2.63 2.81
3.01 3.08 3.13 3.14 3.04 2.94 2.77 2.79 2.88 2.80 2.69 2.56 2.37 2.19 2.12 2.15 2.33 2.56 2.71 2.77
2.74 2.59 2.38 2.27 2.16 2.16 2.11 2.11 2.15 2.12 1.99 2.00 2.00 1.97 2.02 2.22 2.41 2.56 2.68 2.79
2.86 2.89 3.02 3.07 2.97 2.95 2.85 2.69 2.48 2.46 2.55 2.52 2.49 2.56 2.56 2.63 2.67 2.71 2.75 2.70
2.62 2.57 2.42 2.33 2.36 2.57 2.77 2.96 3.10 3.34 3.51 3.38 3.22 3.12 3.01 2.88 2.77 2.80 2.88 2.78
2.71 2.56 2.43 2.29 2.19 2.23 2.38 2.52 2.69 2.91 3.09 3.13 2.99 2.86 2.75 2.72 2.74 2.98 3.34 3.71
3.87 3.97 3.78 3.53 3.23 3.01 2.86 2.88 2.94 3.15 3.44 3.76 3.85 3.73 3.37 2.97 2.50 2.12 1.92 1.95
2.13 2.39 2.74 3.04 3.18 3.02 2.74 2.48 2.24 2.02 1.97 1.97 2.06 2.13 2.28 2.50 2.67 2.80 2.89 2.82
2.69 2.65 2.63 2.64 2.73 2.90 3.06 3.04 2.90 2.82 2.75 2.65 2.60 2.60 2.62 2.69 2.64 2.57 2.52 2.51
2.54 2.62 2.74 2.95 2.96 2.85 2.70 2.55 2.42 2.35 2.28 2.33 2.36 2.32 2.31 2.32 2.32 2.37
C1901x2TS369_1 0.518 4.47 4.51 4.40 4.22 3.97 3.60 3.53 3.42 3.25 3.21 3.09 2.92 2.83 2.77 2.91 2.99 3.01 3.07 3.02 2.75
2.57 2.43 2.32 2.24 2.21 2.18 2.27 2.28 2.33 2.46 2.52 2.64 2.73 2.73 2.81 2.91 2.96 3.14 3.34 3.45
3.48 3.48 3.53 3.46 3.31 3.40 3.50 3.37 3.39 3.51 3.64 3.59 3.47 3.53 3.65 3.56 3.73 4.03 4.08 3.93
3.75 3.56 3.51 3.44 3.38 3.50 3.64 3.71 3.73 3.68 3.59 3.55 3.32 3.25 3.31 3.55 3.71 3.82 3.77 3.92
3.89 3.74 3.67 3.66 3.45 3.22 3.06 3.08 3.21 3.41 3.77 4.19 4.43 4.55 4.57 4.29 4.08 4.05 3.99 3.72
3.58 3.55 3.49 3.44 3.30 3.06 2.73 2.25 1.87 1.61 1.39 1.31 1.40 1.53 1.57 1.63 1.75 1.87 1.87 1.73
1.64 1.55 1.38 1.19 1.07 0.97 0.90 0.83 0.90 0.94 1.14 1.41 1.70 1.99 2.24 2.40 2.46 2.42 2.31 2.10
1.92 1.85 1.74 1.57 1.42 1.38 1.40 1.41 1.52 1.72 1.95 2.13 2.45 2.92 3.35 3.65 3.72 3.38 2.93 2.48
2.09 1.83 1.67 1.69 1.84 2.14 2.49 2.98 3.29 3.24 3.00 2.77 2.57 2.55 2.49 2.63 2.72 2.67 2.64 2.55
2.44 2.33 2.11 2.01 1.95 1.87 1.85 1.76 1.63 1.57 1.46 1.34 1.25 1.24 1.32 1.42 1.50 1.66 1.83 1.89
1.84 1.72 1.64 1.71 1.83 1.95 2.11 2.19 2.17 2.14 2.08 2.10 2.15 2.18 2.16 2.11 1.86 1.64 1.60 1.64
1.74 1.90 2.11 2.32 2.41 2.32 2.27 2.23 2.15 2.15 2.14 2.08 2.02 1.90 1.88 1.84 1.74 1.63 1.56 1.56
1.55 1.58 1.71 1.93 2.20 2.44 2.68 3.03 3.19 3.34 3.48 3.67 3.84 3.92 4.01 4.26 4.06 3.80 3.44 3.12
2.79 2.38 2.16 2.07 1.98 2.03 2.16 2.35 2.49 2.60 2.81 2.92 2.90 2.80 2.76 2.80 2.84 3.07 3.41 3.75
3.93 3.76 3.48 3.31 3.18 3.19 3.17 3.16 3.10 2.97 2.73 2.57 2.53 2.60 2.59 2.56 2.58 2.73 2.77 2.69
2.61 2.53 2.31 2.19 2.19 2.28 2.46 2.67 2.96 3.22 3.40 3.59 3.86 3.89 3.69 3.56 3.35 3.01 2.82 2.62
2.57 2.45 2.32 2.26 2.20 2.20 2.42 2.68 3.04 3.48 4.08 4.60 4.76 4.72 4.74 4.32 3.88 3.69 3.53 3.54
3.39 3.25 3.24 3.16 3.03 3.09 3.25 3.49 3.54 3.59 3.70 3.62 3.48 3.27 3.09 2.89 2.68 2.49 2.45 2.35
2.40 2.47 2.48 2.55 2.69 2.70 2.71 2.64 2.60 2.56 2.42 2.31 2.32 2.28 2.26 2.29 2.44 2.64 2.86 3.07
3.28 3.35 3.26 3.19 3.17 3.20 3.28 3.34 3.31 3.26 3.13 3.08 3.11 3.15 3.30 3.50 3.59 3.71 3.72 3.62
3.67 3.70 3.77 3.82 3.79 3.71 3.62 3.35 3.17 3.08 3.08 3.14 3.20 3.06 2.85 2.56 2.30 2.06 1.81 1.60
1.46 1.31 1.15 1.01 0.93 0.88 0.83 0.78 0.76 0.84 0.95 1.07 1.26 1.44 1.52 1.57 1.60 1.69 1.78 1.79
1.84 1.90 1.94 2.00 2.09 2.14 2.26 2.38 2.42 2.33 2.19 2.19 2.18 2.03 1.94 1.95 1.95 1.99 2.04 2.25
2.30 2.28 2.33 2.32 2.25 2.26 2.29 2.41 2.43 2.41 2.53 2.64 2.72 2.83 2.93 3.08 3.21 3.27 3.20 3.17
3.18 3.25 3.31 3.38 3.25 3.04 2.71 2.44 2.25 2.08 1.96 1.96 1.90 1.82 1.87 2.05 2.21 2.31 2.36 2.31
2.21 2.12 2.19 2.27 2.35 2.48 2.64 2.68 2.63 2.77 3.03 3.24 3.41 3.50 3.54 3.57 3.56 3.73 4.17 4.99
6.06 7.47 7.77 7.06 5.96 5.17 4.72 4.48 4.35 4.38 4.18 3.87 3.65 3.73 4.00 4.36 4.83 5.42 5.62 5.05
4.61 4.28 3.98 3.76 3.58 3.70 4.00 4.49 5.26 6.34 7.26 8.17 7.32 6.34 5.34 4.92 4.74 4.74 4.80 4.93
4.56 4.17 3.72 3.43 3.31 3.36 3.61 4.02 4.41 4.71 4.74 4.74 4.62 4.49 4.40 4.35 4.36 4.19 3.87 3.54
3.25 3.01 2.88 2.83 2.87 2.90 2.91 2.87 2.85 2.85 2.89 2.92 3.01 3.10 3.25 3.33 3.30 3.28 3.31 3.29
3.28 3.34 3.47 3.49 3.49 3.57 3.66 3.71 3.69 3.74 3.86 3.82 3.63 3.55 3.44 3.36 3.28 3.16 3.21 3.31
3.37 3.44 3.56 3.76 3.99 4.06 4.09 3.90 3.59 3.37 3.10 2.90 2.70 2.51 2.38 2.26 2.10 2.08
C1901x2TS389_4 0.471 5.32 5.68 5.90 5.87 5.84 5.50 5.44 5.30 5.22 5.16 5.04 4.69 4.62 4.47 4.68 4.87 5.13 5.41 5.47 4.90
4.58 4.31 4.14 3.91 3.66 3.50 3.56 3.49 3.42 3.58 3.72 3.99 4.03 3.87 3.96 4.11 4.18 4.61 5.24 5.85
5.95 5.64 5.36 4.87 4.45 4.54 4.90 5.17 5.49 5.91 6.19 5.81 5.34 4.98 4.82 4.64 4.79 5.24 5.54 5.66
5.71 5.44 5.14 4.91 4.95 5.54 6.48 7.53 8.51 9.07 7.78 7.06 6.04 5.60 5.43 5.50 5.48 5.51 5.26 5.50
5.58 5.63 5.82 6.00 5.69 5.20 4.83 4.72 4.54 4.55 4.90 5.35 5.44 5.48 5.53 5.34 5.01 4.98 5.01 5.11
5.17 5.40 5.54 5.30 4.85 4.30 3.78 3.30 2.99 2.82 2.72 2.70 2.81 2.87 2.76 2.65 2.61 2.61 2.47 2.33
2.40 2.49 2.47 2.55 2.65 2.74 2.82 2.90 3.06 3.15 3.25 3.53 3.82 4.01 4.18 4.32 4.52 4.77 4.84 4.87
4.96 5.33 5.50 5.10 5.02 5.16 5.10 5.16 5.05 5.15 5.12 4.57 4.35 4.38 4.34 4.49 4.61 4.79 4.81 4.68
4.58 4.43 4.28 4.14 4.07 4.16 4.18 4.36 4.66 4.87 4.86 4.80 4.79 4.91 4.80 4.79 4.84 4.88 4.86 4.85
4.76 4.76 4.47 4.21 4.11 3.92 3.65 3.35 3.12 3.05 3.04 3.01 3.01 3.12 3.13 2.98 2.84 2.85 2.92 2.96
3.04 3.10 3.07 3.06 3.07 3.14 3.16 3.08 3.07 3.10 3.14 3.37 3.90 4.62 5.52 6.40 6.18 5.43 4.83 4.29
4.00 3.91 4.07 4.29 4.34 4.18 4.13 4.13 4.00 4.03 4.03 3.86 3.62 3.40 3.29 3.28 3.17 3.11 3.12 3.17
3.39 3.75 4.28 4.87 5.24 5.06 4.70 4.52 4.40 4.46 4.71 5.08 5.27 5.35 5.27 5.50 5.36 5.05 4.63 4.26
3.84 3.41 3.22 3.16 3.15 3.14 3.23 3.35 3.44 3.51 3.64 3.68 3.61 3.39 3.18 3.09 3.06 3.27 3.57 3.95
4.24 4.07 3.66 3.34 3.09 3.06 3.05 3.12 3.19 3.11 2.95 2.87 2.84 2.97 3.02 3.00 3.11 3.24 3.24 3.17
3.12 3.01 2.74 2.56 2.49 2.47 2.52 2.55 2.60 2.51 2.34 2.28 2.19 2.05 1.92 1.97 2.03 1.97 2.00 2.04
2.06 2.00 1.94 1.91 1.96 2.06 2.21 2.33 2.36 2.39 2.43 2.34 2.18 2.15 2.19 2.18 2.14 2.24 2.49 2.91
3.35 3.88 4.24 4.45 4.08 3.55 3.21 2.90 2.73 2.83 2.98 3.19 3.40 3.42 3.38 3.08 2.65 2.30 2.17 2.05
2.11 2.28 2.45 2.65 2.81 2.81 2.88 2.89 2.86 2.81 2.64 2.46 2.36 2.20 2.09 2.01 2.05 2.03 2.00 1.89
1.77 1.60 1.38 1.20 1.07 1.08 1.20 1.32 1.43 1.56 1.60 1.67 1.75 1.80 1.86 1.98 2.08 2.18 2.16 2.16
2.27 2.30 2.30 2.34 2.40 2.40 2.37 2.30 2.30 2.36 2.48 2.69 2.90 3.04 3.16 3.16 3.14 3.07 2.93 2.74
2.53 2.36 2.21 2.08 2.01 1.93 1.83 1.69 1.60 1.55 1.47 1.40 1.44 1.49 1.44 1.45 1.58 1.76 1.85 1.93
2.01 2.11 2.13 2.17 2.26 2.32 2.42 2.56 2.61 2.66 2.59 2.58 2.52 2.31 2.10 1.93 1.74 1.76 1.80 1.97
2.11 2.21 2.38 2.42 2.41 2.52 2.57 2.69 2.79 2.80 2.94 3.05 3.21 3.47 3.59 3.79 3.96 3.90 3.67 3.56
3.63 3.83 4.09 4.33 4.32 4.24 3.95 3.71 3.58 3.52 3.49 3.44 3.26 3.04 2.93 3.00 3.02 3.04 3.01 2.92
2.84 2.67 2.67 2.76 2.83 2.90 3.00 2.95 2.85 2.83 3.00 3.17 3.24 3.17 2.99 2.83 2.71 2.73 2.91 3.34
3.86 4.30 4.27 4.16 3.98 3.97 3.98 4.06 4.18 4.43 4.53 4.34 4.20 4.33 4.59 4.87 4.92 5.06 5.09 4.60
4.30 4.01 3.78 3.67 3.48 3.52 3.65 3.76 3.89 4.09 4.17 4.05 3.64 3.43 3.39 3.43 3.47 3.72 4.13 4.34
4.07 3.84 3.64 3.52 3.40 3.38 3.51 3.69 3.85 3.90 3.78 3.66 3.57 3.58 3.58 3.57 3.61 3.58 3.43 3.26
3.15 3.23 3.36 3.54 3.69 3.72 3.58 3.35 3.12 2.96 2.85 2.80 2.89 3.05 3.31 3.53 3.61 3.59 3.48 3.38
3.31 3.29 3.51 3.73 3.87 4.00 3.99 3.99 3.80 3.60 3.54 3.37 3.21 3.18 3.19 3.32 3.43 3.52 3.61 3.61
3.59 3.61 3.70 4.02 4.37 4.53 4.53 4.31 4.02 3.78 3.52 3.58 3.66 3.67 3.61 3.55 3.43 3.39
C1901x2TS389_5 0.464 8.88 10.54 11.38 10.20 8.41 6.54 5.87 5.41 5.01 4.90 4.82 4.51 4.32 4.18 4.36 4.67 5.06 5.62 5.75 5.11
4.72 4.50 4.24 4.01 3.85 3.83 3.90 3.80 3.73 3.78 3.82 3.99 3.90 3.72 3.73 3.81 3.83 4.05 4.52 4.99
5.10 4.96 4.87 4.62 4.40 4.61 4.95 5.34 5.80 6.16 6.37 5.82 5.39 5.16 5.20 5.54 6.37 8.00 10.09 10.20
9.06 7.27 6.27 5.52 4.73 4.52 4.53 4.50 4.49 4.65 4.77 5.09 4.92 5.04 5.26 5.74 6.10 6.47 6.46 6.70
6.21 5.74 5.52 5.54 5.15 4.74 4.54 4.55 4.46 4.49 4.91 5.70 6.17 6.43 6.52 6.33 6.06 5.98 5.81 5.72
5.68 5.97 5.99 5.84 5.69 5.43 5.02 4.56 4.18 4.01 3.76 3.54 3.45 3.25 2.97 2.85 2.86 2.92 2.91 2.87
3.08 3.16 3.07 3.09 3.17 3.19 3.10 3.00 3.08 3.14 3.27 3.61 4.10 4.65 5.11 5.32 5.48 5.38 5.07 4.54
3.99 3.79 3.63 3.34 3.29 3.41 3.61 3.88 4.11 4.50 4.68 4.37 4.29 4.21 3.93 3.81 3.87 4.11 4.19 4.27
4.38 4.34 4.10 3.81 3.55 3.50 3.45 3.59 3.75 3.80 3.75 3.74 3.81 4.04 4.33 4.82 5.43 5.82 5.92 5.85
5.45 4.96 4.58 4.41 4.51 4.58 4.60 4.62 4.47 4.27 4.21 4.04 3.87 3.88 3.86 3.62 3.39 3.25 3.33 3.33
3.39 3.40 3.40 3.40 3.36 3.35 3.49 3.58 3.82 4.02 4.07 4.19 4.38 4.46 4.57 4.57 4.28 3.96 3.80 3.68
3.75 3.91 4.39 4.76 4.82 4.68 4.60 4.61 4.53 4.48 4.61 4.35 4.09 3.87 3.78 3.89 3.92 3.94 4.07 4.09
4.16 4.13 4.31 4.54 4.63 4.55 4.47 4.63 4.81 4.90 4.95 4.98 4.91 4.68 4.40 4.35 4.25 4.25 4.03 3.78
3.61 3.39 3.32 3.28 3.17 3.20 3.25 3.30 3.29 3.36 3.48 3.52 3.36 3.14 2.94 2.82 2.63 2.62 2.60 2.73
2.88 2.95 2.90 3.02 3.16 3.55 3.79 3.98 4.07 3.96 3.49 3.11 2.88 2.84 2.81 2.78 2.93 3.01 2.97 2.86
2.79 2.69 2.43 2.31 2.36 2.40 2.46 2.54 2.69 2.77 2.74 2.77 2.91 2.96 2.85 2.82 2.81 2.64 2.59 2.44
2.41 2.29 2.17 2.21 2.28 2.45 2.81 3.16 3.33 3.28 3.09 2.94 2.76 2.71 2.79 2.92 3.00 3.23 3.47 3.74
4.04 4.25 4.47 4.46 4.11 3.80 3.56 3.27 3.05 2.84 2.77 2.67 2.63 2.54 2.41 2.20 1.98 1.77 1.75 1.73
1.84 1.99 2.09 2.19 2.29 2.25 2.33 2.40 2.49 2.57 2.50 2.41 2.40 2.29 2.20 2.14 2.21 2.26 2.27 2.15
1.99 1.76 1.46 1.22 1.05 1.06 1.19 1.30 1.36 1.49 1.50 1.52 1.55 1.59 1.66 1.74 1.78 1.89 1.90 1.89
1.98 2.04 2.08 2.14 2.20 2.24 2.27 2.23 2.26 2.35 2.50 2.66 2.83 2.92 3.00 2.93 2.83 2.74 2.62 2.48
2.32 2.17 2.02 1.87 1.74 1.62 1.48 1.37 1.37 1.42 1.42 1.44 1.54 1.63 1.55 1.42 1.45 1.54 1.59 1.63
1.73 1.89 2.03 2.17 2.35 2.43 2.55 2.66 2.61 2.48 2.32 2.26 2.15 1.96 1.82 1.75 1.68 1.72 1.81 2.00
2.06 2.06 2.15 2.18 2.16 2.25 2.37 2.59 2.77 2.88 3.08 3.25 3.44 3.65 3.79 4.05 4.29 4.28 4.05 3.84
3.75 3.71 3.73 3.82 3.84 3.76 3.68 3.67 3.68 3.65 3.48 3.29 3.05 2.72 2.58 2.68 2.78 2.92 2.96 2.94
2.90 2.83 2.85 2.93 2.95 3.04 3.19 3.18 3.04 3.11 3.32 3.64 3.84 3.91 3.87 3.72 3.49 3.39 3.32 3.62
3.95 4.40 4.45 4.47 4.34 4.30 4.16 4.10 4.07 4.15 4.12 3.87 3.57 3.54 3.59 3.76 4.01 4.33 4.69 4.51
4.35 4.28 4.15 3.98 3.71 3.63 3.69 3.67 3.80 3.96 4.04 3.94 3.68 3.49 3.40 3.48 3.72 4.09 4.41 4.55
4.39 4.17 3.80 3.56 3.38 3.29 3.26 3.24 3.17 3.17 3.30 3.40 3.57 3.65 3.68 3.62 3.39 3.02 2.86 2.75
2.82 2.97 3.29 3.69 4.13 4.31 4.25 4.00 3.79 3.57 3.56 3.52 3.60 3.83 4.14 4.39 4.37 4.22 4.14 3.98
3.78 3.72 3.76 3.84 3.91 4.01 4.14 4.32 4.51 4.84 5.35 5.55 5.47 5.26 4.95 4.83 4.80 4.63 4.67 4.69
4.50 4.26 4.32 4.66 5.23 5.43 5.50 5.23 4.73 4.25 4.11 4.19 4.43 4.53 4.63 4.63 4.51 4.41
C1901x2TS389_1 0.459 5.59 5.88 6.02 5.95 5.86 5.66 5.91 5.80 5.48 5.35 5.13 4.70 4.54 4.45 4.74 4.93 5.03 5.27 5.34 4.92
4.74 4.62 4.41 4.25 3.88 3.58 3.50 3.42 3.39 3.51 3.51 3.77 3.78 3.58 3.56 3.74 3.72 3.88 4.17 4.37
4.45 4.40 4.44 4.47 4.31 4.56 5.00 5.12 5.23 5.21 5.23 4.86 4.66 4.68 4.84 5.01 5.59 6.28 6.61 6.34
6.20 5.83 5.65 5.27 4.97 5.14 5.16 5.12 5.29 5.38 5.62 5.92 5.59 5.68 5.57 5.65 5.72 5.53 5.31 5.50
5.46 5.34 5.36 5.51 5.24 4.92 4.71 4.68 4.74 4.94 5.47 6.53 7.02 7.45 7.27 6.45 5.75 5.43 5.08 4.95
5.03 5.46 5.63 5.76 5.79 5.62 5.44 5.19 5.04 5.00 4.74 4.44 4.32 4.08 3.96 4.09 4.19 4.33 4.24 3.97
3.97 3.84 3.74 3.76 3.73 3.66 3.46 3.28 3.26 3.26 3.40 3.72 4.06 4.49 4.73 4.77 4.82 4.86 4.80 4.62
4.22 4.00 3.72 3.25 2.99 2.94 2.99 3.25 3.49 3.84 4.23 4.26 4.33 4.43 4.39 4.38 4.34 4.38 4.32 4.27
4.20 4.04 3.82 3.61 3.48 3.54 3.59 3.80 3.91 3.78 3.44 3.16 3.01 3.05 3.16 3.49 3.96 4.31 4.66 4.85
4.76 4.65 4.37 4.21 4.34 4.42 4.52 4.48 4.01 3.59 3.28 2.89 2.61 2.44 2.39 2.40 2.36 2.32 2.46 2.54
2.67 2.71 2.69 2.81 2.99 3.01 3.05 3.01 3.02 3.15 3.20 3.43 3.94 4.60 5.41 6.33 6.35 6.18 5.88 5.40
5.22 5.16 5.36 5.40 5.02 4.60 4.32 4.11 3.97 3.98 4.12 4.00 3.67 3.44 3.26 3.18 3.14 3.19 3.41 3.71
3.96 4.29 4.63 4.79 4.90 4.67 4.55 4.61 4.50 4.47 4.46 4.39 4.38 4.19 4.18 4.35 4.29 4.31 4.05 3.78
3.48 3.02 2.78 2.71 2.56 2.54 2.63 2.70 2.68 2.59 2.60 2.64 2.55 2.52 2.58 2.65 2.65 2.81 3.18 3.56
3.82 3.98 3.95 3.88 3.58 3.34 3.15 3.01 2.90 2.74 2.57 2.55 2.70 2.99 3.19 3.42 3.76 4.00 4.03 3.75
3.51 3.23 2.84 2.61 2.51 2.45 2.51 2.57 2.70 2.73 2.77 2.85 2.89 2.91 2.78 2.82 2.80 2.66 2.72 2.73
2.72 2.68 2.66 2.75 2.91 3.14 3.53 3.95 4.02 3.67 3.21 2.73 2.33 2.10 2.04 2.03 2.01 2.10 2.12 2.29
2.58 2.84 3.17 3.44 3.50 3.70 3.81 3.86 3.90 3.81 3.67 3.42 3.10 2.88 2.70 2.56 2.43 2.31 2.36 2.38
2.47 2.58 2.64 2.76 2.92 2.90 2.90 2.83 2.75 2.67 2.50 2.33 2.25 2.15 2.02 1.90 1.85 1.89 1.93 1.90
1.83 1.74 1.57 1.41 1.25 1.26 1.35 1.42 1.45 1.56 1.57 1.58 1.64 1.79 1.93 2.05 2.08 2.15 2.10 2.01
2.01 2.03 2.07 2.12 2.14 2.15 2.16 2.11 2.07 2.05 2.07 2.12 2.19 2.24 2.36 2.44 2.50 2.53 2.53 2.47
2.36 2.25 2.15 2.04 1.94 1.81 1.67 1.56 1.53 1.55 1.56 1.60 1.72 1.85 1.81 1.75 1.79 2.01 2.12 2.15
2.29 2.52 2.62 2.63 2.65 2.70 2.84 2.89 2.86 2.77 2.60 2.53 2.42 2.19 2.08 2.02 1.93 1.90 1.93 2.15
2.27 2.34 2.52 2.67 2.75 2.88 3.02 3.21 3.23 3.11 3.08 3.15 3.21 3.28 3.32 3.33 3.27 3.14 2.92 2.83
2.88 2.92 2.98 3.10 3.18 3.27 3.32 3.38 3.53 3.46 3.24 3.06 2.81 2.51 2.40 2.43 2.51 2.62 2.68 2.70
2.65 2.60 2.67 2.68 2.73 2.85 3.05 3.15 3.15 3.35 3.79 4.20 4.51 4.83 5.15 5.41 5.46 5.58 5.71 5.95
5.62 5.19 4.53 4.12 3.77 3.70 3.70 3.85 4.11 4.53 4.72 4.74 4.74 4.90 5.02 5.05 4.95 4.93 4.83 4.31
4.03 3.87 3.75 3.71 3.56 3.59 3.78 4.00 4.22 4.47 4.64 4.65 4.31 4.09 3.94 4.05 4.18 4.58 5.18 5.57
5.45 5.28 4.80 4.56 4.38 4.37 4.50 4.79 5.13 5.38 5.37 5.40 5.40 5.29 5.11 5.04 5.05 4.77 4.44 4.23
4.27 4.33 4.64 5.00 5.43 5.46 5.23 4.86 4.71 4.45 4.46 4.45 4.47 4.53 4.76 4.90 4.86 4.68 4.59 4.54
4.38 4.41 4.53 4.58 4.60 4.68 4.82 5.12 5.35 5.82 6.41 6.22 5.72 5.34 5.00 5.02 5.08 5.16 5.62 5.76
5.56 5.09 4.80 5.00 5.35 5.58 5.97 6.21 6.02 5.55 5.23 5.35 5.61 5.64 5.57 5.49 5.17 4.93
C1901x2TS389_2 0.435 4.56 4.78 4.83 4.95 5.10 4.71 4.75 4.79 4.67 4.51 4.20 3.86 3.86 3.92 4.34 5.18 6.65 9.36 12.47 11.92
12.87 15.23 16.11 13.58 11.79 9.88 8.06 6.41 5.52 5.25 5.44 6.08 7.17 8.33 9.83 10.16 7.86 6.51 5.61 4.83
4.39 4.21 4.15 3.99 3.77 3.89 4.07 4.28 4.71 5.23 5.76 5.52 5.06 4.66 4.30 4.10 4.37 4.81 5.10 5.21
5.22 4.82 4.48 4.10 3.84 3.96 4.08 4.19 4.29 4.27 4.21 4.25 4.01 4.09 4.21 4.41 4.40 4.31 4.20 4.26
4.09 4.04 4.16 4.40 4.33 4.22 4.16 4.17 4.11 4.26 4.61 5.31 5.60 5.77 5.57 5.08 4.76 4.79 4.74 4.98
5.31 5.71 6.06 6.35 7.33 8.74 9.44 9.14 8.51 7.68 6.64 6.01 6.05 6.19 5.61 5.10 4.84 4.80 4.45 4.38
4.78 5.27 5.24 5.03 4.79 4.53 4.19 3.89 3.87 3.80 3.83 4.05 4.25 4.52 4.84 5.02 5.20 5.50 5.60 5.82
5.40 5.08 4.72 4.34 4.30 4.77 5.41 6.36 6.96 6.84 6.23 5.62 5.67 6.10 6.42 6.31 6.63 6.96 7.15 7.86
9.30 11.01 11.68 8.90 6.97 5.79 4.94 4.44 4.04 3.66 3.38 3.15 3.08 3.20 3.33 3.59 4.00 4.30 4.47 4.49
4.52 4.75 4.80 4.80 5.01 5.12 4.98 4.64 4.20 4.04 3.96 3.82 3.83 3.97 4.22 4.27 4.33 4.47 4.58 4.35
4.20 3.93 3.67 3.46 3.41 3.39 3.37 3.27 3.19 3.24 3.27 3.38 3.79 4.40 4.98 5.47 5.17 4.66 4.21 3.69
3.57 3.65 3.88 4.12 4.30 4.26 4.20 4.17 4.21 4.42 4.88 5.18 5.70 6.39 7.12 7.72 7.84 7.84 8.20 8.29
7.95 7.59 7.32 6.44 5.65 4.97 4.58 4.52 4.40 4.42 4.52 4.59 4.66 4.71 5.00 5.65 6.34 7.32 7.76 7.38
6.58 5.38 4.80 4.27 3.73 3.38 3.17 3.04 2.94 2.89 3.02 3.11 3.06 2.95 2.88 2.89 2.94 3.14 3.39 3.72
3.89 3.90 3.81 3.76 3.69 3.77 3.76 3.91 3.93 3.78 3.61 3.55 3.54 3.67 3.63 3.73 3.99 4.09 4.03 3.78
3.57 3.31 2.92 2.76 2.71 2.70 2.76 2.83 2.92 2.87 2.81 2.76 2.74 2.60 2.38 2.38 2.38 2.31 2.43 2.50
2.66 2.66 2.59 2.60 2.66 2.81 3.07 3.30 3.45 3.45 3.47 3.26 2.90 2.77 2.75 2.69 2.62 2.64 2.74 2.91
2.95 3.05 3.22 3.38 3.42 3.64 3.87 3.98 3.96 3.97 4.01 3.85 3.79 3.78 3.70 3.51 3.26 3.15 3.19 3.28
3.72 4.39 4.95 5.71 6.57 7.12 7.62 8.58 10.16 11.67 9.94 8.22 6.74 5.25 4.17 3.54 3.17 3.00 2.98 3.02
3.05 2.98 2.72 2.47 2.18 1.98 1.94 1.94 1.99 2.14 2.27 2.46 2.57 2.63 2.69 2.71 2.70 2.73 2.65 2.60
2.56 2.48 2.39 2.31 2.26 2.22 2.19 2.11 2.08 2.12 2.20 2.32 2.45 2.51 2.60 2.60 2.57 2.55 2.55 2.56
2.51 2.45 2.41 2.37 2.35 2.33 2.29 2.29 2.30 2.29 2.20 2.11 2.09 2.12 2.00 1.88 1.92 2.11 2.26 2.41
2.68 3.01 3.17 3.22 3.24 3.23 3.29 3.33 3.31 3.23 3.11 3.13 3.13 2.98 2.98 3.08 3.11 3.27 3.49 3.85
4.09 3.99 3.91 3.67 3.40 3.33 3.33 3.51 3.80 3.93 4.09 4.16 4.21 4.13 3.93 3.76 3.63 3.42 3.16 3.14
3.24 3.25 3.33 3.37 3.35 3.30 3.25 3.33 3.52 3.56 3.51 3.44 3.30 3.13 3.14 3.31 3.47 3.60 3.63 3.59
3.46 3.37 3.44 3.61 3.88 4.16 4.36 4.26 3.95 3.90 4.01 4.12 4.28 4.45 4.59 4.61 4.49 4.39 4.29 4.30
4.05 3.78 3.40 3.13 2.92 2.86 2.84 2.96 3.14 3.41 3.62 3.62 3.57 3.68 3.86 4.02 4.12 4.16 4.29 3.98
3.73 3.59 3.50 3.42 3.23 3.12 3.17 3.23 3.30 3.46 3.60 3.61 3.44 3.33 3.32 3.47 3.69 4.12 4.63 5.13
5.32 5.45 5.28 5.11 4.94 4.90 4.86 4.99 5.13 5.24 5.19 5.13 5.13 5.00 4.86 4.61 4.34 3.87 3.45 3.16
3.05 3.02 3.18 3.38 3.62 3.71 3.69 3.67 3.65 3.58 3.63 3.67 3.86 4.03 4.22 4.38 4.37 4.18 3.97 3.76
3.67 3.58 3.56 3.50 3.50 3.59 3.73 4.03 4.34 4.65 4.92 4.75 4.44 4.20 3.97 4.05 4.05 4.08 4.24 4.24
4.12 4.00 3.93 4.19 4.31 4.41 4.56 4.48 4.31 4.23 4.11 4.19 4.23 4.29 4.34 4.28 4.19 4.28
C1901x2TS389_3 0.428 5.14 5.23 5.35 5.36 5.40 5.15 5.43 5.56 5.33 5.07 4.77 4.30 4.09 3.87 4.00 4.12 4.13 4.16 4.03 3.61
3.32 3.11 2.93 2.84 2.69 2.61 2.67 2.70 2.73 2.92 2.95 3.14 3.16 3.07 3.08 3.21 3.18 3.35 3.56 3.69
3.77 3.77 3.85 3.94 3.87 4.11 4.49 4.56 4.71 4.73 4.75 4.44 4.24 4.27 4.46 4.55 5.12 6.04 7.14 8.19
10.60 13.77 20.13 23.96 29.85 29.85 29.85 29.85 29.85 29.85 29.85 29.85 29.85 29.85 29.85 29.85 29.85 29.85 12.45 8.64
6.38 5.29 4.87 4.51 4.20 4.01 4.04 4.28 4.54 5.01 5.91 7.05 7.74 8.10 8.34 7.41 6.82 6.92 6.88 7.24
7.44 7.84 7.56 6.58 5.63 4.80 4.04 3.37 2.88 2.56 2.32 2.17 2.20 2.29 2.40 2.58 2.78 3.03 3.16 3.20
3.43 3.65 3.64 3.63 3.43 3.22 3.04 2.92 2.98 3.07 3.28 3.69 4.20 4.79 5.62 6.49 7.46 8.01 7.81 6.90
6.31 6.38 6.22 5.58 5.24 5.14 4.98 5.06 5.39 6.72 10.01 14.06 29.85 29.85 16.67 10.03 7.64 6.81 6.38 6.06
6.02 5.94 5.63 5.33 5.17 5.09 4.83 4.82 4.82 4.53 4.15 4.00 4.12 4.79 6.08 9.34 29.85 29.85 29.85 12.50
7.11 5.63 5.22 5.17 5.69 6.01 5.85 5.24 4.42 3.74 3.38 3.03 2.81 2.66 2.64 2.76 2.91 3.05 3.25 3.29
3.37 3.23 3.03 3.10 3.36 3.54 3.64 3.67 4.03 4.44 4.80 5.58 7.27 9.55 11.19 10.73 8.31 6.24 5.29 4.80
4.78 5.10 6.16 9.09 18.11 29.85 29.85 29.85 15.26 8.09 5.77 4.51 3.91 3.65 3.66 3.80 3.92 3.96 3.90 3.88
4.05 4.39 5.15 6.69 9.55 15.76 23.72 29.85 29.85 29.85 15.30 13.89 11.75 9.26 8.23 7.85 7.23 6.42 5.67 5.20
4.82 4.28 4.20 4.05 3.81 3.57 3.48 3.43 3.35 3.33 3.50 3.59 3.52 3.29 3.13 3.13 3.15 3.33 3.58 3.92
4.14 4.18 3.96 3.89 3.87 3.95 3.94 3.95 3.92 4.01 3.84 3.78 3.93 4.25 4.38 4.44 4.65 4.94 4.97 4.72
4.52 4.22 3.69 3.37 3.16 2.97 2.91 2.97 3.02 2.98 2.99 3.13 3.21 3.17 3.01 3.08 3.09 2.99 3.09 3.26
3.41 3.41 3.33 3.29 3.42 3.66 3.95 4.28 4.39 4.15 3.80 3.33 3.05 2.98 3.02 3.03 3.01 3.15 3.24 3.46
3.62 3.75 3.95 3.97 3.80 3.89 4.01 4.27 4.31 4.29 4.22 3.87 3.59 3.30 3.00 2.75 2.53 2.38 2.37 2.34
2.55 2.82 3.01 3.30 3.61 3.60 3.53 3.38 3.19 2.96 2.64 2.42 2.33 2.18 2.07 2.04 2.03 2.10 2.18 2.25
2.33 2.39 2.37 2.31 2.17 2.17 2.26 2.35 2.46 2.58 2.61 2.58 2.50 2.45 2.45 2.44 2.42 2.48 2.45 2.38
2.46 2.57 2.68 2.81 2.87 2.93 3.00 2.96 3.02 3.16 3.35 3.61 3.80 3.87 4.05 4.02 3.87 3.71 3.50 3.21
2.81 2.51 2.29 2.10 1.95 1.86 1.83 1.83 1.85 2.00 2.10 2.21 2.37 2.57 2.56 2.49 2.47 2.53 2.49 2.44
2.51 2.67 2.65 2.61 2.62 2.55 2.55 2.73 3.10 3.41 3.50 3.78 3.98 3.67 3.30 3.08 2.90 2.79 2.65 2.82
2.91 2.91 3.03 3.12 3.08 3.14 3.22 3.48 3.67 3.62 3.70 3.76 3.75 3.94 4.36 5.23 6.84 9.14 10.71 11.27
10.35 9.79 9.28 9.06 7.91 6.84 5.51 4.63 4.11 3.84 3.58 3.48 3.31 3.04 2.94 2.96 2.96 3.09 3.19 3.22
3.26 3.27 3.45 3.53 3.60 3.85 4.05 3.96 3.77 3.84 4.01 4.12 4.24 4.38 4.29 4.13 3.93 3.89 3.75 3.81
3.95 4.11 4.38 4.69 5.12 5.73 5.48 4.86 4.31 3.88 3.76 3.61 3.62 3.82 3.99 4.07 4.15 4.24 4.35 4.28
4.22 3.97 3.66 3.42 3.13 3.00 2.94 3.05 3.28 3.52 3.72 3.85 3.77 3.81 3.91 4.08 4.22 4.44 4.72 4.87
4.80 4.72 4.81 4.86 4.70 4.54 4.35 4.29 4.25 4.08 4.02 4.06 4.07 3.98 3.93 3.96 4.06 4.11 4.13 4.32
4.84 5.14 5.60 5.84 5.78 5.30 4.63 4.06 3.83 3.62 3.64 3.67 3.76 3.78 3.98 4.06 3.92 3.79 3.78 3.72
3.69 3.70 3.90 4.05 4.11 4.23 4.38 4.46 4.49 4.69 4.87 4.78 4.64 4.63 4.72 4.91 4.88 4.84 4.76 4.53
4.26 4.02 3.97 4.23 4.49 4.69 4.81 4.69 4.57 4.41 4.27 4.42 4.73 5.10 5.15 5.04 4.85 4.68
C1901x2TS123_5 0.411 9.22 13.85 26.33 29.85 29.85 29.85 29.85 29.85 13.56 10.07 8.32 7.42 7.36 6.85 7.86 11.63 27.62 29.85 29.85 29.85
22.89 10.74 8.07 6.77 5.83 4.98 4.51 4.05 3.61 3.45 3.36 3.60 3.90 4.04 4.32 4.83 4.98 5.22 5.24 5.21
5.15 5.04 5.15 5.35 5.41 5.73 5.86 5.41 5.22 4.92 4.85 4.53 4.44 4.50 4.65 4.41 4.55 4.82 5.16 5.05
5.17 4.95 4.81 4.47 4.32 4.56 4.98 5.31 5.56 5.34 4.95 4.67 4.31 4.26 4.41 4.74 4.91 4.90 4.68 4.69
4.42 4.36 4.49 4.75 5.01 5.15 5.00 4.99 4.72 4.66 4.79 5.11 5.28 5.57 5.44 5.10 4.88 4.94 5.04 5.16
5.23 5.47 5.53 5.42 5.44 5.66 6.17 6.81 7.57 8.39 8.34 7.63 7.14 6.54 6.41 6.82 7.32 7.83 7.62 6.75
6.38 5.91 5.63 5.63 5.68 5.66 5.55 5.35 5.40 5.29 5.47 6.08 6.71 7.62 7.99 7.73 7.78 7.13 6.79 6.74
6.46 6.79 6.65 6.02 5.76 5.57 5.22 5.19 5.14 5.27 5.24 4.91 4.72 4.56 4.24 4.07 4.09 4.42 4.90 5.35
6.13 7.45 9.17 9.01 7.15 5.96 5.09 4.42 3.89 3.66 3.68 3.87 4.09 4.60 5.16 5.77 5.87 5.55 5.01 4.48
4.17 4.25 4.50 4.93 5.40 5.91 6.07 5.68 5.24 4.84 4.47 4.24 4.03 3.92 3.88 3.70 3.48 3.27 3.17 3.09
3.08 3.09 3.24 3.49 3.71 3.97 4.34 4.43 4.26 4.05 3.87 3.73 3.75 3.99 4.49 5.03 5.12 4.88 4.76 4.37
4.19 4.03 4.15 4.33 4.36 4.32 4.41 4.43 4.44 4.54 4.90 5.08 5.11 5.13 5.32 5.47 5.48 5.69 6.19 6.73
7.32 7.08 7.00 6.42 5.67 5.00 4.47 4.20 4.05 3.95 4.04 4.24 4.37 4.46 4.49 4.55 4.37 4.26 4.05 3.97
3.96 3.85 3.91 4.05 4.17 4.38 4.70 5.10 5.51 5.87 6.40 6.56 6.61 5.94 5.30 4.88 4.32 4.15 4.07 4.08
4.24 4.20 4.17 4.42 4.66 5.13 5.25 5.09 4.65 4.17 3.63 3.41 3.39 3.59 3.69 3.72 3.75 3.82 3.67 3.50
3.39 3.32 3.15 3.10 3.16 3.21 3.24 3.25 3.30 3.26 3.23 3.17 3.15 3.09 2.95 2.91 2.86 2.79 2.96 3.08
3.23 3.30 3.30 3.24 3.12 3.08 3.25 3.64 4.03 4.39 4.68 4.59 4.24 3.95 3.66 3.51 3.33 3.42 3.40 3.55
3.62 3.73 3.78 3.74 3.56 3.68 3.76 3.99 4.04 4.22 4.48 4.68 4.82 4.84 4.68 4.27 3.65 3.22 2.98 2.84
2.93 3.18 3.34 3.42 3.47 3.36 3.20 2.95 2.77 2.65 2.42 2.23 2.15 2.06 2.02 2.05 2.27 2.57 2.96 3.38
3.64 3.58 3.35 3.10 2.82 2.70 2.80 2.97 3.00 3.07 3.14 3.26 3.38 3.54 3.85 4.29 4.59 4.95 4.92 4.58
4.34 4.26 4.33 4.39 4.39 4.44 4.36 3.97 3.53 3.33 3.37 3.43 3.43 3.38 3.38 3.27 3.21 3.12 3.03 2.94
2.81 2.69 2.64 2.57 2.59 2.66 2.75 2.82 2.89 2.98 3.02 2.96 2.88 2.85 2.72 2.48 2.40 2.48 2.61 2.67
2.80 2.95 2.96 2.88 2.81 2.66 2.77 2.98 3.22 3.29 3.24 3.35 3.53 3.59 3.87 4.42 4.92 5.13 5.07 5.12
4.70 4.27 3.99 3.66 3.40 3.23 3.20 3.39 3.49 3.47 3.56 3.63 3.80 4.14 4.52 4.88 4.98 4.71 4.16 3.73
3.46 3.32 3.28 3.32 3.31 3.26 3.09 3.01 2.90 2.74 2.58 2.58 2.59 2.60 2.77 3.12 3.36 3.57 3.71 3.77
3.65 3.54 3.66 3.74 3.74 3.74 3.72 3.52 3.27 3.30 3.63 4.18 4.85 5.53 6.12 6.09 5.94 5.82 5.68 5.93
6.09 6.24 6.02 5.49 5.14 5.08 5.13 5.31 5.46 5.83 5.98 5.68 5.50 5.51 5.79 6.10 6.27 6.30 5.97 5.23
5.06 4.84 4.63 4.50 4.33 4.37 4.51 4.74 5.18 5.65 5.82 5.82 5.32 4.85 4.51 4.44 4.47 4.77 5.22 5.73
5.85 5.94 5.56 5.34 5.14 5.04 5.35 6.01 7.13 8.55 8.91 9.08 8.33 7.35 7.09 7.23 7.81 7.33 6.29 5.57
4.98 4.50 4.60 4.97 5.49 5.70 5.33 4.90 4.57 4.16 4.11 4.18 4.29 4.41 4.52 4.60 4.62 4.56 4.51 4.58
4.61 4.59 4.73 4.79 4.94 5.15 5.20 5.19 5.04 4.76 4.64 4.27 4.01 3.83 3.72 3.78 3.91 4.07 4.47 4.78
5.00 4.84 4.66 4.55 4.43 4.32 4.30 4.20 4.21 4.25 4.61 5.22 5.85 6.43 6.53 6.16 5.65 5.15
C1901x2TS123_4 0.411 9.22 13.85 26.33 29.85 29.85 29.85 29.85 29.85 13.56 10.07 8.32 7.42 7.36 6.85 7.86 11.63 27.62 29.85 29.85 29.85
22.89 10.74 8.07 6.77 5.83 4.98 4.51 4.05 3.61 3.45 3.36 3.60 3.90 4.04 4.32 4.83 4.98 5.22 5.24 5.21
5.15 5.04 5.15 5.35 5.41 5.73 5.86 5.41 5.22 4.92 4.85 4.53 4.44 4.50 4.65 4.41 4.55 4.82 5.16 5.05
5.17 4.95 4.81 4.47 4.32 4.56 4.98 5.31 5.56 5.34 4.95 4.67 4.31 4.26 4.41 4.74 4.91 4.90 4.68 4.69
4.42 4.36 4.49 4.75 5.01 5.15 5.00 4.99 4.72 4.66 4.79 5.11 5.28 5.57 5.44 5.10 4.88 4.94 5.04 5.16
5.23 5.47 5.53 5.42 5.44 5.66 6.17 6.81 7.57 8.39 8.34 7.63 7.14 6.54 6.41 6.82 7.32 7.83 7.62 6.75
6.38 5.91 5.63 5.63 5.68 5.66 5.55 5.35 5.40 5.29 5.47 6.08 6.71 7.62 7.99 7.73 7.78 7.13 6.79 6.74
6.46 6.79 6.65 6.02 5.76 5.57 5.22 5.19 5.14 5.27 5.24 4.91 4.72 4.56 4.24 4.07 4.09 4.42 4.90 5.35
6.13 7.45 9.17 9.01 7.15 5.96 5.09 4.42 3.89 3.66 3.68 3.87 4.09 4.60 5.16 5.77 5.87 5.55 5.01 4.48
4.17 4.25 4.50 4.93 5.40 5.91 6.07 5.68 5.24 4.84 4.47 4.24 4.03 3.92 3.88 3.70 3.48 3.27 3.17 3.09
3.08 3.09 3.24 3.49 3.71 3.97 4.34 4.43 4.26 4.05 3.87 3.73 3.75 3.99 4.49 5.03 5.12 4.88 4.76 4.37
4.19 4.03 4.15 4.33 4.36 4.32 4.41 4.43 4.44 4.54 4.90 5.08 5.11 5.13 5.32 5.47 5.48 5.69 6.19 6.73
7.32 7.08 7.00 6.42 5.67 5.00 4.47 4.20 4.05 3.95 4.04 4.24 4.37 4.46 4.49 4.55 4.37 4.26 4.05 3.97
3.96 3.85 3.91 4.05 4.17 4.38 4.70 5.10 5.51 5.87 6.40 6.56 6.61 5.94 5.30 4.88 4.32 4.15 4.07 4.08
4.24 4.20 4.17 4.42 4.66 5.13 5.25 5.09 4.65 4.17 3.63 3.41 3.39 3.59 3.69 3.72 3.75 3.82 3.67 3.50
3.39 3.32 3.15 3.10 3.16 3.21 3.24 3.25 3.30 3.26 3.23 3.17 3.15 3.09 2.95 2.91 2.86 2.79 2.96 3.08
3.23 3.30 3.30 3.24 3.12 3.08 3.25 3.64 4.03 4.39 4.68 4.59 4.24 3.95 3.66 3.51 3.33 3.42 3.40 3.55
3.62 3.73 3.78 3.74 3.56 3.68 3.76 3.99 4.04 4.22 4.48 4.68 4.82 4.84 4.68 4.27 3.65 3.22 2.98 2.84
2.93 3.18 3.34 3.42 3.47 3.36 3.20 2.95 2.77 2.65 2.42 2.23 2.15 2.06 2.02 2.05 2.27 2.57 2.96 3.38
3.64 3.58 3.35 3.10 2.82 2.70 2.80 2.97 3.00 3.07 3.14 3.26 3.38 3.54 3.85 4.29 4.59 4.95 4.92 4.58
4.34 4.26 4.33 4.39 4.39 4.44 4.36 3.97 3.53 3.33 3.37 3.43 3.43 3.38 3.38 3.27 3.21 3.12 3.03 2.94
2.81 2.69 2.64 2.57 2.59 2.66 2.75 2.82 2.89 2.98 3.02 2.96 2.88 2.85 2.72 2.48 2.40 2.48 2.61 2.67
2.80 2.95 2.96 2.88 2.81 2.66 2.77 2.98 3.22 3.29 3.24 3.35 3.53 3.59 3.87 4.42 4.92 5.13 5.07 5.12
4.70 4.27 3.99 3.66 3.40 3.23 3.20 3.39 3.49 3.47 3.56 3.63 3.80 4.14 4.52 4.88 4.98 4.71 4.16 3.73
3.46 3.32 3.28 3.32 3.31 3.26 3.09 3.01 2.90 2.74 2.58 2.58 2.59 2.60 2.77 3.12 3.36 3.57 3.71 3.77
3.65 3.54 3.66 3.74 3.74 3.74 3.72 3.52 3.27 3.30 3.63 4.18 4.85 5.53 6.12 6.09 5.94 5.82 5.68 5.93
6.09 6.24 6.02 5.49 5.14 5.08 5.13 5.31 5.46 5.83 5.98 5.68 5.50 5.51 5.79 6.10 6.27 6.30 5.97 5.23
5.06 4.84 4.63 4.50 4.33 4.37 4.51 4.74 5.18 5.65 5.82 5.82 5.32 4.85 4.51 4.44 4.47 4.77 5.22 5.73
5.85 5.94 5.56 5.34 5.14 5.04 5.35 6.01 7.13 8.55 8.91 9.08 8.33 7.35 7.09 7.23 7.81 7.33 6.29 5.57
4.98 4.50 4.60 4.97 5.49 5.70 5.33 4.90 4.57 4.16 4.11 4.18 4.29 4.41 4.52 4.60 4.62 4.56 4.51 4.58
4.61 4.59 4.73 4.79 4.94 5.15 5.20 5.19 5.04 4.76 4.64 4.27 4.01 3.83 3.72 3.78 3.91 4.07 4.47 4.78
5.00 4.84 4.66 4.55 4.43 4.32 4.30 4.20 4.21 4.25 4.61 5.22 5.85 6.43 6.53 6.16 5.65 5.15
C1901x2TS123_1 0.397 7.05 7.54 8.09 8.41 8.43 7.46 7.26 7.07 6.71 6.27 6.16 5.89 6.05 5.91 6.45 7.58 9.30 12.12 17.16 15.21
17.36 16.23 15.69 12.66 10.43 8.41 7.20 6.20 5.66 5.41 5.13 5.13 5.01 4.65 4.39 4.32 4.35 4.66 5.16 5.83
6.34 6.41 6.30 5.77 5.23 5.11 5.27 5.38 5.53 5.44 5.64 5.62 5.47 5.42 5.49 5.70 6.45 7.46 8.71 10.92
13.28 10.52 8.54 7.16 6.84 7.27 7.52 8.49 10.38 11.00 10.45 9.72 8.81 8.57 7.77 7.99 7.91 7.92 7.80 7.89
7.63 7.28 6.99 6.73 6.02 5.43 5.21 5.07 5.03 5.21 5.76 6.49 6.87 7.33 7.73 7.12 6.38 5.94 5.51 5.19
5.02 5.12 5.14 5.15 5.11 5.00 4.81 4.48 4.26 4.22 4.00 3.91 4.03 4.09 3.93 3.83 3.78 3.89 3.83 3.78
4.10 4.29 4.45 4.77 5.08 5.21 5.00 4.73 4.72 4.48 4.44 4.77 5.31 5.93 6.07 6.00 6.23 6.51 6.83 7.56
8.61 10.49 10.51 8.61 7.28 6.43 5.79 5.71 5.79 5.98 6.27 6.08 5.89 5.67 5.23 4.97 4.77 4.68 4.87 5.34
6.42 7.56 7.74 6.74 5.57 4.75 4.11 3.78 3.84 3.96 4.00 4.01 4.20 4.64 4.97 5.29 5.59 5.48 5.11 4.60
4.39 4.62 5.21 6.30 8.26 11.09 13.86 10.77 7.33 5.99 5.43 4.96 4.54 4.45 4.50 4.36 4.01 3.79 3.71 3.58
3.41 3.40 3.48 3.67 3.88 4.21 4.85 5.29 5.46 5.64 5.59 5.50 5.40 5.60 6.23 6.77 6.27 5.60 5.35 5.12
5.13 5.29 5.76 6.18 6.23 6.10 6.24 6.57 6.90 7.30 8.22 7.44 6.63 6.18 5.71 5.34 4.93 4.67 4.85 5.10
5.47 5.91 6.41 6.52 6.26 5.73 5.35 5.38 5.20 4.94 4.83 4.77 4.65 4.46 4.35 4.48 4.37 4.36 4.26 4.14
4.05 3.74 3.63 3.56 3.46 3.45 3.54 3.73 3.86 3.89 4.10 4.28 4.35 4.13 3.91 3.81 3.47 3.30 3.30 3.61
4.02 4.30 4.79 5.60 5.85 6.37 6.27 6.20 5.70 5.03 4.46 4.20 3.99 4.14 4.08 3.96 3.85 3.72 3.42 3.16
2.95 2.83 2.67 2.64 2.70 2.77 2.88 3.03 3.12 3.03 3.00 3.12 3.25 3.27 3.30 3.50 3.57 3.41 3.43 3.48
3.57 3.58 3.73 3.94 4.11 4.36 4.93 5.65 5.81 5.44 4.92 4.22 3.54 3.14 2.99 3.02 3.18 3.65 4.13 4.75
5.07 5.33 5.39 5.08 4.60 4.41 4.23 4.09 3.83 3.89 4.19 4.48 4.86 5.01 4.82 4.30 3.66 3.25 3.14 2.95
3.00 3.15 3.15 3.16 3.24 3.24 3.34 3.25 3.20 3.22 3.07 2.88 2.80 2.68 2.64 2.67 2.84 3.17 3.67 4.17
4.49 4.29 3.88 3.48 3.10 2.96 3.10 3.30 3.34 3.35 3.30 3.26 3.29 3.36 3.66 3.99 4.21 4.49 4.48 4.21
4.20 4.21 4.36 4.55 4.73 5.00 5.30 5.15 4.94 4.77 4.65 4.76 4.84 4.95 5.39 5.61 5.87 5.78 5.24 4.71
4.14 3.68 3.44 3.21 3.10 3.02 2.97 2.93 2.87 2.89 2.95 2.98 3.01 3.10 3.02 2.83 2.66 2.71 2.70 2.61
2.64 2.78 2.82 2.81 2.85 2.89 3.08 3.33 3.58 3.79 3.82 3.97 4.13 3.93 3.79 3.91 4.23 4.75 5.29 6.34
6.60 5.96 5.17 4.35 3.81 3.54 3.42 3.58 3.66 3.59 3.70 3.85 4.07 4.49 4.89 5.48 6.00 5.94 5.37 5.13
5.12 5.10 4.80 4.44 4.02 3.48 2.84 2.57 2.52 2.52 2.53 2.63 2.73 2.75 2.88 3.27 3.64 3.91 4.15 4.32
4.21 3.93 3.91 4.02 4.10 4.12 4.17 4.12 3.90 3.91 4.21 4.69 5.47 5.97 6.26 6.20 6.00 5.63 5.28 5.39
5.62 5.66 5.35 5.25 5.66 6.23 6.52 6.84 6.91 6.77 5.88 5.16 5.11 5.62 6.54 7.30 7.56 7.29 6.48 5.19
4.54 4.26 4.28 4.36 4.36 4.66 5.23 5.75 6.04 6.18 6.12 5.77 4.96 4.42 4.19 4.13 4.09 4.26 4.52 4.92
5.18 5.61 5.90 6.14 6.22 6.16 6.13 6.31 6.63 6.84 6.45 6.03 5.72 5.37 5.30 5.46 5.73 5.41 4.88 4.46
4.25 4.04 4.15 4.41 4.65 4.58 4.19 3.87 3.70 3.55 3.64 3.87 4.07 4.27 4.40 4.42 4.38 4.36 4.49 4.80
4.89 4.93 4.97 4.86 4.83 4.95 5.18 5.48 5.53 5.54 5.44 4.97 4.50 4.21 4.39 5.09 6.18 8.45 18.28 29.85
29.85 15.76 9.29 7.67 6.62 5.86 5.63 5.76 5.60 5.32 4.88 4.76 4.75 4.41 4.16 4.04 3.93 3.96
C1901x2TS067_1 0.380 29.85 29.85 29.85 29.85 29.85 29.85 29.85 20.49 12.00 9.34 8.05 6.91 6.21 5.64 5.80 6.33 6.79 7.43 7.72 7.08
7.26 7.53 7.98 8.22 7.87 7.11 6.48 5.94 5.65 5.79 5.89 6.20 6.21 5.74 5.37 5.25 5.12 5.45 6.19 6.72
6.80 6.36 6.10 5.40 4.79 4.74 4.98 5.08 5.21 5.10 5.49 5.54 5.62 5.89 6.26 6.44 7.13 7.74 8.38 9.12
10.06 9.14 7.98 7.11 6.64 7.01 6.87 6.88 7.21 6.72 5.76 5.39 4.99 4.84 4.71 4.74 4.74 4.66 4.44 4.70
4.80 4.64 4.67 4.78 4.40 4.01 3.76 3.76 3.67 3.66 3.96 4.57 4.90 5.27 5.63 5.44 4.94 4.76 4.72 5.05
5.40 6.13 6.82 7.34 7.70 8.36 8.78 9.26 9.16 8.94 7.15 5.71 5.08 4.67 4.11 3.84 3.75 3.89 3.81 3.71
4.00 4.21 4.14 3.93 3.67 3.40 3.04 2.85 2.94 3.03 3.39 4.03 4.86 5.96 6.84 7.09 7.33 6.94 6.54 5.95
5.32 5.00 4.66 4.05 3.77 3.73 3.84 4.13 4.48 4.79 5.04 4.79 4.61 4.48 4.27 4.15 4.09 3.89 3.64 3.50
3.35 3.13 3.01 2.97 2.98 3.02 3.09 3.45 3.89 3.97 3.83 3.66 3.49 3.33 3.03 3.04 3.28 3.49 3.75 4.03
4.26 4.42 4.20 4.10 4.15 4.19 4.17 4.11 3.96 3.76 3.52 3.31 3.25 3.38 3.63 3.85 4.07 4.31 4.52 4.61
4.79 4.95 5.23 5.54 5.67 5.54 5.17 4.54 4.06 3.75 3.48 3.33 3.46 3.77 4.02 4.10 3.98 3.80 3.68 3.54
3.68 4.03 4.64 5.24 5.79 5.92 5.99 5.97 5.82 5.83 5.87 5.32 4.82 4.42 4.13 4.00 3.93 4.07 4.42 4.86
5.71 6.68 7.56 7.83 7.29 6.19 5.44 5.15 5.03 5.13 5.38 5.74 5.92 5.63 5.61 5.88 5.68 5.48 5.03 4.79
4.55 4.01 3.87 3.99 4.13 4.42 4.78 5.38 5.80 5.81 6.04 6.07 5.62 4.91 4.33 4.19 3.96 4.01 4.16 4.72
5.54 5.86 5.69 6.00 5.94 6.02 5.48 5.26 5.17 4.98 4.75 5.05 5.59 6.42 6.86 6.98 6.99 6.48 5.83 5.46
5.39 5.31 5.26 5.56 6.39 6.99 7.04 6.56 5.92 4.90 4.22 3.87 3.99 4.14 4.08 4.22 4.18 3.94 3.84 3.79
3.95 4.07 4.09 4.10 4.00 4.04 4.25 4.87 5.58 6.23 6.82 6.56 5.95 5.52 5.15 5.10 5.38 6.09 7.03 8.19
8.11 7.51 6.62 5.87 5.36 5.45 5.82 6.43 6.47 6.32 6.11 5.81 5.72 6.02 6.37 6.79 6.69 6.04 5.50 4.81
4.37 4.35 4.75 5.60 7.04 8.53 9.88 8.63 6.65 5.19 4.29 3.65 3.25 2.93 2.76 2.65 2.71 2.92 3.31 3.67
4.08 4.19 4.04 3.97 3.92 4.03 4.40 4.80 5.28 5.64 5.43 5.36 5.33 5.13 5.00 4.90 4.80 4.83 4.62 4.39
4.45 4.57 4.78 4.86 4.83 4.68 4.40 3.79 3.42 3.21 3.12 3.16 3.24 3.38 3.68 3.86 4.11 4.33 4.37 4.22
3.84 3.54 3.37 3.24 3.27 3.44 3.69 3.99 4.28 4.67 5.29 5.95 6.75 7.48 6.85 5.90 5.25 4.84 4.66 4.48
4.44 4.37 4.08 3.80 3.72 3.81 4.16 4.66 5.31 5.63 5.63 5.57 5.34 4.90 4.48 4.24 4.13 4.12 4.41 5.17
5.66 5.66 5.57 5.05 4.66 4.34 4.19 4.54 4.91 4.91 4.99 4.85 4.78 4.71 4.46 4.45 4.52 4.35 3.96 3.77
3.87 4.17 4.63 5.59 7.25 9.31 9.48 8.80 8.29 7.63 7.09 6.90 6.98 7.29 8.49 9.54 11.24 11.27 10.37 8.50
7.01 5.91 5.72 5.55 5.89 6.28 7.43 8.62 9.24 10.07 11.55 12.35 10.26 7.88 6.89 6.22 5.89 5.96 6.09 6.59
6.66 6.70 6.21 5.65 5.56 6.00 6.35 6.83 7.22 6.84 5.92 4.72 3.98 3.78 3.69 3.68 3.90 4.02 4.20 4.07
4.07 4.54 5.22 5.59 5.50 5.37 5.31 5.03 4.71 4.81 5.09 5.24 4.95 4.70 4.60 4.61 4.61 5.01 5.64 6.12
5.91 5.70 5.53 5.57 5.68 6.31 7.29 8.30 8.26 7.61 6.89 6.53 6.43 6.75 7.88 10.63 14.82 13.45 10.34 8.41
6.71 5.37 4.99 5.17 5.41 5.30 5.37 5.94 6.44 6.33 6.46 6.55 6.76 6.45 6.51 6.80 6.67 6.29 5.92 5.68
5.70 5.81 6.42 7.41 8.43 9.92 10.91 12.52 13.59 15.01 13.18 10.03 8.21 6.78 6.18 6.11 6.03 6.19 6.54 6.57
6.25 5.47 5.13 5.01 4.77 4.48 4.38 4.23 4.00 3.88 3.89 3.99 4.04 4.07 4.05 3.96 3.74 3.65
C1901x2TS067_4 0.377 9.12 12.65 27.80 29.85 29.85 21.72 16.50 14.02 10.42 8.70 7.70 6.65 5.95 5.37 5.49 5.94 6.35 6.96 7.31 6.84
7.11 7.40 7.87 8.14 7.79 7.05 6.44 5.90 5.62 5.77 5.90 6.28 6.38 5.93 5.56 5.50 5.32 5.60 6.31 6.81
6.90 6.43 6.17 5.55 4.91 4.87 5.13 5.20 5.31 5.16 5.23 4.86 4.65 4.71 4.94 5.16 5.91 7.10 8.21 9.06
9.99 9.14 8.00 7.10 6.61 6.98 6.85 6.86 7.20 6.72 5.76 5.39 4.99 4.84 4.71 4.73 4.74 4.66 4.44 4.70
4.80 4.64 4.67 4.78 4.40 4.01 3.75 3.75 3.66 3.65 3.94 4.56 4.88 5.26 5.61 5.43 4.92 4.75 4.70 5.04
5.39 6.13 6.85 7.37 7.73 8.37 8.75 9.22 9.12 8.92 7.14 5.71 5.08 4.67 4.11 3.84 3.75 3.89 3.81 3.71
4.00 4.21 4.14 3.93 3.67 3.40 3.04 2.85 2.94 3.03 3.39 4.03 4.86 5.96 6.84 7.09 7.33 6.94 6.54 5.95
5.32 5.00 4.66 4.05 3.77 3.73 3.84 4.13 4.48 4.79 5.04 4.79 4.61 4.48 4.27 4.15 4.09 3.89 3.64 3.50
3.35 3.13 3.01 2.97 2.98 3.02 3.09 3.45 3.89 3.97 3.83 3.66 3.49 3.33 3.03 3.04 3.28 3.49 3.75 4.03
4.26 4.42 4.20 4.10 4.15 4.19 4.17 4.11 3.96 3.76 3.52 3.31 3.25 3.38 3.63 3.85 4.07 4.31 4.52 4.61
4.79 4.95 5.23 5.54 5.67 5.54 5.16 4.54 4.06 3.74 3.48 3.33 3.46 3.77 4.02 4.10 3.98 3.79 3.67 3.54
3.67 4.03 4.63 5.24 5.79 5.92 6.02 6.04 5.91 5.94 5.98 5.41 4.88 4.45 4.16 4.01 3.94 4.08 4.42 4.85
5.71 6.68 7.56 7.82 7.29 6.19 5.44 5.15 5.03 5.13 5.38 5.74 5.92 5.63 5.61 5.88 5.68 5.48 5.03 4.78
4.55 4.01 3.87 3.99 4.13 4.42 4.78 5.38 5.80 5.81 6.03 6.07 5.62 4.91 4.34 4.20 3.97 4.01 4.16 4.72
5.52 5.84 5.67 5.98 5.91 5.99 5.46 5.24 5.15 4.96 4.73 5.02 5.56 6.37 6.80 6.92 6.93 6.42 5.76 5.38
5.33 5.26 5.23 5.55 6.46 7.16 7.25 6.75 6.06 4.97 4.26 3.87 3.99 4.15 4.09 4.24 4.21 3.97 3.87 3.82
3.96 4.08 4.09 4.10 4.00 4.03 4.25 4.87 5.57 6.21 6.79 6.51 5.91 5.51 5.17 5.12 5.39 6.06 6.98 8.33
8.88 8.85 8.62 8.10 7.56 7.90 8.53 9.39 8.73 7.79 7.33 7.01 7.11 7.83 8.64 9.30 8.63 7.16 6.18 5.23
4.71 4.69 5.10 5.98 7.49 8.93 10.13 8.63 6.63 5.19 4.29 3.65 3.24 2.93 2.76 2.66 2.72 2.94 3.34 3.72
4.15 4.26 4.10 4.04 3.99 4.09 4.45 4.85 5.32 5.67 5.43 5.36 5.33 5.13 5.01 4.92 4.85 4.91 4.73 4.51
4.59 4.70 4.94 5.02 4.98 4.81 4.51 3.87 3.48 3.26 3.17 3.21 3.29 3.44 3.75 3.93 4.18 4.38 4.42 4.26
3.88 3.60 3.44 3.34 3.40 3.56 3.80 4.07 4.40 4.84 5.35 5.96 6.77 7.57 7.07 6.13 5.61 5.31 5.05 4.78
4.65 4.53 4.21 3.92 3.81 3.88 4.22 4.72 5.38 5.76 5.84 5.82 5.67 5.24 4.80 4.55 4.48 4.54 4.99 6.05
6.79 6.76 6.55 5.67 5.07 4.61 4.41 4.75 5.11 5.08 5.17 5.04 5.02 5.01 4.78 4.77 4.85 4.62 4.14 3.89
3.96 4.25 4.72 5.76 7.59 10.08 10.32 9.51 8.92 8.11 7.48 7.24 7.34 7.72 9.11 10.32 9.97 8.99 7.76 6.62
5.93 5.65 6.39 7.40 8.93 11.26 12.67 11.00 8.90 7.90 8.15 8.50 8.29 7.15 6.01 5.07 4.42 4.02 3.83 4.07
4.27 4.46 4.47 4.44 4.64 5.08 5.57 6.27 6.80 7.21 7.06 6.43 6.44 7.22 9.02 12.21 22.30 29.85 29.85 13.52
9.75 7.87 6.58 5.85 5.24 5.13 5.67 6.66 7.99 9.49 9.69 8.57 6.75 5.76 5.32 5.40 5.53 6.21 7.00 7.26
6.60 5.84 5.04 4.60 4.14 3.91 3.88 3.99 4.09 4.12 4.16 4.28 4.57 5.10 5.83 6.81 8.06 8.24 7.76 6.90
6.29 6.14 6.29 6.55 6.66 6.34 5.98 5.72 5.44 5.25 5.41 5.66 5.90 6.00 6.56 6.88 6.67 6.29 6.05 6.17
6.42 6.76 7.46 8.10 8.44 8.50 8.06 7.75 7.01 6.63 5.92 5.17 4.55 4.16 3.99 4.04 4.22 4.56 4.96 5.22
5.26 5.21 5.30 5.57 6.19 6.91 7.64 7.75 7.30 7.02 6.90 7.29 7.91 8.28 7.67 7.04 6.22 5.65
C1901x2TS067_5 0.366 29.85 29.85 29.85 29.85 29.85 29.85 17.17 13.70 9.92 8.27 7.49 6.48 5.99 5.59 5.81 6.47 7.15 8.09 8.80 8.21
9.00 10.03 10.99 11.21 10.16 8.57 7.35 6.44 6.04 6.11 6.21 6.54 6.64 6.26 5.92 5.78 5.54 5.83 6.68 7.22
7.26 6.54 6.12 5.38 4.69 4.61 4.85 4.92 5.02 4.83 4.82 4.53 4.35 4.46 4.75 5.02 5.80 7.07 8.60 10.06
12.42 11.85 10.23 8.46 7.63 8.07 8.18 8.33 9.16 8.57 7.05 6.36 5.66 5.35 5.17 5.19 5.22 5.10 4.78 4.96
4.95 4.73 4.70 4.82 4.50 4.15 3.91 3.90 3.85 3.92 4.30 5.10 5.51 5.92 6.28 5.89 5.41 5.32 5.36 5.79
6.14 6.86 7.55 7.69 7.91 8.57 9.00 9.26 8.82 8.50 7.09 5.88 5.44 5.23 4.73 4.46 4.35 4.49 4.32 4.20
4.58 4.92 4.88 4.62 4.31 3.98 3.51 3.24 3.29 3.35 3.65 4.25 5.02 5.97 6.50 6.58 6.47 6.14 5.86 5.44
5.02 4.75 4.36 3.81 3.50 3.46 3.58 3.87 4.23 4.55 4.81 4.63 4.55 4.50 4.28 4.16 4.07 3.88 3.73 3.71
3.71 3.60 3.48 3.35 3.24 3.20 3.22 3.50 3.90 3.96 3.83 3.64 3.47 3.37 3.13 3.17 3.46 3.63 3.80 3.92
4.03 4.13 3.91 3.86 4.00 4.09 4.08 4.00 3.81 3.51 3.17 2.89 2.81 2.93 3.15 3.43 3.78 4.11 4.37 4.48
4.68 4.88 5.19 5.56 5.71 5.66 5.37 4.80 4.29 3.96 3.66 3.52 3.61 3.83 4.05 4.11 3.94 3.72 3.58 3.46
3.63 4.02 4.73 5.43 6.07 6.10 6.13 6.14 6.05 6.28 6.68 6.11 5.49 4.94 4.50 4.35 4.22 4.31 4.78 5.38
6.40 7.63 9.25 10.42 9.66 7.52 6.41 6.01 5.69 5.51 5.65 5.91 5.94 5.63 5.51 5.69 5.52 5.36 5.04 4.92
4.81 4.37 4.25 4.36 4.45 4.66 5.01 5.69 6.30 6.62 7.26 7.74 7.12 5.94 5.16 4.91 4.48 4.50 4.60 5.13
5.88 6.08 5.92 6.28 6.26 6.63 6.20 5.98 5.84 5.55 5.21 5.38 5.68 6.20 6.29 6.18 6.13 5.80 5.46 5.35
5.44 5.63 5.68 5.97 7.01 7.73 7.74 7.04 6.12 5.05 4.40 4.05 4.27 4.55 4.64 4.98 5.03 4.74 4.63 4.55
4.70 4.75 4.66 4.55 4.36 4.34 4.57 5.28 6.19 7.11 7.92 7.49 6.64 6.04 5.60 5.49 5.76 6.56 7.63 8.75
8.23 7.34 6.81 6.48 6.08 6.34 6.90 7.26 6.50 5.68 5.25 5.04 5.10 5.62 6.33 7.13 7.58 7.64 7.71 7.04
6.80 6.69 6.14 5.84 5.90 5.74 5.81 5.66 5.80 6.04 5.82 5.55 5.54 5.41 5.47 5.49 5.94 7.01 8.35 8.97
8.35 6.71 5.25 4.48 4.01 3.93 4.12 4.40 4.64 4.79 4.62 4.83 5.13 5.28 5.62 6.28 6.94 7.38 6.91 6.65
6.83 6.56 6.44 6.49 6.77 6.87 6.89 6.86 6.97 7.03 7.22 7.49 7.45 7.22 7.32 7.62 7.88 7.84 7.19 6.20
5.17 4.48 4.12 3.93 3.96 4.13 4.24 4.40 4.63 4.91 5.20 5.15 5.28 5.44 5.04 4.66 4.57 4.74 4.92 4.93
5.22 5.63 5.77 5.97 6.10 6.36 7.15 7.74 8.21 8.12 7.37 7.22 6.83 6.36 6.42 6.39 6.10 6.24 6.30 6.63
6.71 6.49 6.33 6.40 6.66 7.76 9.34 11.23 10.36 7.48 5.85 4.94 4.38 4.21 4.29 4.66 5.17 5.43 5.73 6.39
7.32 8.62 9.42 9.96 10.10 8.32 6.55 5.68 5.31 5.20 5.02 5.07 5.58 6.53 8.76 14.39 29.85 29.85 12.18 7.59
5.75 4.89 4.77 4.86 5.20 5.61 6.46 7.41 7.95 8.74 10.06 10.89 9.46 7.57 6.70 6.12 5.85 5.94 6.08 6.57
6.64 6.68 6.19 5.63 5.55 5.99 6.33 6.82 7.22 6.83 5.92 4.72 3.98 3.78 3.69 3.68 3.90 4.02 4.20 4.07
4.07 4.54 5.22 5.59 5.50 5.37 5.31 5.02 4.71 4.81 5.09 5.24 4.94 4.70 4.60 4.61 4.62 4.99 5.56 5.92
5.60 5.23 4.83 4.70 4.58 4.88 5.45 6.13 6.51 6.57 6.31 6.33 6.32 6.68 7.84 10.60 14.81 13.45 10.34 8.41
6.71 5.37 4.99 5.17 5.41 5.30 5.37 5.94 6.44 6.33 6.46 6.55 6.76 6.45 6.51 6.80 6.67 6.29 5.91 5.67
5.69 5.80 6.37 7.31 8.25 9.61 10.49 11.96 13.01 14.54 12.97 9.98 8.20 6.78 6.18 6.11 6.03 6.19 6.54 6.57
6.25 5.47 5.13 5.01 4.77 4.48 4.38 4.23 4.00 3.88 3.89 3.99 4.04 4.07 4.05 3.95 3.74 3.65
C1901x2TS067_2 0.361 28.89 29.85 29.85 29.85 29.85 29.85 14.85 11.79 9.33 8.04 7.29 6.33 5.85 5.45 5.63 6.23 6.84 7.71 8.37 7.91
8.74 9.79 10.76 11.07 10.10 8.56 7.35 6.44 6.04 6.11 6.21 6.54 6.64 6.26 5.92 5.78 5.53 5.82 6.66 7.20
7.24 6.52 6.09 5.35 4.66 4.58 4.80 4.88 5.03 4.86 4.94 4.68 4.51 4.60 4.86 5.08 5.82 6.96 8.45 9.91
12.19 11.70 10.19 8.46 7.63 8.07 8.18 8.33 9.16 8.57 7.05 6.36 5.66 5.35 5.17 5.19 5.22 5.10 4.78 4.96
4.95 4.73 4.70 4.82 4.50 4.15 3.91 3.90 3.85 3.92 4.30 5.10 5.51 5.92 6.28 5.88 5.40 5.31 5.35 5.77
6.10 6.80 7.46 7.60 7.82 8.49 8.94 9.25 8.81 8.50 7.09 5.88 5.44 5.23 4.73 4.46 4.35 4.49 4.32 4.20
4.58 4.91 4.87 4.61 4.30 3.97 3.49 3.23 3.28 3.33 3.63 4.23 5.00 5.94 6.47 6.55 6.45 6.12 5.85 5.43
5.02 4.75 4.36 3.81 3.50 3.46 3.58 3.87 4.23 4.55 4.81 4.63 4.55 4.50 4.28 4.16 4.07 3.88 3.73 3.71
3.71 3.60 3.48 3.35 3.24 3.20 3.22 3.50 3.90 3.96 3.83 3.64 3.47 3.37 3.13 3.17 3.46 3.63 3.80 3.92
4.03 4.13 3.91 3.86 4.00 4.09 4.08 4.00 3.81 3.51 3.17 2.89 2.81 2.93 3.15 3.43 3.78 4.11 4.37 4.48
4.68 4.88 5.18 5.54 5.68 5.62 5.31 4.74 4.24 3.91 3.62 3.49 3.58 3.81 4.03 4.10 3.93 3.71 3.57 3.46
3.62 4.02 4.72 5.43 6.06 6.09 6.12 6.13 6.04 6.27 6.67 6.10 5.48 4.93 4.49 4.29 4.14 4.23 4.58 5.04
5.81 6.75 7.86 8.52 8.21 6.99 6.11 5.82 5.58 5.48 5.64 5.90 5.93 5.63 5.51 5.69 5.52 5.36 5.04 4.92
4.81 4.37 4.25 4.36 4.45 4.66 5.00 5.69 6.29 6.60 7.24 7.71 7.10 5.92 5.15 4.90 4.47 4.49 4.59 5.13
5.88 6.08 5.92 6.28 6.26 6.63 6.20 5.98 5.84 5.55 5.21 5.38 5.68 6.20 6.29 6.18 6.12 5.79 5.44 5.33
5.42 5.59 5.64 5.93 6.95 7.66 7.69 7.02 6.11 5.05 4.40 4.05 4.27 4.56 4.66 5.01 5.05 4.76 4.65 4.56
4.70 4.75 4.65 4.54 4.34 4.33 4.56 5.27 6.17 7.09 7.90 7.47 6.62 6.01 5.57 5.45 5.72 6.51 7.57 8.70
8.22 7.34 6.81 6.48 6.08 6.34 6.90 7.26 6.50 5.68 5.25 5.04 5.10 5.62 6.33 7.13 7.37 6.86 6.40 5.56
5.05 5.05 5.53 6.67 8.80 11.54 15.06 11.59 8.05 5.98 4.83 4.06 3.59 3.25 3.09 3.02 3.12 3.34 3.74 4.07
4.44 4.50 4.32 4.30 4.33 4.52 5.01 5.50 6.07 6.50 6.13 5.99 5.88 5.59 5.44 5.35 5.28 5.36 5.14 4.90
4.98 5.08 5.33 5.41 5.37 5.18 4.86 4.29 4.20 4.29 4.47 5.03 5.91 7.16 9.43 9.19 9.75 9.96 8.87 8.94
10.63 14.24 29.85 29.85 29.85 29.85 29.85 29.85 29.85 29.85 16.63 13.27 12.22 11.13 8.82 7.08 6.25 6.06 5.94 5.68
5.62 5.55 5.47 5.20 5.12 5.37 6.14 7.43 9.00 9.34 8.80 7.91 6.89 5.57 4.74 4.38 4.25 4.30 4.65 5.57
6.32 6.32 6.21 5.57 5.06 4.62 4.40 4.70 4.94 4.97 5.67 6.32 7.00 7.49 8.28 10.66 13.10 13.44 13.02 12.29
11.79 10.85 10.63 12.76 15.16 16.63 12.39 9.96 9.09 8.68 8.38 8.45 8.46 8.65 10.01 11.20 10.35 9.04 7.73 6.64
6.00 5.61 6.13 7.00 8.04 9.33 9.55 8.13 6.82 6.13 6.16 6.75 8.11 8.95 8.66 7.57 6.47 5.58 5.03 5.16
5.85 6.87 8.17 10.68 20.01 29.85 29.85 29.67 16.97 14.19 12.98 10.53 9.46 8.97 8.97 9.17 9.32 10.25 11.49 9.11
7.37 6.13 5.40 4.90 4.34 4.13 4.12 4.25 4.27 4.39 4.58 4.78 4.46 4.10 3.89 3.98 4.09 4.42 4.87 5.35
5.26 4.75 4.17 3.79 3.51 3.38 3.37 3.52 3.66 3.72 3.75 3.76 3.71 3.81 4.11 4.30 4.44 4.38 4.28 4.22
4.06 3.90 4.04 4.06 3.96 3.70 3.52 3.51 3.59 3.61 4.00 4.53 5.36 6.43 9.23 26.59 29.85 29.85 29.85 29.85
29.85 29.85 29.85 29.85 29.85 29.85 29.85 29.85 29.85 29.85 29.85 10.09 6.95 5.62 5.09 5.13 5.37 5.63 5.92 6.08
5.76 5.19 4.88 4.88 5.11 5.30 5.41 5.78 6.54 8.16 11.03 18.81 29.85 29.85 29.85 29.85 29.85 29.85
C1901x2TS067_3 0.343 3.36 3.47 3.56 3.51 3.46 3.40 3.53 3.56 3.63 3.78 3.94 3.95 4.16 4.75 6.23 9.22 29.85 29.85 29.85 29.85
20.32 12.28 10.79 10.48 11.39 11.48 11.43 9.50 7.88 7.22 6.85 7.33 7.82 7.63 8.33 10.29 10.95 12.89 18.36 29.85
22.10 23.10 29.85 29.85 21.12 14.38 13.13 10.61 8.60 7.27 6.81 6.02 5.46 5.04 4.94 5.04 5.56 6.03 6.29 6.14
6.18 5.98 5.75 5.74 5.79 6.44 6.76 7.09 7.89 8.83 9.02 10.52 11.32 14.46 15.15 14.56 12.18 10.10 7.81 7.06
6.42 6.18 6.01 5.82 5.46 5.28 5.08 5.14 5.28 5.77 6.43 7.80 9.01 10.28 9.95 8.57 7.78 7.38 6.60 6.30
6.31 6.41 6.38 6.70 8.09 10.06 12.83 13.39 11.98 10.46 8.46 7.38 7.81 8.67 9.10 10.20 12.68 22.58 17.60 11.28
9.82 8.58 6.54 5.24 4.67 4.30 3.79 3.50 3.52 3.58 3.90 4.52 5.47 6.90 8.17 8.94 9.48 8.91 8.05 7.72
7.06 6.84 6.41 5.56 5.05 4.75 4.48 4.61 4.96 5.52 5.92 6.02 6.36 6.41 6.04 5.64 5.45 5.18 4.82 4.66
4.59 4.36 4.20 4.05 3.91 3.85 3.86 4.17 4.60 4.55 4.31 4.11 3.92 3.83 3.55 3.56 3.84 4.04 4.28 4.49
4.97 5.69 5.77 5.92 6.35 6.86 7.60 7.49 7.29 7.43 7.31 6.85 6.33 6.16 6.36 6.23 5.87 5.61 5.49 5.22
5.06 4.74 4.53 4.46 4.43 4.39 4.38 4.13 3.96 3.82 3.68 3.67 3.92 4.29 4.95 5.76 5.94 6.16 6.35 6.19
6.23 6.03 6.13 6.17 5.53 5.00 4.74 4.71 4.77 5.07 5.68 6.13 6.33 6.43 6.36 6.54 6.88 7.85 9.88 14.38
29.85 29.85 24.75 10.59 7.39 5.71 4.78 4.55 4.54 4.65 4.83 5.19 5.65 5.80 5.74 6.14 6.31 6.57 6.07 5.77
5.69 5.27 5.03 4.90 4.82 5.10 5.49 6.12 7.01 8.12 11.04 20.35 29.85 29.85 29.85 29.85 29.85 29.85 29.85 29.85
29.85 29.85 29.85 29.85 29.85 29.85 29.85 29.85 29.85 29.85 11.40 7.44 6.46 6.42 6.33 5.66 5.44 5.26 4.72 4.23
4.01 3.99 4.05 4.12 4.55 5.11 5.66 6.30 6.80 7.11 7.77 7.83 7.47 6.75 5.96 5.63 5.01 4.70 5.01 5.50
6.22 6.66 7.03 7.46 6.71 6.12 6.07 6.54 6.97 6.90 6.07 5.24 4.34 3.72 3.38 3.23 3.21 3.47 3.63 3.99
4.12 4.27 4.71 5.19 5.76 7.22 9.22 15.03 18.10 16.86 19.37 18.62 17.95 17.73 13.00 11.22 9.20 7.60 6.94 6.25
5.91 5.87 5.23 4.88 4.89 4.58 4.48 4.27 4.23 4.43 4.35 4.27 4.42 4.42 4.64 4.89 5.57 7.01 9.46 13.94
18.31 13.09 8.82 6.95 5.73 5.30 5.36 5.59 5.65 6.14 6.22 6.77 7.17 7.29 8.13 9.49 9.76 13.57 12.36 9.85
8.74 7.88 7.65 7.20 6.90 7.19 7.35 6.99 6.63 6.20 6.05 5.78 5.61 5.41 5.65 6.20 7.92 10.93 20.02 24.83
15.06 10.61 9.01 7.57 7.32 7.76 8.83 9.06 8.50 7.59 6.78 5.98 5.58 5.39 4.85 4.43 4.28 4.28 4.18 4.10
4.10 4.23 4.19 4.20 4.40 4.68 5.21 5.88 6.49 7.11 7.56 8.12 8.41 7.83 7.40 6.74 5.96 5.65 5.55 5.74
5.58 5.32 5.13 4.84 4.87 5.43 6.34 7.86 9.14 9.12 8.72 7.83 7.98 9.88 13.98 29.85 29.85 29.85 12.43 7.86
6.23 5.36 4.73 4.65 4.58 4.18 3.62 3.33 3.10 2.89 2.71 2.78 2.88 3.01 3.28 3.80 4.38 5.05 5.57 6.05
6.25 6.63 7.47 8.20 8.91 11.02 15.91 24.02 17.06 18.24 29.85 29.85 15.73 9.34 6.85 5.48 4.58 4.09 3.88 4.10
4.30 4.62 5.06 5.67 6.95 9.80 15.23 29.85 29.85 29.85 25.77 13.00 11.47 13.87 18.11 17.38 18.35 18.22 14.40 9.61
7.96 7.09 6.55 5.87 5.33 5.38 6.01 7.05 8.06 8.95 9.24 8.26 6.48 5.61 5.10 5.11 5.38 6.44 8.21 9.66
9.34 8.23 6.24 5.19 4.52 4.22 4.14 4.15 4.27 4.33 4.32 4.42 4.73 5.21 5.95 6.97 8.28 8.37 7.46 6.69
6.38 6.72 7.73 9.04 10.39 9.82 7.84 6.62 5.80 5.40 5.49 5.69 6.07 6.96 9.13 21.25 29.85 29.85 29.85 29.85
29.85 29.85 12.50 8.33 7.44 7.07 7.20 7.77 7.86 8.06 7.41 6.13 5.23 4.64 4.51 4.83 5.27 5.73 6.41 6.67
6.32 5.57 5.20 5.36 5.71 5.99 6.37 6.37 6.15 5.97 5.79 6.01 6.34 6.54 6.41 6.11 5.70 5.42
C1901x2TS123_2 0.337 29.85 29.85 29.85 29.85 29.85 29.85 29.85 29.85 14.98 10.48 8.60 7.30 7.53 8.45 11.24 21.20 29.85 29.85 29.85 29.85
29.85 29.85 29.85 29.85 29.85 29.85 29.85 29.85 29.85 29.85 29.85 29.85 29.85 29.85 29.85 29.85 29.85 29.85 29.85 29.85
29.85 29.85 29.85 29.85 29.85 29.85 29.85 29.85 29.85 29.85 29.85 29.85 29.85 29.85 29.85 29.85 29.85 29.85 29.85 29.85
29.85 29.85 29.85 29.85 29.85 29.85 29.85 29.85 29.85 29.85 27.46 29.85 23.15 29.85 29.85 29.85 29.85 29.85 29.85 29.85
29.85 29.85 29.85 29.85 29.85 29.85 29.85 29.85 29.85 29.85 29.85 29.85 29.85 29.85 29.85 29.85 29.85 29.85 29.85 29.85
29.85 29.85 29.85 17.21 13.10 12.82 11.53 9.87 8.57 8.11 7.44 7.33 8.30 12.48 29.85 29.85 29.85 29.85 29.85 29.85
29.85 29.85 29.85 29.85 29.85 29.85 29.85 29.85 23.12 15.43 15.41 29.85 29.85 29.85 29.85 29.85 29.85 29.85 29.85 29.85
29.85 29.85 29.85 29.85 29.85 29.85 29.85 29.85 29.85 29.85 29.85 29.85 29.85 29.85 29.85 29.85 29.85 29.85 29.85 29.85
29.85 29.85 29.85 29.85 29.85 19.41 12.21 10.57 10.12 9.62 9.19 9.20 9.04 9.69 10.52 12.26 14.54 12.70 11.54 10.25
8.42 7.40 6.86 6.42 6.70 7.05 8.22 9.68 12.38 21.20 29.85 29.85 20.42 16.32 20.43 19.07 14.84 13.56 12.35 11.06
11.03 11.34 14.08 23.63 29.85 29.85 29.85 29.85 29.85 29.85 29.85 29.85 29.85 29.85 29.85 29.85 27.51 23.51 29.85 29.85
29.85 29.85 29.85 29.85 29.85 29.85 29.85 29.85 29.85 29.85 29.85 29.85 29.85 29.85 29.85 29.85 29.85 29.85 29.85 29.85
29.85 29.85 29.85 29.85 29.85 29.85 29.85 29.85 29.85 29.85 29.85 29.85 29.85 29.85 29.85 29.85 29.85 29.85 29.85 29.85
11.08 6.40 5.06 4.32 3.95 3.73 3.78 3.93 4.04 4.10 4.36 4.53 4.60 4.54 4.43 4.42 4.30 4.27 4.28 4.43
4.74 4.74 4.44 4.22 3.91 3.79 3.55 3.40 3.32 3.30 3.15 3.08 3.16 3.44 3.52 3.56 3.64 3.68 3.38 3.12
3.00 2.88 2.64 2.53 2.59 2.69 2.67 2.70 2.81 2.78 2.67 2.64 2.71 2.81 2.79 2.88 2.99 2.95 2.99 3.03
3.06 3.02 3.01 3.07 3.08 3.03 3.22 3.57 3.79 3.81 3.68 3.49 3.17 2.93 2.81 2.78 2.81 3.10 3.28 3.63
3.87 4.08 4.35 4.36 4.04 4.07 4.16 4.25 4.19 4.16 4.32 4.38 4.32 4.27 4.32 4.37 4.35 4.33 4.59 4.61
4.62 4.30 3.72 3.30 3.04 2.69 2.58 2.47 2.43 2.36 2.24 2.13 2.16 2.12 2.13 2.15 2.24 2.30 2.39 2.47
2.54 2.56 2.54 2.58 2.61 2.74 2.95 3.20 3.38 3.59 3.81 4.22 4.54 4.62 4.54 4.32 4.04 3.82 3.57 3.51
3.69 3.78 3.86 3.82 3.77 3.65 3.42 3.07 2.80 2.60 2.47 2.47 2.47 2.49 2.59 2.61 2.67 2.76 2.75 2.71
2.56 2.43 2.35 2.28 2.30 2.36 2.44 2.60 2.85 3.16 3.46 3.76 4.07 4.31 4.08 3.84 3.80 3.97 4.12 4.10
4.18 4.62 4.80 4.84 4.92 4.92 5.09 4.98 4.64 4.34 3.96 3.87 3.73 3.38 3.17 3.13 2.92 2.78 2.71 2.79
2.75 2.62 2.57 2.57 2.48 2.52 2.68 2.97 3.16 3.20 3.26 3.19 3.08 3.03 3.04 3.26 3.55 3.82 3.94 4.15
4.37 4.60 4.78 5.10 5.37 5.20 4.58 4.16 3.86 3.56 3.28 3.12 3.08 2.90 2.82 2.83 2.82 2.77 2.69 2.58
2.51 2.41 2.47 2.45 2.44 2.57 2.71 2.80 2.87 3.13 3.58 3.87 4.00 4.11 4.14 4.15 4.18 4.28 4.39 4.82
5.25 5.75 5.69 5.68 5.72 5.75 5.50 5.55 5.70 6.14 5.90 5.53 5.45 5.61 5.92 6.31 7.03 7.93 7.99 7.08
6.67 6.45 5.99 5.39 5.06 4.77 4.49 4.32 4.16 4.21 4.06 3.82 3.72 3.67 3.96 4.92 6.90 19.81 29.85 29.85
29.85 29.85 29.85 29.85 29.85 29.85 19.25 17.60 29.85 29.85 29.85 29.85 29.85 29.85 29.85 29.85 29.85 29.85 9.84 7.38
6.84 6.96 8.46 9.70 10.51 8.76 7.03 6.22 6.04 6.23 7.38 9.27 15.67 29.85 29.85 29.85 29.85 29.85 29.85 29.85
29.85 29.85 29.85 29.85 29.85 29.85 29.85 29.85 29.85 29.85 29.85 29.85 29.85 29.85 29.85 29.85 29.85 29.85 29.85 29.85
29.85 15.69 11.81 12.19 15.45 21.87 29.85 29.85 29.85 29.85 29.85 29.85 29.85 29.85 29.85 29.85 29.85 29.85
C1901x2TS003_1 0.331 10.10 11.97 12.39 11.78 10.02 7.48 6.64 6.04 5.77 5.67 5.73 5.76 5.90 5.93 6.20 6.17 6.08 5.77 5.42 4.83
4.69 4.75 4.93 4.90 4.73 4.49 4.25 3.98 3.93 4.24 4.81 5.83 6.72 7.16 7.17 7.23 6.62 6.36 6.26 6.31
5.96 5.47 5.15 4.85 4.60 4.72 5.35 6.56 8.26 10.45 13.97 11.90 8.65 6.95 6.29 6.03 6.38 7.44 9.78 16.14
29.85 29.85 29.85 16.76 11.07 10.02 9.90 10.67 11.51 9.68 7.78 7.31 6.59 6.39 6.58 6.98 7.05 6.66 6.02 6.20
6.00 5.86 6.15 6.23 5.97 5.50 5.58 6.08 6.45 7.10 9.14 13.56 17.20 16.00 15.13 11.69 9.13 8.19 8.09 7.98
7.68 7.57 6.98 6.40 5.93 5.90 6.27 6.30 6.30 6.63 6.33 6.17 6.27 6.77 7.23 7.79 8.28 9.43 8.97 8.85
10.00 11.94 11.92 10.83 9.04 7.41 6.02 5.40 5.23 5.26 5.47 5.80 5.81 5.57 5.21 5.10 4.97 5.09 5.21 5.22
5.12 4.99 4.90 4.72 4.43 4.31 4.25 4.28 4.63 4.98 5.53 6.07 6.50 6.55 6.16 5.81 5.80 5.78 5.67 5.82
6.11 6.05 5.84 5.55 5.08 4.88 4.67 4.59 4.66 4.55 4.31 4.13 4.04 4.19 4.31 4.67 5.57 6.44 7.04 6.97
7.33 7.75 7.61 7.57 8.50 9.85 12.39 12.52 11.09 10.11 9.86 9.54 8.65 8.06 7.90 7.23 6.18 5.74 5.61 5.90
6.72 7.30 7.94 8.28 7.97 7.46 6.63 5.88 5.43 4.95 4.63 4.59 4.92 5.41 6.26 6.97 6.73 5.85 5.18 4.63
4.50 4.59 5.26 6.24 7.51 8.76 11.23 14.81 19.72 25.27 29.85 21.24 13.39 10.45 9.01 8.06 7.09 6.57 6.76 7.38
9.09 11.46 14.89 15.77 11.52 8.59 7.53 7.66 7.81 7.39 7.19 7.08 6.46 5.91 6.04 7.38 8.61 8.61 7.53 6.39
5.17 4.17 3.80 3.70 3.79 4.05 4.38 4.96 5.55 6.39 8.25 10.16 11.79 10.75 8.79 7.93 6.75 6.55 6.67 7.05
7.87 8.25 8.47 9.70 9.94 10.89 9.66 7.99 6.74 5.79 5.22 5.16 5.39 6.19 6.89 7.04 7.12 6.79 6.16 5.80
5.79 5.93 6.27 6.67 7.68 8.70 8.75 8.73 8.48 7.35 6.70 6.03 5.86 5.96 5.89 6.38 7.18 7.74 8.60 8.45
8.29 7.72 6.91 6.51 6.35 6.62 7.56 9.06 10.61 10.66 9.44 7.75 6.30 5.62 5.33 5.17 5.08 5.49 6.08 6.93
7.14 7.01 6.75 6.09 5.22 5.13 5.47 6.35 6.93 7.43 8.24 8.22 7.75 7.79 7.86 8.37 8.39 8.50 9.39 9.51
9.43 9.63 8.52 7.87 7.56 6.95 6.80 6.59 6.55 6.65 6.57 6.49 6.64 6.43 6.24 6.15 6.47 6.72 6.96 7.06
7.20 6.61 5.90 5.95 6.69 8.08 9.92 10.87 9.96 8.29 6.69 5.95 5.93 6.07 6.59 7.16 7.27 7.75 7.80 7.72
8.16 8.33 8.76 8.58 7.89 7.21 6.79 6.53 6.37 6.35 6.44 6.85 7.29 7.43 8.53 9.90 13.01 15.55 12.40 9.65
7.46 6.31 6.25 6.27 7.11 8.31 9.86 10.65 10.08 10.26 10.16 8.96 9.26 10.20 8.93 7.22 6.40 6.58 6.43 6.04
6.37 7.54 7.87 7.44 7.28 6.85 6.62 6.76 6.95 7.80 7.94 8.18 8.85 7.40 6.19 5.59 5.10 4.99 4.96 5.33
6.14 6.67 7.36 7.78 8.64 9.23 10.12 11.59 13.53 11.00 10.05 9.28 8.61 7.98 7.60 7.59 7.49 6.96 6.26 6.16
6.25 6.65 7.52 9.18 10.48 10.94 9.31 8.75 8.11 7.46 7.06 7.23 7.12 7.26 7.73 9.23 10.82 12.09 11.01 9.63
8.07 7.64 8.08 8.71 9.60 10.74 10.39 8.76 7.30 7.06 7.50 7.86 8.01 7.86 7.39 6.74 6.29 6.36 6.67 7.45
7.97 8.44 7.85 6.83 6.24 6.17 6.18 6.35 6.31 6.59 6.52 5.69 5.12 5.04 5.38 5.95 6.83 8.23 9.94 8.91
7.75 6.85 6.12 5.46 5.06 5.05 5.24 5.54 5.82 6.41 6.72 6.63 6.08 5.70 5.48 5.63 5.88 6.77 8.24 9.14
8.15 7.05 6.14 5.81 5.56 5.59 6.13 6.84 7.13 6.90 6.53 6.73 7.03 7.23 7.82 8.68 9.16 8.56 7.62 6.85
6.53 6.10 6.17 6.46 6.58 6.59 6.83 6.84 6.84 6.29 6.08 5.91 5.63 5.34 5.52 5.86 6.21 6.35 6.49 6.78
6.88 6.65 6.52 6.35 6.69 7.44 8.03 9.10 9.91 10.83 10.44 8.18 6.96 6.43 6.17 6.45 6.76 7.34 8.47 9.08
8.76 8.35 8.28 8.87 9.37 9.46 8.84 8.07 7.35 7.17 7.54 8.60 9.72 10.94 9.88 8.86 7.73 6.93
C1901x2TS123_3 0.325 9.73 13.67 22.13 29.85 29.85 29.85 29.85 29.85 29.85 29.85 29.85 29.85 29.85 29.85 29.85 29.85 29.85 29.85 29.85 29.85
29.85 29.85 29.85 29.85 29.85 29.85 29.85 29.85 29.85 29.85 29.85 29.85 29.85 29.85 29.85 29.85 29.85 29.85 29.85 29.85
29.85 29.85 29.85 29.85 29.85 29.85 29.85 29.85 29.85 29.85 29.85 29.85 29.85 23.21 22.10 29.85 29.85 29.85 29.85 29.85
29.85 29.85 29.85 29.85 16.77 23.19 29.85 29.85 29.85 29.85 29.85 29.85 29.85 29.85 29.85 29.85 29.85 29.85 29.85 29.85
29.85 29.85 29.85 29.85 29.85 29.85 29.85 29.85 29.85 29.85 29.85 29.85 29.85 29.85 29.85 29.85 29.85 29.85 29.85 29.85
29.85 29.85 29.85 29.85 29.85 29.85 29.85 29.85 29.85 29.85 29.85 20.61 20.90 24.02 17.35 15.54 16.45 25.21 22.18 16.22
19.91 29.85 29.85 29.85 29.85 18.11 11.36 8.21 7.63 7.22 7.50 9.34 14.05 29.85 29.85 29.85 29.85 29.85 29.85 29.85
17.02 14.02 12.04 10.78 9.93 10.19 9.33 9.51 8.89 8.59 9.82 11.88 15.33 25.23 29.51 29.85 29.85 29.85 29.85 29.85
29.85 29.85 29.85 29.85 29.85 29.85 29.85 29.85 29.85 29.85 21.88 22.81 29.85 29.85 29.85 29.85 29.85 29.85 29.85 29.85
29.85 29.85 29.85 29.85 29.85 29.85 29.85 29.85 29.85 29.85 29.85 29.85 11.88 8.46 8.05 7.50 7.00 6.91 7.35 7.74
8.34 9.68 14.40 29.85 29.85 29.85 29.85 29.85 29.85 29.85 29.85 23.19 23.47 29.85 29.85 29.12 14.99 13.39 15.94 18.11
29.85 29.85 29.85 29.85 29.85 29.85 29.85 29.85 29.85 29.85 29.85 29.85 29.85 29.85 29.85 29.85 29.85 29.85 29.85 29.85
29.85 29.85 29.85 29.85 29.85 29.85 29.85 29.85 29.85 29.85 29.85 29.85 29.85 29.85 15.72 11.35 9.18 8.55 8.53 7.23
5.74 4.51 3.86 3.41 3.04 2.88 3.04 3.27 3.43 3.53 3.77 3.94 3.92 3.75 3.74 3.95 4.15 4.60 5.40 6.83
9.22 11.76 13.75 12.61 8.76 6.76 5.22 4.29 3.69 3.36 3.09 2.97 2.90 2.97 2.94 2.82 2.84 2.94 2.82 2.77
2.79 2.88 2.78 2.70 2.85 2.97 2.93 2.96 3.12 3.12 2.97 2.89 2.98 2.98 2.92 3.06 3.21 3.17 3.20 3.20
3.08 2.87 2.70 2.59 2.48 2.49 2.58 2.68 2.71 2.72 2.67 2.45 2.18 2.09 2.02 1.96 1.97 2.25 2.61 3.01
3.37 3.74 4.05 4.05 3.71 3.47 3.40 3.32 3.26 3.34 3.65 4.04 4.40 4.71 4.71 4.31 3.70 3.20 2.82 2.57
2.59 2.79 2.83 2.92 3.11 3.14 3.20 3.24 3.35 3.37 3.08 2.84 2.75 2.52 2.38 2.39 2.52 2.62 2.78 2.93
3.05 3.04 2.99 2.99 2.87 2.84 2.95 2.97 2.94 2.96 2.91 2.86 2.78 2.82 2.93 3.04 3.10 3.28 3.27 3.15
3.14 3.11 3.05 3.04 3.04 2.98 2.90 2.74 2.66 2.54 2.44 2.49 2.59 2.67 2.91 3.09 3.33 3.50 3.58 3.57
3.35 3.16 3.07 2.96 3.04 3.19 3.36 3.54 3.73 4.03 4.09 4.00 4.09 4.19 3.84 3.44 3.28 3.41 3.42 3.31
3.37 3.55 3.54 3.47 3.46 3.43 3.45 3.36 3.32 3.15 2.96 2.95 2.94 2.81 2.76 2.75 2.70 2.67 2.72 2.83
2.83 2.87 2.98 3.05 3.05 3.16 3.41 3.59 3.72 3.78 3.76 3.65 3.54 3.43 3.33 3.22 3.26 3.25 3.06 3.00
3.03 3.03 2.97 2.96 2.91 2.79 2.63 2.60 2.66 2.68 2.67 2.83 2.88 2.82 2.86 3.07 3.18 3.22 3.13 3.10
3.02 2.97 3.03 3.16 3.38 3.74 4.27 4.91 6.10 9.48 29.85 29.85 29.85 29.85 29.85 29.85 29.85 29.85 29.85 29.85
29.85 29.85 29.85 29.85 29.85 29.85 29.85 29.85 29.85 29.85 29.85 29.85 29.85 29.85 29.85 29.85 29.85 29.85 29.85 25.68
17.09 16.49 20.02 20.11 25.73 29.85 29.85 29.85 29.85 29.85 29.85 29.85 29.85 29.85 29.85 29.85 29.85 29.85 29.85 29.85
29.85 29.85 29.85 29.85 11.11 8.13 7.30 7.41 8.59 10.07 11.18 14.85 22.86 29.85 29.85 29.85 29.85 29.85 29.85 29.85
29.85 29.85 29.85 29.85 29.85 29.85 29.85 29.85 29.85 16.59 14.12 10.82 9.68 8.19 8.14 8.98 10.38 15.26 29.85 29.85
29.85 29.85 29.85 29.85 29.85 29.85 29.85 29.85 29.85 29.85 29.85 29.85 29.85 29.85 29.85 29.85 29.85 29.85 29.85 29.85
29.85 29.85 29.85 29.85 29.85 29.85 29.85 29.85 29.85 29.85 29.85 29.85 29.85 29.85 29.85 29.85 17.83 9.83
C1901x2TS049_1 0.232 29.85 29.85 29.85 29.85 29.85 29.85 29.85 29.85 29.85 29.85 29.85 20.42 15.07 17.08 29.85 29.85 29.85 29.85 29.85 29.85
29.85 29.85 29.85 29.85 29.85 29.85 29.85 29.85 29.85 29.85 29.85 29.85 29.85 29.85 29.85 29.85 29.85 29.85 29.85 29.85
29.85 12.31 8.78 7.33 6.78 7.72 11.65 29.85 29.85 29.85 29.85 29.85 29.85 29.85 29.85 29.85 29.85 29.85 29.85 29.85
29.85 29.85 29.85 29.85 29.85 26.31 29.85 29.85 29.85 29.85 29.85 29.85 29.85 29.85 29.85 29.85 29.85 29.85 29.85 29.85
10.50 8.73 9.92 15.11 29.85 29.85 29.85 29.85 29.85 29.85 29.85 29.85 29.85 29.85 29.85 29.85 29.85 29.85 29.85 29.85
29.85 29.85 29.85 29.85 29.85 29.85 29.85 29.85 29.85 29.85 29.85 29.85 29.85 29.85 29.85 29.85 29.85 29.85 29.85 29.85
29.85 29.85 29.85 29.85 29.85 29.85 29.85 11.74 7.51 6.34 6.45 7.94 15.39 29.85 29.85 29.85 29.85 29.85 29.85 29.85
15.39 10.31 7.52 6.11 5.58 5.60 5.69 6.28 7.78 10.61 15.17 28.35 29.85 29.85 29.85 29.85 29.85 29.85 29.85 29.85
29.85 29.85 29.85 29.85 29.85 29.85 29.85 29.85 29.85 29.85 29.85 29.85 29.85 29.85 29.85 29.85 29.85 29.85 15.60 11.36
11.46 17.41 29.85 29.85 29.85 29.85 29.85 29.85 29.85 29.85 29.85 29.85 29.85 29.85 29.85 29.85 29.85 29.85 25.59 10.43
7.85 6.83 6.20 6.11 6.32 7.50 10.20 12.30 11.38 11.52 11.46 11.51 12.47 21.82 29.85 29.85 22.18 9.32 7.11 5.70
5.25 5.34 6.01 6.54 6.34 6.23 6.94 7.96 10.62 29.85 29.85 29.85 29.85 29.85 29.85 29.85 29.85 13.33 7.96 6.29
6.08 6.33 6.93 8.83 10.93 12.72 16.86 29.85 29.85 29.85 29.85 29.85 29.85 29.85 29.85 29.85 29.85 19.41 11.88 9.61
8.39 7.84 8.10 9.80 10.66 11.01 11.06 10.07 9.33 11.97 29.85 29.85 29.85 29.85 29.85 29.85 29.85 29.85 29.85 25.30
11.01 7.85 6.08 5.25 4.95 5.50 6.41 7.44 8.60 12.02 23.66 29.85 29.85 29.85 29.85 29.85 29.85 29.85 29.85 29.85
14.44 8.95 7.20 7.26 9.93 27.01 29.85 29.85 29.85 29.85 29.85 29.85 29.85 29.85 29.85 29.85 29.85 29.85 29.85 29.85
29.85 29.85 29.85 29.85 29.85 29.85 29.85 29.85 29.85 16.39 9.24 6.67 5.95 6.01 6.50 8.12 13.31 29.85 29.85 29.85
29.85 29.85 13.48 8.65 7.02 7.45 10.43 29.85 29.85 29.85 29.85 29.85 29.85 29.85 29.85 29.85 29.85 29.85 29.85 29.85
29.85 29.85 29.85 29.85 29.85 29.85 29.85 29.85 29.85 29.85 29.85 29.85 29.85 29.85 29.85 29.85 29.85 29.85 29.85 29.85
29.85 29.85 29.85 29.85 29.85 29.85 29.85 29.85 29.85 29.85 29.85 29.85 29.85 29.85 29.85 29.85 29.85 29.85 29.85 27.32
19.60 24.80 29.85 29.85 29.85 29.85 29.85 29.85 9.35 6.52 5.59 5.10 4.95 5.43 6.43 7.80 9.82 12.52 16.21 16.94
12.55 12.27 13.05 13.54 14.22 14.04 11.09 9.24 7.85 7.31 6.83 6.99 9.41 29.85 29.85 29.85 29.85 29.85 29.85 29.85
29.85 29.85 27.67 16.46 17.85 27.87 29.85 29.85 29.85 29.85 29.85 29.85 29.85 29.85 29.85 29.85 29.85 29.85 29.85 29.85
29.85 14.50 9.58 9.52 13.47 29.85 29.85 29.85 29.85 29.85 29.85 29.85 15.12 9.70 7.75 6.98 7.01 7.16 6.76 6.56
6.35 6.69 7.68 10.82 29.85 29.85 29.85 29.85 29.85 29.85 29.85 29.85 29.85 29.57 12.92 12.15 14.24 18.47 20.84 29.85
29.85 29.85 21.05 16.69 29.85 29.85 29.85 29.85 29.85 29.85 29.85 29.85 29.85 29.85 29.85 29.85 29.85 29.85 29.85 29.85
29.85 29.85 29.85 29.85 23.81 24.48 29.85 29.85 29.85 29.85 29.85 29.85 29.85 29.85 29.85 29.85 29.85 29.85 29.85 29.85
28.57 29.85 29.85 29.85 29.85 29.85 29.85 29.85 29.85 29.85 29.85 29.85 29.85 29.85 21.18 19.65 21.09 29.85 29.85 29.85
29.85 29.85 29.85 29.85 29.85 24.53 19.86 29.85 29.85 29.85 29.85 29.85 29.85 29.85 29.85 29.85 29.85 29.85 29.85 29.85
29.85 29.85 29.85 29.85 29.85 29.85 29.85 29.85 29.85 29.85 17.35 9.23 8.25 7.91 9.19 15.00 29.85 29.85 29.85 29.85
29.85 29.85 29.85 29.85 29.85 29.85 29.85 29.85 29.85 29.85 29.85 29.85 29.85 29.85 29.85 29.85 29.85 19.73 14.62 11.50
10.90 11.87 15.07 29.85 29.85 29.85 29.85 13.10 8.75 7.57 7.37 8.75 11.63 12.59 11.21 9.79 8.63 7.69
C1901x2TS049_4 0.211 29.85 29.85 29.85 29.85 29.85 29.85 29.85 29.85 29.85 29.85 29.85 29.85 29.85 29.85 29.85 29.85 29.85 29.85 29.85 29.85
29.85 29.85 29.85 29.85 29.85 29.85 29.85 28.27 10.26 8.99 7.95 8.84 10.11 11.68 12.89 12.71 13.76 29.85 29.85 29.85
29.85 29.85 29.85 29.85 29.85 29.85 29.60 29.85 29.85 29.85 29.85 29.85 29.85 29.85 29.85 29.85 29.85 29.85 29.85 29.85
29.85 29.85 29.85 29.85 18.11 22.45 29.85 29.85 29.85 29.85 29.85 29.85 29.85 29.85 29.85 29.85 29.85 29.85 29.85 29.85
29.85 29.85 29.85 29.85 29.85 29.85 29.85 14.38 9.70 8.87 9.02 9.59 9.45 9.28 8.74 7.73 7.92 11.14 23.06 29.85
29.85 29.85 29.85 29.85 17.45 16.23 14.65 12.59 12.48 14.78 12.19 15.50 29.85 29.85 29.85 29.85 29.85 29.85 29.85 29.85
29.85 29.85 29.85 29.85 29.85 29.85 29.85 29.85 29.85 29.85 29.85 29.85 29.85 29.85 29.85 29.85 29.85 29.85 29.85 29.85
29.85 29.85 25.70 9.83 8.56 9.60 11.22 24.14 29.85 29.85 29.85 29.85 15.30 12.17 10.14 10.70 19.28 29.85 29.85 29.85
29.85 29.85 29.85 17.44 10.80 10.53 11.23 15.68 29.85 29.85 29.85 29.85 29.85 29.85 29.85 29.85 29.85 25.40 21.71 29.85
29.85 29.85 29.85 29.85 29.85 29.85 29.85 29.85 29.85 29.85 29.85 29.85 15.24 15.28 29.85 29.85 29.85 29.85 29.85 29.85
29.85 29.85 29.85 29.85 29.85 29.85 29.85 29.85 29.85 29.85 29.85 29.85 29.85 29.85 29.85 29.85 17.64 8.58 6.50 5.61
5.76 6.84 9.18 17.51 29.85 29.85 29.85 29.85 29.85 29.85 29.85 29.85 29.85 29.85 29.85 29.85 29.85 29.85 29.85 29.85
29.85 29.85 29.85 29.85 29.85 29.85 29.85 29.85 29.85 29.85 29.85 29.85 29.85 29.85 29.85 29.85 29.85 29.85 29.85 22.86
11.05 8.05 6.98 6.35 6.34 6.99 7.71 8.43 8.42 8.63 9.50 11.72 21.82 29.85 29.85 29.85 29.85 29.85 29.85 29.85
29.85 29.85 29.85 29.85 29.85 29.85 29.85 29.85 29.85 29.85 29.85 29.85 29.85 29.85 29.85 29.85 29.85 29.85 29.85 29.85
29.85 29.85 29.85 29.85 29.85 29.85 29.85 29.85 29.85 29.85 29.85 29.85 29.85 29.85 29.85 29.85 29.85 29.85 29.85 29.85
29.85 29.85 29.85 29.85 29.85 22.50 12.71 11.34 9.36 8.87 10.06 10.77 11.40 12.70 14.42 29.41 29.85 29.85 29.85 29.85
29.85 29.85 29.85 29.85 29.85 29.85 29.85 29.85 29.85 28.25 29.85 29.85 29.85 29.85 29.85 29.85 29.85 29.85 29.85 29.85
29.69 29.85 29.85 29.85 29.85 29.85 29.85 29.85 29.85 29.85 29.85 29.85 29.85 29.85 29.85 29.85 29.85 29.85 29.85 29.85
29.85 29.85 29.85 29.85 29.85 29.85 29.85 29.85 29.85 29.85 29.85 29.85 28.59 29.85 29.85 29.85 29.85 29.85 29.85 15.07
13.16 14.51 17.68 17.27 18.33 15.68 11.66 10.27 10.90 14.71 29.85 29.85 29.85 29.85 29.85 29.85 29.85 29.85 29.85 22.03
16.13 29.85 29.85 29.85 29.85 29.85 26.32 16.08 10.88 9.91 11.15 12.87 23.04 29.85 29.85 29.85 29.85 29.85 29.85 29.85
29.85 29.85 29.85 29.85 29.85 29.85 29.85 29.85 29.85 29.85 29.85 29.85 13.59 10.42 8.52 8.18 8.40 9.70 15.91 29.85
29.85 29.85 29.85 29.85 29.85 29.85 29.85 29.85 29.85 29.85 29.85 29.85 29.85 29.85 29.85 29.85 29.85 29.85 29.85 29.85
29.85 29.85 29.85 29.85 29.85 29.85 29.85 29.85 29.85 29.85 29.85 29.85 29.85 29.85 29.85 29.85 29.85 29.85 29.85 29.85
29.85 29.85 29.85 29.85 29.85 29.85 29.85 29.85 29.85 29.85 29.85 29.85 29.85 29.85 29.85 29.85 29.85 29.85 29.85 29.85
29.85 29.85 29.85 13.86 9.26 8.17 9.05 14.12 29.85 29.85 29.85 29.85 29.85 29.85 29.85 29.85 29.85 29.85 29.85 29.85
29.85 29.85 11.62 7.88 7.01 7.84 10.62 22.17 29.85 29.85 29.85 29.85 29.85 29.85 29.85 29.85 29.85 29.85 29.85 29.85
29.85 29.85 14.46 10.83 11.44 20.38 29.85 29.85 29.85 29.85 29.85 29.85 29.85 29.85 29.85 29.85 29.85 29.85 29.85 29.85
29.85 26.30 13.10 10.82 10.54 9.21 9.02 11.34 29.85 29.85 29.85 29.85 29.85 29.85 16.40 9.80 8.10 7.81 9.05 11.32
11.33 11.05 12.56 13.12 12.75 11.30 10.62 10.61 11.71 22.41 29.85 29.85 29.85 29.85 29.85 29.85 29.85 29.85 29.85 29.85
29.85 29.85 29.85 29.85 29.85 29.85 29.85 29.85 29.85 29.85 29.85 29.85 29.85 29.85 29.85 29.85 29.85 12.32
C1901x2TS049_2 0.209 29.85 29.85 29.85 29.85 29.85 29.85 29.85 29.85 29.85 29.85 29.85 29.85 29.85 29.85 29.85 29.85 29.85 29.85 29.85 29.85
29.85 29.85 29.85 29.85 29.85 29.85 29.85 28.55 13.56 13.55 25.69 29.85 29.85 29.85 29.85 29.85 29.85 29.85 29.85 25.87
13.35 9.24 7.84 7.06 6.78 7.17 7.97 10.09 25.69 29.85 29.85 29.85 29.85 29.85 29.85 29.85 29.85 29.85 29.85 29.85
29.85 29.85 29.85 29.85 29.85 29.85 29.85 29.85 29.85 29.85 29.85 29.85 29.85 29.85 21.91 17.35 29.85 29.85 29.85 29.85
29.85 29.85 29.85 29.85 29.85 29.85 29.85 19.97 21.37 29.85 29.85 29.85 29.85 29.85 29.85 29.85 29.85 29.85 29.85 29.85
29.85 29.85 29.85 29.85 29.85 29.85 29.85 29.85 29.85 29.85 28.02 16.74 26.08 29.85 29.85 29.85 29.85 29.85 29.85 29.85
29.85 29.85 29.85 29.85 29.85 29.85 29.85 29.85 29.85 29.85 29.85 29.85 29.85 29.85 29.85 29.85 29.85 29.85 29.85 29.85
29.85 29.85 29.85 29.85 29.85 29.85 29.85 29.85 29.85 29.85 29.85 29.85 29.85 29.85 24.93 12.07 9.30 7.95 6.73 6.74
8.41 11.10 20.59 29.85 29.85 29.85 29.85 29.85 29.85 29.85 29.85 29.85 29.85 29.85 11.90 10.24 12.40 12.40 15.39 29.85
29.85 29.85 29.85 29.85 29.85 29.85 29.85 29.85 29.85 29.85 29.85 29.85 29.85 16.66 15.13 15.53 12.27 14.59 29.85 29.85
29.85 29.85 29.85 29.85 29.85 29.85 29.85 29.85 29.85 29.85 29.85 29.85 29.85 29.85 29.85 29.85 29.85 29.85 29.85 29.85
29.85 20.17 29.85 29.85 29.85 29.85 29.85 29.85 29.85 29.85 29.85 29.85 29.85 29.85 29.85 29.85 29.85 29.85 29.85 29.85
29.85 29.85 29.85 29.85 29.85 29.85 29.85 29.85 16.80 13.86 15.02 29.85 29.85 29.85 29.85 29.85 29.85 29.85 29.85 29.85
29.85 23.64 18.42 29.85 29.85 29.85 29.85 29.85 29.85 29.85 29.85 29.85 29.85 29.85 29.85 29.85 29.85 29.85 29.85 29.85
29.85 29.85 29.85 29.85 29.85 29.85 24.13 16.15 29.85 29.85 29.85 29.85 29.85 29.85 29.85 29.85 29.85 29.85 15.05 12.69
17.20 29.85 29.85 29.85 29.85 29.85 29.85 29.85 29.85 29.85 29.85 29.85 29.85 29.85 29.85 29.85 29.85 29.85 29.85 29.85
29.85 29.85 29.85 29.85 29.85 29.85 29.85 29.85 29.85 29.85 29.85 29.85 11.52 8.03 6.95 6.52 7.09 9.79 17.52 29.85
29.85 29.85 27.54 14.40 15.74 29.85 29.85 29.85 29.85 29.85 29.85 29.85 29.85 29.85 29.85 29.85 29.85 29.85 29.85 29.85
29.85 29.85 29.85 29.85 29.85 29.85 29.85 29.85 29.85 29.85 29.85 29.85 29.85 29.85 29.85 29.85 29.85 29.85 29.85 29.85
29.85 29.85 29.85 29.85 29.85 29.85 29.85 29.85 29.85 29.85 29.85 29.85 29.85 29.85 29.85 29.85 29.85 29.85 29.85 29.85
29.85 29.85 29.85 29.85 29.85 29.85 29.85 29.85 29.85 29.85 29.85 29.85 29.85 29.85 29.85 29.85 29.85 29.85 29.85 29.85
29.85 29.85 29.85 29.85 29.85 29.85 29.85 29.85 29.85 29.85 29.85 29.85 29.85 29.85 29.85 29.85 29.85 29.85 29.85 29.85
29.85 29.85 29.85 29.85 29.85 29.85 29.85 29.85 29.85 29.85 29.85 29.85 29.85 29.85 29.85 29.85 29.85 28.92 29.85 29.85
29.85 29.85 29.85 29.85 29.85 29.85 29.85 29.85 29.85 29.85 29.85 29.85 29.85 29.85 22.43 18.10 29.85 24.71 17.33 15.29
20.21 29.85 29.85 29.85 29.85 29.85 29.85 29.85 29.85 29.85 29.85 29.85 29.85 29.85 29.85 29.85 29.85 29.85 29.85 29.85
29.85 29.85 29.85 29.85 29.85 29.85 29.85 29.85 29.85 29.85 29.85 29.85 29.85 29.85 29.85 29.85 29.85 29.85 29.85 29.85
29.85 29.85 29.85 29.85 29.85 29.85 29.85 29.85 29.85 29.85 29.85 29.85 29.85 29.85 29.85 29.85 29.85 29.85 16.74 14.44
11.12 9.37 9.00 9.22 10.85 19.03 29.85 29.85 29.85 29.85 29.85 29.85 29.85 13.44 11.11 15.14 29.76 29.85 29.85 29.85
29.85 29.85 29.85 29.85 29.85 29.85 29.85 29.85 29.85 29.85 14.59 10.54 9.11 8.91 9.91 13.05 29.42 29.85 29.85 29.85
29.85 29.85 29.85 29.85 29.85 29.85 29.85 29.85 29.85 29.85 29.85 29.85 29.85 29.85 29.85 29.85 29.85 29.85 12.42 9.33
9.18 9.70 11.18 11.91 11.29 10.79 9.37 10.78 27.80 29.85 29.85 29.85 29.85 29.85 29.85 29.85 29.85 29.85 29.85 29.85
29.85 29.85 19.92 16.50 29.85 29.85 29.85 29.85 29.85 29.85 29.85 29.85 29.85 29.85 29.85 29.85 29.85 29.85
C1901x2TS049_3 0.200 29.85 29.85 29.85 29.85 29.85 29.85 29.85 29.85 29.85 29.85 14.17 10.76 10.88 15.92 29.85 29.85 29.85 29.85 29.85 29.85
29.85 21.47 14.04 11.60 9.02 7.68 6.62 6.20 5.93 6.21 6.57 7.51 8.26 8.87 9.83 16.26 29.85 29.85 29.85 29.85
29.85 29.85 29.85 29.85 29.85 29.85 29.85 29.85 29.85 29.85 29.85 29.85 29.85 29.85 29.85 29.85 29.85 29.85 29.85 29.85
29.85 29.85 29.85 29.85 29.85 29.85 29.85 29.85 29.85 29.85 29.85 29.85 29.85 29.85 29.85 29.85 29.85 29.85 29.85 29.85
29.85 29.85 29.85 29.85 14.42 12.33 12.23 12.26 15.20 29.85 29.85 29.85 29.85 29.85 29.85 29.85 29.85 29.85 29.85 29.85
29.85 29.85 29.85 29.85 29.85 29.85 29.85 29.85 29.85 29.85 29.85 29.85 29.85 29.85 29.85 29.85 29.85 29.85 29.85 29.85
29.85 29.85 29.85 29.85 29.85 29.85 29.85 29.85 29.85 29.85 29.85 29.85 29.85 29.85 29.85 29.85 29.85 29.85 29.85 29.85
29.85 29.85 27.47 11.88 9.33 8.88 10.23 26.55 29.85 29.85 29.85 29.85 29.85 29.85 29.85 29.85 29.85 29.85 29.85 29.85
29.85 29.85 29.85 29.85 29.85 29.85 29.85 29.85 29.85 29.85 29.85 29.85 14.06 8.90 6.87 6.61 7.30 8.23 12.54 29.85
29.85 29.85 29.85 29.85 29.85 29.85 29.85 29.85 29.85 29.85 29.85 29.85 29.85 29.85 29.85 29.85 10.71 7.06 5.85 5.88
6.94 10.04 29.85 29.85 29.85 29.85 29.85 29.85 29.85 29.85 29.85 29.85 29.85 29.85 29.85 29.85 29.85 29.85 29.85 29.85
21.23 29.80 29.85 29.85 29.85 29.85 29.85 29.85 29.85 19.75 13.26 10.63 11.33 15.33 29.85 29.85 29.85 29.85 29.85 29.85
29.85 29.85 29.85 29.85 29.85 29.85 29.85 29.85 29.85 29.85 29.85 29.85 29.85 29.85 29.85 29.85 29.85 29.85 29.85 29.85
29.85 29.85 15.48 14.54 29.85 29.85 29.85 29.85 29.85 29.85 29.85 29.85 29.85 29.85 29.85 29.85 29.85 29.85 29.85 29.85
29.85 29.85 29.85 29.85 29.85 29.85 29.85 29.85 29.85 29.85 29.85 29.85 29.85 29.85 29.85 29.85 29.85 29.85 29.85 29.85
29.85 29.85 29.85 29.85 29.85 29.85 29.85 29.85 29.85 29.85 29.85 29.85 29.85 29.85 29.85 29.85 29.85 29.85 29.85 29.85
29.85 29.85 29.85 29.85 29.85 29.85 29.85 29.85 29.85 29.85 29.85 19.36 11.69 9.53 9.04 9.71 14.15 29.85 29.85 29.85
29.85 29.85 29.85 29.85 29.85 29.85 29.85 29.85 29.85 29.85 29.85 29.85 29.85 29.85 29.85 29.85 10.68 7.51 6.53 6.36
7.41 11.02 20.11 29.85 29.85 29.85 29.85 29.85 29.85 29.85 29.85 29.85 29.85 29.85 29.85 27.70 11.11 9.96 14.15 29.85
29.85 29.85 29.85 29.85 29.85 29.85 29.85 29.85 29.85 29.85 29.85 29.85 29.85 29.85 29.85 29.85 29.85 29.85 29.85 29.85
29.85 29.85 29.85 29.85 29.85 29.85 29.85 29.85 29.85 18.53 10.74 12.12 23.80 29.85 29.85 29.85 29.85 29.85 29.85 29.85
29.85 29.85 29.85 29.85 29.85 29.85 29.85 29.85 29.85 29.85 11.91 8.86 10.25 16.24 16.54 14.68 15.96 29.85 29.85 29.85
29.85 29.85 29.85 29.85 29.85 29.85 29.85 29.85 29.85 29.85 29.85 29.85 29.85 29.85 29.85 23.17 24.23 29.85 29.85 29.85
29.85 29.85 29.85 29.85 29.85 29.85 29.85 29.85 29.85 29.85 29.85 29.85 29.85 20.00 15.75 29.85 29.85 29.85 29.85 29.85
29.85 29.85 29.85 29.85 29.85 29.85 29.85 29.85 29.85 29.85 29.85 29.85 20.55 24.37 29.85 29.85 29.85 29.85 29.85 29.85
29.85 29.85 29.85 29.85 29.85 29.85 29.85 29.85 29.85 29.85 29.85 29.85 29.85 29.85 29.85 29.85 16.62 10.42 9.13 10.64
15.39 17.60 13.00 10.25 8.97 8.03 7.18 6.71 6.87 8.02 9.43 12.62 29.85 29.85 29.85 29.85 29.85 29.85 29.85 29.85
29.85 29.85 29.85 29.85 29.85 29.85 29.85 29.85 29.85 29.85 29.85 29.85 11.39 8.61 8.54 12.84 29.85 29.85 29.85 29.85
29.85 29.85 29.85 29.85 29.85 29.85 29.85 29.85 29.85 29.85 29.85 29.85 29.85 29.85 29.85 29.85 29.85 29.85 29.85 29.85
29.85 29.85 29.85 29.85 29.85 29.85 29.85 29.85 29.85 29.85 29.85 29.85 29.85 29.85 29.85 29.85 29.85 29.85 29.85 29.85
29.85 26.49 29.85 29.85 29.85 29.85 29.85 29.85 29.85 29.85 29.85 29.85 29.85 29.85 29.85 29.85 29.85 29.85 29.85 29.85
29.85 29.85 29.85 29.85 29.85 29.85 29.85 29.85 29.85 29.85 29.85 29.85 29.85 29.85 29.85 29.85 29.85 29.85
C1901x2TS049_5 0.199 29.85 29.85 29.85 29.85 29.85 29.85 29.85 29.85 29.85 29.85 29.85 29.85 29.85 29.85 29.85 29.85 29.85 29.85 29.85 29.85
29.85 29.85 29.85 29.85 29.85 29.85 29.85 29.85 29.85 14.69 12.88 19.71 29.85 29.85 29.85 29.85 29.85 29.85 29.85 29.85
29.85 29.85 13.10 11.30 12.11 29.85 29.85 29.85 29.85 29.85 29.85 29.85 29.85 29.85 29.85 29.85 29.85 29.85 29.85 29.85
29.85 29.85 29.85 12.83 10.00 11.05 14.69 29.85 29.85 29.85 29.85 29.85 29.85 29.85 29.85 29.85 29.85 29.85 29.85 29.85
29.85 29.85 29.85 29.85 29.85 29.85 29.85 29.85 29.85 29.85 29.85 29.85 29.85 29.85 29.85 29.85 29.85 29.85 29.85 29.85
29.85 29.85 29.85 29.85 29.85 29.85 29.85 29.85 29.85 29.85 29.85 29.85 29.85 29.85 29.85 29.85 29.85 29.85 29.85 29.85
29.85 29.85 29.85 29.85 29.85 29.85 29.85 29.85 29.85 29.85 29.85 29.85 29.85 29.85 29.85 29.85 29.85 29.85 29.85 29.85
29.85 29.85 29.85 29.85 29.85 29.85 29.85 29.85 29.85 29.85 21.73 10.22 8.44 8.83 11.63 29.85 29.85 29.85 29.85 29.85
29.85 29.85 29.85 29.85 29.85 29.85 12.08 9.29 7.75 6.98 6.35 6.42 6.34 6.40 5.98 6.73 9.10 15.94 29.85 29.85
29.85 29.85 29.85 29.85 29.85 29.85 29.85 29.85 29.85 29.85 29.85 29.85 29.85 29.85 29.85 29.85 29.85 13.36 9.50 8.40
8.45 8.59 9.80 14.72 29.85 29.85 29.85 29.85 29.85 29.85 29.85 29.85 29.85 29.85 29.85 29.85 11.71 7.64 6.70 6.27
6.59 6.98 9.01 21.30 29.85 29.85 29.85 22.73 21.18 19.11 29.85 29.85 29.85 29.85 29.85 29.85 29.85 29.85 29.85 29.85
29.85 29.85 29.85 29.85 29.85 29.85 29.85 29.85 29.85 29.85 29.85 29.85 29.85 29.85 29.85 29.85 29.85 29.85 29.85 29.85
18.43 10.22 8.11 8.57 13.04 29.85 29.85 29.85 29.85 29.85 29.85 29.85 25.58 27.37 29.85 29.85 29.85 29.85 29.85 29.85
29.85 29.85 29.85 29.85 29.85 29.85 29.85 29.85 29.85 29.85 29.85 29.85 29.85 29.85 29.85 29.85 29.85 29.85 29.85 29.85
29.85 29.85 29.85 29.85 29.85 29.85 29.85 29.85 29.85 29.85 29.85 29.85 29.85 29.85 29.85 29.85 29.85 29.85 29.85 29.85
29.85 29.85 29.85 29.85 29.85 29.85 29.85 29.85 29.85 29.85 29.85 14.70 10.13 10.15 13.12 17.47 29.85 29.85 29.85 29.85
29.85 29.85 29.85 29.85 29.85 29.85 29.85 29.85 29.85 29.85 29.85 29.85 29.85 29.85 29.85 29.85 29.85 29.85 29.85 29.85
29.85 29.85 29.85 29.85 29.85 29.85 29.85 29.85 29.85 29.85 29.85 29.85 29.85 29.85 29.85 29.85 29.85 29.85 29.85 29.85
29.85 29.85 29.85 29.85 29.85 29.85 29.85 29.85 29.85 29.85 29.85 29.85 29.85 29.85 29.85 29.85 29.85 29.85 29.85 29.85
29.85 29.85 29.85 29.85 29.85 29.85 29.85 29.85 29.85 29.85 29.85 29.85 29.85 29.85 29.85 29.85 29.85 29.85 29.85 29.85
29.85 29.85 29.85 29.85 29.85 29.85 29.85 29.85 29.85 29.85 29.85 29.85 29.85 29.85 29.85 29.85 29.85 29.85 29.85 29.85
29.85 29.85 29.85 29.85 29.85 29.85 29.85 29.85 29.85 29.85 24.22 18.81 21.58 11.98 9.40 10.13 12.39 25.01 29.85 29.85
29.85 29.85 29.85 13.70 9.38 8.44 10.13 29.85 29.85 29.85 29.85 29.85 29.85 29.85 29.85 29.85 29.85 29.85 29.85 29.85
29.85 29.85 29.85 29.85 29.85 29.85 29.85 29.85 29.85 29.85 29.85 29.85 29.85 29.85 29.85 29.85 29.85 29.85 29.85 29.85
29.85 29.85 29.85 29.85 29.85 29.85 29.85 29.85 29.85 29.85 29.85 29.85 29.85 29.85 29.85 29.85 10.81 8.36 8.13 10.79
15.77 17.49 23.08 14.68 12.38 13.64 19.98 29.85 29.85 29.85 29.85 29.85 29.85 29.85 29.85 29.85 29.85 23.53 20.06 13.83
10.74 10.45 12.03 13.63 13.78 21.55 29.85 29.85 29.85 29.85 29.85 29.85 29.85 29.85 29.85 29.85 29.85 29.85 29.85 29.85
29.85 29.85 29.85 29.85 16.10 15.18 26.71 29.85 29.85 29.85 29.85 29.85 29.85 29.85 29.85 29.85 29.85 29.85 29.85 13.06
10.25 10.61 26.75 29.85 29.85 29.85 29.85 10.25 7.33 6.25 6.59 8.08 13.85 29.85 29.85 29.85 29.85 26.00 18.41 16.72
18.03 16.32 17.26 22.13 26.85 29.85 29.85 29.85 29.85 29.85 29.85 29.85 29.85 29.85 29.85 29.85 29.85 29.85 29.85 29.85
29.85 29.85 29.85 29.85 29.85 29.85 29.85 29.85 29.85 29.85 29.85 29.85 29.85 29.85 29.85 29.85 26.29 13.95
END
