PFRMAT QA
TARGET C1909_0406
AUTHOR 9748-1420-9970
METHOD Ornate (trained on all from CASP5-10)
METHOD -------------
MODEL 2
QMODE 2
C1909TS003_2 0.305  7.89  12.3  29.8  29.8   4.7  13.5  19.4  3.89  4.66  4.38  6.09  3.25  5.92  7.04  4.26  29.8  29.8  29.8  12.8  4.31  8.92  5.01  3.27  6.11  4.76  29.8  29.8  11.3  29.8  29.8  29.8  29.8  29.8  6.65  29.8  6.41  29.8  16.5
C1909TS182_3 0.376   7.7  2.88  5.23  6.85  3.76  14.0  18.2  3.56  5.07   6.2  5.16  5.85  4.84  4.57  2.28  2.81  3.39  3.95   3.1  6.81  4.56  4.12  8.26  9.46  3.14  29.6  19.2  6.45  4.59  3.98  2.22  4.16  5.88  27.7  21.8  5.82  29.8  29.8
C1909TS414_4 0.429  8.69  5.54  29.8   3.1  3.88  2.77  4.75  2.24  4.59 0.707  3.21  3.97  3.46  2.89  1.62  2.87  2.21  2.89  2.68  3.16  3.09   4.2  4.44  7.11  29.8  6.38  10.1  2.63  4.04  3.25  3.55  4.12  4.75   8.1  10.3  5.12  29.8  10.3
C1909TS278_5 0.369  5.04  5.16  8.84  7.54  6.71  5.83  12.6  5.16  14.9  5.81  29.8  5.53  4.35  4.37  2.53  3.51  3.28  2.88  2.28  3.72  3.06  4.18  3.66  4.53   7.1  16.6  7.14  5.46  4.86  5.33  4.65  10.7  10.5  10.3  29.6  4.66  12.3  29.8
C1909TS123_2 0.428  3.67   4.4  5.22  2.77  4.41   2.9  5.31  4.62  6.17  4.07  4.65  2.25  3.29  4.02  2.22   2.3  3.35  3.58   2.7  2.95  2.71  2.56   3.0  4.66  3.82  4.54  3.86  2.18  3.56  3.54  4.86  29.8   5.6   4.5  29.8  9.59  19.4  29.8
C1909TS123_3   0.4  5.11  4.28  6.03   6.5  4.56  3.98  6.36  4.94  10.9  4.21  4.34  2.47  3.57  5.12  2.64  4.29  3.09  3.91  2.75  4.39  2.87   3.0  2.39  3.97  2.65  22.8  4.52  2.22  4.57  3.13  3.47  29.8  6.87  6.74  29.8  8.72  29.8  29.8
C1909TS278_4 0.401  4.81  3.34  5.87   4.5  3.13  7.79  8.82  3.81  6.81   3.5  4.47  2.64  2.79  4.04  1.98  3.44  3.21  4.42  3.56  6.45  5.05  4.12  5.98  3.41  5.46  17.9  5.83  4.08  2.92  3.01  2.96  3.79  7.16   5.4  18.8  8.86  29.8  29.8
C1909TS414_5 0.384  23.1  29.8  29.8  5.66  3.46  5.01  6.11  2.81  4.61  4.78   7.0  3.98  4.59  5.74  1.98  2.33  2.25  3.25  3.11  3.58  3.05  4.38  5.12  8.55  7.53  9.77  29.8  6.44  6.35  4.75  1.69   6.0  4.25  9.57  5.49  5.45  29.8  8.65
C1909TS182_2 0.384  7.77   4.0  29.8  5.65   4.2  5.88  29.8  6.56  7.71  3.96  13.9  4.73  4.74   3.5  1.53  2.72   3.2  3.21  3.22  6.55  5.02  4.36  3.03  9.56  3.59  5.38  6.27  7.02  4.43   5.9  3.49  4.88  7.93  4.17  7.32  5.37  8.56  11.0
C1909TS003_3 0.383  6.38  13.6  29.8  29.8  29.8  29.8   6.5  4.12   7.8  3.72  5.04  2.48  3.34  4.06  1.77  2.81  3.93  3.98  2.93   3.7  4.09  4.21  3.83  3.76  2.97  25.7  11.6  4.06  4.06  5.76  3.91  6.77  6.58  3.66  7.29  6.87  29.8  6.02
C1909TS258_1 0.437  4.48  3.66  10.3  4.05  3.07  3.46  3.57  4.37  5.61  3.58  5.11  2.81  2.95  3.87  2.59  3.39   3.7   3.2  2.83  2.77  2.44  2.52   2.7  3.37  2.27   6.3  4.62  1.74  4.04  3.19   4.1  6.49  5.47  4.81  29.8  5.83  7.23  29.8
C1909TS345_1 0.488  5.88   6.7  3.32  4.14  3.32  1.83   3.5  1.67  2.69  1.96   2.1  2.65  3.29  2.68   1.2  2.75  2.11  2.55  1.28  2.97  2.49  2.75  1.21  4.18  3.61  4.63  6.02  3.57  2.15  2.23  2.16  3.34  3.69  4.74  29.8  5.63  29.8  9.79
C1909TS044_1 0.396  5.11  5.17  4.21  6.33  4.86  5.44  16.1  6.66  5.78  4.56  5.87  1.99  29.8  14.1  2.93  4.26  4.16  4.44  2.38   3.1  4.12  5.79  4.23  7.92  2.75  2.16  2.93  4.64  3.04  6.19  3.32  29.8  2.95  4.41  10.5  8.03  13.3  8.34
C1909TS345_3  0.48  8.44  10.1  10.9  5.56  3.07  2.97  3.05   2.0  2.75 0.731  2.72  2.21  3.38  2.54 0.924  2.45  2.24  2.33  1.23  3.06   3.7  3.89   2.0  4.43  3.45  6.18  29.8  3.67  3.04  4.32   4.7  3.54   3.2  3.22  2.66   3.0  4.33  3.79
C1909TS247_4 0.419  6.15  4.37  3.58  4.25  3.35  2.33  4.79  4.82  4.14  4.78  6.21  2.75  3.99  3.94  1.72  4.25  3.13  3.39  3.28   4.0  5.75  4.14  2.84  7.75  3.28  24.3  29.8  3.97  4.11   2.8  1.99  3.63  2.28  5.26  7.07  11.0  17.4  29.8
C1909TS003_1 0.312  4.97  8.54  14.1  29.8  4.23  24.3   7.5  3.53  6.21  4.37  6.42  3.53  7.39  8.52  4.37  29.8  29.8  24.5  29.8  29.3  20.4  4.62  7.13  6.36  3.34  8.95  29.8  13.5  8.78  8.23  5.04  29.8  29.8  5.66  8.19  4.56  8.62  29.8
C1909TS258_3 0.443  3.52  3.61  2.74   3.0  4.98  2.15  4.63  3.95  9.35  4.42  4.77  2.83   2.9  3.75  2.28   3.1  2.74  3.23  2.79  2.88  2.68   2.6  3.19  4.43  5.53  6.26  3.04   1.7  4.03  3.94  3.91  3.16  4.75  4.94  11.3  10.3  17.9  29.8
C1909TS347_1 0.314  29.8  7.23  29.8  29.8  11.6  29.8  29.8  6.83  3.67  5.52  8.93   3.0  4.68  6.23  2.37  3.78  4.29  4.37  3.19  4.13   4.7  5.08  5.22   4.5  5.56  7.67  29.8  29.8  29.8  29.8  7.61  29.8  29.8  29.8  29.8  29.8  29.8  29.8
C1909TS123_1 0.413  5.13  4.37  4.86  5.12  3.25  2.84  5.37  6.19  6.79  4.29  4.33  2.36  3.18  5.37  2.74  4.31  3.15  4.58  3.08  4.11   3.5   3.2  4.76  2.77  2.88  5.72  3.34  2.08  4.32  3.95  3.48  4.35   5.5  9.26  29.8  7.22  29.8  29.8
C1909TS182_1 0.393  9.54  1.93  3.84  4.57  3.36   5.3  8.14  3.32  5.66  3.72  8.83  5.44  5.29  3.85  2.42  2.92  3.49  4.45   3.6  7.85  4.28  3.47  7.55   8.2  2.72  10.6  12.7  5.88  3.96  3.79  2.27  3.98  5.27  11.6  17.8  4.99  29.8  29.8
C1909TS258_2 0.452  3.92  3.35  2.95  2.74  2.62  2.86  3.06  3.18  4.24  4.19  4.09  2.83  2.61  3.68  2.29  2.76  2.71  3.37  2.75  3.29  3.18  3.02  4.25  3.47  3.59   6.5  2.77  2.52  3.88  2.74  2.96  29.8  8.57  11.1  7.41  6.35  7.85   5.3
C1909TS247_5 0.341  9.77  5.82  16.3  12.4  4.65  17.4  8.98   5.1  8.96  3.53  4.86  3.66  29.8  10.4  4.01  6.55  29.8  29.8  29.8  8.82  29.8  8.34   3.9  7.68  4.53  5.65  6.19  3.74  3.84  3.07   4.0  9.03  6.17  3.59  5.65  3.57  16.2  29.8
C1909TS345_2 0.461  9.97  6.65  7.03  4.74  2.92  2.59  4.26  3.39   3.0  2.47  2.44  2.57  3.67  2.45 0.997  2.49  2.07  2.39  1.08  2.99  3.52  3.97   1.8  4.66  3.08  5.71  6.87  4.04  4.71  3.92  2.52  3.87  2.23  4.68  8.31  7.34  29.8   6.1
C1909TS103_1 0.384  6.01  4.04  7.06  3.06  3.12  7.22  29.8   8.3  4.41  2.23  3.84  4.28  4.66  3.64  2.26  3.49  3.56   4.8  3.57  4.34  5.78   5.1  3.26  6.87  6.91  29.8  12.3  15.6  29.8  29.8  5.51  29.8  4.15  2.27  5.48  3.27  8.74  6.36
C1909TS247_1 0.377  8.13  5.59  4.16  4.94  5.69  4.41  18.4  5.17  13.1  4.55  5.96  3.16  3.76  3.99  2.56  5.09  3.49   5.3  4.22  6.11   4.7  3.84  5.13  8.39  4.87  5.36  6.02  1.84  3.79  2.65  2.49  12.6  12.1  7.86  12.2  6.74  29.8  29.8
C1909TS414_2 0.408  9.69  7.82  29.8  5.91   5.7  3.76  7.16  2.89  2.82 0.586  3.53  4.49   3.4  2.79  1.52  2.65  2.31  2.56  2.67  5.08  4.73  4.29  3.68  7.84  6.95  29.8  29.8   4.5   8.8  6.85  1.56   4.9  6.89  3.83  4.96  5.65  13.8  29.8
C1909TS182_5 0.375  7.71  3.71  5.39  7.65  3.88  6.97  29.8  19.2  4.54  5.09  14.3  5.55  4.49  4.87  2.25  3.56  3.78  4.03  2.95  9.02   6.0   3.5  3.34  6.59  6.86  6.47  4.55  7.05  4.03  4.04  3.77   5.7  8.09  4.83  6.85  5.21  7.72  8.61
C1909TS066_1 0.422  8.82  6.24  4.68  4.46  1.99  4.61  4.61  4.72  4.51 0.783   2.8  2.96  3.83  3.28  1.94  3.04  3.56   3.2  1.84  3.98  3.12  3.79  2.28  3.63  4.48   5.7  29.8  7.74   6.1  3.61  3.94  6.43   6.5   7.3  13.5  8.11  6.69  12.7
C1909TS278_3 0.408  5.97  5.26  5.26  4.84  4.88  8.59  8.58  29.8  10.0  4.79  4.16  8.14  3.81  3.23  1.48  3.02  2.81  3.05  1.31  4.06   5.2  5.01  3.77  8.76  4.37  5.11  10.5  3.38  3.91   3.6  2.49  5.21   7.5  3.67   5.4  2.81   3.6  29.8
C1909TS123_4 0.387  9.78  3.98  3.65  3.05  3.66  6.88  19.6  3.53  8.52  4.64  6.21  3.55  4.85  4.65  2.79  5.35  6.11  3.49  2.85  4.56  6.02  3.08  4.45   4.1   3.5  5.13   3.8  4.37  6.15  7.55   3.9   7.0  4.67  29.8  29.8  4.56  8.34  14.3
C1909TS123_5 0.377  7.47  4.21  5.33  4.58  5.38  4.85  6.58  4.12  23.8  4.24  5.22  2.98  4.27  5.26  2.69  3.79  3.68  3.44  3.27  7.01  5.87   3.7  3.75  4.48  4.99  17.4  6.99  3.77  7.22  5.89   4.2  28.2  5.79  7.61  29.8  4.09  29.8  8.23
C1909TS278_2 0.405  9.48  5.38  29.8  16.8  7.71  8.74  8.63  5.26  9.17  3.85  4.81  2.36   3.5  3.33  1.49  2.73  2.31  2.38   1.1  3.23  2.32  3.23  2.57  3.93  5.54  5.07  8.99  4.27   2.7  3.21  14.1  29.8  3.92  5.03  14.5  8.38  29.8  29.8
C1909TS182_4 0.396  5.92  2.57  8.59  3.97  3.73  4.58  29.8   6.8  8.48  4.63  11.8  4.61   4.6  3.35   2.3  3.96  4.06  3.84  3.26  5.76  3.51  3.45  2.77  6.46  2.99  5.38  7.91  5.23   5.5  4.09   3.9  3.28  4.37   5.2  29.8  5.98  6.65  8.89
C1909TS414_3 0.387  9.53  5.79  19.8  6.19  5.66  29.8  29.8  3.41  4.24  1.91  3.37  4.05  2.73  3.01  1.84  2.69   2.6  2.52  2.04  5.73   4.8   3.9   4.2  14.5  6.28  5.97  14.4  5.71  9.76  10.9  4.21  6.06  5.51  8.32  6.85  4.45  9.53  10.9
C1909TS247_2 0.383  5.15  3.41  2.93  4.39  11.2  7.04  5.74  19.9  6.85  6.84  7.12  2.01  7.54  4.38  2.44  3.14  3.68  4.84  3.29  4.78  5.25  3.81  2.48  8.04  2.37   3.5  4.86  7.38  4.51  3.38  2.65   6.6  9.07  8.35  29.8  13.8  29.8  29.8
C1909TS345_5  0.47  6.25  4.12  29.8   4.6  3.36  4.52  3.53  2.46  3.84 0.588  2.64  2.23  3.37  2.67  1.34  2.45  3.36  2.79  1.69  3.49  3.53  3.11  2.63  3.37  3.69  3.45  5.69  5.06  4.02  4.76  3.29   4.1  2.96  2.35  5.68  2.94  5.01  6.03
C1909TS414_1 0.399  11.5  6.66  29.8  6.76  5.06  4.97  4.94  22.8  4.86  3.33  3.24  2.31  2.79  3.29  1.67  2.98  2.88  4.04  2.01  4.56  5.08  3.73  5.27  29.8  23.1  5.86  7.57  6.33  5.32  8.09  2.02  4.19  4.98  3.52  4.84  4.72  10.1  11.8
C1909TS258_5 0.407  4.96  4.02  4.79  5.51  14.5  7.15  5.61  4.31  8.15  11.5  7.96  2.13  3.79  4.69  1.68   3.7  3.19  3.88  3.05  3.66  2.88  2.65  2.75  3.63  4.34  6.89  2.88  3.05  4.22  5.55  6.02  9.55  3.99  8.59  5.62  4.98  8.78  14.5
C1909TS066_2 0.352  6.28  4.27  29.8  29.8  3.55  8.43  13.0  4.29   4.9  4.48  6.86  3.85  4.52  4.39  1.87  3.47  4.37  3.77  2.65  5.68  5.07  3.97  2.57  6.83   4.7  5.47  29.8  22.4  29.8  29.8  7.11  29.8  9.13  6.04  9.02  6.51  29.8  29.8
C1909TS278_1 0.433  4.62  6.16  4.81   2.3  4.18  2.83  3.33  3.89   3.0  4.15  3.67  2.04  3.12  4.41  2.11  3.93  3.96  3.38  2.85  4.75  4.97  3.65  3.37  5.63  5.77   7.7  9.77  4.47  2.31  2.87  2.17  2.66  2.32  3.62  10.0  22.0  29.8  29.8
C1909TS200_1 0.393  6.69  3.98  4.76  4.54  3.56  4.96  6.82  3.08  13.3  3.64   7.7  3.28   3.8  8.45  4.18  4.22  4.22   7.2  4.13  4.54  7.12  4.99  2.93  6.68  5.78  29.8  4.44  4.44  6.77  3.73  2.32  4.86   3.0  4.33  9.62  2.88  5.64  12.5
C1909TS258_4 0.413  3.39  3.24  4.51  11.0   6.7  6.14  5.21  3.68  3.71  4.33  4.29  2.28  2.93   4.4   2.0   3.8  3.53  3.26   2.9  3.89  2.73  2.86  2.96  3.53   5.3  8.41  3.56  3.23  5.34   6.5  2.62  29.8   3.9  7.89  29.8  24.6  8.15  29.8
C1909TS345_4 0.463  6.55  3.83  2.64  4.14  2.73  2.64  4.49  4.36  3.49  1.83  3.83  2.29  3.38  2.73  1.71  2.85  2.57  3.22   3.4   4.6  3.44  3.99  2.32  5.37  2.44  3.47  6.06  5.51  4.46  4.69  2.45  3.56  2.94   2.8  3.68  4.44  9.46  6.09
C1909TS247_3 0.366  12.3  4.95  13.9  4.47  3.37  4.85  10.9  4.82   6.2  4.35  5.01  3.57  3.43  6.68  3.07  5.57  4.55  4.77  3.39  4.76  6.17  4.21  3.67   6.1  3.96  29.8  29.8  4.67  5.86  5.21  4.44  5.85  7.73  4.69  10.2  6.82  29.8  29.8
C1909TS240_2  0.33  5.24  2.81   3.8   5.6  5.63  10.1  29.8  5.54  8.06  11.0  29.8  29.8  26.3  29.8  29.8  29.8  29.8  29.8  29.8  4.83  5.21  4.71  2.65  6.29  4.31  5.48  29.8  4.54  3.47  4.26  2.32  4.71  2.72  7.61  10.9  6.66  29.8  29.8
C1909TS067_4 0.333  11.0  29.8  29.8  6.42  5.97  11.6  7.83  3.64  4.69  4.44  6.97   3.7  8.25  9.48  29.8  29.8   7.0  29.8  29.8  6.49  6.41  5.31  3.35  5.53  4.67  4.76  4.15  3.39  8.96  29.8  5.85  6.75  3.68   4.5  6.45  8.43  7.48  8.29
C1909TS299_3 0.408  5.97  5.26  5.26  4.84  4.88  8.59  8.58  29.8  10.0  4.79  4.16  8.14  3.81  3.23  1.48  3.02  2.81  3.05  1.31  4.06   5.2  5.01  3.77  8.76  4.37  5.11  10.5  3.38  3.91   3.6  2.49  5.21   7.5  3.67   5.4  2.81   3.6  29.8
C1909TS087_1 0.506  3.08  1.96  2.87  2.99  3.19  3.82  5.98  4.46  5.46  1.88  2.27  2.56  2.85   2.5  2.86  3.46  3.47  2.38  1.74  3.97  3.74  3.44  2.38   3.4  4.65  5.51  11.1  2.84  2.68  2.12  1.97 0.773  2.04  2.19  3.51  1.91  2.58  2.44
C1909TS413_1 0.434  4.06  4.97  4.88  6.11  4.02  5.84  29.8  3.94  5.37  3.63   5.8  2.27  3.02  4.45  2.53  2.95  3.68  2.85  2.86  4.36  4.75  2.05  2.94  12.7  3.61  4.31  3.09 0.897  4.04  2.17  2.69  3.56  3.84  3.53  9.62  4.07  29.8  29.8
C1909TS158_3 0.381  9.25  4.26  3.99  4.33  4.12  7.47  6.41  3.95  5.66  4.05  29.8  5.11  10.8  7.54  3.69  4.83  5.22  3.42  2.23  4.52  3.98  4.79  5.67  9.21  3.95  29.8  15.2  3.74  3.76  2.88  3.02  2.59   3.6  5.88  29.8  5.53  10.7  29.8
C1909TS158_2 0.416  5.49   4.9  5.22  3.29  4.46   3.5  9.46  5.99  8.69  3.95  5.55  2.42  3.44  4.71  2.65  3.94  3.06  3.99  3.01  3.21  3.08  2.46  2.94  4.12  5.62  5.26  3.12  2.28  4.43  5.14   3.4  7.52  5.64  3.85  29.8  5.03  8.94  29.8
C1909TS299_2 0.405  9.48  5.38  29.8  16.8  7.71  8.74  8.63  5.26  9.17  3.85  4.81  2.36   3.5  3.33  1.49  2.73  2.31  2.38   1.1  3.23  2.32  3.23  2.57  3.93  5.54  5.07  8.99  4.27   2.7  3.21  14.1  29.8  3.92  5.03  14.5  8.38  29.8  29.8
C1909TS067_5 0.383  4.95  5.56  8.85  5.22  3.41  4.76  5.15  3.15  4.69  3.93  4.63  2.64  3.47  3.38  2.23  3.69  4.26  4.67  4.23  6.87  5.61  4.36  4.77  5.56  6.72   7.8  29.8  10.7  4.75  4.47  4.66   5.5  4.68  4.07  9.63  4.27  29.8  29.8
C1909TS240_3  0.33  7.16  9.92  29.8  29.8  29.8  29.8  29.8  5.01  9.13  4.55  7.01  4.87  4.82  5.42   4.1  9.01  4.72  29.8  5.39  29.8  8.78  4.71  3.13  7.34  3.67  10.3  29.8  3.33  5.72  4.78  5.36  5.94  4.58  3.54   5.3  6.52  29.8  7.37
C1909TS240_1 0.379   6.7  10.3  29.8  29.8  6.39  5.87  29.8  18.6  15.6  3.02  4.09  2.64   4.4  7.33  4.01  5.63  2.88  7.45  4.47  8.57  11.4  2.28  3.96  3.68  2.48  4.16   3.9  7.38  4.55  4.11  2.82  4.24  4.97   5.8  29.8  5.12  6.08  2.87
C1909TS413_2  0.41  11.5  6.53  29.8  6.46  4.51  15.6  4.12  3.31  5.37  3.28  4.13  2.52  3.32  6.66  2.57  3.44  4.32  4.36  3.12  4.96  5.14  4.14  3.55   7.7   2.2  3.68   3.6  2.12  3.26  2.66  2.77  3.14  3.57  4.33  7.06  4.75  29.8  29.8
C1909TS087_2   0.5  3.49  2.96  3.54  3.16   3.4  3.21  3.17  4.33  4.23  1.21  2.72  1.65  3.06  2.24  1.42   2.6   2.7   2.6  1.49  3.87  3.53  3.38  2.34  3.01  4.69  4.37   4.7  3.33  2.98  2.01  1.57  2.95  1.72  3.73  5.09  3.07  4.91  5.89
C1909TS301_1 0.396  5.11  5.17  4.21  6.33  4.86  5.44  16.1  6.66  5.78  4.56  5.87  1.99  29.8  14.1  2.93  4.26  4.16  4.44  2.38   3.1  4.12  5.79  4.23  7.92  2.75  2.16  2.93  4.64  3.04  6.19  3.32  29.8  2.95  4.41  10.5  8.03  13.3  8.34
C1909TS158_1 0.379   7.2  29.8  29.8  8.03   5.0  3.71  4.44  3.87  7.82  3.17  8.42   3.5  5.88  6.14  2.88  4.48  3.46   4.6  3.73  3.48  3.57   3.5  5.14  9.76  5.46  29.8  29.8  3.36  3.71  4.99  3.69  4.76   7.1  3.86  10.6  4.15  6.61  6.54
C1909TS299_1 0.433  4.62  6.16  4.81   2.3  4.18  2.83  3.33  3.89   3.0  4.15  3.67  2.04  3.12  4.41  2.11  3.93  3.96  3.38  2.85  4.75  4.97  3.65  3.37  5.63  5.77   7.7  9.77  4.47  2.31  2.87  2.17  2.66  2.32  3.62  10.0  22.0  29.8  29.8
C1909TS413_3 0.421  6.11  4.76  4.81  10.5  3.76   4.6  6.18  4.65  10.2  4.78  6.23  4.31  5.25   6.0  2.91  3.05  3.11  3.95  2.17  4.13   4.3  2.67  2.25   5.8  5.13  6.35  5.26  2.89  3.85  3.17  3.27  1.73  3.34  3.44  6.27  3.84  5.72  6.26
C1909TS087_3 0.494  4.02  2.75  2.98  3.93  3.22  3.29  4.35  3.98   5.6  1.53  2.43  2.05  3.33  2.33  1.55  2.77  2.49  2.27  1.18  3.41  2.34  3.38  2.22  3.16  3.82  4.91  5.11  2.83  2.27  2.02  2.05  2.58  1.89  3.19  6.53   4.3  29.8  8.94
C1909TS240_4 0.341  6.39  14.8  29.8  29.8  29.8  29.8  29.8  8.38  13.4  3.89  4.68  1.97  3.26  4.85  3.29  25.2  3.24  29.8  29.8  29.8  29.8  2.59   5.0  4.34  3.98  8.11  29.8  29.8   4.1  4.77  2.71  3.44  3.15  3.72  5.63  6.27  29.8  29.8
C1909TS299_5 0.369  5.04  5.16  8.84  7.54  6.71  5.83  12.6  5.16  14.9  5.81  29.8  5.53  4.35  4.37  2.53  3.51  3.28  2.88  2.28  3.72  3.06  4.18  3.66  4.53   7.1  16.6  7.14  5.46  4.86  5.33  4.65  10.7  10.5  10.3  29.6  4.66  12.3  29.8
C1909TS067_2 0.376  14.4  4.07  29.8  5.57  7.81  12.8  5.22  2.78  3.56  3.12  4.13   2.9  3.62   3.9  2.22  3.75  4.85  4.21  2.63   4.6  4.51  3.64  4.62  7.65  29.8  29.8  29.8  11.9  4.46  4.49  4.64  5.83  4.35  3.98  26.1  5.34  29.8  4.51
C1909TS158_5 0.387  5.16  3.32   9.2  4.11  2.41  4.41  5.45  5.76  5.73  4.07   5.7  3.17  3.72  4.25  2.58  4.95  3.71  3.76   3.6  6.86  4.19  3.37   4.4  5.31  3.91  5.94  3.91  4.94  4.17  5.97  5.99   9.3  14.1  2.89  29.8  8.66  29.8  29.8
C1909TS102_2 0.417  4.52  8.76  5.82   8.0  3.63  1.88  7.34  3.55  5.04  4.48  4.09  2.76  2.73  4.02  1.76  3.72  2.42  3.12  3.11  5.27  4.48  3.91  4.28  5.76  6.95  6.15  29.8   6.1  4.72  4.97  2.01  3.36  3.75   4.0  6.46  4.67  5.18  12.4
C1909TS359_1 0.406  6.37  4.83  6.01  5.05  7.33  5.55  9.95  3.98   7.8  7.58  4.41  1.06  3.01  2.84  1.48   2.4  2.28  2.92   2.1  4.65  4.69   4.0  4.26  9.47  5.85  5.37  12.0  3.02   4.6  4.28  5.33  5.15  4.07  6.31  29.8  4.13  29.8  14.0
C1909TS158_4 0.317  6.21   6.1  29.8  29.8  23.5  29.8  29.8  7.24  6.42  3.92  4.98  3.03  3.71  4.14  2.23  3.73  3.41  3.87   2.5  4.71  4.18  4.89  16.8  10.2  10.3  29.8  29.8  9.57  13.0  29.8  5.32  29.8  29.8  29.8  29.8  6.82  29.8  17.9
C1909TS067_3 0.342  29.8  29.8  29.8  5.65   5.7  6.04  29.8  4.01  6.95  5.27  8.51  2.62  5.28  4.58  2.61  3.35  5.47  5.09  5.33  7.49  5.83  2.45  4.04  4.98  4.28  12.2  6.82  5.45  29.8  29.8  7.15  29.8  29.8  6.39  29.8  7.23  6.34  5.32
C1909TS299_4 0.401  4.81  3.34  5.87   4.5  3.13  7.79  8.82  3.81  6.81   3.5  4.47  2.64  2.79  4.04  1.98  3.44  3.21  4.42  3.56  6.45  5.05  4.12  5.98  3.41  5.46  17.9  5.83  4.08  2.92  3.01  2.96  3.79  7.16   5.4  18.8  8.86  29.8  29.8
C1909TS240_5 0.364  7.17  29.3  29.8  29.8  29.8  29.8  29.8  5.15  7.26  3.15  3.65  2.12  3.36  4.95  3.18  6.51  2.91  29.8  29.8  29.8  3.46  2.08  5.96  4.76  4.56  8.82  29.8  8.13   3.3  4.43  2.63  3.29  3.16  3.91  4.98  3.22  9.17  4.87
C1909TS413_4 0.406  9.18  6.54  17.4  4.39  4.86  9.54  7.52  6.38  19.0  4.49  6.09  3.75  5.75  7.34  2.73  3.76  3.82  5.11  4.72  5.67  3.58  3.01  3.01  5.05  3.35  6.33  3.56  2.05  2.81  3.22  4.22  2.69  4.53  3.77  5.49  2.98  5.82  5.04
C1909TS087_4 0.502  3.89  2.88  2.94  3.04  4.55  5.24   3.6  3.01  3.42  1.69  2.53  2.19  2.39  2.68  1.71  3.23  3.01  2.75  1.36  3.74  2.15  2.64  2.01  2.76  3.08  2.59  3.13   2.2  2.15  2.31  1.93  4.35   3.7  2.74  4.28  3.95  29.8  7.05
C1909TS067_1 0.383  4.95  5.56  8.85  5.22  3.41  4.76  5.15  3.15  4.69  3.93  4.63  2.64  3.47  3.38  2.23  3.69  4.26  4.67  4.23  6.87  5.61  4.36  4.77  5.56  6.72   7.8  29.8  10.7  4.75  4.47  4.66   5.5  4.68  4.07  9.63  4.27  29.8  29.8
C1909TS102_1 0.384  6.01  4.04  7.06  3.06  3.12  7.22  29.8   8.3  4.41  2.23  3.84  4.28  4.66  3.64  2.26  3.49  3.56   4.8  3.57  4.34  5.78   5.1  3.26  6.87  6.91  29.8  12.3  15.6  29.8  29.8  5.51  29.8  4.15  2.27  5.48  3.27  8.74  6.36
C1909TS413_5 0.427  8.47  7.47  29.8  4.45  3.62  3.57  2.57  3.18  4.87  3.65  4.66   1.8  2.99  6.02  2.58  3.59  3.39  4.44  3.27  4.91  5.41  2.74  4.85   7.5  3.62  6.37  5.21  3.56  4.87  2.12  2.14  2.61   4.0  3.55  8.55  4.38  6.99  5.06
C1909TS152_1 0.399   4.3  3.86   4.3  3.49  5.09  6.31  29.8  4.93  7.43  3.03  4.74  4.07  5.22  4.39  2.91  4.45  3.71  4.28  4.17  4.67  3.15  3.68  4.12  8.03  4.22  5.32  12.9  3.87  4.58  8.11  6.61  11.0  4.26  3.48   4.8  2.11  5.07  6.43
C1909TS131_2 0.488  3.81  2.69  4.06  2.91  3.78  3.28   4.4  4.15  2.99   0.0  2.48  2.49  3.69  3.29  1.26  2.88  2.81  2.47  1.76  4.04  3.57   3.1   2.3  2.46  4.26  4.83  4.01  2.06  3.95   3.6   2.6  2.49  3.22   2.9   5.2  3.59  8.14  6.39
C1909TS309_3 0.379  7.79  4.95  14.6  4.44  5.13  4.49   5.0  4.97  10.2  3.59  4.73  2.56  2.56  4.77  2.26  4.08  4.61  4.72   4.0  4.71  5.85  4.16  4.26  9.86  10.8  29.8   6.4  5.39  10.3  11.8  3.09  4.16   4.8  3.27  10.6  5.86  9.96  29.8
C1909TS230_2 0.443  5.05  3.12  5.05  3.32  3.65  5.62  14.9  4.37  7.23  1.05  2.91   2.7  4.48  4.11  2.63  3.56  3.27   3.7  3.85  3.53  2.61  3.57  2.98  3.52  3.12  3.87  2.07  1.89  3.76  5.04  4.41  4.34  7.05  4.14   6.0  3.81  10.8  5.46
C1909TS054_2 0.396  5.45  3.42  3.27  6.98  6.48  29.8  29.8  11.5  6.99  3.27  4.29  3.59  3.76   3.5  1.68  2.83  3.19  3.28  1.76  3.69  3.19   3.5  3.18  4.49  4.44  6.93  29.8  4.61  4.76  6.08  6.57   8.0  11.5  4.93  7.91   4.3  13.2  29.8
C1909TS273_4 0.424  3.67  2.74  5.27  3.53   4.9  8.18  29.8  5.26  5.09  4.05  8.74  3.94  3.56   4.9  2.86  4.39  3.49  7.21  3.92  5.59  5.37  2.38  5.15  6.64  2.48  3.66  2.56  2.22   2.9  2.96  1.92  3.02  3.44  4.91   6.7  3.74  12.2  6.35
C1909TS273_5 0.366  5.89  4.22  11.3  4.37  5.07  3.96  19.8  5.14  12.1  5.23  5.24  4.81  29.8  5.18   3.8  4.95  7.84  6.18  7.45  8.28  6.53  2.24  4.53  5.61  3.74  4.71  3.21  3.05   4.5   4.6  29.8  29.8  13.6   6.2  4.57  3.42  9.87  5.84
C1909TS054_3 0.363  24.3  7.04  12.5  23.7  4.68  6.13  12.5  2.53  6.28  2.53  5.59  7.63  9.14  5.14  3.05  5.17  4.12  3.72  1.94  4.39  3.67  3.02  2.48  3.94  4.27  5.47  29.8  6.56  8.28  29.8  4.44  29.8  29.8  19.7  29.8  5.51  12.7  5.49
C1909TS230_3 0.418  4.06  3.15  6.61  3.36  3.32  4.21  29.8  3.86  5.17  4.83  6.59  4.27  5.13  5.88  2.28  4.31  3.74   3.9   2.1   4.2  3.93  2.87  2.78  5.55  2.81  3.38  2.22  2.86  4.98  5.93  4.36  5.91  5.13  12.8  29.8  4.55  5.27  4.28
C1909TS309_2 0.375  7.72  5.03  9.59  6.77  3.95  9.11   7.8  4.81  6.78  4.23  4.17  2.62  2.64  3.07   1.8  3.82  3.22  3.81  3.73  5.39  4.53  2.96  3.93  7.39  5.67  29.8  29.8   4.5  4.36  9.61  3.89  3.58  13.4  3.86  29.8  8.91  29.8  29.8
C1909TS131_3 0.503  4.46  2.76  5.04  3.91  2.84  3.31  3.64  2.72  4.68  3.64  4.58  1.48  2.16   3.4  1.46  2.04   2.9  2.17   2.2  3.16  3.18   2.9  2.68  4.65  1.24  3.73  2.21 0.385  2.82  2.28  2.13  2.48  3.11  2.53  4.77  3.74  6.79  10.7
C1909TS131_1 0.497  4.91  3.65  4.92  4.08  3.44  3.65  3.95  2.59  4.66  3.63  4.36  1.37  2.08  3.35  1.31  2.09  3.19   2.4  3.03  4.02  3.41  2.81  2.74  3.57  1.13   3.2  2.19 0.305  2.72  2.27  2.13  2.48  3.07  2.71  4.77  3.97  6.86  11.6
C1909TS152_2 0.414  10.9   4.8  3.25   3.0  4.62  3.39  5.84  4.54  3.75  4.01  4.95  2.58  3.51  3.38  1.89   3.6  2.93  3.81  2.61  4.72  5.75  5.42  3.13  6.18  3.01  11.4  29.8  4.05  3.85  2.56  1.91  5.61  4.84  4.72  13.8  6.01  29.8  29.8
C1909TS230_1 0.452   3.9  4.63  4.67  3.23   3.5  5.46  3.75  7.98  3.08  1.92  2.88   3.3  3.54  3.32  1.65  2.63  3.54  3.89  2.78  3.67  2.78  2.96  2.19   3.1  4.34  4.47   6.0  2.43  3.28  2.95  2.72  4.79  6.36  2.66  7.11  3.45  16.9  29.8
C1909TS054_1 0.439  7.69  4.28  3.02  4.46  3.38  3.35  29.8  3.55  5.01  2.63  4.21  3.31  3.29  3.48  1.53  3.27  3.19  2.77  1.46  3.96   4.2  3.52  2.61  3.98  4.98  7.22  29.8  6.14  3.58  3.06  2.13  3.08  4.44  3.15  5.83  3.06  16.0  10.6
C1909TS404_5 0.349  5.63  5.42  5.64  4.44   5.1  29.8  29.8  3.28  5.99  4.11  5.55  5.31  7.07  5.82  2.95   7.2  4.04  6.89  4.44  6.02  4.07  18.5  29.8  28.2  6.13  29.8  4.66  4.88  2.51  3.12  3.83  7.22   4.0  5.29  12.9  29.8  29.8  29.8
C1909TS210_4 0.341  5.01  3.54  6.78   9.2  7.69  29.8  29.8  10.6  29.8  7.61  4.82  5.69  6.41   9.1  7.39  5.49  29.8  4.74  4.67  4.48  7.64  4.33  4.76  10.2  8.67   6.5  13.2  4.37  8.68  3.13  2.61  3.98  3.56  4.05  6.69  29.8  29.8  29.8
C1909TS210_5 0.442  5.92  3.02  2.82  3.88  3.01  2.65  3.68  2.75  11.3  3.59  4.39  3.04  3.83  3.65  2.38  3.85  1.89  2.93  5.51  4.98  5.22   4.0  3.28  5.23  2.92   3.7  3.45  5.61  2.01  4.06   2.9  3.06  4.02  4.17  11.5  4.65  8.54  8.03
C1909TS404_4 0.324  7.04  8.25  29.8  6.03  5.88  10.5  29.8  5.81  6.99   5.5  5.62  4.33  6.51  4.61  3.08  3.61  3.46   4.3  4.12  5.67  3.58  6.28  29.8  29.8  29.8  18.6  29.8  5.63  5.13  9.83  4.18  14.0  29.8  4.07  21.3  8.12  17.8  29.8
C1909TS152_3 0.405  5.75  3.38  3.68  4.78  4.03  6.01  19.9  3.72  6.28  4.84  4.58  3.26  4.09   4.4  2.85  5.58  4.67  3.35  2.84  4.08  4.13  2.96  3.73  3.71  3.33  4.05  3.88  4.09  4.29  6.11  3.87  4.12  4.64  11.7  29.8  3.82  14.9  11.9
C1909TS309_1 0.443  12.9  3.73  3.93  3.55  2.46   4.1  6.92  4.62  4.84  2.84  3.69  2.28  2.21  3.25  1.38  3.38  3.04   3.8  1.96  3.46  4.67  4.16  2.29  5.73  3.12  5.97  5.18   3.7  4.01   4.2  2.47  3.53  2.91  4.12  4.99  5.13  29.8  29.8
C1909TS131_4 0.503  4.46  2.75   5.0   3.9  2.84   3.3  3.63  2.71  4.68  3.64  4.56  1.47  2.15  3.39  1.46  2.04   2.9  2.17   2.2  3.16  3.18   2.9  2.68  4.65  1.24  3.73  2.21 0.378  2.81  2.28  2.13  2.48   3.1  2.53  4.76  3.74  6.82  11.0
C1909TS309_5 0.435  8.58  6.16  4.71  3.43   2.7  6.09  8.48  4.37  5.94  3.06  3.47  2.42  2.49  3.14  1.36  2.42  2.29  2.53  2.03  4.12  6.68  4.33  2.22  4.89  3.82  8.79  12.6  4.12  4.97  2.47  2.38  3.93  2.91   4.0  5.15  5.23  29.8  11.4
C1909TS230_4 0.441  5.27  4.01  4.27   2.2  2.39  12.6  3.66  3.48  3.58  2.41   4.1  3.97  6.95  2.15  2.76  6.06  3.49  4.37  3.49  3.81  2.12  3.15  3.22  4.51  3.88  8.06  4.59  3.76  5.56  3.81  4.07  5.11  4.97  3.42  3.46  2.48  5.02  4.27
C1909TS054_4 0.389  3.89  4.24  6.96  5.68  6.95  8.38  29.8   5.2  5.77  2.73   3.6  2.82  4.38  4.75  1.82  2.93  3.28  3.51  2.38   4.3  5.26  3.92  3.58  4.27  3.35  8.34  10.8  4.89   3.8  7.82  6.09  29.8  7.47  7.13  8.66  5.25  8.21  8.43
C1909TS210_1 0.483  2.98  2.29  2.87  3.47  4.41  4.76  2.77  2.36  3.69  4.12  5.97   3.6  3.66  3.31  1.35  2.47   1.6  1.88  2.41  3.66  2.43  4.16  3.41  6.47  2.88  3.25  4.74  4.52  2.34  2.22   1.6  4.34  3.85  2.52  3.37   4.1  5.06  5.94
C1909TS273_2 0.429   5.6  2.74  5.77  5.64  11.2  6.56  17.3  5.75   7.0   3.8  9.08  29.8  5.75  5.07  4.12  3.59  3.45  3.34  2.81  5.92  5.16   2.5  5.96  6.26  2.55  3.33  1.73   2.0  3.33  2.14  2.12   2.5  4.98   3.2  3.59  2.75  3.48  5.17
C1909TS273_3 0.427  6.44   5.9  6.38  3.25  5.99  4.08  5.85   3.5  9.39  4.58  6.94  29.8  12.0  7.99   3.6  3.14  2.81  2.45  1.56  4.39  2.83  3.09  3.44  2.82  3.05  2.92   3.3  2.12  2.55  2.86  2.37  2.23  3.81  5.18  9.09  5.03  29.8  13.0
C1909TS404_1 0.353  7.46  4.29  15.6  6.13  3.62  4.54  5.53   4.4  6.54  5.71  6.16  4.42  5.65   4.8  3.09  3.68  3.15  4.09  3.96  5.16  3.78  5.92  29.8  29.8  29.8  10.5  29.8  3.79  3.73  4.95  5.74  11.3  12.5  4.08  8.09  29.8  29.8  29.8
C1909TS054_5 0.395  6.43  4.27  6.63  29.8  5.55  6.97  9.09  5.32  5.69  5.78  4.79  3.75  4.29  4.86  2.32  3.22  4.01  3.18  1.63   3.8  3.64  3.05  2.64  4.27  3.62   5.9  4.85  4.23  4.49  9.11  7.73  29.8  5.67  4.59  10.5  3.95  6.86  6.36
C1909TS230_5 0.287  6.23  8.19  29.8  29.8  15.6  29.8  29.8  29.8  29.8  4.08  6.54  3.51  5.32   5.4  3.02  3.77  3.63  4.24   2.5  5.77  5.51  5.64  3.27  6.05  29.8  29.8  29.8  29.8  29.8  29.8  28.7  29.8  29.8  29.8  29.8  29.8  29.8  29.8
C1909TS309_4 0.396  6.39   5.0   4.4  5.13  3.83  5.72  10.3  8.38  11.9  3.82  4.78  2.94  2.82  2.97  2.04  3.12  3.43  3.53  3.11  4.87  6.36  2.98  2.79  7.44  4.67  5.09  3.91  3.44  4.75   4.6   4.7  7.03  8.46   4.3  29.8  6.15  29.8  19.6
C1909TS131_5 0.507  3.95   2.7  4.96  3.64  2.71   3.5  3.51  2.69  4.55  3.68  4.39  1.36  2.11  3.39  1.41  2.04  2.87  2.17  2.24  3.13  3.15  2.87  2.69  4.66  1.25  3.66  2.23  0.39  2.75   2.2  2.07  2.51  2.88  2.56  4.88  3.77  6.36  11.6
C1909TS152_4 0.399  4.65  4.86   5.1  4.05  4.17  3.47  8.68  7.45  9.46  3.98  4.86  2.49  4.12  4.99  2.41  5.69  3.07  4.22  2.95   3.9  3.75   2.7  4.68  5.51  2.22   7.9  2.46  1.95  5.15  3.95  3.19  17.1  7.46  12.2  29.8  7.04  29.8  29.8
C1909TS404_3 0.332  6.85  4.01  15.8  5.07  5.32  12.8  29.8  5.75  7.14   5.5  5.62  4.33  6.52  4.61  3.08  3.61  3.46   4.3  4.12  5.66  3.59  6.27  29.8  29.8  29.8  18.5  29.8  5.84  5.16  5.87  4.67  7.99  21.9  5.38  19.3  29.8  29.8  29.8
C1909TS273_1 0.335  29.8  4.28  6.55  8.75  3.64  15.3  5.92  4.66  4.62  3.25   6.9  3.88  29.8  9.86   4.8  29.8  29.8  6.33  5.18  4.09  5.06  5.62  7.16  25.9  12.6  8.49  4.43  2.75  3.06  3.58  4.99  4.36  29.8  29.8  29.8  8.84  29.8  29.8
C1909TS210_2 0.325  6.73   3.5  29.8  7.84  5.22  29.8  29.8  6.92  6.35  6.32  5.85  4.58  20.4  8.72  5.22  8.76  29.8  29.8  8.53  7.07  11.7   3.9  4.63  5.17  3.51  5.48  29.8  5.13  3.89  7.33  2.94  9.45  5.03   6.0  29.8  18.0  29.8  29.8
C1909TS210_3 0.458  6.72  1.94  2.48  3.69  3.59  4.07  4.56  3.23  3.15  5.41  6.17  2.12  2.92  4.59  1.56  2.72  2.98  3.26  2.28  4.64  3.15  3.56  2.45  5.33  4.26  7.39  3.25   5.4  2.41   2.6  1.94  4.37   3.3  4.02  5.06  3.91  29.8  4.52
C1909TS404_2 0.353  29.8  5.89  4.88  6.51  4.55  7.46  29.8  5.12  7.27  29.8  8.64  4.48  7.76  4.34  2.62   4.3  4.35  5.48  4.56  4.23  4.22   4.8  3.79  4.34  3.65  7.27  4.99  4.35   5.8  29.8  4.18  5.03  8.03  7.05  6.91  11.5  29.8  29.8
C1909TS196_1 0.417  4.52  8.76  5.82   8.0  3.63  1.88  7.34  3.55  5.04  4.48  4.09  2.76  2.73  4.02  1.76  3.72  2.42  3.12  3.11  5.27  4.48  3.91  4.28  5.76  6.95  6.15  29.8   6.1  4.72  4.97  2.01  3.36  3.75   4.0  6.46  4.67  5.18  12.4
C1909TS152_5 0.419  16.8  6.98  10.1  4.07  3.02  6.39  4.46   3.3  5.01  2.02  2.87  2.95  3.88  4.69  2.56  3.62  2.94  2.81  1.85  4.37  3.84  2.98  4.03  7.69  4.84  8.23  6.53  4.23  3.35   3.1  2.75   3.9  3.53  5.21  17.0   6.5  29.8  9.35
C1909TS405_5 0.344  5.28  3.95  8.82  10.1  29.8  10.1  18.4  4.04  4.06  3.71  5.17  6.76  29.8  19.2  4.38  9.34  29.8  6.92  7.45  4.95  8.56  4.49  4.05  10.2  4.83  5.97  6.27  4.34  7.88  4.55  3.29  4.99  3.16  5.09  9.88  4.51  29.8  29.8
C1909TS211_4 0.453  4.12  3.76  4.05  7.85  9.96  5.05  5.86  2.57  5.22  1.88  3.32  3.29   3.1  3.29  2.67  3.78  2.62  5.43  12.8  2.71  3.29  2.14  2.56  4.26  3.79  25.2  9.55  4.19  3.39  2.31  1.61  2.59  2.34  3.17  3.75  2.79   4.0  5.39
C1909TS073_2 0.398  4.03  2.69  4.45  6.26  12.7  29.8  15.2  2.61  4.55  2.97  3.76  3.68  8.08  3.79   3.8  6.97  3.85  4.09   4.0  5.42   3.5  4.43  2.58   4.5  3.28  4.72  3.55  2.54  3.57  3.95  4.96  6.73  4.95  4.12  9.06  8.91  29.8  29.8
C1909TS349_4 0.405  4.57  6.56  29.8  29.8   3.8  6.94  29.8  4.99  4.82  3.03  2.91  2.83  4.08  2.57  1.46  3.78  2.81  4.04  3.64  6.26  3.74  12.3  8.61  5.97  5.18   5.6  10.1  3.53  3.94  3.22  2.98  3.37  2.99  3.79   4.9  4.19  6.45  29.8
C1909TS010_1 0.428  4.72  5.77  5.26  5.29   3.3  4.91  4.83  5.22  4.71   3.5  4.45  3.04  3.52  2.42  2.45  2.78  3.58  3.03  4.61  5.63  5.61  2.55  8.73  6.26  2.89  4.64  2.69  5.28  3.58  3.05  2.65  2.29  4.12  2.96  4.13  7.47  7.17  29.8
C1909TS389_4 0.406  11.5  6.36  9.08  4.08  3.08  5.06  4.23  3.56  5.69  2.15  4.25  3.86  4.14  5.17  3.23  4.51  2.93   2.9  2.18  4.25  4.19  2.98   3.8  5.15  4.95  7.88   6.4  4.16  3.51  2.92   2.5  4.16  3.95  6.66  23.7  19.3  29.8  29.8
C1909TS369_1 0.437  5.39  5.48  4.74  3.54  4.97  3.03  4.64   3.8  3.05  4.03  3.71  2.39   3.2  3.97  2.28  2.53  2.79  3.94  3.14  2.98  2.78  2.67  2.74  5.08  5.76  4.91  4.34  2.55   4.3  2.94  2.95  3.51  4.91  5.16  10.8  8.34  10.9  29.8
C1909TS438_5  0.43  5.93  3.75  4.01   3.8  4.63  3.82  7.51  3.33  6.26  3.63  4.44  2.44  3.63  3.73  2.58  2.67  3.29  3.27   2.6  2.81  2.82  2.92  2.51  3.21  2.57  4.08   3.7  2.36  5.25  3.54  3.33  9.57  7.64  7.75  20.8  7.89  29.8  16.3
C1909TS438_4 0.421  6.22   3.9  3.89  3.63  4.76   2.8  5.07  4.36  5.52  3.79  4.13  2.74   3.3   3.4   2.3   2.8  3.12  3.22  2.35   2.9  3.53  2.85  4.71   4.0  2.96  6.32  3.27  2.77  4.87   3.6  3.76  29.8  7.39  6.21  29.8  5.46  29.8  29.8
C1909TS215_1 0.432  29.8  6.14  4.67  3.57  2.86  5.94  4.55  2.45  2.99  2.15  3.74  3.15  6.93  3.31  1.81  2.98  2.61  2.71   1.8   3.2  3.88  3.99  3.09  5.35  3.11  6.01  29.8  4.51   4.3  5.23  5.37  7.05  5.82  4.75  5.04  3.14  5.32  3.73
C1909TS389_5 0.394  5.39  3.68  3.95  3.54  5.76  6.02  29.8  5.85  7.95  3.18  4.89  3.72  6.47  4.72  2.99  4.33  3.96  4.36  3.99  4.27  3.13   3.0  4.04  8.82  4.77  6.07  13.6  4.36  5.39  9.76  5.21  11.0  4.18  3.32  5.02   2.4  5.36  5.84
C1909TS349_5 0.401  4.91  8.85  29.8  29.8  3.95  6.79  29.8  4.47  4.77   2.9  2.98   2.7  4.43  2.64  1.53   3.9  3.11  3.93  3.76  6.48   3.7  12.6  6.97  6.08  5.52   7.3  10.5  3.59  3.93  3.36  2.91  3.24  3.08  3.76  4.74  3.98  7.79  29.8
C1909TS228_1 0.419  6.92  3.68  29.8  7.19  7.22  4.22  11.8  4.95  28.4  4.98  3.72  4.39  3.47  3.69  1.72  3.38  3.37  2.74  3.08   4.1  4.15  3.16  5.57  29.8  4.42   3.7   4.1  1.84  3.49  2.81  2.99   3.1  3.67  3.49  4.97  3.13  6.37  7.68
C1909TS073_3 0.412  5.08  3.76  5.44  3.87  3.47  3.01  29.8  3.27  5.32  4.02  2.94   4.1  3.89   4.2  5.12  11.2  3.81  4.21  4.26  5.28  3.87  4.66  2.66  4.71   3.1  4.01  3.09  2.33  4.12  3.87  4.69  4.59  5.22  6.05  7.15  6.31  29.8  4.08
C1909TS211_5 0.453  4.32  4.38  4.41  6.11  6.48  4.51  5.09  2.16  3.53  1.95  2.95   3.4  3.19  3.23  2.98  4.22  2.63  9.52  18.1  3.38  4.05  1.98  2.45   3.9  3.44  15.7  8.23  4.16  3.16  2.38  1.76  3.17  2.61  2.84  3.76  2.64  3.79   5.3
C1909TS405_4 0.344  3.83  4.26  15.1  5.98  4.84  4.68  6.19  4.33   6.9  6.96   6.5  3.28  10.7  29.8  8.33  5.97  7.05   3.6  13.3  6.47  4.75  3.73  3.93  13.8  4.17  8.15  29.8  4.11  6.57  4.74  6.61  29.8  7.08  10.2  13.5  4.42  16.7  29.8
C1909TS010_2 0.426  3.09  2.73  4.68   3.7  5.59   7.2  29.8  4.92  5.17  3.56  8.23  3.78  3.94  7.17  2.97  4.49   3.3  4.42  3.97  6.39  4.69  2.23  5.61  6.25  2.51  3.42  2.28  1.82  2.63  2.64  2.01  2.62  3.43  4.85  7.12  4.79  29.8  29.8
C1909TS228_3 0.409  6.82  2.22  6.55  3.33  6.62  6.93  9.89  29.8  11.8  6.79  7.68  3.36  3.47  3.63  1.62  3.25  4.41  3.34   4.1  6.39  4.93  3.35  4.14  5.82  3.89  4.19  5.35  2.01  3.27  2.98  2.97  3.43  3.93  4.93  9.77  4.49  15.7  5.83
C1909TS073_1 0.405  5.42  3.71  6.21  4.32  3.92  4.31  13.1  5.33   4.5   3.5  3.33  5.08   6.5  4.73  4.98  4.53  4.02   5.0  4.36  7.85  3.42  4.93  2.63  4.74  2.88  2.88  2.15  2.01  3.84  4.83  5.25  5.54  4.41   4.4   7.8  4.92  29.8  10.3
C1909TS213_5 0.433  4.18  3.68  5.04   3.6  3.72  2.92  6.97  3.14   3.7  3.79  4.12  2.13  3.01  4.19  2.49  2.52  3.83  5.05  3.27  2.97  3.68  2.95  4.93  2.95  2.71  5.73  3.51  2.02   4.4  3.69  3.12  4.14  4.37  6.84  29.8  6.74  29.8  29.8
C1909TS369_2 0.407  9.15  5.97  7.42  5.64  3.79  10.1  6.01  6.38   4.9  3.55  4.73  2.08  2.89  3.71  2.36   3.0  2.93  2.99  2.63  3.37  2.27  2.38  2.31  3.58  2.71  4.26  4.18  3.96  5.12  29.8  6.57  29.8  11.2  5.69  29.8   6.1  7.44  7.22
C1909TS215_3  0.43   3.9  3.33  4.66  4.15  5.11  4.73  22.2  4.63  3.79  2.44  5.99  3.99  4.35  2.98  2.71  4.51  2.18  2.96  1.94  3.94  5.14  3.41  2.19  5.16  3.24  8.02  29.8  8.44  4.72  3.23  3.19  2.51  3.01  3.55  6.11  4.44  4.93  5.66
C1909TS215_2 0.487  4.43  4.46  3.24  2.13  2.03  3.61  5.71  3.32  5.95  1.37   2.6  2.07  3.92  2.93  1.59  2.79  2.26  2.73  1.38  3.45  3.84  3.53  1.89  4.21  3.35  3.23  19.7  5.09  3.26  2.95  1.75  2.32  2.47   3.8  7.02  3.55  4.69  4.08
C1909TS369_3 0.395  8.52  5.29  29.8  3.67  3.59  5.31  5.06  5.07  10.2  4.89  5.17  2.36  3.04  3.88   2.5  2.58  2.62  4.15  2.87  4.44   4.2  3.18  3.67  9.44  9.96  3.51  2.88  3.38  3.87   7.7  5.17  6.78  9.24  9.12  29.8  6.28   7.3  29.8
C1909TS213_4 0.438  4.21   3.3  5.53   3.5  4.25  2.47  6.93  3.57  3.11  3.71  3.86  2.51  2.82  4.27  2.84  2.96   3.1  4.25  2.93  2.72  3.48  3.04  2.59  3.53  1.96  4.39  3.23  2.14  5.03  4.87  3.74   3.2  4.62  7.67  29.8  7.47  29.8  29.8
C1909TS228_2 0.417  11.1  3.49  11.7  9.21  7.75  5.04  8.83  4.51  11.7  6.88  6.86  8.42  3.96  4.52  1.51  3.27  3.67  3.01  3.04  4.43  3.55  3.05  4.54  29.8  5.19  3.99  3.64  1.89  3.19  2.54  2.91  3.35  2.87  3.28  6.39  3.35  4.99   4.8
C1909TS010_3 0.435  5.02   3.4  7.16  5.28  7.29  8.27  10.3  5.39  5.76  4.02  6.53  6.23  29.8  4.27  3.72  3.18  3.22  3.28  3.22   5.8  4.44  2.36  6.62  5.95  2.83  2.88  2.22  1.77  3.36  1.77  1.92  2.21  5.42  2.97  2.82  2.81  3.71  5.36
C1909TS405_3 0.324  5.68  8.54  6.98  4.29  6.93  5.17  9.53  7.86  7.23  9.46  5.06  8.37  12.4  29.8  6.15  9.38  6.61  6.87  6.93  15.8  8.91  4.03   4.3  20.7  5.26  29.8  29.8  4.74  7.05  6.05  4.26  7.16  5.39  7.13  18.6  4.89  29.8  11.5
C1909TS211_2 0.375  4.07  7.35  23.7  8.83  5.07  8.11  23.2  10.6  7.33  3.82  4.03  2.73  3.14  3.31  2.03  3.04  3.22  4.32  3.17  4.21  4.41  5.32  5.08  5.99  8.85  12.4  6.59  3.57  5.14  29.8  29.8   5.1  6.97  5.84  26.3  4.46  7.85  5.51
C1909TS349_2 0.402  5.54  8.55  21.1  14.1  4.15  7.64  29.8   4.7   4.9  2.77  2.88  2.69  4.26  2.67  1.48  3.97  3.09  3.96  3.84  6.79  3.73  9.55  7.23  5.97  5.41  6.86  9.72  3.58  4.28  3.59  2.95  3.43  2.88  3.81  5.23  3.61   7.1  29.8
C1909TS073_4 0.395  6.68  2.86   4.7  5.16  7.34  5.04  29.8  4.87  6.09  4.24  5.25  3.64  6.72  7.09  5.92  7.65  4.38  5.07   4.7  4.39  3.44  4.83  2.41  3.97  3.36   4.6  3.13  2.08  3.42  4.01  4.41  3.96  6.08  5.48   7.4  4.27  11.0  8.24
C1909TS389_2  0.34  29.8  29.8  29.8  4.84  4.95  9.15  4.61  2.98  15.3  3.86  29.8  2.86  4.48  4.99  2.78  4.48  5.68   5.8  3.86  7.22  4.98  3.78  4.41  27.9  5.48  6.88  29.8  5.61  3.05  4.22  4.26  29.8  29.8  27.5  29.8  29.8  29.8  9.08
C1909TS438_3 0.421  4.22  4.13  4.55  2.87  3.38  3.86  5.39  4.11  7.06   3.2  5.25  2.94   3.4  4.46  2.06  2.11  3.36  3.52  2.52  3.96  3.25  3.17  4.05  3.67  3.03  4.41  3.67  2.54  4.14  3.62  4.55  29.8  11.5  12.0  29.8  6.81  29.8  21.2
C1909TS438_2 0.411  6.18  3.29  3.86  3.34  3.87  4.09  6.52  4.27  9.89  5.12  4.97  3.14  3.93  3.99  2.58  2.97  3.44  3.44   1.9  3.71  3.57  3.09  3.12  3.02  4.57  4.53  4.52  2.44  5.16  4.52  3.74  17.5  8.22  6.48  29.8  5.05  29.8  29.8
C1909TS389_3 0.324   6.5  29.8  29.8  29.8  4.46  5.52  4.24  6.88  29.8  6.43  4.09  5.01  8.63  5.16  2.86  4.17   4.5   4.8  4.41   5.4  3.62  3.34  4.66  29.8  5.02  29.8  29.8  4.28  6.46  10.9  6.88  29.8  29.8  10.4  29.8  16.4  29.8  29.8
C1909TS213_1 0.441  4.79  3.04   5.4  2.73  4.73  2.56  5.81  2.91  3.09  3.17  4.17  2.41  2.74   5.2  2.43  2.77  3.26  4.55  2.97  2.98  3.41  3.02  3.15  3.34  2.24  4.13  3.12  2.44  4.25   3.2  4.49  4.65  3.77  7.71  29.8  6.75  29.8  29.8
C1909TS073_5 0.406   3.9  3.25  8.58  5.78  2.72  4.75  16.6  5.86  5.65  3.52   4.8  3.27  10.8  3.79  3.42  5.86  3.47  5.21  4.17  8.71  4.97   4.6  2.44  4.59  3.18  5.06  2.87  2.31  3.28  2.77   7.3  6.36  6.36  6.59  6.08  6.41  6.65  3.27
C1909TS349_3 0.401  4.59  6.89  29.8  29.8  3.79  7.04  29.8  5.03  4.83  2.99   2.9  2.87  4.03  2.62  1.54  3.83  2.95  4.26   3.8  6.42  4.02  11.9  8.41  5.74   5.5  5.57  11.1  3.72   4.1  3.42  3.09  3.38   3.0  3.76  4.93  4.18  6.24  29.8
C1909TS211_3 0.441  6.55  4.99   4.7  8.54  10.4  5.77  5.55  2.37  2.98  1.53   2.6  3.49  2.65  4.14  2.89  4.31  3.39  15.4  29.8   5.0  1.77  2.22  4.99  5.95  3.66   4.0  6.65  3.69   4.0  2.66 0.965  2.94  3.05  2.99  4.25  2.48  6.19  6.16
C1909TS405_2 0.347  8.19  3.64  9.88  3.59  4.14  15.3  29.8  6.29  6.76  15.1  5.44  29.8  29.8  6.66  4.27  4.49  29.8   4.7  4.98   5.1  8.36  4.65  3.04  9.45  4.14  4.82  29.8  3.72  3.71  6.27  3.31  6.36  6.04  6.71  11.3   3.7  29.8  7.45
C1909TS211_1 0.419   4.0   5.4  5.24  5.31  4.03  3.96  4.07  2.96  7.69  3.72  4.55  4.24  4.43  3.73  1.81   3.3  3.28  2.75  1.96  3.82  5.26   4.2  3.61  5.34   5.4  9.91  29.8  29.8  11.5  6.24  2.68  3.09  3.18   4.0  4.12  3.12  3.68  5.86
C1909TS010_4 0.435  7.19  4.15   4.8  3.55  5.26  5.31  4.61  3.45  4.21  2.77  3.63  1.89  1.71  3.68  2.46  7.07  5.81  7.26  5.66  4.69  11.0  2.78  2.52  4.03  3.42  9.18  3.58  2.59   2.4   2.0  2.19  8.06  2.24  5.69  6.98  4.51  5.27  6.66
C1909TS228_5 0.422  6.46  3.67  29.8   6.5  6.49   4.3  10.7  5.03  15.0  4.71  3.83  4.34  3.38   3.6  1.66  3.34  3.37  2.76   3.1  4.19  4.19  3.16   5.7  29.8  4.53  3.74  4.01  1.76  3.42  2.73  2.96  2.95  3.53  3.38  4.76  3.29  6.81  6.05
C1909TS349_1 0.402  5.49  8.43  20.0  13.9  4.12  7.61  29.8  4.71  4.98  2.79  2.88   2.7  4.28  2.67  1.48  3.96  3.09  3.96  3.84  6.76  3.72  9.53  7.24  5.97   5.4  6.77  9.73  3.58  4.27  3.58  2.95  3.44  2.89  3.84  5.21   3.6  7.15  29.8
C1909TS213_3 0.439  3.86   4.1  4.58  3.26  3.66  2.63  5.09  2.95  3.18  3.55  4.31  2.24   2.7  4.31  2.67  2.81  3.12  4.22  3.21  2.61  3.34  2.83  5.04   2.8  2.24  4.65  3.42  2.15  3.89  5.54  3.81  3.53  4.14  17.2  29.8  6.23  29.8  29.8
C1909TS369_4 0.425  5.41  7.11  6.84  4.57  3.23  3.14  6.28   5.3  3.98  4.12  5.04  2.34  3.29  4.99  2.45  2.55   2.9  4.15  2.81  2.77  2.77  2.83  2.49  3.08  2.72  7.31  3.58  2.85  3.92  4.13  3.97  5.78  6.08  5.34  29.8  8.37  10.7  29.8
C1909TS389_1 0.344  4.79   7.2  29.8  7.71  5.71  6.32   3.7  7.68  14.1   4.8  4.67  5.14  9.18  5.53  2.73  3.17  4.01  4.39  3.92  4.19  3.36  3.17  2.74  6.28  4.89  4.36  29.8   6.2  17.9  10.5  5.65  29.8  29.8  29.8  29.8  21.7  29.8  29.8
C1909TS215_5 0.494  5.42  3.04  2.44  2.38  1.73   1.6   3.8  2.11  3.63 0.691  3.25  3.28  5.38  2.79  3.61  5.01  2.07  3.19   4.8  3.77  3.05  2.76   2.2  6.13  3.61  1.71  1.52   1.8  3.14   2.6  2.32  2.17  4.04  3.05  5.57  4.34  29.8  5.61
C1909TS438_1 0.419  14.3  4.88  4.04  2.96  5.41   3.8  5.37  4.41  8.16  4.22  4.49  2.75  3.97  3.56  2.57  2.69  3.43  3.13  2.31   3.0  3.03  2.69  2.61  3.11  2.83  4.33  3.67  2.39  5.15  4.31  4.28  25.0   9.4  6.06  29.8  5.69  29.8  29.8
C1909TS215_4  0.49   5.6  2.94  3.34  3.38  2.85  2.23  3.78  1.49  5.19  1.63  3.54  3.71  4.83  1.75  1.29  2.54  1.82   3.1  2.97  3.37  3.12  3.24   4.4  6.05  4.33  5.54  2.85  1.93  1.66  2.59  2.36  2.18  2.72  2.77  5.34  3.98  4.48  29.8
C1909TS369_5 0.436  4.81  3.81  7.48  4.27  3.89  2.43  4.49  5.05   6.2  4.48  4.47   3.1  3.07  4.37  2.47  3.19  2.63  4.14  2.98  2.56  3.17  2.66  2.48  3.14   2.7  6.66  2.88  2.52  3.18  4.42  4.29  11.1  3.61   6.0  8.14  4.74  9.28  14.0
C1909TS213_2 0.425  4.16  3.65  5.02  3.55  3.89  2.49  6.16  4.16  3.87  3.69  3.84  2.63  2.57  4.34  2.83  2.76  3.48  4.83   3.4  3.61  2.96  2.61  5.66   2.9  2.48  4.78   3.4   1.9  4.84  4.34  3.72  4.07  5.64  8.11  29.8  29.8  29.8  29.8
C1909TS228_4 0.425  6.23  3.63  29.8  6.64  6.33  4.07  8.91  5.08  13.0   4.7  3.92  4.38  3.27  3.57  1.64  3.28  3.41  2.77  3.09  4.31  4.23  3.16  5.88  29.8  4.65  3.76  3.96  1.68  3.33  2.66  2.95  2.92  3.48  3.32  4.94  3.44  6.68  5.15
C1909TS010_5  0.43  6.08  5.99  6.32  3.63  5.37  4.12  5.48  3.63  7.75  4.41   6.7  29.8  11.9  6.47  3.37  3.31  3.08  2.29  1.63  3.74   2.6  3.05  3.45  3.32   3.5  2.97  3.62  2.09  2.97  2.97  2.33  2.51  3.42   5.8  8.18  3.67  29.8  6.91
C1909TS405_1 0.342  4.73   3.5  4.56  8.37  4.33  4.58  29.8  5.21  7.69  6.19  5.03  29.8  29.8  29.8  4.76  29.8  8.77  6.51  5.02  5.93   6.7  6.28  4.89  6.48  6.61  9.96  29.8  3.37   3.5  5.03  4.02  3.94   4.1  8.12  8.17  5.59  29.8  29.8
END



