PFRMAT QA
TARGET C1907_0406
AUTHOR 9748-1420-9970
METHOD Ornate (trained on all from CASP5-10)
METHOD -------------
MODEL 2
QMODE 2
C1907TS215_4  0.48   6.7   3.6  3.13  3.61   5.3   2.5   4.1  5.25  8.45  3.64  7.79  2.51  4.31  3.41  1.29  2.31  1.91  2.51  2.53  2.61   2.7  4.39  3.44  4.13  2.16  4.22  28.7  4.49  4.41  3.78  9.27   7.8  2.27   1.9  3.07  2.46  1.89  1.72  1.95   2.2  1.07  1.71  1.48  2.43   3.2   2.4  2.62  3.62  3.66   3.5  4.17  3.54  4.43  3.04  3.24  3.33  3.23  2.94  3.71  9.47  6.25
C1907TS369_5 0.479  4.48  4.58  7.12  5.32  3.88  2.91   6.1   3.0 0.988  2.33  3.15  1.21  2.16  2.86  2.33  2.58  1.92   3.3  2.13  4.06  2.74  4.94  5.03  6.83  4.45  5.19  5.45  3.45   4.4  3.04  2.46  2.33  2.07  1.98  2.27  2.04  2.61  1.89  2.06  2.69  2.11  1.83  2.16  3.37  2.56  1.61  2.61   7.1  12.7  6.14  3.73  5.24  4.75  4.37   2.3  4.27   4.3   3.9  4.98  16.4  6.69
C1907TS438_1 0.477  8.55  6.17  2.51  6.73  2.33  2.54  4.53  3.86  1.18  2.62  4.25  1.48  2.18   2.5  3.04  2.77  2.33   3.2  3.89   2.9  2.46  4.78  4.29  2.54  2.75  4.13  5.26  3.25  4.72  2.41  3.85  3.27  2.86  1.98  2.97  3.12  3.17  2.76  2.58  4.57  3.15  2.84  2.13  4.28  3.28  2.43  2.01  3.02  5.43  2.09   2.4  4.13  3.21  2.52   2.7  3.91  4.62  10.6  6.05  29.8  8.75
C1907TS405_1 0.459  6.06  19.0  8.59  29.8  4.58  4.39  29.8  4.33  5.33 0.255  5.05 0.263  1.96  2.53  2.73  2.48  2.08   3.3  4.11  3.23  2.62  5.47  3.77  3.13  2.47  3.05  4.38  3.21   4.1   1.8  2.62  2.84  3.02  1.82  2.52  3.25  3.07  2.25   2.3  4.04  2.91  2.43  1.97  4.44  3.24  2.73  1.79  2.98  5.59  2.06  2.67   6.1  3.55  3.71  5.25  29.8   7.3  8.76  4.57  29.8  12.7
C1907TS213_2 0.514  3.88  11.5  2.53  4.29  2.98  2.37  3.83  5.92  1.89  2.11  3.01  1.51  2.04  1.69  2.12  3.41  2.03  1.58  3.02  3.93  3.21  6.33  8.06  6.31   0.0  2.72  2.26  2.35  1.87  2.41  2.26  2.02  1.51  1.57   1.8   1.7  2.24   2.0  2.51  2.53  3.62  3.26  2.53  3.07 0.563  2.18  1.96  2.67  4.85  2.52   3.8  3.36  3.53  5.87  2.95  3.64  9.44  5.16  2.72  5.19  4.45
C1907TS010_5 0.529  29.8  5.53  3.75  4.27  3.94  3.67  3.65  2.85  1.97  1.27  1.95 0.732  1.66  1.96   2.2  2.44  2.22   2.0  2.27  3.69  3.58  5.56  5.91  3.62   0.0  2.66  2.06   2.2  2.25  2.39  2.26  2.32  1.83  1.86  2.42  2.52   2.2   2.3  2.66  2.18  2.87  2.99  3.13  3.51 0.839  2.41  1.88   2.9  3.14  2.52  2.77  3.66   3.9  2.17  2.99  2.49  2.05   1.1  2.63   6.1  8.87
C1907TS228_4 0.486  3.71  5.22  6.71  27.2  7.82  2.51  6.52  3.86 0.985  2.66   3.2  1.41  2.48  3.13  2.93  2.66  2.49  2.91  3.81  3.48  2.11  3.91  3.26  2.49  2.44  3.05  4.85  3.36  4.49  1.84  2.12  1.88  1.77  1.96  1.97  1.81  2.55  2.39  2.76  4.22  3.03  2.85   2.4  13.0  2.97  4.22  3.16  6.76  13.6  2.78  3.11   4.6  3.35  2.59  2.67  1.92  3.54  4.23  2.95  4.28  5.57
C1907TS228_5 0.484  3.82  5.25  6.45  27.5  7.75  2.51  6.16  3.77 0.951  2.58  3.08   1.4  2.54  3.23   3.0  2.82  2.91  3.13  3.99  3.85  2.26  3.94  3.26  2.51  2.43  3.04  4.92  3.33  4.51  1.85  2.13  1.87  1.81  1.96  1.95   1.8  2.56  2.38  2.75  4.29  3.05  2.82  2.39  14.4  3.03  4.25  3.17  6.75  14.2   2.8  3.08  4.64  3.34  2.61  2.76  1.86  3.47  4.25  2.91  3.71  6.14
C1907TS010_4  0.51   3.5  13.9  2.55  5.04  2.72  2.33  3.34  6.89  1.92  1.39  3.55  3.26  1.57  1.73  2.75   4.3  1.92  1.62  4.06  4.83  3.11  5.69  5.34  5.42   0.0  2.52  2.19  2.36  1.84  2.24  2.16  1.53  1.41  1.68  1.88  1.58  2.19  1.97  2.46  2.91  3.75  3.42  2.25  3.15 0.982  2.55   1.9  3.72  5.86  2.97  4.02  3.11  3.21  5.87  2.44  3.33  8.85  7.92   3.0  4.88  3.71
C1907TS349_1 0.504  3.45  5.58  6.15  4.69  2.23  1.91   5.3  2.11 0.547  1.97   2.4  1.41  1.79  1.87  1.33   2.3  1.38  2.45  2.98   3.8  2.38  3.87  3.43  7.84   5.1  3.81  5.12  4.03  2.97  2.31  2.14  1.96  1.68  1.94  2.28  2.26  2.36  2.48  2.45  3.17  4.12  4.26  6.44  7.14  3.03  3.58  2.38  3.52  6.87   2.3  3.21  4.17  3.21   2.3  2.28  4.61  2.93  2.99  3.13  3.44  3.31
C1907TS213_3 0.499  3.71  24.1  2.31  4.26  1.98  2.39  3.22  6.57  2.02  1.94  3.81  2.11  1.94  1.61  1.88  3.45  2.04  1.59  3.56   4.1  3.23  6.18  5.39  7.02  1.95  2.64  2.01  2.56  2.23  2.58  2.36  2.11  1.55  1.69  2.52  1.85  2.22  2.29  2.43  3.07  3.83  3.39  2.75   3.7  1.19  2.64  2.18   3.0  4.73   3.1  3.84  4.19   3.4  4.95  2.93  3.99  12.9  7.42  3.05  9.17  4.89
C1907TS211_1 0.443  14.1  10.3  7.29  8.97  2.28  1.94  3.84  3.44  1.13  2.09  2.96  1.79  2.12  2.71  2.69  2.43  2.02   3.1  3.08  4.13  3.22  7.41   5.0  8.32  6.86  3.95  5.44  3.38  4.07  1.81  2.16  2.77  2.43   1.8  2.58  3.66  3.16  2.92  3.68  6.68  3.69   4.4  2.95  4.87   2.7  2.24  2.45  4.05  8.74  5.75  10.5  29.8  5.53  4.95  4.67  4.61  6.78  29.8  6.14  29.8  5.74
C1907TS389_1 0.435  6.46  29.8  11.0  9.61  3.52  3.11  6.35  3.46  1.49  2.61  3.91  1.64  2.57  3.69  3.66   2.7  2.44  4.14  4.29   3.3  2.71  4.93  5.55  3.96  4.89  4.68  5.14  3.65  4.84  2.21  2.72  3.64  3.05  2.01  3.84  3.38  3.49  2.56  3.34  5.64  3.31   3.3  4.05  29.8  4.11  3.51  3.42  4.01  5.67  3.51  3.96  6.01  4.37  3.85  3.82  4.68  4.77  5.58  3.68  10.1  10.2
C1907TS369_4 0.464  9.36  8.76  5.91  8.08  3.68  3.47  7.23  7.02  2.21  2.67  4.55  1.23  2.15  2.84   2.8  2.69  2.25  3.55  4.12   3.4  2.52   4.9  3.95  2.16  2.25  2.85  4.16  3.04  6.13  2.82  2.76   3.2  3.11  3.38  2.72  2.71  2.75  2.28  2.41  3.96  2.98  2.13  2.65  7.11  3.55  2.25  2.26  7.11  6.11  3.05   3.6  5.73  3.59  2.43  2.56  3.17  2.79  9.92  4.05  29.8  11.9
C1907TS215_5 0.489   6.0  29.8   2.9   3.9  3.99  4.06  6.35  3.54  2.12  16.3  4.46  1.46  2.48  2.78  2.15  2.86  3.04  2.73  2.42  5.22  3.67  5.11  7.81  2.29  2.83  7.54  6.31  2.22  3.36  2.69   4.5  1.35  1.66  2.51  2.31   1.7  2.09  2.22  2.39  1.94  2.39   3.5  2.75  3.38  3.19  2.27  2.41  3.06  2.91  3.06  3.02  5.56   3.6  2.27  3.71  2.11  2.85  3.08  3.24  3.74  2.86
C1907TS389_3 0.428  29.8  29.8  3.86  19.2  4.57  3.13  6.91  3.84  1.58  2.76  3.98  1.71  2.18  2.78  3.48  2.83  2.12  3.56  3.91  3.83  2.65  5.46  5.17  6.33  3.65  4.74  7.15  3.48  5.03   2.1  2.61  3.13  2.96  1.87   3.0  3.18  3.22  2.45  2.55  6.55  3.82  3.26  3.99  10.9  4.68  3.67  3.51  4.67  8.74  3.46  3.93  6.39  4.19  4.94  4.06  8.57  6.31  8.46  5.16  29.8  8.36
C1907TS438_2 0.463  18.9  7.83  5.56  12.2  3.39  2.71  5.62  4.54  1.76  2.61  5.32   1.7  2.25  2.81  3.79  2.92  2.41  4.02  4.78  3.85  3.12  6.12  4.83  3.27  2.52  3.68  4.33  2.97  3.93   2.4  2.58  3.01  2.97  1.91  2.79  3.03  2.87  2.57  2.52  3.48  3.01  2.65   2.1  4.13  3.06  2.77  1.85  3.44  6.19  2.13  2.34  5.21  3.92  2.32  2.54  3.94  9.09  29.8  4.82  29.8  6.78
C1907TS211_3 0.488  4.13  6.26  4.73   6.0  2.72   2.2  4.55  3.41  1.22  2.18  2.72  1.55  2.06  2.69  2.98  2.65  2.28  3.54  3.86  3.58  2.94  5.53  3.94  3.63  2.54  3.38  3.54  3.06   2.5  1.56   2.3  2.06  2.27  1.71  2.36   3.1  3.04  2.32  2.24  3.48  2.88  1.85  1.88  4.37   2.9  2.44  2.25  3.09  5.46  3.36  3.31  8.72  4.24  3.03   4.8  4.72  5.32  5.19  2.94  8.93  13.7
C1907TS405_2 0.459  29.8  29.8  4.01  13.1  5.39  4.39  15.5  4.19  5.52 0.245   5.6 0.331  1.82  2.42  2.64  2.28  2.09  3.34  3.79  3.22  2.56  5.86  3.93  2.99  2.44  3.01  4.36  3.25  4.12  1.91  2.46  2.85  3.16  1.72  2.55  3.24  3.24   2.2  2.38  3.88  2.88   2.6  1.78  4.45  3.24  2.34  1.74  3.06  6.25  2.08  2.69  6.59   4.8  5.07  6.91  10.6   6.5  29.8   4.3  29.8  6.39
C1907TS213_1 0.501   8.7  16.6   3.3  4.55  2.44  2.45  3.38  5.13   2.6 0.959  3.94  2.09  1.95  1.79  2.31  3.32  1.85  1.53  3.67  4.44  2.94   5.6  5.32  6.71 0.819  2.99  2.35  2.34  1.74  2.22  2.43  2.13  1.44  1.61   1.9  1.74  1.89   2.0  2.39   3.2  3.24  3.14  3.45  3.05  1.46  1.89  2.07  3.42  5.03  2.74  3.92  4.47   4.5  5.13  2.82  4.71  8.65   5.6  4.42  5.26  5.12
C1907TS073_5 0.484  7.07  8.24  5.41  24.6  5.13  2.81  5.78  2.98  1.78  1.53  1.71  1.52  2.15  2.05  2.08  2.58   1.7  3.05  4.29  4.93  3.67  4.92  5.15  4.48  3.76  3.93  7.39  2.74  3.21  2.43  2.29  2.72  2.39  2.32   2.5   2.7  2.61  2.61  2.14  4.74  3.32   2.3  2.65  3.81  1.66  2.56  2.34  3.11  6.07  3.49  3.33  3.71  3.99  4.12  3.76   3.2  2.94  3.71  2.33  5.88  3.86
C1907TS349_3 0.486  8.27  4.79   6.0  29.8  29.8  5.31  6.37  3.68  1.94  2.38  3.12  1.48  2.38  2.02  1.92  2.81   1.8  2.01  1.79   3.3  2.26  4.27  3.91  5.43  2.94  5.63  8.09  6.27  29.8  3.38   4.1  3.79  2.61   3.0  2.44  2.63  2.63  2.85  2.92  3.65  2.28  4.36  2.28  2.01  1.37  1.98  1.09  2.11  3.07  1.44   2.6  4.31  3.07   2.0  3.23  2.29  3.12  8.13  2.06  5.01  2.46
C1907TS349_2 0.497  4.17  7.16  5.86  12.1  5.09  3.58  9.69  3.46  1.64   2.0  2.42 0.576  1.72  2.44  1.29  2.14  1.83  2.63  2.48  3.89  3.83  4.65  3.73  4.47  19.2  11.1  4.71   5.0  12.1  2.47  1.98  2.72  2.33  2.02  1.91  2.83  2.35  2.43  2.06  2.91  3.25  2.61  2.24  3.65  2.44  2.35  1.42  2.38  2.28  1.73  3.01  2.37  2.95   2.7  3.74  3.82  1.97  2.86  2.38  9.98  5.84
C1907TS073_4 0.486  6.29  7.74  5.47  24.5  3.41  2.27  4.96  1.94  1.62  1.86  2.04  1.62  2.31   2.2  2.09  2.43  1.53   2.6  4.22  4.19  3.89  3.86  4.48  3.05  2.97  4.34  8.77  2.57  2.53  2.43  2.24  2.54  2.03  2.04  2.39  2.54  2.39   2.7  2.47  3.37  3.26  3.21  2.76   5.5 0.404  2.71  1.53  2.77  5.49  3.19  2.72  5.02  5.21  4.56  5.65  4.91  7.71  5.42  2.44  8.13  7.36
C1907TS405_3 0.455  14.4  29.8  29.8  29.8   8.4  6.06  12.5   4.0   3.9   0.0  4.93 0.259  1.94  2.28  2.63  2.58  2.07  3.28   4.0  3.41  2.47  4.73  3.65  2.78  2.49  2.84   4.1  3.26  4.37  1.82  2.55  2.85  3.06  1.95  2.56  3.26  3.18   2.2  2.33  4.19  2.83  2.51  2.01  4.44  3.41  2.68  1.67  3.09  5.74  1.95   2.5  6.23  4.01  4.18  10.3  29.8  8.37  7.28  3.97  29.8  17.9
C1907TS211_2 0.473  9.04  14.2   3.8  5.41  3.27  2.25  3.91  2.29  1.27  1.87  2.21  1.38  1.85  2.41   2.1  2.73  2.14  2.62  3.52  5.46  3.32  6.45  5.15  14.2  3.61  6.17   4.9  3.28  2.69  1.96  2.09  2.91  2.11  1.98  2.44   3.2  3.45  3.14  3.02  3.93  3.16  3.31  3.18  4.33  3.27  3.37  2.71  3.11  6.72  5.16  5.65  6.67  3.12   3.2  3.72  4.49  3.45   5.3  2.69  4.31  4.62
C1907TS438_3 0.464  14.4  29.8  7.38  19.7  3.13  2.84  5.08   3.7   1.5  2.69  4.42   1.5  2.24  4.18  3.53  2.83  2.43  3.45  4.54   4.0  3.19  5.73  4.58  3.36   2.8  3.45  3.81  3.39  4.59  2.24  2.62  3.06   2.4  1.82  2.78  2.78  2.94  2.67  2.71  3.95  3.11  2.71   2.2   3.9  3.03  2.72  1.82  3.41  5.79  2.02  2.45   4.6  3.47  2.37  2.79  4.12  6.29  18.3   4.3  29.8  16.9
C1907TS389_2 0.427  5.92  12.6  6.92  10.9  4.64  3.21   5.7  3.19  1.46  2.53  4.07  1.51  2.07  3.21  3.62   2.7  1.96  4.25  3.31  3.68  2.54  5.26   4.9  4.15  5.53   5.0  6.11  3.42   5.0  2.14  2.44  3.53   3.2  1.89  2.91  3.53  3.19  2.57  2.72  6.08  3.56   3.4  3.67  10.6   4.4  4.06  3.19  6.02  5.63  4.61   4.3  7.99  5.17  5.08   5.8  5.89  15.8  18.8  6.39  29.8  7.24
C1907TS215_2 0.476  8.78   4.0  2.24  5.96  6.67  2.38  4.76  5.25  6.67  3.64  5.07  2.77  2.49   3.7  2.25  4.23   2.9  2.77   3.1  4.03  2.43  4.53  3.56  9.25  4.88  6.02  4.95  4.34  6.55  2.52  5.09  3.13  1.57  2.42  2.32  1.95  1.99  2.11  2.76  2.34  2.55  2.62  2.29  3.02   3.2   2.3   2.4  3.07  3.85  5.14  3.13  3.51  3.94  2.66  2.87  2.03  1.66  2.73  3.07  4.63  5.19
C1907TS369_3 0.458  12.1  6.07  6.21  6.72  4.54  2.62  5.37  4.21  1.23  2.11  3.92  1.31  2.58  2.43  3.08  2.32  1.56  2.53   3.7  4.92  3.16  4.99  6.06  8.23  4.98  4.88  4.85  2.62  3.09  2.45  2.33  2.38   2.6  1.83  2.39  2.04  2.53   1.9   3.2  6.55  2.97   3.5  9.79  3.93  3.01  2.97  2.82   3.1  6.77   5.1   4.9  5.32   4.9  2.89   2.5   3.3  6.42  8.57  15.4  5.31  4.87
C1907TS213_4 0.513  10.3  8.55  2.35  3.74  1.93  2.28  3.66  5.56  1.34  1.07  3.16  1.53  2.06  1.48  2.41  3.11  2.08   1.6   3.1   4.3  3.07  5.42  5.66  8.98  1.82  2.79  2.25  2.05  2.58  2.58  2.46   1.7  1.57  1.75  1.87  1.79  2.04  2.07  2.62  2.68  3.46  2.73  2.17  2.22 0.955  1.89  1.72  2.85   4.6  2.86  3.39  3.52  3.63  6.14  2.88  4.17  29.8  9.38  2.73  5.77  4.64
C1907TS010_3 0.503  6.24  5.86  4.07  29.8  6.18  1.45  2.36  3.26 0.969  2.07   2.0  1.84   2.5  2.77   1.8  2.66  1.79  1.86  1.62  3.15  2.16  4.48  2.59  3.77  2.46  6.04  8.49  5.54  29.8  3.38  3.88  2.27  1.81  2.28  2.13  1.67  1.83  1.86  2.24  2.35  2.65  2.62  2.79  4.14  0.88  3.42  2.01  2.76  3.02  2.75  3.44  2.21  2.68   3.8  2.91  4.67  5.72  8.68  2.49  4.31  4.47
C1907TS228_2 0.487  3.67   5.8  5.98  20.9   7.4  2.39  5.24  3.67 0.928  2.55  3.05   1.5  2.46  2.98  2.97  2.68  2.43  2.81  3.79  3.47  2.06  3.85  3.32  2.45  2.41  3.05  4.82  3.37  4.64   1.8   2.1  1.82  1.78  2.02   2.0  1.79  2.53  2.53  2.81  4.25  3.25  2.93  2.56  20.1  3.07  4.33  2.86  6.15  9.53  2.57  3.07  4.41  3.46  2.81   2.4   2.4  3.43   4.7   2.7  5.18  4.98
C1907TS228_3 0.448  6.78  10.6  4.71  29.8  6.35  3.38  8.35  4.49  2.78  3.01  5.86  1.66  2.35  3.33  4.55  2.79  2.52  3.86  4.02  3.94   2.8   5.5  4.19  4.19  2.68  4.13  6.05  3.36  5.73  2.67  4.07  3.14   3.0  2.29  2.21  3.42  3.71  2.26  3.63  5.21  4.15  3.68  3.89  11.6  4.46  3.37  2.37  5.54  7.77  2.31  3.77  4.03  3.33  3.85  2.67  3.09  3.59  4.17  2.84  2.58  3.19
C1907TS010_2 0.525   7.6   5.0  3.11  6.18  5.74  3.04  5.39  3.16   1.8  1.18   2.1  1.12  1.39  1.06  1.77  1.75  1.34  1.45  2.02   3.1  2.38  5.29  2.96  2.46  1.26  3.33  5.22  2.49  2.93  2.49  2.21  1.78  1.67   1.9  2.12  1.96  2.05  2.15  2.73  2.95  3.22  3.06  3.58  4.02 0.675  2.74   1.7  3.34  3.64  2.08  2.58  3.58  1.94  4.04  2.47  3.02  7.03  7.39  4.34  3.54  3.81
C1907TS073_1 0.484  4.41  4.76  5.21  7.39  4.68  2.36  5.68  2.72  1.41  1.96   1.5  1.11  1.94  2.01  1.82  2.44  1.76  2.97  4.38  4.76  3.37  5.27   5.4  5.33  3.61  4.15  6.55  2.66  3.46  2.47  2.31  3.09  2.33  2.52   2.4  2.45  2.21  2.45   2.2  2.89  3.45  2.58  3.12   4.7  2.57  3.08   3.4  14.0  6.67  4.34  4.99  4.21  1.04  3.41  2.12   5.9  2.52  3.92  2.96  12.4   4.5
C1907TS213_5 0.504  4.48  10.0  3.17  4.86  3.63  2.34  4.03  5.62  1.75 0.983  3.47  1.49  1.94  1.49  2.01   3.4  1.97  1.44  3.51  4.44  2.83   4.8  5.91  7.69  1.35  3.58  2.06  2.32  1.73  2.04   2.2  1.87  1.35  1.68  1.81  1.51  2.08  2.05  2.52  2.89  3.43  3.05  3.19  3.14  1.44   2.3  2.42  3.34  5.06  2.49   4.0  3.69  4.83  6.27  3.15  4.19  29.8  6.55  3.34  5.37  4.41
C1907TS369_2 0.459  4.27  6.28  5.48  4.91  2.61  2.55   4.7  3.47   1.1  2.27   1.7  1.25  2.06  2.71  2.41  2.62  2.17  3.08  3.78  4.37  3.12  11.3  10.1  5.71  4.11  5.37  6.26  3.65  8.01  2.73  2.36  2.36  2.74   3.0  2.93  2.44  2.33  2.77  2.58  3.59  2.87   2.1  2.71  3.86  3.54  2.44  3.51  3.64   5.1  3.98  5.38  8.82  4.79  3.23  4.63  8.45   6.1  7.33  4.33  10.5  6.87
C1907TS215_3 0.494   3.8  6.92  1.05   5.7  3.47  2.23  4.19  3.13  3.14  4.39  5.05  1.57  4.18  3.09  2.48  2.43  2.11  2.43  3.58  6.42  3.08   5.5  4.31  6.77   2.1  3.23  3.58  3.91  2.52  2.74   2.6  3.43  2.07  1.54  1.91  1.87  1.86  1.84   1.8  2.52   1.8  2.72  2.62  2.68   2.9  2.67  2.15  3.29   7.4   3.6  6.14  9.84  3.79  3.34  4.72  2.65  1.65  2.63  3.24  5.01  3.75
C1907TS215_1 0.497   4.5  5.97   1.8  2.92  4.51  2.32  2.92  3.93  2.94  2.56  4.37  1.77  2.92   2.5   1.8  2.11  2.28   3.4  2.32  3.22  2.83  4.38  5.52  4.36  4.16  29.8  4.97  4.13  4.26  2.16   2.9  2.22  2.77   2.1  1.68  2.76  2.94  2.46  2.57   2.5  1.91  2.04  2.18  2.77  2.17  1.88  3.44  5.17   8.5  2.69   3.4  2.29  2.74   2.9  3.87  5.69  2.69  2.65  3.28  5.07  2.73
C1907TS389_5 0.397  11.3  14.1  5.07  8.66  4.03  4.83  29.8  4.62  2.54  2.95  5.85  2.92  4.95  3.61  3.18  4.16  2.53  3.09  3.41  5.23  3.33  5.96  10.2  2.72  2.81  4.56  6.44  4.16  7.65  2.45  9.28  2.83  3.22  2.93  4.42  4.26  3.03  5.11  2.79  4.77  3.21  5.47  3.32  22.4  5.15  6.21  4.14  29.8  6.16  3.86   8.5  29.8  6.47  4.88  6.27  6.49  4.62  5.83  5.62  29.8   6.6
C1907TS438_4 0.462  6.27  14.2  7.21  11.1  3.97  2.86  4.56  3.65  1.25  2.58  3.99  1.57  2.01  2.83  2.94  3.02  2.15   2.9  4.11  3.32  2.67  5.26  4.77  3.08  2.59  4.02  5.21  3.33  4.76  2.26  2.84  3.86  3.09  1.91  3.42  3.51  3.18  2.49  3.35   4.8  2.78   2.8  2.41  4.46  3.24  3.08  2.12  3.66  6.45  2.23  2.87  4.71  3.08  2.21  2.84  4.64  6.06  8.57  5.87  29.8  9.68
C1907TS211_5 0.478  4.37  4.87  4.17  5.47  2.72  2.23  4.15  3.38  1.14  2.28  2.92  1.46  2.11  2.56   2.9  2.68  2.12  3.53  4.34   3.9   3.0  8.03  4.71  3.91  4.23  7.45  10.3  3.23   3.4   1.7  1.98  1.99  3.04  1.75  2.56  3.48   3.1  2.18  2.19  3.53  2.76  1.83  1.88  4.16  2.75  2.35  2.09  3.06  5.93  2.75   3.2  8.98  4.08   3.0   5.5   4.4  5.05   6.7  2.73  10.5  14.8
C1907TS405_4 0.445  12.1  29.8  11.1  13.2  3.66  5.69  14.3  5.39  4.61  16.8  6.59  1.01  2.27   2.8  2.52  2.58  2.02  2.94  3.72  3.28  2.34  4.68   3.6  2.64   2.6   2.8  4.28  3.23  4.19  1.88  2.36  2.95  3.09  1.91  2.46  3.34  3.07  2.27  2.39  3.99  3.06  2.42   2.0  4.15  3.27  2.53  1.91  3.48  6.33  2.68   2.9  6.77  4.79  13.1  5.72  8.52  8.78  29.8  5.07  29.8  6.81
C1907TS349_5   0.5  3.96  10.1  4.08  7.45  3.33   2.1  4.07  3.09  1.49  1.44  2.38   1.1  1.82  2.39  1.77  2.28  1.59  2.78  2.47  3.13  3.37  4.88  3.63   4.2  25.5  12.3  4.69  5.18  10.2   2.4  1.95   2.5  2.19  2.04  1.79  2.84  2.87  2.67  2.07  3.67  3.79  2.69  2.07  2.75  1.36   2.7  1.62   2.8  3.33  1.61  3.03  3.67  3.95  4.32  4.36  3.64  2.97  3.89   2.9  3.67  4.17
C1907TS228_1 0.485  3.96  5.27  6.47  25.5  7.79  2.52   6.0  3.79 0.966  2.58  3.09  1.39  2.54  3.14  2.96   2.9   2.3  3.16  3.86  3.72  2.14  3.93  3.29   2.5  2.42  3.04  4.95  3.33  4.51  1.86  2.12  1.85  1.85  1.95  1.95  1.79  2.59  2.39  2.77  4.39  3.04  2.79  2.37  13.7  2.99  4.02  3.09  6.87  13.4  2.84  3.23   4.6  3.24  2.59  2.93  1.82  3.42  4.38  2.84   4.6  5.86
C1907TS073_3 0.476  4.49  9.77  5.27  11.6  3.87  2.59  5.14  2.75  1.47  1.92  1.77  1.21  2.25  2.12   1.9  2.42  1.81  3.23  4.85  5.71  3.86  4.84  5.48  4.58  3.62  4.56  5.84  2.85  4.03  2.57  2.57  3.06  2.47  2.19  2.52  2.38  2.39  2.43  2.27  3.54  3.82  2.93  2.35  3.18  3.88  2.13  2.15  3.75  5.24   5.4  4.76  6.16  4.84  3.81  3.57  6.12  5.34  5.64   1.9   4.4   2.9
C1907TS073_2 0.494  2.54  3.79  4.19   5.4   2.8  1.97  3.84   3.2  2.62   2.6  2.44  1.26   2.4  2.01  1.95  2.65  1.61  2.98  3.69  5.51   3.5   4.7  5.54  5.78  4.34  4.45  5.42  2.81  2.86  2.06  2.41  2.26  1.86  2.18  2.48  2.14  2.53  2.26  2.08   2.6  2.31  1.96  1.96  3.95  2.55  2.09  2.27  3.25   5.0  2.66  4.05  8.04  5.47  3.03  5.39  4.84  4.53  4.59   4.1  6.74  2.79
C1907TS349_4 0.494   4.7  6.57  4.76  6.51  6.39  3.85  3.82  2.75  4.74  3.56  2.66  1.48  2.01  1.65  2.33  2.91  1.94  3.65  7.08  4.82  2.96  6.91  6.57   3.6  2.52  3.88  2.49  1.79  2.71  1.74  2.23  1.46   1.8  2.41  2.49  2.19  2.87  2.74  2.64  3.72  3.19  3.18  2.83  3.71  2.52  2.46  1.79  2.44   3.0  1.09  2.18  2.72  3.22  2.27  3.18  2.42  6.21  3.27  4.88  29.8  4.97
C1907TS010_1 0.509  9.08  3.98  8.12  29.8  3.76  2.57  3.39  3.26  1.85  1.75  2.11  1.54  1.85  2.21  1.98  2.88  2.31   2.1  3.22  4.06  3.41  4.26  3.99  4.53  2.04  7.57  5.81  3.41   4.3  2.47  2.11  1.66  1.46  1.66  1.62  1.86  1.51  2.39   2.2  2.73  2.67  3.12  3.16  3.41  1.08  2.52  1.86  3.33  2.83  1.93  2.15  3.32  2.04  4.43  1.97  3.26  5.57  6.47  3.87  3.86  4.03
C1907TS405_5 0.455  6.12  29.8  29.8  29.8  5.95  5.29  29.8  4.44  5.55   0.0  5.79  0.19  1.99  2.41   2.6  2.41  2.21  3.15  3.84   3.3  2.54  4.81  3.34  2.44  2.59  5.19  5.14  3.19  4.45  2.18  2.54  3.01  2.88  1.84  2.58   3.4  3.13  2.49  2.48  4.05  2.91  2.59  1.98  4.37  3.26  2.35  1.78  3.18  6.13  2.14  2.66  6.12  4.19  3.91  7.37   8.7  5.59  22.5  4.24  29.8  6.07
C1907TS211_4 0.492  5.89  14.0  11.7  29.8  8.06  2.73  4.71  3.13  2.57   0.0  2.92 0.263  1.97  1.68  2.63   2.3  1.91  3.12   3.4  2.83   2.9   5.6  3.39  2.62  2.49  2.73  3.55  2.95  3.67  1.99  2.36  2.98  3.02  1.77  2.47  3.21  3.04  2.18  2.15  4.03  2.96   2.2  1.94  5.72  4.23  2.65  2.25  2.97  3.81   2.7   2.5  3.38  3.18  2.69   2.3  2.79  3.68  3.91  7.85  10.0  7.84
C1907TS438_5 0.464  6.86  10.6  10.9  29.8  4.72   3.1  6.69  3.25  1.27  2.43  3.82  1.66  2.08  2.73  3.51  3.01  2.05  3.19  3.05  2.95   2.9  4.24  3.56   2.4  2.41  3.31  4.62  3.14  5.77   2.2  3.25  3.47  3.32   2.3   3.2  3.14  3.08  3.05  2.58  4.49  3.03  2.63  2.58  4.31  3.38  2.72  2.05  3.86  5.78  2.73  2.47  4.51  3.57  2.56  2.55  3.91  5.04  11.1  5.01  29.8  6.88
C1907TS369_1 0.477  3.34  5.21  6.86  6.05  2.92  2.89  6.09  3.12  1.25  2.52  3.58  1.32  2.11  2.56  3.09  2.22  2.33  3.88  3.65  3.64  2.95  5.38  3.75   3.5  2.09  3.22  5.21  3.08  4.35  2.24  3.62  3.19  3.25  1.64  3.03  3.33  3.25   2.4  2.54  4.46  2.69  2.32  1.76  4.81  3.23   2.3  1.88  3.22  6.02  1.76  2.59  5.29  3.36  2.29  2.93   5.5  5.46  7.02  5.03  29.8  29.8
C1907TS389_4 0.424  29.8  15.3  8.95  4.97   4.9   3.3  7.65  3.66  2.15   2.3  4.43  1.81  2.09  2.73  2.71  3.24  2.77  2.67  3.77  4.84  3.64   7.5  4.94  4.33  3.46  4.92   5.5  3.33  4.62  3.38  3.65  2.87  2.19  2.04  2.68   2.8  3.36  2.92  3.43  4.35  5.32  4.35  2.91  14.7  4.41   4.1  3.54  4.78  7.74  5.65   6.5  9.42  4.14  5.49  3.68  5.94  4.54  4.98  8.18  29.8  9.84
C1907TS210_3 0.458  6.64  29.8  13.9  29.8  4.93   4.3  29.8  5.49  4.98 0.653  8.28  0.45  2.04  2.42  2.69  2.22  1.96  3.32  3.89   3.2  2.63  5.57   3.8  3.09  2.37  3.01  4.41  3.25  4.29  1.85  2.36  3.19  3.25  1.77  2.64  3.26  2.96  2.11  2.23  4.12  2.97  2.44  1.95  4.31  3.54  2.58  1.85  2.95  5.55  2.18  2.86  7.02  3.63  3.85  6.19  14.1  7.67  8.69  4.27  29.8   6.1
C1907TS404_2 0.424  6.38  9.23  7.98  29.8  4.58  3.26  5.83  3.51  1.34  2.76  3.83   1.4  2.11  3.12  3.22  2.68  2.57  3.74  3.99  3.56  3.33  6.32  4.14  2.38  2.95  4.34  5.49  3.62  5.44  2.25  3.24  2.88   3.1  2.06  2.62  3.21  3.53  2.96  2.09  3.82  15.8  8.52  7.33  29.8  2.62  3.27  4.71  4.77  7.63  1.95  18.1  13.6  5.54  8.84  29.8  7.02  29.8  18.7   5.7  5.86  6.17
C1907TS152_5 0.442  7.92  29.8  29.8  29.8  4.05  3.19  11.3  3.72   2.1  2.55  3.92  1.26  2.06  2.87  2.97  2.73   2.3  3.53  4.28  3.43  2.93   6.5  3.92  2.35   2.5  3.55  4.78  3.19  4.67  2.06  3.34  3.19  3.66  1.99  2.31  2.76  2.33  2.44  2.18  4.38  3.06  2.45  2.74  7.11  3.76  2.19  3.13  12.8  8.36  5.89  5.41  9.01  3.42   6.7  3.55  3.77  29.8  11.1  4.73  6.06  23.1
C1907TS196_1 0.486  12.0  29.8  3.72  6.96  2.96  2.06   4.1  2.79 0.974  2.28  2.78  1.36  2.08  2.69  2.86  2.35  2.15  3.46  4.08  3.19  2.63  5.76  3.94  2.87  2.23  3.04  4.39  3.06  4.14  1.87  2.43  3.15  3.18  1.85  2.44   3.3  3.04  2.24  2.35  4.55   3.4  2.68  2.23  5.23  3.23  2.46  1.28  2.87  3.89  1.63  2.36  4.69  3.11  2.77   2.9  4.42  6.77  10.5  4.36  29.8  10.5
C1907TS152_4 0.487  5.95  29.8  16.2  29.8  11.0  3.09  5.35  2.66  2.42   0.0   2.7 0.283  1.99  1.81  2.54  2.53  1.99  3.07  3.47  2.85   2.9  5.58  3.52  2.43  2.84  3.04  3.48  2.86  3.46  2.08  2.34  2.84  2.89  1.88  2.43  3.12  3.15  2.31  2.17  4.06  2.88  2.26  2.07   5.4  4.18  2.58  2.35  3.38  4.23  2.87  2.46  3.18   3.3  2.73  2.76  2.94  3.79  4.33  9.63  8.86  6.16
C1907TS404_3  0.44  14.8  10.2  7.49  29.8  4.55  3.18  6.43  3.98  1.43  2.49  3.74  1.48  2.27  3.34  3.18  2.68   2.3   4.1  4.01  3.58  3.33   6.5  4.28  2.55  2.39  3.81  5.03   3.3  5.24  3.49  2.72  3.53  3.31  2.13  2.78  3.01   3.7  2.66  2.14  3.68  4.59  6.22  3.47  6.65  3.57  5.59  9.08  11.2  5.68  3.22  4.12  3.36  3.62  4.18  2.83  4.23   5.9  6.72   4.4  4.59  5.87
C1907TS273_1 0.524  6.83  4.64  3.16  5.36  6.35  3.35   5.4  2.98  1.94  1.31   2.0  1.42  1.66  1.03  1.67  1.98  1.46  1.38  1.84  3.73  2.61  4.84  2.79  2.28  1.14  3.67  4.14  2.72  2.75  2.49  2.55  1.66  1.85  2.13  2.22   2.0  2.56  2.21  2.88  2.68  3.25  3.22   3.3   3.8 0.708  2.93  1.62   3.2  4.17  2.28  2.13  3.52  2.32  3.52  2.54  2.86  5.89   6.3  6.42  3.76  2.53
C1907TS210_2 0.499  5.53  8.46  4.89  5.02  2.22  2.06  4.22  2.89 0.918  2.33  2.79   1.4  2.19  2.73  2.76  2.39  2.12  2.87  3.84  3.15  2.26  4.36  3.69  2.73  2.28  2.97  4.83  3.07  4.38  2.21   3.5  3.17   3.2  1.74  2.43  3.22  3.04  2.26  2.23  3.37  2.75  2.01  1.77  3.69  3.03  2.34  1.75  3.25  5.09  1.89  2.32  4.33   3.4  2.92  2.73   3.9  4.93  6.07  3.87   6.8  4.43
C1907TS054_5 0.364  29.8  29.8  29.8  29.8  13.0  8.49  18.5  7.56  29.8  2.01  6.93   2.2  2.84  3.24   3.3  3.53   3.4  5.97  5.67  8.61  4.83  4.39  5.09  5.48  29.8  29.8  14.5  5.28  4.21  2.88  8.73  8.76  6.15  4.07  7.22  20.0  6.56  3.61  4.47  29.8  3.92  3.47  3.95  9.35  5.69  9.59  8.76  29.8  29.8  2.56  5.13  6.53  3.44  2.37  3.05  3.09  3.94  7.71  3.91  7.54   4.3
C1907TS273_3 0.502  4.25  10.0  2.96  4.63  2.57  2.35  3.65   7.2  2.38  1.12  4.13  3.42  2.05  1.74  2.49  4.33  2.13  1.88   4.2  5.79  3.28  5.58  5.46  7.23 0.454  2.54  2.36  2.62   1.9  2.13  2.25  1.56  1.04  1.81  2.25  1.67  2.58  2.39  2.52  2.66  3.76  2.75  2.26  3.43  1.37  3.09  1.95  3.32  4.73  2.63  3.38  3.86  4.08  5.52  2.06  3.19  11.0   6.4  2.79   5.4  3.84
C1907TS404_1 0.427  11.6  29.8  29.8  29.8  4.65  3.56  6.36  2.88   1.4  2.38  3.64   1.4  2.44  3.06  2.88  2.52  2.25  3.68  3.56  3.23  2.62  4.44  3.91  2.06   2.4  3.71  5.57  3.08  5.56  2.81  3.48  2.99  3.28  2.33  2.72  3.78  3.02  3.75  2.35  5.81  29.8  8.94  5.54   7.5  3.61  4.26  3.22  9.27  8.69  2.95  6.02  9.86  4.06  8.35  5.19  29.8  7.26  29.8  3.32  5.43  4.86
C1907TS230_5 0.434  5.79   4.2  4.07   5.0  3.54  2.18  4.67  3.55  3.52  2.47   3.4  2.28  1.99  2.52  3.36  3.15  2.81  3.29  3.67  4.57  2.91  4.87  5.34  8.12  3.21  3.52  6.35  3.75  5.15  3.23  5.32  4.34  3.91  3.59  10.8  4.84  4.18  3.67  3.98  5.47   4.0  3.98  4.25  6.42  4.07  3.55  3.41  3.88  5.96  3.31  2.69  3.39   3.2  3.36  2.44  3.52  4.31  4.53  7.12  29.8  8.12
C1907TS131_5  0.49  14.2  6.06  3.47  5.92  2.69  2.04  3.63  2.49 0.964  1.98  2.87  1.43  2.06  2.54  2.89  2.99  1.88  2.99   3.9   3.3  2.25  4.53  3.78  2.63   2.4  3.24  4.17  3.28  4.64  1.99  2.19  2.91  2.87  1.87   2.6  3.36  3.11  2.34  2.34  3.71  2.78   2.3  1.96  4.41  3.12  2.58  1.99  3.15  5.97  1.94  2.18  4.29   3.5  2.17  2.52  3.64  17.3  29.8  5.45  29.8  10.4
C1907TS131_4 0.495  3.47  5.04  4.54  4.84  2.51  2.64  4.04  2.98  1.19  2.22  3.01  1.44  2.07  2.53   2.9   3.0  1.89  2.98  3.91  3.31  2.26  4.54  3.78  2.63  2.41  3.23  4.17  3.29  4.65  1.99  2.19  2.93  2.88  1.87   2.6  3.34  3.11  2.35  2.33  3.72   2.8  2.31  1.96  4.43  3.14  2.57  1.83   3.3  6.06  1.72  2.51  4.73  3.31  2.18  2.49  3.88  4.83  9.63  5.43  11.6  7.04
C1907TS230_4 0.424  13.2  5.76  4.84  5.88  3.55  3.22  5.59  4.15   2.5   3.3  3.54   1.7  2.75  3.55  4.53  4.85  3.54  7.49  29.8  7.29   3.8  18.4  6.83  6.06  2.85  3.23  4.07  3.04   2.5  1.89  2.34  2.21  2.93  2.37  3.76  3.44   3.7  3.34  3.51  9.95  3.51  4.15   2.8  5.42  3.54  2.12  2.81  8.38  6.19  2.43  2.56  5.39  4.19  5.47  5.96  7.57  7.32  7.22  8.96  29.8  9.69
C1907TS210_1   0.5  3.87  5.49  4.93  5.12  2.55  2.59  4.48  2.97  1.05   2.4  2.78  1.36   2.1  2.62  2.73  2.48  2.11  2.96  3.85  3.13   2.3  4.37  3.69  2.78  2.28  2.96  4.88  3.07  4.38  2.21  3.51  3.18  3.21  1.74  2.43  3.23  3.04  2.27  2.24  3.39  2.75  2.02  1.77   3.7  3.03  2.34  1.76  3.21  5.24  1.84  2.29  4.12   3.4  2.66  2.35  3.77  3.21  3.95  4.77  12.7  7.09
C1907TS273_2 0.508  4.72  5.61  3.32  4.92  5.85   3.2  5.21  2.74  2.01  1.27  3.15  1.45  1.62  1.39  1.81  1.87  1.75  1.78  2.53  3.74  2.74  5.49  7.39  2.86  1.41  4.89   3.6  2.93  2.82  2.54  2.44   2.0  2.01  2.21  2.28  1.98  2.59  2.45  2.87  2.76  3.21  3.68  4.45  3.89  1.09  2.52  1.64  3.16  3.33  2.14  2.34  3.08  2.08  4.78  2.65  3.23  6.48  8.95   5.6   5.8  2.97
C1907TS054_4 0.411  8.06  10.1  4.95  17.5  4.13  4.55  11.0  4.37  2.96  3.06  3.07  2.11  2.24  2.76  3.08  3.24  2.71  3.85  4.87  3.71  3.99  4.99  5.24  6.16  3.55  29.8  13.0  5.02  5.02  4.89  29.8  29.8  6.16  5.68  3.79   5.1  4.44  4.85  3.85  10.9  3.98   4.1  3.21  3.47  3.34  3.37  2.42  4.56  5.39  2.65  4.96   7.4  3.01  1.88  3.22  3.14  3.75  6.91   6.4  7.62   3.8
C1907TS210_5  0.44   5.2  29.8  8.36  29.8  5.19  3.73  29.8  4.88  5.76  29.8  4.93 0.899   2.2  2.61  2.57  2.32  2.02  2.91  3.57  3.25  2.95  4.85  3.36  2.85  2.67  5.65  6.49  3.25  4.42  2.87  3.07  3.53  3.58  1.88  3.12   3.5  3.08  2.36  2.81  4.39  3.06  2.71   2.0  4.47  3.14  2.43  1.74  2.89  5.21  1.99  2.71  6.25  3.81  5.26  5.94  11.7  14.6  29.8   4.7  29.8  5.49
C1907TS404_4 0.419  11.6  29.8  29.8  29.8  4.65  3.56  6.38  2.88   1.4  2.38  3.64  1.39  2.44  3.06  2.88  2.52  2.25  3.68  3.53  3.23  2.66  4.58  3.87  1.87  2.78   3.2  4.71  3.25   3.9  2.45  4.01  3.09  3.32  1.98  3.24  4.06  4.06  3.37  2.19   4.1  10.6  18.2  8.92  29.8  15.3  7.89  4.77  8.02  15.2   4.9  4.56  5.84  7.75  4.67  5.55  29.8  29.8  29.8  2.79  5.15   4.4
C1907TS152_3 0.473  5.47  12.3  5.51   7.7  3.09  2.38  5.98  3.08 0.962  2.22  3.44  1.35  2.05  3.03   3.0  2.99  2.44  3.42  4.39  3.05  2.52  4.79  3.58  2.27   2.3  2.64  3.54  2.87  3.84  2.07  2.27  2.95  3.17  1.93  2.49  3.18  3.24  2.33  2.27  4.25  3.09  2.29  2.15  6.44  4.25  3.02  2.84  5.52  6.41  3.41  3.66  5.06  4.01  3.22  3.07   4.2   7.1  6.46  4.16  29.8  5.41
C1907TS309_1 0.446  11.8  29.8  6.17  11.9  4.65  3.73  6.75  3.45  1.16  2.16  3.98  1.52  2.01  3.18  3.04  2.97  2.55  3.17  4.45   3.8  3.56   5.3   3.7  2.74  2.62  3.17  3.97  2.96   3.8  2.49  2.76  3.17  2.98  2.11  2.34  3.29  3.08  2.53   2.3  3.58  3.07  2.13   2.2  5.09  3.73  3.23  3.65  3.94  7.49  4.31  5.13  29.8  4.15  8.98  7.87  7.09  3.79  6.03  5.97  21.3  20.3
C1907TS131_1 0.491  14.0  6.02  3.64  6.14  2.69  2.02  3.65  2.48 0.959  1.98  2.87  1.43  2.06  2.54  2.89  2.99  1.88  2.98  3.91   3.3  2.25  4.53  3.78  2.63   2.4  3.24  4.16  3.28  4.64  1.99  2.19  2.92  2.87  1.87   2.6  3.35  3.11  2.34  2.34  3.72  2.78   2.3  1.95  4.41  3.12  2.57  1.97  3.15  5.96  1.93  2.23  4.24  3.49  2.14  2.42  3.86  14.3  29.8  5.48  29.8  6.33
C1907TS152_2 0.495  29.8  3.16  1.72   4.4  3.18  2.02  4.01   3.1  1.14  2.48  3.34   1.4  2.11  2.83  2.32  1.98  2.62  2.86  3.28  4.95  3.56  7.44  3.99  3.21   0.0  2.68  2.67  2.76  2.51  2.04  2.36  2.48  2.07  1.76  2.38  2.43   2.2  2.78   2.3  3.73  3.09  2.62  2.58  4.62  3.57  2.25  2.75  3.91  5.44  3.24  4.57  5.25  3.55   2.1   3.0  5.01  6.36  12.0  3.75  19.8  6.24
C1907TS230_1 0.452  8.82  10.9  5.31  5.05   3.1  2.56  6.77  3.84  3.74  4.11   3.2  2.34  3.03  3.81  3.05   3.6   2.6  3.97  5.14  6.52   3.6  7.71  8.31   4.1  2.91  3.46  4.33  3.59   3.0  3.22  3.46   3.4  2.18  2.04  2.43  2.81  2.18   2.6  2.71  3.22  2.86  2.42   2.4  3.93  3.06  2.25  2.87  5.75  6.87  3.25   3.9  5.41  3.52  2.61  3.12  7.11  6.48  4.31  3.33  7.84  4.94
C1907TS404_5  0.41  6.37  9.22  7.98  29.8  4.57  3.25  5.89  3.51  1.35  2.71  4.25  1.93  2.24  3.06  3.15   3.2  1.92  3.19   3.9   4.5   3.1  6.35   4.2  2.68  2.63  4.29  4.41  3.06  4.52  2.34  3.51  2.95  2.95  1.81  2.65  3.34  4.43  3.14  2.25   4.0  29.8  8.43  20.9  29.8  3.92  7.27  4.64  8.99  29.0  5.61  5.98  29.8  8.37  9.04  14.0  7.44  11.9  6.63   6.5  29.8  14.5
C1907TS210_4 0.455  7.06  29.8  29.3  29.8  5.19  4.75  29.8   4.3  6.31 0.406  6.17 0.395  1.97  2.22  2.72  2.27  1.94  3.36  3.93  3.24  2.68  5.66  3.82  3.09  2.39  3.05  4.42  3.27  4.33  1.85  2.39  3.18  3.15  1.76  2.62  3.28  2.95  2.12  2.29  4.09  2.87  2.44  1.95  4.17  3.58  2.69  1.81  2.94  5.97  2.13  2.37  5.93  3.96  4.11  5.18   8.0  29.8  29.8  5.43  29.8  29.8
C1907TS054_1 0.429  25.9  29.8   3.5  5.37  3.41  4.15  3.79  5.46  4.51  4.84  4.94   3.4  2.38  4.31  3.87  3.78  2.73  3.86  4.26  3.59  4.54  5.76  5.09  4.12  3.59  5.23  2.93  3.14  2.37  2.47  6.17  3.87   2.7  2.33  2.19  3.27   3.6  3.66  5.63  28.2   2.8  4.64  2.43  7.23  3.98  3.28  3.76  4.08  8.46  3.54   2.8  6.99  3.05  3.82  3.49  2.76  8.41  29.8  4.23  6.39  3.15
C1907TS054_3 0.438  6.53  5.78  8.45  29.8  4.57  5.26  4.43  2.81  15.0  3.47  5.44  2.67  2.01  3.16  2.26  3.02  1.82   2.4  3.07  4.02  3.65   4.9  4.24  5.78   4.1  7.49  4.55  3.61  3.26  6.06  29.8  6.54  5.63  4.22  3.27  3.54  2.87  3.07  1.78  2.88  3.43  2.95  2.55   4.9  2.82  3.51  3.99  5.22  3.93  2.13  3.51  3.59   2.8  3.17  3.11  3.43  4.11  3.44  5.68  4.85  7.24
C1907TS273_5 0.436  7.38  5.44  10.4  25.0  3.63  3.82  12.7  2.53  1.47  1.28  2.42   0.0  1.79   2.6  4.46  4.19   5.4  3.67  3.67  5.42  4.38  8.48  5.26  3.95  4.25  5.74  6.09  18.7  29.8  7.15  29.8  29.8  6.88  9.14  29.8  2.76  6.29  4.95  2.32  2.98  3.73  3.84  2.59  4.19  2.47   2.6  2.06  3.41  6.44  3.14  2.11 0.831  1.94  2.29  1.61   2.3  3.28  6.08  3.66  12.2  4.05
C1907TS230_3 0.438  5.62   4.6  5.82  5.07  2.87  2.72  5.26  4.93  5.39  5.93  5.32  3.36  7.36   5.5  3.57  3.35  2.73  2.93  5.28  5.06  3.38  6.97  6.19  8.66  3.42  3.65   3.4   2.4  5.19  2.27  3.46  2.76   2.5  2.62  1.89  1.88  2.71  3.49  2.82  3.59  4.08  4.02  3.12  4.11  4.44  4.06  4.05  4.38  12.0  4.02  3.02  4.86  3.32  4.48  3.53  3.58  6.25  3.61  3.22  5.17  4.22
C1907TS131_3 0.491  14.1  6.06  3.46  5.96   2.7  2.03  3.63  2.48 0.962  1.98  2.88  1.43  2.06  2.53  2.89   3.0  1.88  2.99  3.91  3.31  2.25  4.53  3.78  2.63   2.4  3.24  4.17  3.28  4.63  1.99   2.2  2.91  2.88  1.87  2.61  3.36  3.11  2.34  2.34  3.74  2.78   2.3  1.96   4.4  3.12  2.59  1.97  3.15  6.08   2.0  2.34  4.54  3.73  1.97  2.81  3.81  4.53  8.75  8.08  29.8  7.94
C1907TS309_2 0.482  11.6  7.03  1.57  4.31  1.65  2.72  4.47   2.9 0.949  2.31  2.43  1.61   2.1  3.09   3.0  3.54   2.4  3.02  4.86  5.89  3.23  9.08  5.92  3.23  2.81  3.59  5.56  3.23  8.09  2.07  2.57  3.22  2.32  2.13  2.48  2.85  2.45  2.18  2.19  3.76   2.9  2.09  2.02  5.32  3.32  2.39  2.59  4.25  8.94  3.03  4.58  6.33  3.78  1.87  2.62  3.62  5.24  3.99  2.52  4.43  8.82
C1907TS152_1 0.498  29.8  3.42  1.34  7.78   2.9  2.25  4.27  3.09  1.07  2.34  2.57  1.58  1.81  2.86  2.99  2.52  1.99  2.39  3.09  4.58  3.21  5.04  3.41  2.86   0.0  2.52  2.46  2.29  2.35  2.03  2.25  2.72  2.19  2.21  2.24  2.53  2.45  2.82  2.37   3.6  3.15  2.86  2.58  4.97  3.35  2.69  3.36  4.45  5.51  3.13  4.32  5.07  3.58  1.95  2.39  4.89  5.85  6.39  3.69  15.9  6.46
C1907TS309_3 0.413  29.8  29.8  29.8  17.9   6.9  4.95  10.1  8.23  9.77  3.03  6.31  3.37  4.28  6.43  13.9   6.9  10.9  29.8  7.61  4.34   2.4  4.56  3.76  2.87  2.34  3.44  4.55  3.07  4.23  2.02  2.51  3.16  2.86  1.78  2.23  3.15   3.0  2.88  2.74  5.08  4.48  4.28  5.19   5.7  3.53  3.29  3.73  5.75  12.6  4.71  2.91  5.45  3.15  2.28   2.9  4.16  4.09  6.45  2.57  5.58  29.8
C1907TS131_2 0.491  14.0  6.02  3.64  6.13  2.69  2.02  3.65  2.48 0.958  1.98  2.87  1.43  2.06  2.54  2.89   3.0  1.88  2.98  3.91   3.3  2.25  4.53  3.78  2.63   2.4  3.24  4.16  3.28  4.64  1.99  2.19  2.91  2.87  1.86   2.6  3.35   3.1  2.35  2.34  3.71  2.78   2.3  1.95  4.41  3.12  2.57  1.97  3.15  5.96  1.93  2.24  4.25  3.49  2.14  2.42  3.85  14.0  29.8  5.46  29.8  6.32
C1907TS230_2 0.454  6.56  5.26  4.55  3.41  2.66  2.11  3.73  3.14  1.89  2.81  3.21  2.66  3.18  4.74  2.68  2.84  2.87  3.16  3.56  5.88  3.09   3.8  5.26  9.35  3.26  3.51  4.68  3.21  3.07  2.21  2.36  2.42  2.16  2.01  2.66   3.2  3.21  2.81  3.21  5.55  4.18  5.95  4.31  9.67  3.05  3.33  1.54  4.34   4.7  3.05  3.79  6.72   4.9  2.73  2.74  4.99  9.88  8.59  3.51  29.8  10.0
C1907TS273_4 0.338  6.38  5.21  3.17  6.11  3.13  2.76  3.67   6.0  9.36  6.32  4.01  12.3  11.1  29.8  29.8  9.95  11.4  5.74  10.3  10.2  7.31  29.8  29.8  29.8  13.6  29.8  29.8  11.2  29.8  8.15  29.8  9.08  5.48  4.56  4.42  4.05  3.37  2.79   2.9  4.64  3.02  2.88   4.4  5.39  5.28  3.65  29.8  29.8  29.8  2.96  29.8  22.5   7.1   7.0  9.74  4.59  4.55   6.9   4.3  13.7  3.67
C1907TS054_2 0.425  15.5  29.8  7.58  14.0  6.03  3.71  4.79  3.83   2.3  2.66  3.48  1.83  2.35  3.17  2.37  2.49  2.13  2.76   3.7  3.41  2.96  4.29  3.71  5.51  3.05  29.8  18.1  3.21  3.98  5.11  10.0  20.3  8.45  3.46  2.42  3.59  3.12  3.23  2.62  5.07  5.31  3.79  2.77  11.2  5.67  5.15  4.36   4.8  5.91  3.24  3.85  7.75  3.44  4.09   2.9  2.98  5.02  5.94  3.95  5.48  2.94
C1907TS413_5 0.499  7.59  3.38  1.55  3.78   3.2  2.36  3.97  3.19  1.03  2.46  2.81  1.63   2.4  3.11  3.26  2.14  2.11  2.54  3.11  4.85  3.53  7.54  3.53  3.25   0.0  2.98  2.88  2.59  2.46  1.96  2.11   2.3  2.02  1.67  2.51   2.6  2.55  3.03  2.39  3.62  3.02  2.29  2.41  4.33  3.14  2.46  2.74  3.38  5.29   2.1  3.93  5.17  3.33  1.67  2.65  4.17  5.89  5.57  6.49  29.8  16.3
C1907TS087_5 0.456  29.8  8.31  3.58  2.93  2.56  4.98   3.0  2.65  2.82  3.81  3.91  1.27  2.18  2.58  2.95  5.01  4.58  12.5  29.8  4.17  2.16  3.52  3.62  4.76  8.16  14.5  5.05  4.78  29.8  4.32  11.8  2.85  3.07  1.66   3.9  3.27  3.23  5.15  9.28  14.1  5.72  2.57  1.95  3.65   3.2  2.73  1.06  3.29  3.85  1.58  3.21  3.67  3.38  1.92  2.83  2.97   1.8  3.73  2.38  3.03  3.41
C1907TS456_5 0.482  6.12   7.5  6.31  5.25   7.6  2.63  4.52  2.38  1.67  1.81  3.13 0.859  2.45  2.58   2.1  2.36   2.5  3.16  2.51  3.44   2.8   4.4  4.35  11.8  4.83  7.28  7.84  4.13  3.33  1.78  4.41   3.4  2.47  2.86  2.62  1.81  2.27  2.14  2.39  2.17  2.45   2.0   2.4  3.03  2.44  2.05  1.66  3.53  4.65  3.07  4.54  4.02   2.8  3.82  3.04  4.99   3.5   7.5  2.85  9.46  4.69
C1907TS067_1 0.395  29.8  29.8  14.6  29.8  29.8  14.3  29.8  5.15   2.2  4.73  3.53  1.79  2.29   3.5  3.69  3.32  2.68  5.99  11.8  6.16  3.98  24.5  10.5  12.1  8.59   9.5  6.74  4.84  6.59  2.95  3.02   3.9  3.15  1.99  3.38  4.24  4.08  3.37  4.33  26.6  4.17  3.62  2.66  4.51  3.52  3.21  2.73  3.71  12.1  3.67  3.78   7.4  5.66  3.62  4.06  7.63  4.74  5.65  3.28  5.47  6.72
C1907TS413_4 0.486  29.8  5.07  2.13  5.13  3.05  1.85  4.54  3.13 0.839  2.39  4.12  1.32   2.2  2.92  2.23  2.12  2.11  3.11  3.07  4.32  3.26  6.73  3.97  3.04   0.0  2.89  3.29  2.69   3.0  2.42  2.34   2.7  2.24  1.92  2.35  2.73  2.35  2.62  2.35  3.92  2.93  2.89  2.73  5.56  3.59  2.34  2.51  4.94  14.1  3.62  5.31  3.74  2.99  2.45  3.31  4.48  3.87  5.66  4.83  13.5  29.8
C1907TS456_4 0.532  7.08  3.41   7.5   7.2  2.09  2.08  3.85  2.82  0.62  1.57  1.84  1.15  2.11  1.47  1.67  2.48  1.94  1.43  1.89  4.27  3.17  4.25  1.69  3.16  4.21  25.5  3.79  2.41  2.26  1.46  2.08  1.07  1.68  1.99  1.69  1.82  2.03  1.89  1.62  2.22  1.96  2.01  1.72  2.62  2.89  2.18  1.76  2.82  8.19  4.29  4.64  4.08  2.92  3.41  4.14  2.36  2.63  3.67  2.99  3.89  3.57
C1907TS087_4  0.48  4.46  8.25  4.89  10.4  8.78  3.03  6.74  3.51  1.09  2.11  2.42  1.48  2.33  2.16  1.32   2.2  1.87  1.82  2.77  3.97  3.95  13.0  10.3  3.88  3.15  8.58   5.2  5.59  6.48  2.15  4.16  2.69  1.83  1.94  2.31  2.35  2.65  2.06  2.33   3.2   2.8  1.74  2.16  3.76   3.7  2.46   2.9  4.29  7.64  3.76  3.67  4.66  3.38   2.3  1.89  4.12  3.74  5.11  3.14  3.59  5.16
C1907TS102_1 0.395  8.89  24.3  6.77  15.1  3.96  2.93  9.97  4.54  2.31  3.08  5.29  2.77  2.92  3.95  3.43  3.95  2.42  3.45  4.27  6.06  4.49  6.67  4.99  3.93  2.86  3.67  4.94  3.25  6.03  2.62  3.38  4.65  2.88  3.04  2.61  4.39  5.45  3.22   3.0  4.99  4.92   4.1  3.76  19.7  27.7  6.02  5.81  29.8  29.8  8.58  7.52  29.8  12.8  10.3  6.51  5.73  4.98  6.73  3.56  4.71  5.23
C1907TS158_4 0.404  29.8  17.9  3.46  6.76  7.77  3.27  6.26  3.91  1.87   2.9  4.81  2.12  2.61   5.0  4.25  2.91  3.22  3.24  5.12  4.97  5.14  13.0  7.05  4.76  4.68  4.88   6.2  4.23  5.54  3.03  3.14   4.1  3.01  2.34  2.98  3.57  3.26  3.02  3.46  3.82  2.96  2.44   2.7  5.42  3.69  3.74  3.15  5.12  23.5  5.44  7.15  29.8  9.29   6.7  6.43  6.63  29.8  29.8  8.77  29.8  6.65
C1907TS359_1 0.462  29.8  10.7  3.88  10.6  5.69  3.85  14.2  5.21  5.22  6.58  29.8  1.44  2.36  3.74  3.12  2.12  2.19  3.22  3.48  3.26  2.52  5.52  4.04  2.82  2.34  3.11  4.53  3.41   4.5  1.95  2.31   3.1  2.91  1.96  2.55  3.73  3.14  2.17  2.28  4.73  3.11  2.41  2.61  3.31  3.49  4.73  1.96  3.52  3.92  1.81  2.05  4.31   2.9  2.73  3.95  3.51  4.92  4.62  2.85  6.52  8.96
C1907TS240_5 0.462  5.29  5.03  2.85  4.35  4.13  3.01  5.77  4.17  2.09  5.83  5.31  1.67  2.57  3.02  3.22  2.58   1.8  2.43  3.49  5.55   3.9   5.1  5.97  5.38  5.55  4.23  12.0  3.75  6.26  2.31  2.33  3.02  2.76  2.14  2.35  3.26  2.81  2.44  2.46  4.43   2.8  3.96  2.52  4.05   1.6  3.29  1.74  3.43   4.7  6.02  4.69  3.48  3.99  4.71   3.6  3.88  3.14  4.44  2.77  5.36  4.39
C1907TS299_4 0.492  3.62  5.55  4.92  5.27  2.61  2.69  4.77  3.17  1.05  2.44  2.87  1.39  2.14  2.63  2.76  2.52  2.15  3.06  3.87   3.2  2.38  4.54   3.7   2.5  2.26   3.0  4.54  3.11  4.19   1.9  2.45  3.34   3.4  1.82  2.52  3.27  3.08  2.26  2.25  3.49   2.8  2.04  1.79  3.67  3.02  2.33  1.82  3.03  5.07  1.89  2.04  4.47  3.39  2.78  2.92  3.21  6.72  21.4  4.94  29.8  29.8
C1907TS067_3 0.382  29.8  29.8  29.8  29.8  29.8  29.8  29.8  6.67  2.22  3.74  5.08   1.8  2.25  2.36  3.32  3.85  2.56  5.69  8.25  7.42  4.13  29.8  29.8  7.03  4.64  13.5  4.82  3.83  6.96  3.23  6.34  7.35  4.28  2.32  3.69  4.34   4.5  2.86  5.55  19.7  4.44  4.13   3.0  5.56  3.92  3.32  2.46  3.63  10.4  3.35  3.61   7.0  4.66  3.17  4.19  6.83  4.54  5.43  4.83  29.8  13.3
C1907TS490_1 0.376  8.65  7.75  6.64  6.69  2.94  4.92  8.38  8.72  4.08  3.86  5.05  2.27  2.95  2.41  4.54  4.07  1.81  2.64  3.02  3.98  5.23  29.8  12.5  6.85  3.73  4.35  9.91  8.38  19.7  10.7  4.94  29.8  7.77  5.02  4.24  3.59  2.87  4.11  2.95  4.54  3.22  4.53  3.63  9.66  29.8  7.56  6.52  29.8  29.8  9.76  8.81  29.8  3.67  6.51  10.0  5.27  6.08  8.49  5.09  3.88  3.87
C1907TS067_2 0.398  7.63  29.8  28.4  29.8  29.8  10.8  29.8   4.3  1.89  4.19  4.16  1.72   2.3   2.9   5.5  5.66  3.18  7.54  29.8  5.56  3.87  29.8  4.23  29.8  5.44  10.9  3.86  4.21  4.81  3.42  4.14  4.09  3.13  2.14  3.45  4.16  4.53  2.92  4.18  16.7  4.82  3.88  2.42  4.62  3.25  2.48  2.41  3.25  7.97  3.48  3.51  4.63  5.46  3.51  3.42  5.65  4.79  5.42  3.99  29.8  6.18
C1907TS299_5 0.495  6.99  16.4  5.71  6.19  2.33  1.92  3.65  2.77 0.859  2.31  2.84  1.42   2.2  2.76   2.8  2.42  2.15  2.95  3.85  3.16  2.37  4.45  3.69  2.79  2.29   3.0  4.87  3.08  4.42  2.22  3.56  3.19  3.22  1.73  2.46  3.26  3.04  2.28  2.23  3.45  2.77  2.04  1.83  3.89  3.01  2.35  1.72  3.22  5.12  1.88  2.36  4.42  3.37  2.77  2.78  3.42  3.32   4.9  6.13  17.1  6.13
C1907TS240_4 0.466  7.65  9.01  3.88  4.03  3.02  2.16  4.13  3.24 0.932   2.3  3.06  1.51  1.97  2.83  2.95  2.83  1.82  2.16  3.88  6.08  4.13  5.65  6.78  6.35  2.69  5.32  5.06  3.33  4.42  2.11  2.28  3.03  2.52  1.78  2.22  3.13   2.5   2.2  2.46  3.78  2.85  4.76  2.48   4.8  2.22   4.0  3.94  4.24  7.83  4.72  4.13  4.37  3.65  4.49  5.29  3.64  4.37  7.72  3.79  7.57  3.77
C1907TS102_2 0.486  12.0  29.8  3.72  6.96  2.96  2.06   4.1  2.79 0.974  2.28  2.78  1.36  2.08  2.69  2.86  2.35  2.15  3.46  4.08  3.19  2.63  5.76  3.94  2.87  2.23  3.04  4.39  3.06  4.14  1.87  2.43  3.15  3.18  1.85  2.44   3.3  3.04  2.24  2.35  4.55   3.4  2.68  2.23  5.23  3.23  2.46  1.28  2.87  3.89  1.63  2.36  4.69  3.11  2.77   2.9  4.42  6.77  10.5  4.36  29.8  10.5
C1907TS158_5   0.4  4.99  10.7   6.8  10.5  4.35  2.79   7.5  4.45  2.58  2.61   4.5  1.91  2.32   3.2  4.63  4.01  2.12  4.25  7.34  4.49  3.54  5.58  4.32  2.89  2.59  4.35   5.7  3.48   4.7  3.44  5.45  3.99  3.62  2.12  2.71  4.01  3.46   2.7  2.49  5.25  3.58  3.46  3.21  7.26  4.89  6.02  29.8  9.87  29.8   9.5  5.81  29.8  5.12  29.8  5.93  12.9  6.86  23.7  6.94  29.8  7.27
C1907TS158_1 0.381  13.2  11.6   4.2  8.06  3.47  2.44   6.6  3.56  1.66   2.8  4.43  2.18  3.39  2.92  5.77  4.21  3.21  3.42  4.52   5.2  3.07  5.12  4.76  3.26  2.96  4.75  5.53   3.8  5.85   4.9   5.5  4.22  3.68  3.56  3.75  3.96   3.6  3.26  2.98  4.74  4.07  4.29  3.63  9.59  5.32  7.16  21.6  7.77  29.8  6.83  29.8  29.8  29.8  14.1  29.8  29.8  29.8  29.8  5.62  29.8  6.28
C1907TS301_1 0.474   5.4  9.44  4.27  6.62  2.71  2.28  4.25   2.9  1.05  2.27  2.96  1.31  2.12   2.8  3.14  3.19  2.44  3.41  4.24   3.5  2.27  4.53  3.55  1.98  2.42  2.97  4.27  3.09  4.28  1.88  2.64   3.1  3.14   1.9  2.54  3.75   3.2  2.33  2.25  3.84  2.98   2.1  2.17  5.47  3.93  2.83  2.93  4.95  6.38  3.45  4.14  6.03  3.83  3.44  3.53  4.04  5.92  6.82  4.54  29.8  5.71
C1907TS299_1 0.498  3.57  5.53  4.87  5.05  2.54  2.63   4.7  3.18  1.04  2.39  2.76  1.35   2.1  2.62  2.74  2.49  2.14  2.97  3.89  3.11  2.31  4.38  3.66  2.74  2.28  2.97  4.81  3.09  4.42  2.22  3.51  3.17   3.2  1.75  2.44  3.25  3.03  2.26  2.24  3.38  2.75  2.03  1.77  3.68  3.04  2.35  1.73  3.19  5.07  1.88  2.34  4.39  3.38  2.79   2.8  3.44  3.38  4.95  6.25  13.8  5.88
C1907TS413_3 0.498  6.01  4.47  1.68  7.58  3.15   2.5  4.34  3.04  1.13  3.13  2.61  1.35   2.1  2.78  2.22  2.02  1.83   3.1  3.37  4.63  2.64  4.05  3.13  4.35   0.0  3.49  3.32  2.41  2.31  2.16  2.99  2.68   2.0  1.59  2.11   2.6  2.37  2.48  2.22  4.41  2.88  2.23  2.37  3.97  2.93  2.51  2.92   4.0  8.68  5.72  3.61  5.41  3.85  2.28  2.38  6.02  3.84  5.93  2.75  12.0  17.7
C1907TS087_3 0.451  29.8  29.8  19.2  29.8  9.48  1.51  4.39  3.06 0.903  2.44  2.67  1.94  2.24  2.48  2.25  3.42  4.04  29.8  11.4  5.28  3.42  3.57  4.24  2.69   3.6  3.57  8.51  4.28  5.83  5.69  7.63   3.2  3.93  2.54  2.64   2.1  2.13  2.03  1.91  2.61  2.69   1.9  2.86  3.97  2.84  3.32  3.41  2.87  7.92   4.3  3.58  5.15  5.06  3.18  3.74  4.48   4.4  5.78  2.93  4.17  2.96
C1907TS456_3 0.514  3.53  9.44  10.3  9.08  2.89  3.25   5.0  3.33  1.28  2.76  2.79  1.95   3.6  3.49  1.95  2.63  2.22  2.11   2.1  3.15  2.67  4.23  2.82  2.47   0.0  6.73  5.34  2.23  2.65  2.41  2.22   1.6  1.12  2.03  1.92  2.04  2.21  1.93  2.88  3.11  2.36  2.14  2.93  2.98   3.6  2.65  3.01  3.68  3.31  2.67  5.82  4.58   3.3  2.81  4.47  2.84  1.68  2.59  2.57  2.73  2.69
C1907TS413_2 0.503  9.89  2.87  1.75  4.31  3.16  2.15  3.98  3.07  1.38  2.57  3.58   1.2  2.25  3.28  2.67  2.29  2.02  2.78  3.41  5.69  3.22   6.6  3.39  3.52   0.0  2.41  2.59  2.51  2.34  1.97  2.26  2.64  1.95  1.86  2.19  2.77  2.36  2.44   2.2  4.05  2.91  2.08  2.59  4.25   3.3  2.19  2.43  3.26   4.4  2.34  3.51  5.73  2.98  2.03  2.62  4.42  5.96  8.71  5.25  16.0  8.12
C1907TS456_2 0.498  5.39  4.71  2.63  4.83  1.94   2.1  2.98  2.64 0.711  2.27  4.37  3.16  3.41  2.96  5.06  2.35  2.84  1.69  3.38  2.62  2.57  3.92   4.6  4.21  4.67  29.8  3.12  2.12  1.86  1.75   2.2  1.23  1.57  2.27  2.16  1.99  1.92  1.73  2.69  2.22  1.33   2.3  2.46  2.17  2.17  2.37  3.04  4.59  8.41  4.79  6.55  10.7  4.53  5.12  10.4  3.79   3.9  2.87  3.17  5.35  3.17
C1907TS087_2 0.554  3.27  4.96  6.02  4.68  2.11  2.15  3.76   2.2 0.595   1.8  1.77  1.46  1.93  2.21  2.01  2.04  1.48  2.46   1.6   2.8  2.32  3.69  3.73  2.76 0.141  2.52  2.74  3.13   2.5  2.49  3.17  2.72  2.21  1.57  2.06  2.83  1.71  1.92  2.08  2.52  2.75  2.19  1.97   2.3  1.21  1.84  0.81  2.03   3.4  1.34   2.2  2.21  2.79  1.96  2.39  2.68  3.77  5.11  2.59   4.3  3.21
C1907TS240_1 0.453  9.18  5.51  3.36  3.97  3.49  2.87  4.97   3.2  1.59  6.33  4.64  1.65  2.83  2.94  2.99  2.77  1.93  2.13  3.98  6.29  4.39  5.92  6.81  4.98  4.83  5.07  7.33  4.12  5.34  2.08  2.34  2.95  2.66  2.02  2.48  3.08  2.66   2.6  3.16  4.96  3.49  3.65   3.5  4.08  2.18  3.22  1.76  3.62  5.83  5.99  4.93  3.99  4.97  4.67  3.73  5.71   3.1   4.6  3.33  7.29  4.88
C1907TS158_2 0.373  29.8  29.8  4.97  7.39  4.02   2.4  4.78  3.94   1.6   2.9  3.82  1.82  2.42   3.2  3.35  3.72  3.68  5.31  6.55  5.65   4.1  7.82   5.5  2.97  3.14  4.17  29.8  5.84  29.8  4.45  6.42  17.8   4.5  2.71  3.53  3.73  3.59  3.28  3.05  5.79   4.3  4.22  4.32  9.34  14.5  9.61  10.3  29.8  29.8  4.92  18.4  29.8   6.4  8.56  5.97  29.8  7.44  29.8  7.71  29.8  7.29
C1907TS240_3 0.452  9.62   7.2  4.57  4.37  3.52  2.56  4.82  3.89  2.21  5.73  4.66  1.77  2.81  3.15  3.02  3.17  2.01  2.29  3.41  5.96  4.56  6.28   9.4  10.5   2.6  3.53  5.91  3.41  3.99  2.29  2.32   3.1  2.82  1.88  2.56  3.17   2.7   2.4  3.43  3.03  2.85  5.58  3.43  4.43  1.97   3.1  2.74  3.22  6.25  4.84  4.66  2.44  4.21  9.07  5.48  4.83  5.12  6.76   3.2  6.76  3.41
C1907TS067_5 0.398  7.63  29.8  28.4  29.8  29.8  10.8  29.8   4.3  1.89  4.19  4.16  1.72   2.3   2.9   5.5  5.66  3.18  7.54  29.8  5.56  3.87  29.8  4.23  29.8  5.44  10.9  3.86  4.21  4.81  3.42  4.14  4.09  3.13  2.14  3.45  4.16  4.53  2.92  4.18  16.7  4.82  3.88  2.42  4.62  3.25  2.48  2.41  3.25  7.97  3.48  3.51  4.63  5.46  3.51  3.42  5.65  4.79  5.42  3.99  29.8  6.18
C1907TS299_2 0.494  3.71  5.62  4.87  4.92  2.55   2.6   4.5  2.99  1.04  2.41  2.79  1.35  2.09   2.7  2.87  2.34  2.16   3.5  4.14  3.23  2.64  5.69  4.03  3.17  2.24  3.11  4.87  3.06  4.42  2.19  3.48  3.17  3.25  1.77  2.45  3.25  3.03  2.28  2.25  3.45  2.75  2.03  1.82  3.82  3.02  2.35  1.73  3.21  5.07  1.84  2.31  4.34  3.37  2.75  2.78  3.33  3.73  6.21  3.62  29.8  8.13
C1907TS299_3 0.491  3.62  5.65  5.23  5.06  2.59  2.61  4.54   3.0 0.956  2.42   2.8   1.4  2.18  2.71  2.76   2.4  2.13  2.86  3.82  3.15  2.28  4.38  3.69  2.72  2.31  2.98  4.82  3.08  4.38   2.2   3.5  3.15  3.17  1.76  2.43  3.22  3.03  2.27  2.22  3.42  2.76  2.04  1.81  3.83  3.01  2.35  1.72  3.19  5.04  1.87  2.36  4.41  3.43  2.76  2.92  3.39  8.64  17.7  5.07  29.8  8.13
C1907TS456_1 0.468  29.8  29.8  7.33   6.3  4.29  3.12  4.08  2.65  1.11  2.29  2.94  1.51  1.95   2.5  1.54  2.03  2.07  3.03  3.83  4.43  4.32  29.8  5.53  4.93  10.7  29.8  8.33  2.04  3.43  1.63  2.22  1.29  2.24   1.9  1.78  2.43  2.52  1.78  1.56  2.09  1.86  2.06  1.99  2.94  2.25  2.48  4.73  5.09  4.62  7.09  29.8  7.65  4.51  7.79   4.8  6.87  4.18  5.29  2.88  8.03  3.77
C1907TS087_1 0.541  7.15  8.29  4.62  3.56  1.57  1.73  5.33  2.82  1.74  1.51   2.2  1.24  1.59  2.21  1.65  1.98  1.76  2.78  3.54  4.25  2.52  5.26  4.01   2.4   0.0  2.28  1.88  2.12  1.89  1.99  1.95  2.12  1.46  2.14  1.98  2.49  1.95  2.28   2.0  3.18  3.37  2.63  2.41   3.8  0.98  1.97  1.44  2.57  3.03  2.11  2.19  2.89  2.99  4.11   2.0  2.37  5.47  5.55  2.33  3.86   4.5
C1907TS413_1 0.483  29.8   5.0  1.65  5.09  3.44  2.26  4.82  3.36  1.18  2.27   3.0   1.5  2.02  3.14  2.33   2.1  2.27  2.71  3.19  4.04  3.55  9.91  3.62  2.88   0.0   3.0  3.11  2.72  2.18   2.2  2.68  2.68  2.32  1.73  2.74  2.78  2.45  2.63  2.67  3.98  3.22  2.72  3.04  4.74  3.45  2.83  3.02  4.28  8.99  3.74   4.5  4.92  3.56  1.83  2.63  5.41  6.82  13.4   6.4  29.8  11.0
C1907TS067_4 0.395  29.8  29.8  14.6  29.8  29.8  14.3  29.8  5.15   2.2  4.73  3.53  1.79  2.29   3.5  3.69  3.32  2.68  5.99  11.8  6.16  3.98  24.5  10.5  12.1  8.59   9.5  6.74  4.84  6.59  2.95  3.02   3.9  3.15  1.99  3.38  4.24  4.08  3.37  4.33  26.6  4.17  3.62  2.66  4.51  3.52  3.21  2.73  3.71  12.1  3.67  3.78   7.4  5.66  3.62  4.06  7.63  4.74  5.65  3.28  5.47  6.72
C1907TS240_2 0.457  5.63  10.8  3.71  4.69  4.24  2.57  6.06  3.93   1.7  5.99  4.71  1.67  2.83  3.09  3.07  2.73  1.82   2.2  3.68  5.99   4.4  6.06  8.26   6.6  2.68  5.16  6.06  3.45  4.85  2.31  3.19  2.99  2.88  1.76  2.11  3.13  2.38  2.44  2.71  4.51  3.22  3.25  2.86  4.04  2.21  3.27   1.7  3.61  5.48  6.24  4.45  3.78  4.28  3.74  3.67  5.07  3.53  3.96  4.48   6.7  4.88
C1907TS158_3 0.415  9.73  29.8  21.1   6.9  4.04   3.0  6.63  3.66  1.77  2.55  5.75  1.36  2.16  3.19  3.26  3.76  2.27  3.71  5.73  5.85  3.34  5.62  4.78  19.5  6.75  29.8  29.8  5.19  8.29  4.16  3.87  5.09  5.19   2.6   2.7  2.87  3.34  2.46  2.45   3.4  3.24   3.1  2.43   4.6  2.74  2.46  3.71  3.36  7.27  3.14  6.96  6.58  3.98  10.4  6.34  5.04  5.01  7.86  14.2  7.15  6.01
C1907TS179_1 0.351  29.8  13.1  9.93  9.47  29.8  10.4  9.18  9.01  4.97  23.7  6.74  8.24  7.73  16.1  29.8  29.8  5.07   7.2  15.1  10.0   7.2  10.7  4.54  3.68  7.56  16.1  20.7  5.16  4.32  3.19  4.57  10.1  4.37  3.49  3.07  5.29  5.64  3.82  3.03  29.8  6.35   4.2  3.54  7.47  7.97  5.46  2.91  14.3  9.83  4.98   7.4  5.74  2.13  1.57   3.0  4.86  5.19  5.76  16.3  19.2  9.79
C1907TS278_1 0.381  13.2  11.6   4.2  8.06  3.47  2.44   6.6  3.56  1.66   2.8  4.43  2.18  3.39  2.92  5.77  4.21  3.21  3.42  4.52   5.2  3.07  5.12  4.76  3.26  2.96  4.75  5.53   3.8  5.85   4.9   5.5  4.22  3.68  3.56  3.75  3.96   3.6  3.26  2.98  4.74  4.07  4.29  3.63  9.59  5.32  7.16  21.6  7.77  29.8  6.83  29.8  29.8  29.8  14.1  29.8  29.8  29.8  29.8  5.62  29.8  6.28
C1907TS345_4 0.498  5.03   4.9  4.57   6.8  3.08  2.37  3.39  1.52   2.7  3.64  5.86  5.67  2.53  2.26  2.59   2.6  2.35  1.65  1.65  2.76  3.45  3.28  3.17  4.02 0.531  3.06  3.79  2.87  2.52  2.85  6.85  8.38  2.11  3.42  2.95  2.31  1.94  1.96  1.82  2.07  1.56  1.83  1.84  2.25   2.6  2.28  2.18  4.47  4.07  3.84  5.25  29.8  2.16  4.23  2.36  3.84  2.39  3.81  4.06  5.24  4.57
C1907TS247_3 0.441  4.66  9.31  4.59  8.02  4.63  3.14  4.65  4.69  2.88  2.94  3.62  1.67  2.57  3.41  3.98  2.48  2.49  4.32  4.28  4.21  3.63  6.61  4.26  3.36  3.04  4.83  7.78  3.59   5.1  2.63  4.59  3.82  3.33  1.95  2.96  4.06  3.64  2.53  2.66  4.21  3.64  2.81  2.37  5.35  3.17  3.04   2.2  3.66  5.98  2.35  3.68   5.9  4.14  3.44  3.05  3.75  5.04  29.8   4.4  29.8  29.8
C1907TS200_1 0.351  29.8  13.1  9.93  9.47  29.8  10.4  9.18  9.01  4.97  23.7  6.74  8.24  7.73  16.1  29.8  29.8  5.07   7.2  15.1  10.0   7.2  10.7  4.54  3.68  7.56  16.1  20.7  5.16  4.32  3.19  4.57  10.1  4.37  3.49  3.07  5.29  5.64  3.82  3.03  29.8  6.35   4.2  3.54  7.47  7.97  5.46  2.91  14.3  9.83  4.98   7.4  5.74  2.13  1.57   3.0  4.86  5.19  5.76  16.3  19.2  9.79
C1907TS258_4 0.439  5.27  13.8  6.95  6.52  5.26  3.97  4.91  8.08  7.01  2.21  2.57  1.21  1.81  2.77  1.85  3.34  3.42  2.81  6.53  5.58  2.84  8.61  10.1  29.8  3.25  3.62  3.54  2.94  3.99  2.14  3.65  2.64  1.61  1.95  2.81  2.08  1.87  2.42   2.3  3.16  2.85  2.37  2.54  4.06  3.41   2.5  3.22  5.91  6.56  4.77  4.55  8.22  4.41  4.09  3.03  3.91  29.8  29.8  29.8  20.1  6.25
C1907TS258_5 0.477  5.93  5.14  2.75  4.63  4.96  5.36  6.51  5.99  3.15  2.95  3.17  1.45  1.77  2.78  1.76  2.02  2.05  2.83  2.94  4.42  2.92  6.58  3.68  4.58  2.25  3.17  3.91  3.17  3.74  2.31  3.75  3.32  1.91  2.72  2.22   2.2  2.07  2.73  2.82   3.4  2.71  2.21  2.12  3.89   2.8  1.84   2.9   4.7  5.68  3.09  3.59  5.08  3.55  2.56  3.49  5.91  3.33  7.11  3.49  6.34  10.8
C1907TS414_1 0.519  5.37  4.44  1.17  2.89   1.0  1.29  1.96  1.77 0.316  1.66  1.39  1.59   1.9  2.58  1.94  2.22  2.43  2.92   3.1  3.83  2.52   5.7  3.12  4.38  1.98  6.61  4.84  2.88  2.49  2.17  1.87   2.7  1.99  1.74  2.02  2.59  1.98  2.34  1.94  3.51  2.51  2.44  2.25  5.27  2.94  2.22  1.35  2.98  3.55  2.45  3.04  5.09  4.82  7.77  7.55  4.43  3.97  4.89  3.21  5.44  5.87
C1907TS103_2 0.395  8.89  24.3  6.77  15.1  3.96  2.93  9.97  4.54  2.31  3.08  5.29  2.77  2.92  3.95  3.43  3.95  2.42  3.45  4.27  6.06  4.49  6.67  4.99  3.93  2.86  3.67  4.94  3.25  6.03  2.62  3.38  4.65  2.88  3.04  2.61  4.39  5.45  3.22   3.0  4.99  4.92   4.1  3.76  19.7  27.7  6.02  5.81  29.8  29.8  8.58  7.52  29.8  12.8  10.3  6.51  5.73  4.98  6.73  3.56  4.71  5.23
C1907TS247_2  0.45  6.56   9.3  3.36  8.99  3.98  3.45  4.58   3.6  1.68  2.73  3.31  1.51  2.32   2.9  3.85   3.5  2.67  4.71  4.73   3.2  3.52  5.97  4.07  3.71  3.08  4.55  4.32  3.32  4.73  2.09  2.45  3.14  3.62  1.79  2.73  3.35  3.48  2.79  2.88  4.06  2.92  2.28  2.21  5.41   3.1  2.88   2.1  3.61  10.4  2.75  3.63  7.01  4.42  3.34  3.16  3.57  29.8  29.8  4.77  29.8  8.68
C1907TS345_5 0.518  4.85  4.44  2.06   4.3  3.42  2.37  3.83  3.63  2.61  2.85  4.22  2.28  4.31  4.11  3.26  3.86  2.33  2.57  2.12  3.45  2.63   4.0  2.49  2.03   0.0  4.55  4.13  2.83  1.99  2.28  3.39  2.12  2.24  1.97  2.46  2.16  1.88   2.0  2.25  2.09   1.9  1.91  2.02  2.69  1.88  2.01  2.12  3.52  4.18  2.43  3.54  2.38   1.9  2.27  2.97  3.57  2.35  3.85   3.7  29.8  3.13
C1907TS278_2 0.373  29.8  29.8  4.97  7.39  4.02   2.4  4.78  3.94   1.6   2.9  3.82  1.82  2.42   3.2  3.35  3.72  3.68  5.31  6.55  5.65   4.1  7.82   5.5  2.97  3.14  4.17  29.8  5.84  29.8  4.45  6.42  17.8   4.5  2.71  3.53  3.73  3.59  3.28  3.05  5.79   4.3  4.22  4.32  9.34  14.5  9.61  10.3  29.8  29.8  4.92  18.4  29.8   6.4  8.56  5.97  29.8  7.44  29.8  7.71  29.8  7.29
C1907TS123_5 0.387  9.46  29.8  6.55  26.1   3.8  3.87  8.88  3.71  1.39  2.75  4.24  1.63  2.37  3.49  5.74  3.69  4.53  4.36  11.5  7.15  3.72  5.31  8.83  14.1  4.24  6.43  7.24  2.96  6.04  4.84  6.47  6.85  5.06  3.69  3.11  3.15   3.1  2.99  2.75  5.49  3.82  4.19   4.0  10.1  7.21  6.33  7.88  7.16  14.5  3.96  4.94  4.29   3.5  4.06   5.3  9.12  5.07  12.1  6.83  29.8  8.36
C1907TS182_4 0.426  7.06  29.8  5.58  5.22   6.9  4.29  13.9  4.21 0.925   2.6  3.66  1.81  3.06  3.03  3.46  4.04  4.69  2.75  4.37  6.29   2.8  4.57  7.14  3.66  2.71  3.24  5.66  3.75  4.87  2.46   2.5  3.19   2.7  2.04  2.71  3.11  2.63  2.58   2.7  3.26  3.88  3.96  2.69  24.8  4.28  5.41  5.48  5.32  8.79  3.49  10.1  29.8  3.61  4.81   4.5  4.91  4.59  29.8  4.76  13.9  4.78
C1907TS414_3  0.49  4.66  5.07  1.45  4.14  2.81  2.08  3.55  3.36  1.52  3.59   2.8  1.42  2.07  2.65  2.83  2.16  1.62  2.75  2.08  4.23  3.19  3.54  3.48  8.22  6.04  4.33  5.32  4.78  3.37  2.64  2.03  2.83  2.39  2.18  2.44  2.57  2.36  2.41   2.3   3.6  3.24  2.39  2.83  4.47  3.66  2.75   2.3  2.81  3.56  2.14  2.75  3.68  3.86  4.54  5.36  3.17  4.02  4.69  3.82  9.73  4.84
C1907TS414_2 0.495  6.16   5.0  2.12  4.14   1.6  1.85  2.23  2.43  1.53  1.96  2.03  1.47  2.43   2.5  2.85  2.47  1.62  2.94  2.87  4.47  3.35  5.37  6.43   4.6   4.6  6.04  5.36  3.73  3.84  1.93   2.2  2.99  2.29  1.58  2.41  2.91  2.01  1.97  2.42  3.19  2.81   2.7  2.97  4.26  3.22  3.16  4.19  4.57  4.74  2.59  3.01   4.6   4.6  4.06  2.19  2.32  5.59  5.53  2.37  4.63  5.38
C1907TS182_5 0.407  8.56  29.8  6.13  7.14  5.38   5.1  15.4  3.54  1.64  2.85  5.87  1.56  2.67  3.14  3.27  4.34  3.23  3.48  5.89  7.22  4.55  5.13   7.2  3.15  3.74  3.76  4.71   3.8  6.07  2.62  2.98  3.51  2.64  2.39  3.36  3.09  3.46  3.48  3.05  3.59  3.77  4.07  2.69  6.37  4.79  4.35  3.72  5.72  29.8  6.48  6.82  29.8  5.43   5.8  6.04  10.6  5.29  29.8  6.96  8.46  6.44
C1907TS103_1 0.404  4.93  29.8  23.0  6.55  4.46 0.824  5.52  1.42  2.71  3.22  4.28  4.13  3.77  4.61  7.94  5.87  3.65  29.8  29.8  13.1  27.2  5.99  9.05  2.88  9.41  3.46  4.49  2.55  2.72  4.04  3.01  13.5  6.72  5.54  3.79  4.83  2.85  3.44  3.18  4.33  2.85  4.82  2.66   4.4   6.6  4.07  5.46   6.9   2.6  3.66  2.57  4.96  4.65  5.24  17.4  29.8
C1907TS247_1 0.446  6.99  8.36  2.32  29.8   5.4  2.83  4.28  4.19  1.86  2.89  3.71   1.5  2.79  4.27  4.62  3.06   3.6  3.94  4.53  3.99  3.76  5.22  3.61   3.1  2.23  4.22  4.49   3.2  4.81  2.21  2.92  3.45  3.37  2.29   3.0   3.7  3.92   2.7  3.25  5.09  3.21   2.4  2.59  4.53  2.94  2.82  2.17  3.33  5.32   2.5  2.81  5.86  4.06  3.22  3.39  7.52  29.8  29.8  4.54  29.8  8.97
C1907TS123_4 0.387  9.46  29.8  6.55  26.1   3.8  3.87  8.88  3.71  1.39  2.75  4.24  1.63  2.37  3.49  5.74  3.69  4.53  4.36  11.5  7.15  3.72  5.31  8.83  14.1  4.24  6.43  7.24  2.96  6.04  4.84  6.47  6.85  5.06  3.69  3.11  3.15   3.1  2.99  2.75  5.49  3.82  4.19   4.0  10.1  7.21  6.33  7.88  7.16  14.5  3.96  4.94  4.29   3.5  4.06   5.3  9.12  5.07  12.1  6.83  29.8  8.36
C1907TS066_1 0.448  7.17  29.8  3.77  6.52  3.79  2.23  5.62  3.44  1.34  2.47  3.33  1.52  2.24  2.85  3.17  2.61  2.22  3.98  4.85   3.3  2.68  6.76  4.19  3.35  2.56  3.08  4.49  3.22  4.58  2.03  2.38  2.89  2.99  1.87  2.56  3.67  3.43  2.43  2.84  5.88  3.07  2.97  3.89  10.5  2.36  4.18  2.24  3.87  8.05  3.82  3.59  4.86  4.47  5.05  4.02  6.61  9.04  29.8  9.93  29.8  9.83
C1907TS278_3 0.415  9.73  29.8  21.1   6.9  4.04   3.0  6.63  3.66  1.77  2.55  5.75  1.36  2.16  3.19  3.26  3.76  2.27  3.71  5.73  5.85  3.34  5.62  4.78  19.5  6.75  29.8  29.8  5.19  8.29  4.16  3.87  5.09  5.19   2.6   2.7  2.87  3.34  2.46  2.45   3.4  3.24   3.1  2.43   4.6  2.74  2.46  3.71  3.36  7.27  3.14  6.96  6.58  3.98  10.4  6.34  5.04  5.01  7.86  14.2  7.15  6.01
C1907TS247_5 0.436  4.24  7.19  8.13  17.3  5.08  2.78  6.33  4.51  2.31  2.91  18.1  2.61  3.35  4.46  5.47  3.68   3.2  4.79  6.12  3.81   3.2  6.73   4.2  3.17  2.79  4.07  5.63  3.19   5.8  2.22   2.9  3.39  3.54  2.14  2.96   3.7  3.46  2.27  2.71  4.29  3.49  3.26  2.48  5.68  3.43  2.83  2.22  3.26   8.9  3.16  3.73  7.04  4.12  2.94  2.86  4.29  4.17  10.2  3.67  7.68  29.8
C1907TS345_2 0.495  5.69  8.91   4.6  29.8  4.64  2.74  4.02  4.38  1.88  2.17  2.32  1.01  2.28  1.83  1.92  2.12  1.98  2.23  1.99  3.45  2.67  4.54   3.8  3.51  1.18   3.1  4.01   2.6  2.83  2.77  4.42  6.59  2.43  4.39  2.67  2.26  2.24  2.29  2.03  2.21  2.18  2.49  1.74  3.31  2.46  2.16  2.36  5.27  5.35  3.28  4.59  3.28  3.23  2.47  2.99  2.86  4.01   6.1  4.79  5.86  4.23
C1907TS258_2 0.471  3.18  5.61  29.8  11.4  6.58   3.3  11.7  9.56  7.84  2.05   2.3  1.87  1.96  2.45  2.02  3.02  2.42  2.91  3.42  5.52  3.08  8.32  10.7  4.08  3.84  4.01  6.48  2.77  3.25  2.16  3.32  2.89  1.57  1.72  2.72  2.64  1.92   2.1  2.56  2.88  2.81  2.16  2.31  2.74  2.52  1.65  2.33  3.43   6.0  2.57  3.55  4.48  4.27  3.79  2.71  3.27  5.02  4.39  4.28  5.42  5.72
C1907TS182_1 0.389  11.2  29.8  10.1  4.39  4.74  2.85  5.94  3.77  2.01  2.38   5.2  1.53  2.85  2.41  4.49  3.55  4.74  5.55  5.12  8.13  7.77  8.23   5.2  6.18  3.54   5.6  6.86  3.46  5.34  2.33  2.75  3.46  2.44  2.38  3.07  3.24  3.04   3.5  3.66  5.97  3.88  9.06  4.39  29.8  7.74  29.8  8.65  10.8  28.4  6.76  8.56  29.8  5.52   3.8  5.34  5.99  7.31  29.8  7.43  29.8  5.95
C1907TS003_1 0.393  5.58  15.2  7.56  29.8  4.64   3.8  29.8  5.78  29.8  6.65  5.53  3.27  3.45  2.66  4.06  3.34  3.99  3.85  5.83  5.91  4.22  13.7  5.84  4.94  6.73  16.1  7.47  9.05  29.8  5.21  6.47  3.79  2.43  2.92  2.54  3.14  2.61  2.39  2.78  5.16  3.51   3.4  3.76  5.34  4.06  4.65  5.11  3.91  6.72   4.9  4.67  8.24  3.72  2.32  3.48  6.74  5.29  5.28  4.23  15.2  8.12
C1907TS258_3 0.447  7.27  8.12   6.9  20.4  3.77  4.14   8.0  8.93  7.03  2.78  4.13  2.09  2.82  2.96   2.3  2.62  2.51  3.04  4.81  4.96  3.49  6.14  10.6   4.9  4.84  10.0  4.69  3.63  3.93  2.65  2.88  2.99  1.83  1.85   2.2  2.52  2.25  2.44  2.86   3.1  3.19   2.6  2.52  4.05  4.05   3.1  3.93  3.05  8.28  5.13  4.58  6.06  3.84  4.01  1.98  3.59  3.96   4.6  3.41  4.11  5.27
C1907TS347_1 0.425  4.48  10.3  6.85  6.54  5.24  2.62  4.58  3.21  2.25  2.43  3.51  1.84  2.18  3.05  3.81  3.25  3.03  3.83  6.07  5.52  3.67  5.17  3.94  3.34  2.77  3.58  5.28  2.78  3.87  2.95  5.31  4.84  3.74  2.28  4.69  6.27  4.72  3.39  4.01  5.86  3.96  4.47  3.48   5.0  3.47  3.18  2.73  4.22  6.19  3.23   3.6  5.37  4.45  5.44  4.54  29.8  8.82  5.68  5.86  10.3  7.96
C1907TS345_3 0.521   5.8  2.84 0.971  4.65  3.19  2.02  3.75  4.17  5.37  2.59  3.06  1.55  2.57  2.62   2.1  2.29  1.89  2.63  1.83  3.13  2.45  4.41  2.62  1.61 0.273  3.22   5.1  2.01   2.7  2.83  2.44   1.5  2.09   2.2  1.34  2.07  2.27  2.01 0.159  2.39  1.61  2.36  1.46  3.13  3.71  2.54  3.59   3.7  5.32  2.37  3.24  3.82  2.88  4.47  3.49  3.56  1.98  6.19  5.55  11.2  5.16
C1907TS247_4  0.44  4.38  7.45  5.32  10.7  4.05  3.09  16.8   4.9  2.35  3.67  9.53  2.03  2.92  4.51  5.38  3.05  2.64  3.96  3.91  3.71  3.28  4.25  3.99  3.79  2.89  4.03  5.76  3.24  4.51  2.46  2.84  3.79  4.02  1.93  3.15  3.86  3.82  2.29  2.92  6.18  4.05  3.09  2.15  4.67  3.36  2.58  2.26  3.19  5.64  2.05  2.37  5.13  3.76  3.39  3.11  4.16  7.33  11.4  4.52  29.8  29.8
C1907TS123_1 0.416  20.8  29.8  9.07  9.97  5.72  3.31  5.29  3.94  2.37  2.88  2.91  2.49   2.4  2.84  3.68  3.12  2.97  4.18  4.41  5.61  3.72  6.61  29.8  29.8  5.46  6.11  6.19  3.68  5.27  2.92  2.96  3.47  2.51  2.35  2.68  2.97  2.41  2.21  2.62  6.19  3.44  2.73  3.25  5.79  3.09   2.5  3.87  6.02  5.83  5.76  4.62  23.8   5.9  4.69  6.39  4.73  4.27  12.4  7.14  6.02   5.8
C1907TS278_4 0.404  29.8  17.9  3.46  6.76  7.77  3.27  6.26  3.91  1.87   2.9  4.81  2.12  2.61   5.0  4.25  2.91  3.22  3.24  5.12  4.97  5.14  13.0  7.05  4.76  4.68  4.88   6.2  4.23  5.54  3.03  3.14   4.1  3.01  2.34  2.98  3.57  3.26  3.02  3.46  3.82  2.96  2.44   2.7  5.42  3.69  3.74  3.15  5.12  23.5  5.44  7.15  29.8  9.29   6.7  6.43  6.63  29.8  29.8  8.77  29.8  6.65
C1907TS123_3 0.455  5.58  11.4   5.7   6.4  3.37  3.16  5.85  5.45  1.25  2.72  3.95  1.21  2.16   3.0  2.92  2.63  2.11  3.17  3.63  2.94  2.74  4.45  3.41  2.09  2.37  3.21   5.0  3.26  6.54  2.43  2.76  3.45  3.31  2.29  2.31  3.17  3.08  2.43  2.53  3.22  3.67  3.03  2.62  5.08  4.13  4.15   4.5  4.42  3.71   2.1  5.04  8.86  5.38  6.48  5.95  5.99  6.28  11.8  4.89  29.8   3.9
C1907TS345_1 0.516  14.2  5.13  2.55  2.97  3.01  2.09  3.11   2.9  1.36  2.29  2.39  1.24  2.21  2.31  1.06  1.82  1.89   2.5  2.57  4.79  4.32  11.9  4.11  4.84  7.04   8.1  4.52  2.71  2.91  1.82  1.98  1.37  2.29  1.94   1.8  2.17  2.51  1.98   1.4  2.34  1.77  2.02   2.4  2.18  2.52  2.07  2.67  3.41  4.65  5.92  2.31  4.81  3.64  3.62  3.98  2.61  2.43  3.12  2.66  3.87  3.86
C1907TS044_1 0.474   5.4  9.44  4.27  6.62  2.71  2.28  4.25   2.9  1.05  2.27  2.96  1.31  2.12   2.8  3.14  3.19  2.44  3.41  4.24   3.5  2.27  4.53  3.55  1.98  2.42  2.97  4.27  3.09  4.28  1.88  2.64   3.1  3.14   1.9  2.54  3.75   3.2  2.33  2.25  3.84  2.98   2.1  2.17  5.47  3.93  2.83  2.93  4.95  6.38  3.45  4.14  6.03  3.83  3.44  3.53  4.04  5.92  6.82  4.54  29.8  5.71
C1907TS003_3 0.373  7.38  29.8  15.2  29.8  8.16  5.33  29.8  16.6  5.12  4.31  5.52  3.21  3.13  4.23  4.38  4.83  3.09  7.47  11.9  6.32  12.0  29.8  4.13  5.08  2.44  4.12  4.56  3.05  4.13  2.63  4.48  3.75  2.79  3.75  29.8  4.64  5.08  5.27  5.79  8.79  2.95  2.55  2.64  5.14   4.1  2.61  6.43  4.16  10.3  4.46  4.11  27.0  7.24  6.76  3.64  11.1  8.19  15.1  7.74  29.8  23.2
C1907TS258_1 0.468  4.06  10.8  4.82  4.55  11.9  4.34  29.8  14.4  7.59  2.39  3.66  1.54  1.66  2.16  1.87  2.86  1.87  3.63  4.06  4.68  2.95  29.8  8.19  4.33  3.91  4.83  3.39  3.05  3.63  2.19   3.5  2.94  1.94  1.91  2.53  2.92   2.1  2.04  2.49  3.27  2.71  2.25  1.97  3.52  2.95   1.9  3.05  3.99  5.29  4.87  3.73  4.23  3.54  2.47  2.31  3.35  2.79  3.89  2.89  5.71  12.3
C1907TS414_5 0.515  5.86  4.86  1.98  3.86   2.6  1.87  2.14  1.74 0.908  1.97  1.72  1.15  1.78  2.46   2.4  2.55  1.63  2.45  2.37  4.24  2.43  3.97  6.02  13.2  4.44  4.09  4.62  3.16  3.22  2.32  2.15  2.82  2.07   1.8  2.28  2.49   2.2  2.16  2.38  3.96  2.68  2.75  2.89   6.0  2.38  2.92  1.99  3.08  3.56  2.37  3.12  4.16  2.79  3.52  2.21  2.62  3.59  4.07  2.18  5.29   5.2
C1907TS182_2 0.429  7.17  9.35  6.48  5.75  7.15  4.08  11.1  4.14  1.12  2.33  3.81  2.08  3.22  3.54  3.55  3.88  4.76  2.86  4.41  6.36   2.8   4.6  7.11  3.61  2.71  3.25  5.68  3.75  4.91  2.37   2.5  3.17  2.69  1.99  2.54  3.14  2.74  2.42  2.49  4.26  3.74  3.57   2.6  29.8  4.31  4.42  5.41  5.44  6.33  3.41  8.29  29.8  4.28  4.91  4.21  4.58  4.66  29.8  4.45  8.08  3.78
C1907TS182_3 0.397  20.1  23.5  9.87  5.02  4.89  2.74  5.66   3.6  2.14  2.34  4.52  1.13  2.59  2.48  3.89  3.27  4.39  5.12  5.26  13.1  8.82  7.45   5.0  5.74  3.35  3.47  5.45  3.42  5.62  2.71  2.71  3.64  2.32  2.35  3.02   3.3   3.0  3.49  3.45   5.4  3.65  7.27  4.09  29.8  4.86  14.4  5.53  7.73  29.8  5.94  6.18  29.8  5.84  3.72  7.37  6.75  7.21  29.8  7.87  29.8  5.97
C1907TS414_4 0.517  3.24  2.35  1.64  3.71  2.11  1.73  2.31  2.08 0.927   1.9  2.19  1.26   2.2  2.51  2.64  2.53  1.64  2.85   2.8  4.92  3.44  4.84  4.97  11.0   3.6  4.95  6.16  3.67  3.64  2.04  2.18  2.85  2.29  1.88  2.53   2.3  2.39  2.31  2.44   3.2  2.32  2.71  2.41  5.74  4.03  2.33   2.8  3.87  4.27  2.22  2.51  3.45  1.81  2.15  1.89  2.66  2.68   4.1  3.12  3.98  5.57
C1907TS003_2 0.361  5.56  5.98  9.82  29.8  7.95  5.21  9.47  4.82  18.7  5.61  29.8  3.57  3.85  3.64  4.77  5.14   7.4  13.5  10.2  6.77  5.74  8.81  5.94  8.16  4.04   5.0  5.41  6.58  12.2  4.18  7.37  6.77   4.2  3.37  6.85  6.03  7.76   4.6  4.76  6.23  4.84  7.56  3.29  25.0  4.93  2.98  4.11  3.97  5.64  5.56  5.86  6.53  3.69  4.24  4.04  3.31  4.67  5.62  4.45  7.61   6.9
C1907TS123_2 0.394  7.05  5.67  3.03  10.4  11.0  4.44   5.9  4.66  2.87  3.34  3.26  4.08  2.49  4.37  2.64  3.34  2.76  3.14   4.8   3.4  2.68  9.38  6.84  6.03  5.52  4.46  5.64  4.61  6.03  3.06   5.2  6.69  3.99  3.84  4.66  4.67  3.13  4.22  2.62  5.26  3.23  3.18  3.58  8.31  4.27  8.67  8.94  6.56  29.8  7.17  5.02  12.0  3.77  4.95  6.06  4.54  4.97  5.52  9.61  29.8  9.83
C1907TS278_5   0.4  4.99  10.7   6.8  10.5  4.35  2.79   7.5  4.45  2.58  2.61   4.5  1.91  2.32   3.2  4.63  4.01  2.12  4.25  7.34  4.49  3.54  5.58  4.32  2.89  2.59  4.35   5.7  3.48   4.7  3.44  5.45  3.99  3.62  2.12  2.71  4.01  3.46   2.7  2.49  5.25  3.58  3.46  3.21  7.26  4.89  6.02  29.8  9.87  29.8   9.5  5.81  29.8  5.12  29.8  5.93  12.9  6.86  23.7  6.94  29.8  7.27
END



