PFRMAT QA
TARGET C1907
AUTHOR 6921-7163-1319
METHOD Distance-based protein model quality estimation by deeplearning
METHOD -------------
MODEL 2
QMODE 2
C1907TS003_1 0.54691 4.1066 4.0535 4.0634 4.051 4.0486 4.0276 4.0435 4.0568 4.0394 4.0227 4.0347 4.0442 4.0463 4.0468 4.0492 4.025 4.0288 4.0393 4.0698 4.051 4.059 4.0535 4.0609 4.0698 4.0214 3.9484 4.0313 3.6301 4.1384 3.852 4.2674 4.0937 4.0445 4.0453 4.0461 4.0436 4.0451 4.0419 4.0427 4.0437 4.0289 4.0384 4.0701 4.0696 4.0667 4.0502 4.0244 4.054 4.0539 4.0534 4.0542 4.0483 4.051 4.0625 4.056 4.0493 4.0507 4.0471 4.05 4.0353 4.0455
C1907TS003_2 0.48662 4.1325 4.0337 4.0403 4.0367 4.0439 4.0531 4.0423 4.045 4.0437 4.049 4.0397 4.035 4.0307 4.0342 4.0341 4.0232 4.0046 4.0336 4.0482 4.0132 4.025 4.1019 4.1051 3.6188 4.3676 4.0832 4.0068 4.0437 4.0416 4.037 4.0382 4.0382 4.0333 4.0459 4.0515 4.0486 4.0506 4.0459 4.0454 4.044 4.0488 4.036 4.0311 4.0413 4.0319 4.0184 4.0283 4.0449 4.0443 4.0459 4.0427 4.0421 4.0434 4.0439 4.0439 4.0456 4.0452 4.045 4.0426 4.0445 4.0907
C1907TS003_3 0.56485 4.1519 4.045 4.0596 4.0501 4.0568 4.0649 4.064 4.0166 4.0291 4.0046 4.0268 4.0464 4.0411 4.0338 4.0355 4.0255 4.0458 4.076 4.0369 4.0174 3.7533 4.6061 3.3751 4.4735 4.0728 4.0422 4.0404 4.0387 4.0359 4.0301 4.0272 4.0264 4.03 4.0277 4.0357 4.0272 4.0371 4.0346 4.0313 4.0276 4.0317 4.0549 4.0554 4.0507 4.0621 4.0617 4.0326 4.0499 4.0497 4.0476 4.0433 4.0459 4.0456 4.0488 4.0512 4.0483 4.0486 4.0495 4.0477 4.0309 4.0787
C1907TS010_1 0.50102 4.2324 4.0638 4.1461 4.1236 4.1125 4.0793 3.5662 3.1292 3.755 4.1387 3.995 4.0399 4.0948 4.0824 4.0914 4.0592 4.068 4.0959 4.1234 4.1304 4.1438 4.1225 4.1461 4.0536 3.8588 3.6395 4.0951 4.2818 3.3678 4.2704 4.1873 4.0264 4.0505 4.0629 4.0617 4.051 4.0539 4.0851 4.093 4.1156 4.1177 4.1152 4.1434 4.1111 4.148 4.097 4.1262 4.1048 4.0986 4.1201 4.1336 4.1008 4.0242 4.0823 4.081 4.0832 4.0952 4.0899 4.0992 3.9828 4.1277
C1907TS010_2 0.53841 2.5404 inf inf inf 2.5483 2.5484 2.5485 2.5486 2.549 2.5486 2.5489 2.5489 2.5489 2.549 2.5488 2.5488 2.5488 2.5489 2.5487 2.5488 2.5492 2.5492 2.5507 2.5448 2.5405 2.5454 2.5465 2.5481 2.5486 2.5486 2.5489 2.5486 2.5489 2.5489 2.5486 2.5484 2.5494 2.5485 2.549 2.5484 2.5485 2.5484 2.5485 2.5486 2.5492 2.5485 2.5484 2.5491 2.5488 2.5486 2.5489 2.5486 2.5487 2.5486 2.5489 2.5498 2.5495 2.5496 2.5489 2.5485 2.5517
C1907TS010_3 0.44229 4.1196 4.0687 4.0527 4.0258 4.062 4.0632 3.9887 4.0597 4.0546 4.0315 4.0261 4.0335 4.0275 4.0185 4.0236 4.0325 4.0348 4.0078 4.0176 4.0523 4.0645 4.0678 4.0634 4.0739 4.045 4.0593 4.0325 4.1579 3.8337 3.918 3.9729 4.093 4.0566 4.0432 4.0496 4.0396 4.0295 4.0299 4.0301 4.0254 4.043 4.0771 4.0685 4.0471 4.0728 4.0324 4.045 4.0522 4.0503 4.0525 4.055 4.0508 4.0464 4.0461 4.0481 4.05 4.0565 4.0402 4.0463 4.0141 4.0673
C1907TS010_4 0.49912 3.4663 3.5023 3.5723 3.4891 3.5431 3.7079 inf 3.3911 3.5937 3.5178 3.5754 3.5653 3.5756 3.5801 3.5839 3.5681 3.5584 3.563 3.5739 3.5665 3.572 3.6397 3.4548 3.4717 3.4948 3.566 3.5773 3.5845 3.5829 3.5799 3.5771 3.5783 3.5752 3.5815 3.5706 3.5504 3.5895 3.5401 3.5862 3.4438 3.5379 3.5678 3.5682 3.557 3.592 3.6008 3.5589 3.5285 3.5706 3.5448 3.5776 3.6855 3.4915 3.5484 3.4949 3.5322 3.5117 3.5225 3.5141 3.4492 3.6339
C1907TS010_5 0.58887 4.1405 4.0063 4.0263 4.0141 4.0413 4.0055 4.0435 4.042 4.0452 4.0364 4.0375 4.0398 4.0441 4.0426 4.0388 4.0353 4.0348 4.049 4.0482 4.0553 4.0279 4.0771 4.0803 3.8787 4.2714 4.1182 4.0043 4.0424 4.0428 4.0429 4.0454 4.0413 4.0303 4.0218 4.0202 4.0181 4.0194 4.0247 4.0075 4.0408 4.0365 4.0417 4.0421 4.0375 4.0353 4.0221 4.038 4.0412 4.0391 4.0403 4.0414 4.0383 4.0382 4.0387 4.0427 4.0387 4.0362 4.0394 4.0346 4.05 4.0948
C1907TS044_1 0.59291 4.1513 4.04 3.9936 3.9668 4.0298 3.7083 4.6471 3.3418 4.3835 3.8424 4.0238 4.0382 4.0582 4.047 4.0444 4.0582 4.0639 4.0759 4.0669 4.0576 4.0516 4.0559 4.0528 4.0523 4.0546 4.0524 4.0646 4.0646 4.0498 4.0364 4.0444 4.0247 4.0284 4.0336 4.0444 4.0374 4.0281 4.0382 4.0573 4.0424 4.0568 4.0705 4.0671 4.0429 4.0549 4.0795 4.0365 4.0559 4.0588 4.0541 4.0518 4.0453 4.0479 4.0511 4.047 4.0481 4.0484 4.0543 4.0545 4.0435 4.1369
C1907TS054_1 0.41605 4.0968 4.0783 4.0648 4.0433 4.031 3.9902 3.9903 4.0267 4.0418 4.0224 4.0236 4.0266 4.0382 4.0414 4.0338 4.0458 4.0382 4.0084 4.0176 4.0264 4.0756 4.0593 4.044 4.0563 4.0319 3.9844 4.0451 3.6651 4.3748 4.2518 4.0504 4.1109 4.0511 4.0213 4.0326 4.0375 4.0373 4.0542 4.0689 4.0626 4.033 4.0221 4.0268 4.0352 4.03 4.0404 4.0471 4.0503 4.0405 4.0332 4.0368 4.0464 4.0414 4.0441 4.0524 4.0477 4.0397 4.0359 4.0366 4.0195 4.0315
C1907TS054_2 0.4711 4.1158 4.0802 4.0614 4.0413 4.0312 4.0337 4.0362 4.0469 4.0428 4.0313 4.0324 4.0371 4.0501 4.0495 4.0259 4.0329 4.026 4.0181 4.0239 4.0457 4.0717 4.0716 4.0625 4.0564 4.0121 3.9912 4.057 3.5734 4.213 4.0315 4.1432 4.09 4.0413 4.0248 4.0307 4.0342 4.0254 4.0242 4.0571 4.0632 4.0647 4.0676 4.0751 4.0343 4.042 4.0585 4.0593 4.0479 4.0429 4.0396 4.0431 4.0699 4.0578 4.0226 4.0474 4.0553 4.0568 4.0472 4.0507 4.0247 4.0411
C1907TS054_3 0.39038 4.1394 4.0345 4.0403 4.0346 4.0423 4.051 4.0417 4.04 4.0493 4.0378 4.0358 4.0336 4.0311 4.0237 4.0226 4.0326 4.0382 4.0216 4.02 4.0499 4.0531 4.0516 4.0508 4.0553 4.0406 3.9938 4.0248 4.1111 4.2046 3.5691 4.387 4.0772 4.0127 4.0409 4.0401 4.0347 4.038 4.0519 4.0503 4.0447 4.0474 4.0349 4.031 4.0428 4.0232 4.0279 4.033 4.036 4.0371 4.0385 4.0487 4.0534 4.0352 4.0179 4.0492 4.0502 4.0441 4.0417 4.0385 4.0394 4.0836
C1907TS054_4 0.40031 4.0966 3.9894 3.9771 3.9716 3.966 3.9688 3.9606 3.964 3.9633 3.9671 3.9729 3.9766 3.9744 3.9634 3.9515 3.9463 3.9561 3.9387 3.9564 3.9847 3.9883 3.972 3.9714 3.9775 3.9818 3.9181 3.8802 3.9814 3.8486 inf 3.3666 5.0348 3.7966 3.9872 3.9558 3.9694 3.9778 3.9728 3.9774 3.9698 3.966 3.962 3.9708 3.9733 3.96 3.9584 3.9635 3.9635 3.9763 3.9751 3.9644 3.9707 3.9599 3.9514 3.9744 3.9809 3.9781 3.969 3.9707 3.9433 3.9985
C1907TS054_5 0.38336 4.141 4.0565 4.0573 4.047 4.0545 4.0557 4.0576 4.0588 4.0572 4.0617 4.0519 4.0512 4.0503 4.0468 4.0492 4.0419 4.0286 4.0589 4.0734 4.0701 4.0675 4.0564 4.0118 4.0061 4.0684 3.7901 3.8289 3.6539 4.2294 4.069 4.0414 4.0429 4.0407 4.043 4.0477 4.0496 4.0487 4.045 4.0429 4.0315 4.0607 4.0754 4.0727 4.0419 4.0619 4.0699 4.036 4.0559 4.0607 4.0596 4.0608 4.0628 4.0472 4.0451 4.0627 4.0632 4.0508 4.0503 4.0486 4.0477 4.0736
C1907TS066_1 0.57984 4.1607 4.0366 4.0222 3.965 4.027 3.8164 4.7909 3.3808 4.2677 4.0209 4.0268 4.04 4.0426 4.039 4.0332 4.0395 4.0553 4.0609 4.0454 4.0449 4.042 4.0347 4.0338 4.0275 4.0269 4.0245 4.049 4.0549 4.0489 4.0612 4.0457 4.0341 4.0336 4.0265 4.0278 4.0355 4.0197 4.0479 4.0546 4.0496 4.0653 4.0574 4.059 4.0489 4.042 4.0612 4.0487 4.0686 4.0101 4.0418 4.0416 4.0487 4.0434 4.0417 4.0406 4.0462 4.0483 4.0518 4.0474 4.0361 4.1022
C1907TS067_1 0.47152 4.1406 4.0141 3.962 4.0106 4.0635 3.8023 4.8452 3.3821 4.446 4.0401 4.0332 4.0296 4.0306 4.0385 4.0361 4.0137 4.0402 4.0571 4.055 4.0564 4.0672 4.0247 4.0097 4.0127 4.0266 4.0502 4.0485 4.0466 4.0476 4.045 4.0383 4.0311 4.0288 4.0316 4.0342 4.0289 4.0355 4.0092 4.0153 4.0518 4.0618 4.0585 4.0512 4.0496 4.0491 4.0574 4.0498 4.0438 4.0382 4.042 4.0492 4.0528 4.0502 4.0427 4.0438 4.0448 4.0474 4.041 4.0416 4.0154 4.07
C1907TS067_2 0.50845 4.1734 4.0587 3.9545 3.961 4.0636 3.6952 4.489 3.7338 3.8667 3.8143 4.1083 4.0317 4.0379 4.0413 4.0417 4.0405 4.0669 4.0863 4.0666 4.0666 4.0974 4.0106 4.0094 4.0382 4.0646 4.061 4.063 4.0651 4.0647 4.0492 4.0392 4.038 4.0415 4.0473 4.0502 4.0521 4.04 4.017 4.0246 4.0482 4.0738 4.0808 4.0773 4.0677 4.0568 4.064 4.0688 4.0735 4.0418 4.0666 4.0679 4.0682 4.0629 4.061 4.0648 4.0561 4.0558 4.0451 4.0487 4.0251 4.0909
C1907TS067_3 0.50496 4.1671 4.0346 3.952 4.0667 3.7708 4.1922 3.7142 3.796 3.7959 4.1372 4.0316 4.0401 4.0388 4.0377 4.0465 4.0165 4.0558 4.087 4.0858 4.0841 4.1012 4.0648 3.9667 4.0145 4.0469 4.0852 4.0837 4.0663 4.0692 4.0598 4.0429 4.0401 4.0426 4.0473 4.0553 4.0456 4.0067 4.0082 4.0384 4.0676 4.0904 4.0864 4.0785 4.0808 4.0821 4.0946 4.0734 4.0614 4.0787 4.0653 4.0799 4.0786 4.067 4.0572 4.0594 4.0645 4.0661 4.066 4.0506 4.0133 4.1116
C1907TS067_4 0.47152 4.1406 4.0141 3.962 4.0106 4.0635 3.8023 4.8452 3.3821 4.446 4.0401 4.0332 4.0296 4.0306 4.0385 4.0361 4.0137 4.0402 4.0571 4.055 4.0564 4.0672 4.0247 4.0097 4.0127 4.0266 4.0502 4.0485 4.0466 4.0476 4.045 4.0383 4.0311 4.0288 4.0316 4.0342 4.0289 4.0355 4.0092 4.0153 4.0518 4.0618 4.0585 4.0512 4.0496 4.0491 4.0574 4.0498 4.0438 4.0382 4.042 4.0492 4.0528 4.0502 4.0427 4.0438 4.0448 4.0474 4.041 4.0416 4.0154 4.07
C1907TS067_5 0.50845 4.1734 4.0587 3.9545 3.961 4.0636 3.6952 4.489 3.7338 3.8667 3.8143 4.1083 4.0317 4.0379 4.0413 4.0417 4.0405 4.0669 4.0863 4.0666 4.0666 4.0974 4.0106 4.0094 4.0382 4.0646 4.061 4.063 4.0651 4.0647 4.0492 4.0392 4.038 4.0415 4.0473 4.0502 4.0521 4.04 4.017 4.0246 4.0482 4.0738 4.0808 4.0773 4.0677 4.0568 4.064 4.0688 4.0735 4.0418 4.0666 4.0679 4.0682 4.0629 4.061 4.0648 4.0561 4.0558 4.0451 4.0487 4.0251 4.0909
C1907TS073_1 0.46715 4.1366 4.0158 4.0153 3.999 4.0165 4.0905 3.9193 4.2904 4.1468 3.9686 4.0478 4.0409 4.0292 4.0208 4.0182 4.0282 4.0304 4.044 4.048 4.0429 4.0396 4.0438 4.034 4.0439 4.0418 4.0372 4.0349 4.0469 4.0456 4.0364 4.0428 4.0424 4.041 4.0411 4.0426 4.0416 4.0298 4.0259 4.019 4.0014 4.047 4.0392 4.038 4.0343 4.0405 4.0377 4.014 4.0491 4.0394 4.0379 4.0391 4.0403 4.0367 4.038 4.0371 4.0392 4.0359 4.0418 4.0353 4.0483 4.1003
C1907TS073_2 0.50746 3.7675 4.1723 3.9941 3.9446 4.0498 4.0644 4.025 4.2046 3.3429 4.1522 4.1364 4.047 4.0756 4.0797 4.058 4.0231 4.0207 4.0604 4.0634 4.0747 4.0827 4.0383 3.9981 4.0547 4.069 4.0723 4.0611 4.0718 4.0725 4.0547 4.0647 4.0615 4.058 4.0614 4.0525 4.056 4.058 4.0826 4.0419 4.0266 4.0609 4.057 4.0724 4.0639 4.0555 4.0754 4.0756 4.0023 4.0278 4.0478 4.0566 4.0564 4.053 4.0501 4.0539 4.0638 4.0712 4.059 4.0608 4.0144 4.0943
C1907TS073_3 0.53976 4.1357 4.0006 4.0052 4.0221 4.0607 4.196 3.9407 4.2323 4.146 4.004 4.0394 4.0171 4.0038 3.9991 4.0107 4.0229 4.0152 4.0536 4.0435 4.0389 4.0369 4.0411 4.0375 4.0409 4.0333 4.0362 4.0443 4.0355 4.0352 4.0359 4.0432 4.0417 4.0376 4.04 4.0386 4.0405 4.0453 4.0374 4.0351 4.0177 4.0404 4.0324 4.0422 4.0294 4.03 4.0234 4.0344 4.0399 4.0356 4.0361 4.0369 4.0354 4.0375 4.0355 4.0356 4.0348 4.0374 4.0388 4.0363 4.0433 4.0908
C1907TS073_4 0.60778 4.144 3.9965 4.0216 4.0372 4.0989 4.0774 3.8639 4.2356 4.1377 4.0051 4.0466 4.0305 4.0194 4.0084 4.0127 4.0246 4.0155 4.0441 4.0474 4.0457 4.0402 4.0413 4.0276 4.0357 4.0363 4.0313 4.0418 4.0481 4.0368 4.0382 4.0444 4.0441 4.044 4.04 4.0384 4.0413 4.0444 4.0425 4.0396 4.0236 4.0393 4.0312 4.0425 4.0334 4.0381 4.0441 4.0319 4.0104 4.0422 4.0392 4.0395 4.0388 4.0389 4.0389 4.0425 4.0433 4.0394 4.0405 4.0389 4.0461 4.0969
C1907TS073_5 0.53038 4.0681 4.0455 4.001 4.0661 3.9608 3.9436 4.0305 4.051 4.0714 4.0414 4.041 4.0455 4.0414 4.0321 4.0256 4.0304 4.0211 4.051 4.0619 4.0544 4.0514 4.0537 4.0494 4.0583 4.0457 4.048 4.0587 4.0427 4.0408 4.0454 4.0617 4.0514 4.0382 4.0417 4.0415 4.0387 4.0372 4.0427 4.0315 4.0191 4.0534 4.0502 4.0539 4.0469 4.058 4.0301 4.0202 4.0524 4.0506 4.0486 4.0457 4.0394 4.0283 4.04 4.0481 4.0503 4.0493 4.0448 4.0366 4.0391 4.0655
C1907TS087_1 0.51885 4.1414 4.0458 4.0843 4.0648 4.03 4.0313 3.5041 4.2553 4.0456 4.0495 4.0626 4.0546 4.0603 4.0516 4.0594 4.0462 4.0567 4.0734 4.0724 4.0786 4.0794 4.0436 3.8782 3.687 3.9488 3.9947 4.0486 4.0629 4.0564 4.055 4.0507 4.0517 4.0577 4.0589 4.0583 4.0498 4.0416 4.0457 4.0418 4.0597 4.0725 4.0658 4.0758 4.0727 4.0773 4.0668 4.0486 4.0736 4.0642 4.0683 4.0612 4.0609 4.0647 4.0665 4.067 4.0718 4.0666 4.0615 4.0619 4.0452 4.0846
C1907TS087_2 0.55051 4.1375 4.0476 4.0662 4.061 4.06 4.0842 4.0054 3.8421 3.9599 3.9963 4.0297 4.0467 4.0424 4.0391 4.0365 4.0387 4.035 4.0242 4.0391 4.0544 4.0563 4.0577 4.0734 4.0447 4.0223 4.0512 4.0611 4.0537 4.0443 4.0489 4.0537 4.0485 4.0445 4.0408 4.0402 4.0424 4.0351 4.0376 4.0263 4.0213 4.0555 4.0546 4.0485 4.0467 4.0544 4.0297 4.0404 4.0467 4.043 4.0361 4.079 4.0478 4.0461 4.0511 4.0486 4.0473 4.0447 4.0395 4.0419 4.0309 4.0592
C1907TS087_3 0.34484 4.1422 4.0354 3.9987 4.0475 3.8485 4.6777 3.4156 4.2686 4.0327 4.0165 4.0421 4.0304 4.0282 4.0268 4.0369 4.0164 4.0489 4.0588 4.0606 4.0435 4.059 4.0527 4.0409 4.0467 4.0496 4.054 4.0586 4.0602 4.0505 4.0313 4.043 4.048 4.0445 4.0434 4.0484 4.047 4.0388 4.0352 4.0311 4.0301 4.0264 4.0288 4.0323 4.0348 4.0404 4.0585 4.0478 4.0331 4.0502 4.0511 4.0429 4.0396 4.0361 4.05 4.0482 4.0498 4.0461 4.0411 4.0328 4.0408 4.0843
C1907TS087_4 0.46584 4.1367 4.032 4.0181 4.0348 3.8136 4.2372 3.6395 4.2407 4.1132 4.0306 4.0414 4.0381 4.0338 4.0254 4.0239 4.0273 4.0376 4.0416 4.0589 4.0426 4.0508 4.0575 4.0554 4.0482 4.0275 4.0288 4.0217 4.0478 4.0472 4.0486 4.0503 4.0518 4.0449 4.0433 4.0446 4.0401 4.0403 4.0433 4.0356 4.054 4.0581 4.0514 4.0507 4.0413 4.0534 4.053 4.0364 4.0512 4.0479 4.0452 4.0444 4.0466 4.0498 4.0523 4.0474 4.0483 4.0491 4.048 4.0482 4.0427 4.0762
C1907TS087_5 0.37449 4.1376 4.0019 4.0241 4.0449 4.0197 4.0294 4.046 4.0423 4.0407 4.0408 4.0379 4.0238 4.0223 4.0303 4.0163 4.0397 3.9901 4.0482 4.0336 4.0167 4.1075 3.9725 4.3166 4.0863 3.9804 4.0576 4.0409 4.0513 3.987 4.0363 4.0189 4.0399 4.0324 4.0414 4.0378 4.0402 4.0398 4.0462 4.0461 4.039 4.0406 4.0012 4.0487 4.0393 4.041 4.0255 4.043 4.0414 4.037 4.0409 4.0399 4.0441 4.029 4.0212 4.0417 4.0397 4.039 4.0463 4.0474 4.043 4.0959
C1907TS102_1 0.34476 4.114 4.0738 3.973 4.0559 4.0083 3.8221 3.9504 3.9189 4.1255 4.1591 4.0413 4.0126 4.0164 4.018 4.0307 4.0347 4.0592 4.0825 4.0687 4.0527 4.0241 4.0414 4.045 4.0294 4.0411 4.0217 4.0205 4.0904 4.0545 4.0544 4.0291 4.0314 4.0059 3.9993 4.01 4.0327 4.066 4.075 4.0699 4.0607 4.0849 4.0827 4.0821 4.0137 4.057 4.0617 4.016 4.0573 4.0488 4.0551 4.0661 4.0433 4.0614 4.0456 4.0293 4.0316 4.0401 4.0446 4.0572 4.0312 4.125
C1907TS102_2 0.6014 4.15 4.0257 4.0118 3.9583 4.0015 3.7805 4.4698 3.4007 4.3436 4.0311 4.0184 4.0412 4.0394 4.0435 4.0365 4.0558 4.0673 4.0668 4.0593 4.0634 4.0449 4.0406 4.0344 4.0374 4.0332 4.0282 4.058 4.0664 4.0606 4.0648 4.0526 4.0415 4.0432 4.0363 4.0364 4.0438 4.0288 4.0308 4.0335 4.0545 4.0663 4.0669 4.0731 4.0228 4.0483 4.0528 4.0523 4.0564 4.0561 4.0548 4.0561 4.0568 4.0551 4.0537 4.0519 4.05 4.0516 4.0551 4.0562 4.0286 4.0864
C1907TS103_1 0.37222 X X X X 4.0663 4.0574 4.0459 4.0477 4.0315 4.02 4.0266 4.0097 4.0438 4.0576 4.0599 4.0809 4.0016 4.0131 4.0492 4.0275 4.1614 3.3522 4.6521 4.0546 4.0315 4.0361 4.0079 4.0366 4.0111 4.014 4.0503 4.0551 4.0528 4.0463 4.034 4.0467 4.0615 4.0643 4.0477 4.0448 4.0659 4.065 3.9815 4.0358 4.0414 4.043 4.0409 4.0345 4.0465 4.0502 4.0479 4.0489 4.0518 4.0344 4.0222 4.0977
C1907TS103_2 0.34476 4.114 4.0738 3.973 4.0559 4.0083 3.8221 3.9504 3.9189 4.1255 4.1591 4.0413 4.0126 4.0164 4.018 4.0307 4.0347 4.0592 4.0825 4.0687 4.0527 4.0241 4.0414 4.045 4.0294 4.0411 4.0217 4.0205 4.0904 4.0545 4.0544 4.0291 4.0314 4.0059 3.9993 4.01 4.0327 4.066 4.075 4.0699 4.0607 4.0849 4.0827 4.0821 4.0137 4.057 4.0617 4.016 4.0573 4.0488 4.0551 4.0661 4.0433 4.0614 4.0456 4.0293 4.0316 4.0401 4.0446 4.0572 4.0312 4.125
C1907TS123_1 0.43305 4.1372 4.0254 4.0574 4.0226 4.0477 4.089 3.796 4.3223 4.0816 3.9868 4.0394 4.0433 4.0439 4.0372 4.0347 4.0351 4.029 4.046 4.0466 4.0472 4.0517 4.0421 4.0397 4.0295 4.0316 4.0022 4.0365 4.0437 4.0413 4.0437 4.045 4.0422 4.0394 4.0327 4.0283 4.0249 4.019 4.0273 4.0304 4.0317 4.0449 4.0498 4.0427 4.0361 4.0464 4.0433 4.0173 4.0468 4.0386 4.0381 4.0387 4.0399 4.0443 4.0421 4.0418 4.0423 4.0397 4.0361 4.0396 4.049 4.0907
C1907TS123_2 0.43121 4.1144 4.0223 3.9962 4.0395 4.0786 4.0463 3.6521 5.05 3.9606 4.0369 4.0328 4.0286 4.0289 4.0229 4.0195 4.0322 4.0161 4.0176 4.0437 4.0433 4.0426 4.0457 4.0311 4.0297 4.0352 4.038 4.0367 4.0468 4.0428 4.0426 4.0471 4.034 4.0333 4.0281 4.027 4.0266 4.0222 4.0186 4.0198 4.0388 4.0523 4.0446 4.0425 4.025 4.0391 4.0454 4.0143 4.0236 4.0341 4.0351 4.036 4.0328 4.0297 4.0328 4.0297 4.0382 4.0389 4.037 4.0364 4.0273 4.0746
C1907TS123_3 0.37418 4.1992 4.0831 3.9701 3.9719 4.0473 3.6908 3.3734 3.3544 4.3009 4.0394 4.0941 4.0668 4.0827 4.0824 4.0813 4.0759 4.0934 4.098 4.0799 4.0846 4.0801 4.0579 4.0544 4.0482 4.0528 4.0597 4.0495 4.067 4.0834 4.07 4.0648 4.0659 4.0709 4.0621 4.055 4.0498 4.0399 4.0579 4.0711 4.0814 4.0954 4.0869 4.1016 4.07 4.0754 4.0901 4.0681 4.0783 4.0786 4.075 4.0721 4.073 4.0736 4.0716 4.0644 4.0642 4.0707 4.0756 4.0706 4.0523 4.1604
C1907TS123_4 0.43453 4.0973 4.08 4.0686 4.0396 4.0579 4.0751 4.009 3.977 4.0293 4.0346 4.0268 4.042 4.0451 4.0386 4.0488 4.0277 4.0024 4.0278 4.066 4.0707 4.0641 4.0501 4.0094 4.0455 4.0177 4.0184 3.9773 4.048 3.6187 4.2552 4.09 4.3034 4.1421 4.0414 4.0462 4.0345 4.0103 4.0152 4.014 4.0175 4.0321 4.0643 4.0643 4.0554 4.0691 4.0646 4.0086 4.0469 4.0492 4.0459 4.0358 4.0406 4.0427 4.0469 4.05 4.0496 4.0485 4.0394 4.0394 3.9977 4.0203
C1907TS123_5 0.43453 4.0973 4.08 4.0686 4.0396 4.0579 4.0751 4.009 3.977 4.0293 4.0346 4.0268 4.042 4.0451 4.0386 4.0488 4.0277 4.0024 4.0278 4.066 4.0707 4.0641 4.0501 4.0094 4.0455 4.0177 4.0184 3.9773 4.048 3.6187 4.2552 4.09 4.3034 4.1421 4.0414 4.0462 4.0345 4.0103 4.0152 4.014 4.0175 4.0321 4.0643 4.0643 4.0554 4.0691 4.0646 4.0086 4.0469 4.0492 4.0459 4.0358 4.0406 4.0427 4.0469 4.05 4.0496 4.0485 4.0394 4.0394 3.9977 4.0203
C1907TS131_1 0.60097 4.1678 4.0667 4.0768 3.9831 4.028 4.0666 3.9945 3.537 4.0418 3.7553 4.0653 4.042 4.0478 4.053 4.0506 4.0642 4.0741 4.0785 4.0631 4.0559 4.0491 4.0451 4.0442 4.0444 4.0342 4.0385 4.0407 4.0631 4.0749 4.0709 4.0532 4.0448 4.0485 4.0416 4.0446 4.0444 4.0359 4.0576 4.0557 4.0598 4.0732 4.0743 4.0613 4.0559 4.0681 4.0809 4.0668 4.0721 4.0323 4.058 4.0604 4.0587 4.0551 4.0522 4.0527 4.0572 4.0672 4.0585 4.0575 4.0307 4.1099
C1907TS131_2 0.60069 4.1681 4.067 4.0771 3.9835 4.0283 4.0669 3.9945 3.5384 4.0282 3.7555 4.0655 4.0422 4.0481 4.0532 4.0508 4.0644 4.0743 4.0787 4.0633 4.056 4.0493 4.0453 4.0444 4.0446 4.0345 4.0386 4.0411 4.0634 4.0752 4.071 4.0534 4.045 4.0488 4.0419 4.0448 4.0447 4.0358 4.0574 4.0558 4.0598 4.0733 4.0745 4.0615 4.0561 4.0682 4.0811 4.0669 4.0724 4.0325 4.0582 4.0606 4.059 4.0554 4.0525 4.0529 4.0574 4.0674 4.0586 4.0578 4.0309 4.1098
C1907TS131_3 0.60162 4.128 4.0913 4.0971 3.9496 4.0147 4.0415 3.7671 3.9056 3.9633 3.6663 4.1215 4.0398 4.0509 4.0599 4.0634 4.0718 4.0835 4.0903 4.0662 4.0593 4.0452 4.0393 4.039 4.0417 4.0262 4.0307 4.0366 4.0603 4.0821 4.0837 4.0551 4.0386 4.0449 4.0424 4.0381 4.039 4.0159 4.0316 4.0541 4.0499 4.0759 4.082 4.066 4.0591 4.0745 4.0934 4.0746 4.0771 4.032 4.0588 4.0674 4.0679 4.0579 4.0505 4.0543 4.0619 4.0753 4.0587 4.0594 4.0175 4.0982
C1907TS131_4 0.60117 4.0708 3.9733 3.9686 3.8891 3.9466 3.9672 3.878 3.4852 inf 3.5318 3.9819 3.9493 3.9764 3.9774 3.9717 3.9811 3.9835 3.99 3.9733 3.9656 3.9575 3.9548 3.9523 3.9535 3.9438 3.9457 3.947 3.971 3.9847 3.9806 3.9633 3.9532 3.9585 3.9532 3.9515 3.9542 3.9338 3.9478 3.9628 3.9635 3.9773 3.9849 3.9722 3.9666 3.9775 3.994 3.9735 3.982 3.9515 3.9722 3.9793 3.9772 3.9743 3.9656 3.9616 3.9683 3.9776 3.9634 3.9647 3.9354 4.0081
C1907TS131_5 0.60241 4.0942 4.0931 4.0842 3.9601 4.001 4.0528 3.657 4.2771 4.2274 3.8312 4.1192 4.0314 4.0199 4.0349 4.0367 4.0487 4.0736 4.0794 4.0532 4.0434 4.0319 4.0248 4.0237 4.0268 4.0135 4.0183 4.0235 4.0489 4.0715 4.0693 4.0412 4.0243 4.0307 4.0271 4.0307 4.0264 4.0167 4.0462 4.0496 4.0416 4.0707 4.0706 4.05 4.0424 4.0598 4.0782 4.0621 4.0639 4.018 4.0437 4.0566 4.0492 4.0407 4.0375 4.0412 4.0475 4.0636 4.0469 4.0493 4.0105 4.084
C1907TS152_1 0.55391 4.1069 4.0038 4.0132 3.9988 3.9874 3.9782 3.969 3.9888 4.0033 3.99 3.9867 3.99 3.9885 3.9831 3.9815 3.9778 4.0055 4.011 4.0141 4.0195 3.9978 4.0246 3.9084 3.7843 61.183 3.8896 3.9983 3.9984 4.0003 3.9993 3.9958 3.9882 3.9869 3.9913 3.9935 3.9913 3.9859 3.9847 3.987 3.9923 3.9675 4.0117 4.0141 3.9936 4.0136 3.9897 3.9787 3.9999 3.9983 3.9958 3.9953 4.0002 4.0042 3.9922 3.9942 3.9944 4.0004 3.9994 4.0001 3.9795 4.0029
C1907TS152_2 0.56859 4.1354 4.0243 4.0441 4.0438 4.0314 4.0265 4.0095 4.0506 4.0461 4.0361 4.0329 4.0333 4.0321 4.0318 4.0346 4.0304 4.0475 4.0471 4.048 4.0572 4.0305 4.034 4.0574 3.7733 4.4374 4.0972 3.9852 4.0413 4.0439 4.0412 4.04 4.0412 4.0376 4.0351 4.033 4.0279 4.0212 4.0224 4.0255 4.028 4.0429 4.0487 4.0421 4.0394 4.0367 4.0361 4.0337 4.0383 4.0404 4.0375 4.0399 4.0415 4.0425 4.0372 4.0375 4.0389 4.0414 4.0413 4.0418 4.0416 4.0799
C1907TS152_3 0.60151 4.1369 4.0281 4.0023 3.983 4.0352 3.7547 4.5878 3.3812 4.4306 3.7531 4.0315 4.0436 4.056 4.0526 4.0528 4.0639 4.0667 4.0694 4.0602 4.0541 4.0597 4.0521 4.0456 4.0398 4.0391 4.0379 4.0526 4.0605 4.0597 4.0628 4.0486 4.0351 4.0409 4.024 4.0545 4.046 4.0225 4.043 4.0494 4.0465 4.0606 4.0663 4.0614 4.0411 4.0503 4.0732 4.0604 4.0557 4.0263 4.0517 4.0505 4.0524 4.0489 4.0519 4.0523 4.0563 4.0579 4.0577 4.0545 4.0351 4.1125
C1907TS152_4 0.4579 4.0961 4.0435 4.0339 4.0134 4.0287 3.5861 4.223 3.9601 4.2288 4.0933 4.0666 4.0345 4.0408 4.0477 4.0415 4.0507 4.0776 4.0605 4.0453 4.0617 4.0411 4.0437 4.0469 4.0467 4.0448 4.0384 4.0353 4.0435 4.0665 4.0647 4.0392 4.0202 4.0248 4.0253 4.0253 4.0325 4.0136 4.0086 4.0296 4.0302 4.0382 4.076 4.0589 4.0491 4.068 4.0799 4.0506 4.0399 4.0335 4.0248 4.0548 4.0549 4.0519 4.0435 4.0422 4.0521 4.0587 4.0503 4.0438 4.0139 4.0489
C1907TS152_5 0.3829 4.1391 3.9808 3.9371 3.9137 3.9029 3.9152 5.0091 3.2869 4.1931 3.9661 4.0186 4.0382 4.0151 4.026 4.0248 4.0273 4.0611 4.0808 4.0561 4.0602 4.0707 4.0519 4.062 4.0716 4.0683 4.074 4.0641 4.0471 4.0401 4.0406 4.032 4.0345 4.0306 4.0072 4.0394 4.0436 3.9983 4.0517 4.0755 4.0407 4.0624 4.0695 4.0736 4.0702 4.0786 4.0817 4.0408 4.0593 4.0554 4.051 4.0494 4.0508 4.0487 4.051 4.0515 4.053 4.0547 4.0566 4.0536 4.011 4.1179
C1907TS158_1 0.4459 4.0748 4.0682 4.0267 3.9428 4.0418 3.5452 4.3205 4.0119 4.5226 4.1431 4.0315 4.0205 4.0143 4.014 4.0225 4.0199 4.0763 4.0674 4.0485 4.0528 4.03 4.0192 4.0241 4.0168 4.0076 4.0141 4.027 4.0564 4.0634 4.066 4.0616 4.0492 4.0491 4.0431 4.0299 4.0345 4.0298 4.026 4.0259 4.0178 4.0653 4.0737 4.0689 4.0129 4.0625 4.0761 4.0324 4.0034 4.0294 4.0355 4.042 4.0445 4.0428 4.0306 4.0307 4.0387 4.0455 4.0485 4.0374 4.0117 4.0549
C1907TS158_2 0.38232 4.1305 4.0288 4.0438 3.9941 4.0158 4.0837 4.0286 3.5364 4.321 4.1101 4.0368 4.047 4.0377 4.0282 4.0356 4.0357 4.0515 4.0559 4.05 4.0513 4.0531 4.0417 4.0402 4.0366 4.0402 4.0481 4.0489 4.0504 4.0467 4.0399 4.0416 4.0438 4.0417 4.0355 4.0332 4.0348 4.0318 4.0386 4.0484 4.0527 4.0555 4.0538 4.0498 4.0537 4.0486 4.0584 4.0361 4.0297 4.0473 4.0482 4.043 4.0448 4.0453 4.0449 4.0416 4.0424 4.0462 4.0472 4.0461 4.0493 4.097
C1907TS158_3 0.50178 4.1599 4.0421 4.0567 4.0484 4.033 4.0204 4.0782 3.9857 4.0529 4.051 4.0434 4.0397 4.037 4.0363 4.0367 4.0319 4.0346 4.05 4.0491 4.0519 4.0558 4.0593 4.0572 4.0259 4.04 3.7812 4.3434 3.4839 4.407 4.1026 4.0298 4.0418 4.0337 4.0295 4.0363 4.0419 4.0275 4.0385 4.0489 4.0425 4.0544 4.0531 4.0453 4.0396 4.047 4.0561 4.0518 4.0452 4.0336 4.051 4.0438 4.0424 4.0435 4.0442 4.0455 4.0456 4.0455 4.0446 4.0453 4.0355 4.0748
C1907TS158_4 0.50177 4.141 4.0319 4.0561 4.029 4.0311 4.0573 4.0456 3.6364 4.5811 4.0251 3.9991 4.0396 4.0308 4.028 4.03 4.0244 4.0477 4.0486 4.0495 4.0521 4.0419 4.0421 4.0487 4.0498 4.0393 4.0377 4.0443 4.0452 4.0431 4.0503 4.0392 4.0423 4.0379 4.0336 4.0281 4.0242 4.0202 4.0201 4.0283 4.0213 4.0482 4.0507 4.0421 4.0324 4.0461 4.0492 4.0227 4.0389 4.0441 4.0494 4.0419 4.0413 4.0388 4.0333 4.0332 4.0384 4.0394 4.0413 4.0451 4.04 4.0798
C1907TS158_5 0.48358 4.1439 4.0285 4.0448 4.0528 4.0315 4.0095 4.0938 3.8053 4.1179 4.1512 3.9823 4.052 4.0361 4.0339 4.0305 4.0367 4.0488 4.0479 4.0433 4.0395 4.0406 4.0442 4.0442 4.0429 4.0398 4.0404 4.0457 4.0481 4.0454 4.0443 4.0405 4.0433 4.0422 4.0342 4.027 4.0316 4.0378 4.0401 4.0384 4.052 4.0503 4.0436 4.0457 4.0148 4.0322 4.0344 4.0445 4.0414 4.0413 4.0379 4.0403 4.0413 4.0409 4.0339 4.0377 4.0291 4.0535 4.0407 4.0404 4.0543 4.0961
C1907TS179_1 0.41786 4.1107 4.0134 4.0435 4.0327 4.0358 4.0441 4.0347 4.0402 4.0401 4.0407 4.0381 4.039 4.0403 4.0394 4.0399 4.0344 4.0462 4.0468 4.03 4.0182 4.0223 4.0528 3.9081 4.3859 4.1365 3.9824 4.0411 4.0341 4.0411 4.0469 4.0359 4.0371 4.0371 4.029 4.0174 4.014 4.0191 4.023 4.0204 4.0483 4.0481 4.0413 4.0274 4.0307 4.0388 4.0413 4.0149 4.0458 4.0361 4.0362 4.036 4.0348 4.0404 4.0401 4.0424 4.0384 4.037 4.0333 4.037 4.044 4.0737
C1907TS182_1 0.52697 4.1691 4.0633 4.1127 4.1049 4.0724 4.0511 3.7558 3.6333 4.0881 4.0097 4.0698 4.0718 4.0561 4.0515 4.0506 4.0421 4.0789 4.0972 4.1098 4.0861 4.0957 4.0586 4.0015 4.0484 4.0849 4.0975 4.0931 4.0919 4.0803 4.0764 4.0778 4.0781 4.0849 4.0715 4.0911 4.049 4.0216 4.0827 4.0785 4.0885 4.0966 4.1016 4.0996 4.0213 4.052 4.0693 4.0896 4.0885 4.0757 4.0789 4.0863 4.0472 4.0685 3.6811 3.7384 3.8433 3.9758 4.0679 4.0607 4.0129 4.0696
C1907TS182_2 0.42897 4.0837 4.0521 4.0633 4.0637 4.0039 4.052 3.7426 4.3572 4.3725 4.025 4.0994 4.0225 4.0266 4.0293 4.0253 4.025 4.0545 4.0569 4.0494 4.0144 4.0365 4.0299 4.0172 4.0284 4.0321 4.0303 4.0313 4.0372 4.0348 4.0303 4.0275 4.027 4.0272 4.0282 4.0287 4.0289 4.0151 4.0088 4.0433 4.058 4.0602 4.028 4.0346 4.0373 4.0405 4.0419 4.0471 4.0444 4.0419 4.0465 4.0278 4.0334 4.0231 4.0265 4.0318 4.0368 4.0313 4.0222 4.0468 4.0412 4.025
C1907TS182_3 0.53241 4.1402 4.0194 4.0421 4.0434 4.029 4.0176 4.0632 4.078 3.9148 4.2506 4.1256 3.9953 4.0357 4.0265 4.0272 4.0281 4.0498 4.043 4.0415 4.0387 4.0393 4.0409 4.037 4.0404 4.0391 4.036 4.0373 4.0416 4.0435 4.0409 4.0352 4.0316 4.0182 4.0127 4.0161 4.0279 4.0225 4.0422 4.044 4.0417 4.0448 4.0383 4.0389 4.0323 4.0417 4.0397 4.0134 4.0474 4.0372 4.0371 4.0382 4.0331 4.0342 4.0378 4.0392 4.0377 4.037 4.0378 4.0391 4.0496 4.0927
C1907TS182_4 0.42513 4.1286 4.0146 4.0475 4.0206 4.0371 4.067 4.0751 3.8672 4.2097 4.1253 3.9815 4.0487 4.0444 4.0431 4.0281 4.0397 4.0493 4.041 4.0407 4.0379 4.0357 4.0363 4.0267 4.0432 4.041 4.0397 4.0413 4.0429 4.0447 4.0451 4.0405 4.0326 4.0223 4.0169 4.0214 4.0266 4.0301 4.0263 4.0487 4.0455 4.0458 4.0289 4.0385 4.037 4.0376 4.0422 4.0216 4.0456 4.0443 4.0443 4.0441 4.041 4.0355 4.036 4.0423 4.0421 4.0416 4.0406 4.0366 4.0495 4.0947
C1907TS182_5 0.41321 4.107 4.0359 4.0694 4.0647 4.0507 4.0343 3.8405 3.8998 4.1193 4.0993 4.038 4.049 4.0436 4.0479 4.0372 4.0376 4.0649 4.0643 4.083 4.0221 4.0194 3.8583 3.9701 3.9255 4.0829 4.0389 4.0495 4.0613 4.0601 4.0588 4.0551 4.053 4.0483 4.0418 4.042 4.0441 4.0327 4.0286 4.0435 4.0628 4.0637 4.0602 4.0666 4.0545 4.0588 4.0625 4.031 4.0588 4.0557 4.0524 4.0513 4.0532 4.0543 4.0558 4.0539 4.0521 4.0547 4.058 4.0529 4.0359 4.0843
C1907TS196_1 0.6014 4.15 4.0257 4.0118 3.9583 4.0015 3.7805 4.4698 3.4007 4.3436 4.0311 4.0184 4.0412 4.0394 4.0435 4.0365 4.0558 4.0673 4.0668 4.0593 4.0634 4.0449 4.0406 4.0344 4.0374 4.0332 4.0282 4.058 4.0664 4.0606 4.0648 4.0526 4.0415 4.0432 4.0363 4.0364 4.0438 4.0288 4.0308 4.0335 4.0545 4.0663 4.0669 4.0731 4.0228 4.0483 4.0528 4.0523 4.0564 4.0561 4.0548 4.0561 4.0568 4.0551 4.0537 4.0519 4.05 4.0516 4.0551 4.0562 4.0286 4.0864
C1907TS200_1 0.41786 4.1107 4.0134 4.0435 4.0327 4.0358 4.0441 4.0347 4.0402 4.0401 4.0407 4.0381 4.039 4.0403 4.0394 4.0399 4.0344 4.0462 4.0468 4.03 4.0182 4.0223 4.0528 3.9081 4.3859 4.1365 3.9824 4.0411 4.0341 4.0411 4.0469 4.0359 4.0371 4.0371 4.029 4.0174 4.014 4.0191 4.023 4.0204 4.0483 4.0481 4.0413 4.0274 4.0307 4.0388 4.0413 4.0149 4.0458 4.0361 4.0362 4.036 4.0348 4.0404 4.0401 4.0424 4.0384 4.037 4.0333 4.037 4.044 4.0737
C1907TS210_1 0.61152 4.1801 4.0812 4.0602 3.9879 4.0513 4.0819 4.0751 3.5362 3.0516 3.6906 4.0897 4.0596 4.0854 4.0877 4.0858 4.0932 4.099 4.1032 4.0852 4.0831 4.0696 4.065 4.0649 4.0673 4.0511 4.0622 4.0573 4.0803 4.095 4.0962 4.08 4.0689 4.073 4.0624 4.0655 4.0627 4.0569 4.0631 4.0774 4.0701 4.0875 4.0962 4.085 4.0782 4.0871 4.1059 4.0971 4.0783 4.0655 4.0905 4.0869 4.0892 4.0821 4.0706 4.0694 4.0781 4.0919 4.0765 4.0769 4.0491 4.1401
C1907TS210_2 0.61296 4.2008 4.1044 4.1046 4.0219 4.0646 4.0916 3.9619 3.6014 2.6661 3.7116 4.0999 4.0723 4.098 4.0975 4.0926 4.1012 4.1054 4.1096 4.094 4.0888 4.0772 4.0757 4.0801 4.0757 4.0636 4.074 4.0652 4.0917 4.1062 4.0965 4.0839 4.0785 4.0834 4.0739 4.0758 4.0723 4.071 4.0755 4.0857 4.0788 4.0978 4.106 4.0936 4.0872 4.097 4.1131 4.0988 4.0907 4.0757 4.0982 4.0944 4.0967 4.0867 4.0803 4.0792 4.0862 4.1 4.0857 4.0885 4.0613 4.1516
C1907TS210_3 0.58 4.0811 4.0737 4.066 3.9951 4.0507 3.6447 4.3814 4.2112 4.0142 4.1365 4.043 4.0155 4.0289 4.0371 4.0379 4.04 4.0724 4.0601 4.0394 4.0504 4.0335 4.0305 4.0222 4.0188 4.0169 4.0096 4.038 4.0543 4.0499 4.0562 4.0377 4.023 4.0385 4.0219 4.0329 4.0343 3.9931 4.0409 4.0461 4.0255 4.0599 4.0553 4.0424 4.0422 4.0472 4.078 4.0585 4.0417 3.98 4.0365 4.0401 4.0469 4.0362 4.0426 4.0514 4.0449 4.0466 4.0432 4.0372 4.0146 4.0444
C1907TS210_4 0.57687 4.1285 4.0232 4.0164 4.0155 4.0442 4.022 3.8276 4.216 4.1032 3.9917 4.0462 4.0427 4.0426 4.0432 4.0331 4.0397 4.0505 4.0472 4.0406 4.0453 4.0418 4.043 4.0445 4.0448 4.0433 4.0402 4.0419 4.0484 4.0439 4.0482 4.0466 4.0419 4.0317 4.0256 4.0252 4.0334 4.0368 4.0376 4.0356 4.0347 4.0515 4.0479 4.039 4.039 4.047 4.0483 4.0519 4.0272 4.0296 4.0464 4.041 4.0419 4.0407 4.0396 4.0409 4.0421 4.0419 4.0405 4.0424 4.0477 4.0912
C1907TS210_5 0.54664 4.1339 4.0231 4.0456 4.0032 4.0167 4.1002 4.1627 3.6745 4.2251 4.1146 4.0241 4.0454 4.0399 4.0385 4.0324 4.0367 4.0493 4.0489 4.0438 4.0476 4.0415 4.0416 4.0387 4.037 4.0366 4.0435 4.0472 4.0503 4.0466 4.0389 4.0461 4.0381 4.0313 4.0225 4.0251 4.0361 4.0199 4.0394 4.0386 4.032 4.0482 4.0484 4.0409 4.0379 4.0422 4.0514 4.0444 4.0436 4.0195 4.0276 4.0457 4.0433 4.0409 4.0404 4.0429 4.0426 4.041 4.0416 4.0402 4.045 4.0838
C1907TS211_1 0.5713 4.1744 4.0296 4.1054 4.0956 4.0935 4.12 4.0743 4.0312 4.0849 4.0908 4.0865 4.0779 4.0835 4.0677 4.072 4.0522 4.0644 4.0805 4.0826 4.0927 4.1032 4.0266 3.765 3.6833 3.9607 4.1294 4.0653 4.0717 4.0851 4.0837 4.0932 4.0863 4.0922 4.0706 4.0767 4.0792 4.0201 4.0808 3.9013 4.0363 3.8909 4.0691 4.0606 4.0714 4.0696 4.0561 3.8462 3.6547 3.883 4.0786 4.0463 4.047 4.0817 4.0832 4.0866 4.0923 4.0983 4.0885 4.0911 4.003 4.0737
C1907TS211_2 0.49857 4.1308 4.0163 4.0413 4.0337 4.0385 4.0418 4.035 4.0402 4.0428 4.0325 4.026 4.0202 4.0141 4.0198 4.0268 4.0253 4.0474 4.0466 4.0456 4.05 4.0475 4.0116 4.0215 4.1583 3.7962 4.4218 4.1177 3.9771 4.041 4.0397 4.0399 4.0326 4.0249 4.0223 4.0288 4.0334 4.0385 4.0353 4.0426 4.0291 4.0374 4.0335 4.0416 4.037 4.0431 4.0182 4.0398 4.0423 4.0373 4.0377 4.0338 4.0342 4.0372 4.0402 4.0313 4.0357 4.0412 4.0416 4.0356 4.048 4.0937
C1907TS211_3 0.44324 4.1572 4.0431 4.0303 3.9661 4.0183 3.8829 4.2032 3.4371 5.1116 3.7411 4.0306 4.0222 4.0393 4.0383 4.0333 4.041 4.052 4.0583 4.0644 4.0584 4.0463 4.052 4.0554 4.0556 4.0507 4.0514 4.0576 4.0572 4.0427 4.0455 4.0568 4.0372 4.0311 4.0308 4.0352 4.0318 4.0298 4.0187 4.0372 4.0364 4.0148 4.0509 4.0658 4.0458 4.0543 4.0666 4.0486 4.0405 4.0471 4.0371 4.0466 4.0513 4.0476 4.0401 4.0353 4.0389 4.0464 4.051 4.0502 4.007 4.0596
C1907TS211_4 0.45957 4.0747 4.0405 3.9926 4.008 3.9934 3.6998 4.2359 4.1454 4.1767 4.0455 4.0774 4.0466 4.0365 4.0436 4.0445 4.0615 4.0778 4.0644 4.0568 4.0696 4.0366 4.0399 4.0382 4.0277 4.021 4.0187 4.0206 4.0393 4.0659 4.0624 4.0291 4.0109 4.0111 4.0042 4.0236 4.0283 3.987 3.9966 4.0373 4.0337 4.044 4.0776 4.064 4.0557 4.0703 4.0867 4.0451 4.0269 4.0011 4.0193 4.0571 4.0563 4.0584 4.0455 4.0418 4.0545 4.0599 4.0532 4.048 4.0134 4.0686
C1907TS211_5 0.45863 4.1664 4.0421 4.0245 3.9815 4.0409 3.7321 4.2984 3.3798 4.5863 3.6719 4.0214 4.0417 4.0467 4.0383 4.0414 4.0361 4.0294 4.0595 4.0712 4.0713 4.0731 4.0714 4.0756 4.0789 4.0532 4.0699 4.0627 4.0591 4.0602 4.0605 4.0651 4.0549 4.05 4.0402 4.0439 4.0401 4.0247 4.0297 4.0457 4.037 4.0414 4.0664 4.0599 4.0485 4.05 4.0736 4.0681 4.0552 4.078 4.0451 4.0649 4.0608 4.0599 4.0544 4.0574 4.0596 4.0624 4.0621 4.0622 4.0332 4.1019
C1907TS213_1 0.4897 4.1178 4.0213 4.0629 4.0241 4.0399 3.9954 3.7848 4.555 4.1496 3.995 4.0355 4.0368 4.0487 4.0327 4.0301 4.0279 4.02 4.0483 4.0462 4.0415 4.0387 4.0484 4.0315 4.0358 4.0388 4.0367 4.04 4.0357 4.0363 4.0333 4.0295 4.0405 4.0473 4.0377 4.0391 4.0363 4.0294 4.0318 4.0214 3.9938 4.0345 4.0386 4.0409 4.0138 4.043 4.043 4.0334 4.009 4.037 4.0352 4.0369 4.0366 4.0356 4.0404 4.0391 4.04 4.0384 4.0388 4.0385 4.0449 4.0826
C1907TS213_2 0.48743 4.1227 4.0047 4.0378 4.039 4.0095 4.1257 4.2889 4.2127 4.0143 4.0163 4.0361 4.0389 4.0362 4.026 4.0287 4.02 3.9968 4.0423 4.0378 4.0534 4.026 3.9984 4.1219 3.8186 4.2135 4.0456 4.0153 4.0368 4.0343 4.0316 4.0377 4.0366 4.0374 4.0336 4.037 4.034 4.0342 4.0343 4.0279 4.0155 4.0394 4.0342 4.033 4.0266 4.0343 4.0347 4.0295 4.0125 4.0312 4.0261 4.0343 4.0308 4.019 4.0377 4.0366 4.0384 4.0346 4.0348 4.0324 4.0303 4.0786
C1907TS213_3 0.47335 4.1468 3.9981 4.0407 4.029 4.0301 4.0415 4.0294 4.0279 4.0416 4.0336 4.0351 4.0435 4.0314 4.0167 4.008 4.0201 4.0083 4.0475 4.0489 4.0523 4.0187 4.0757 4.107 3.9574 4.2442 4.1438 3.9834 4.0437 4.0374 4.043 4.0399 4.0434 4.0334 4.026 4.0283 4.026 4.0419 4.0352 4.0315 4.0398 4.0419 4.0386 4.0387 4.0325 4.0353 4.0423 4.0275 4.0188 4.0404 4.0361 4.0314 4.0338 4.0381 4.0399 4.0354 4.0385 4.0345 4.0378 4.0377 4.0474 4.0882
C1907TS213_4 0.49441 4.1207 4.0218 4.0536 4.03 4.0288 4.0446 4.0375 4.0377 4.0525 4.0404 4.0401 4.0457 4.0457 4.0344 4.033 4.027 4.024 4.0572 4.0579 4.0405 4.0295 3.8465 4.1722 3.7491 4.3426 4.1257 4.0284 4.0469 4.0439 4.0453 4.0486 4.0445 4.0424 4.037 4.0362 4.0319 4.0244 4.0273 4.0277 4.0161 4.05 4.0541 4.0491 4.0355 4.0495 4.0479 4.038 4.0121 4.043 4.0385 4.0421 4.0421 4.0449 4.0436 4.0439 4.0461 4.0433 4.0442 4.0446 4.0445 4.0805
C1907TS213_5 0.49624 4.1096 4.0797 4.0364 4.019 4.0193 4.0368 4.0328 4.035 4.0454 4.0379 4.0362 4.0356 4.0462 4.0399 4.0415 4.0275 4.005 4.0437 4.0447 4.0483 4.0513 3.9138 4.5381 3.4875 4.4665 4.111 4.017 4.0406 4.0419 4.0403 4.0415 4.0405 4.0443 4.0443 4.0399 4.0287 4.0331 4.0433 4.0151 4.0153 4.0407 4.041 4.0481 4.0338 4.0297 4.0491 4.0464 4.007 4.0277 4.0342 4.0363 4.0276 4.0283 4.0391 4.038 4.0412 4.0366 4.0379 4.039 4.0319 4.0895
C1907TS215_1 0.46861 4.1729 4.0541 4.062 4.062 4.0537 4.0498 4.0277 4.0473 4.0554 4.0513 4.0477 4.0442 4.0404 4.0392 4.0391 4.0323 4.0578 4.065 4.0548 4.0557 4.0615 4.0441 4.0264 4.0343 4.0508 4.0564 4.075 4.0052 3.6666 4.149 3.8606 4.0153 4.0434 4.0373 4.0378 4.0373 4.0321 4.0347 4.0347 4.0352 4.0554 4.0668 4.0639 4.0502 4.0602 4.0382 4.0571 4.0525 4.0476 4.0551 4.0587 4.0503 4.0501 4.05 4.0546 4.0514 4.0433 4.0364 4.0443 4.0476 4.087
C1907TS215_2 0.3936 4.1262 4.0153 4.0341 4.0248 4.0293 4.0396 4.0342 4.0375 4.0354 4.0348 4.0397 4.0371 4.0386 4.037 4.0364 4.0302 4.0401 4.0427 4.0377 4.031 4.0351 4.0223 4.039 3.9942 4.02 4.052 4.1263 4.0683 4.1905 4.1337 3.9911 4.0365 4.0258 4.0234 4.0294 4.0244 4.0229 4.023 4.0284 4.033 4.0405 4.0426 4.0341 4.0328 4.0418 4.0403 4.0276 4.021 4.0343 4.0326 4.0382 4.036 4.0384 4.0341 4.0411 4.0489 4.0496 4.0366 4.0342 4.0402 4.0927
C1907TS215_3 0.37988 4.131 4.0625 4.0521 4.0245 4.0891 4.0184 3.8384 3.9416 3.9004 3.9934 4.0748 3.9929 4.0471 4.0438 4.0416 4.0326 4.0534 4.0653 4.0615 4.0584 4.0672 4.0627 4.0466 4.06 4.0572 4.053 4.0604 4.0673 4.0576 4.0537 4.053 4.0394 4.0388 4.0321 4.0448 4.0276 4.0183 4.0353 4.0267 4.0325 4.0278 4.0577 4.0669 4.0617 4.0666 4.0645 4.0379 4.0195 4.0551 4.0478 4.0495 4.051 4.0531 4.0564 4.0549 4.0476 4.046 4.041 4.0488 4.0483 4.089
C1907TS215_4 0.35542 2.3537 2.35 inf inf 2.3529 2.3528 2.3529 2.3539 2.3546 2.3567 2.3516 2.3511 2.3471 2.3508 2.3524 2.3534 2.3534 2.3534 2.3534 2.3534 2.3538 2.3539 2.3527 2.3532 2.3531 2.353 2.3537 2.3537 2.3538 2.3535 2.3533 2.3532 2.3532 2.3531 2.3535 2.3536 2.3539 2.3532 2.3533 2.3532 2.3537 2.3534 2.3533 2.3534 2.3535 2.3538 2.3533 2.353 2.3522 2.3483 inf inf 2.3535 2.3539 2.3545 2.3545 2.3552 2.3554 2.355 2.3525 2.3573
C1907TS215_5 0.41072 4.1109 4.0553 4.0706 4.0379 4.028 4.0414 4.0411 4.0356 4.0618 4.0483 4.037 4.0363 4.0341 4.0294 4.0237 4.0232 4.0262 4.0478 4.0567 4.0607 4.0707 4.0663 4.045 4.0055 4.0355 3.728 4.149 3.8875 4.1326 4.1355 4.0575 4.0319 4.0406 4.0427 4.0419 4.043 4.0412 4.0327 4.0264 4.031 4.0419 4.0643 4.0616 4.0557 4.0554 4.0296 4.0474 4.0455 4.0586 4.0465 4.0124 4.0506 4.0491 4.053 4.0516 4.0495 4.0464 4.0364 4.0519 4.0455 4.0573
C1907TS228_1 0.41863 4.0558 4.0597 4.0558 4.018 4.0393 4.0548 3.6316 4.4007 4.2532 3.8273 4.1479 4.0589 4.0291 4.0562 4.0542 4.056 4.0664 4.0654 4.0533 4.0453 4.0301 4.0274 4.0437 4.0476 4.0375 4.0295 4.0287 3.987 4.0054 4.0152 4.0351 4.0413 4.0415 4.0402 4.0364 4.034 4.0353 4.0599 4.0679 4.0539 4.0673 4.0505 4.0604 4.0242 4.042 4.0721 4.0339 4.0441 4.0482 4.0584 4.0476 4.038 4.0348 4.0309 4.0261 4.0379 4.0511 4.0406 4.0427 4.0008 4.031
C1907TS228_2 0.41616 4.1383 4.0289 4.0527 4.0179 4.0585 4.091 4.046 3.5639 4.5508 3.7583 4.0414 4.0436 4.048 4.0546 4.0554 4.0515 4.057 4.0572 4.0485 4.051 4.0371 4.037 4.0331 4.0382 4.0336 4.0297 4.0307 4.0306 4.0357 4.0246 4.0376 4.0477 4.05 4.0483 4.0467 4.0437 4.0464 4.0605 4.0624 4.0454 4.0545 4.0539 4.068 4.0282 4.0492 4.0409 4.0366 4.045 4.0506 4.0532 4.0495 4.0436 4.0435 4.0467 4.0433 4.0439 4.0493 4.0498 4.0449 4.0383 4.0757
C1907TS228_3 0.416 4.0924 3.9927 4.018 3.9424 3.9726 4.0058 3.8461 3.6291 inf 3.6696 4.022 3.9855 3.9919 4.0015 3.9975 4.003 4.0111 4.0076 3.998 3.9965 3.9807 3.9863 3.9863 3.9853 3.9932 3.9767 3.9626 3.9949 4.0006 4.0054 3.9866 3.9759 3.9782 3.9761 3.978 3.98 3.9691 4.0013 4.0122 3.9987 4.0119 4.0049 4.0064 3.9766 4.006 4.0093 3.9952 3.9772 3.9955 3.9984 3.9966 3.9921 3.9928 3.9904 3.9914 3.9942 4.0021 3.9877 3.9867 3.9866 4.0271
C1907TS228_4 0.41619 4.0752 4.0535 4.0491 3.986 4.0358 4.0434 3.4727 4.0129 3.7871 4.0584 4.152 4.0644 4.0452 4.077 4.0742 4.0795 4.0815 4.0846 4.075 4.0648 4.0508 4.042 4.0529 4.0627 4.0466 4.0571 4.0448 3.997 4.0176 4.0387 4.0498 4.0527 4.0525 4.0523 4.0505 4.0493 4.0558 4.0787 4.081 4.0752 4.0911 4.0724 4.0866 4.0457 4.0504 4.0674 4.0606 4.0691 4.0591 4.0505 4.0454 4.0539 4.0582 4.0514 4.042 4.0543 4.0595 4.0613 4.0602 4.0139 4.0839
C1907TS228_5 0.41947 4.0468 4.0582 4.0551 4.0127 4.0385 4.064 3.6035 4.4014 4.2556 3.8083 4.1541 4.0577 4.0313 4.055 4.0557 4.0713 4.0623 4.0644 4.0629 4.0425 4.0318 4.0297 4.0434 4.0506 4.0377 4.0374 4.0292 3.9847 4.0133 4.031 4.0409 4.0376 4.0363 4.0344 4.0316 4.031 4.0359 4.0632 4.0677 4.0548 4.0738 4.0522 4.0639 4.0262 4.0324 4.0471 4.0355 4.0517 4.0521 4.0587 4.0481 4.0363 4.0331 4.0322 4.0279 4.0359 4.0507 4.0386 4.0441 4.0125 4.0398
C1907TS230_1 0.53961 3.2865 3.2118 3.2382 3.2202 3.059 3.3272 3.4407 3.226 3.1009 2.797 3.2138 3.2153 3.1642 3.2104 3.2409 3.1997 3.2111 3.2441 3.1527 3.0724 3.8343 3.1259 inf 2.8564 3.1222 3.2173 3.2236 3.2193 3.2217 3.2001 3.1464 3.1682 3.2189 3.1918 3.1284 3.27 3.2067 3.1684 3.2161 3.2084 3.1863 3.2242 3.2199 3.2224 3.1906 3.2661 3.0965 3.1768 3.2008 3.1604 3.1255 3.212 3.2035 3.1841 3.2037 3.2232 3.2051 3.2175 3.151 2.8928 3.3451
C1907TS230_2 0.54275 4.147 4.0473 4.0501 4.0378 4.0465 4.0448 4.0279 4.046 4.0608 4.0578 4.0552 4.0504 4.0618 4.054 4.0544 4.0498 4.0613 4.0595 4.0602 4.0641 4.051 4.0813 4.1016 3.6673 4.2995 4.0874 4.0404 4.0478 4.0445 4.0424 4.0429 4.0412 4.0363 4.0342 4.0411 4.0391 4.011 4.0277 4.0555 4.0596 4.0586 4.0538 4.0661 4.0457 4.0494 4.0253 4.0057 3.8679 3.8798 3.9745 4.0605 4.0281 4.0548 4.0586 4.0504 4.0536 4.0541 4.0511 4.0513 4.0372 4.0712
C1907TS230_3 0.34885 4.1806 4.0574 4.0646 4.0387 4.0432 4.0707 4.0332 4.0248 4.0551 4.0624 4.0459 4.0538 4.0402 4.0351 4.029 4.0379 4.0267 4.0377 4.059 4.0565 4.0539 4.0388 4.0708 3.7322 4.3253 3.4144 4.439 4.0641 4.0273 4.0451 4.0455 4.0395 4.0344 4.0229 4.0431 4.0271 4.0084 4.0365 4.0221 4.0556 4.0665 4.0616 4.0567 4.0125 4.0466 4.0459 4.0524 4.0524 4.0537 4.0546 4.0534 4.052 4.0506 4.0477 4.0392 4.0471 4.0521 4.0517 4.0464 4.0511 4.0873
C1907TS230_4 0.49708 4.1176 4.0588 4.0609 4.046 4.0599 4.0599 4.04 4.0433 4.0364 4.0365 4.0347 4.0404 4.0371 4.0305 4.0238 4.0004 4.0503 4.09 4.0295 4.0539 3.5804 4.209 3.949 4.3862 4.111 4.0364 4.0275 4.0245 4.022 4.0196 4.0141 4.0207 4.0125 4.0228 4.0433 4.0555 4.0647 4.0573 4.0523 4.0483 4.0447 4.034 4.0475 4.043 4.0466 4.0213 4.0227 4.0443 4.0572 4.0553 4.0515 4.0509 4.0447 4.0466 4.0436 4.0439 4.046 4.0424 4.0439 4.0264 4.0421
C1907TS230_5 0.52628 4.1232 4.0259 4.0468 4.0388 4.046 4.0412 4.0368 4.044 4.0363 4.0335 4.0295 4.0283 4.0322 4.0299 4.0304 4.0337 4.0098 4.0547 4.0566 4.0063 4.0289 4.1114 4.1883 3.6222 4.4102 4.0871 4.0082 4.0432 4.0424 4.0403 4.0437 4.0384 4.0399 4.0388 4.0433 4.0316 4.0372 4.0517 4.0456 4.0417 4.0374 4.041 4.0465 4.0417 4.013 4.0261 4.0248 4.0258 4.0374 4.0399 4.0386 4.0423 4.0412 4.0379 4.0386 4.044 4.0437 4.043 4.0425 4.0385 4.0756
C1907TS240_1 0.58372 4.1471 4.0422 4.0647 4.0538 4.0443 4.0342 4.0198 4.0528 4.0511 4.0409 4.0327 4.0286 4.0271 4.0249 4.0308 4.0225 4.042 4.0563 4.0567 4.0687 4.0618 3.9745 4.0164 3.7888 4.6903 3.4015 4.3723 4.082 4.0415 4.0394 4.0341 4.0331 4.0273 4.0259 4.0391 4.0445 4.0222 4.0208 4.0381 4.0447 4.0555 4.0607 4.0478 4.0479 4.0581 4.0504 4.0204 4.0477 4.0456 4.0462 4.0408 4.0437 4.0449 4.0474 4.0478 4.0468 4.0457 4.0432 4.0372 4.0321 4.0788
C1907TS240_2 0.57421 4.1669 4.0641 4.0805 4.0636 4.0513 4.0219 4.0165 4.0489 4.0588 4.0634 4.0503 4.0411 4.0444 4.0408 4.0444 4.046 4.0653 4.0682 4.0672 4.0756 4.0796 4.0234 4.0382 3.7689 3.7723 3.5052 4.503 4.1033 4.047 4.0446 4.0429 4.0433 4.0376 4.0351 4.0456 4.0506 4.0354 4.0294 4.0395 4.0333 4.058 4.0733 4.0653 4.0541 4.0733 4.0738 4.0308 4.0566 4.0554 4.0581 4.0573 4.0583 4.0553 4.055 4.0564 4.0565 4.0567 4.0552 4.0575 4.0323 4.0671
C1907TS240_3 0.53023 4.1547 4.0514 4.0542 4.0395 4.0381 4.0556 4.0325 4.0519 4.0486 4.0456 4.0366 4.0373 4.0367 4.0345 4.0352 4.0332 4.0521 4.0582 4.0582 4.0695 4.0363 4.0778 3.9706 3.9294 4.0447 3.9567 4.0525 4.0398 4.0432 4.0419 4.0416 4.0404 4.0319 4.0287 4.0407 4.0426 4.0188 4.0427 4.0368 4.0358 4.0473 4.0459 4.0481 4.0355 4.0513 4.0556 4.0167 4.0462 4.05 4.0516 4.0455 4.0465 4.0474 4.0465 4.0465 4.0458 4.0426 4.039 4.0314 4.0412 4.0796
C1907TS240_4 0.54434 4.1858 4.059 4.0579 4.034 4.0486 4.0615 4.0416 4.0459 4.0526 4.041 4.0296 4.0266 4.026 4.0244 4.0263 4.0327 4.0564 4.063 4.0665 4.06 3.9735 4.015 3.8176 4.8292 3.3822 4.5112 3.859 4.0199 4.0297 4.0352 4.0304 4.0333 4.0215 4.0165 4.0426 4.0465 4.0168 4.0165 4.0251 4.0469 4.0587 4.0622 4.0603 4.0312 4.0443 4.0526 4.0235 4.0517 4.0513 4.0486 4.0442 4.0434 4.0474 4.0504 4.0453 4.0419 4.035 4.0311 4.0374 4.04 4.0851
C1907TS240_5 0.57983 4.1427 4.0327 4.0566 4.0456 4.0436 4.0362 4.0222 4.0464 4.0505 4.0426 4.043 4.0396 4.0393 4.0394 4.038 4.0382 4.0535 4.0548 4.0531 4.0585 4.0647 4.016 4.0345 4.0994 4.0769 3.5879 4.2577 4.0803 4.011 4.0488 4.0447 4.0386 4.0305 4.0266 4.0319 4.0424 4.0314 4.0321 4.0433 4.0195 4.0457 4.0456 4.0506 4.0416 4.0459 4.0503 4.0223 4.0487 4.0472 4.0463 4.0441 4.0468 4.0465 4.0474 4.0479 4.0465 4.0441 4.0386 4.0421 4.0537 4.0868
C1907TS247_1 0.57833 4.1255 4.1098 4.0766 3.9528 4.0276 4.0502 3.7602 4.0502 4.1066 3.747 4.1307 4.0379 4.0434 4.0599 4.0611 4.0662 4.0718 4.0691 4.043 4.0364 4.0452 4.0398 4.0285 4.0231 4.029 4.0402 4.0555 4.073 4.0684 4.0701 4.0681 4.0473 4.0424 4.0334 4.0305 4.0226 4.009 4.0084 4.0363 4.0247 4.0498 4.0576 4.0526 4.0368 4.038 4.083 4.0673 4.0594 4.0832 4.0311 4.054 4.059 4.0638 4.0514 4.0498 4.0667 4.057 4.0484 4.0511 4.0161 4.0738
C1907TS247_2 0.57559 4.1591 4.0913 4.0385 3.9497 3.9995 4.0503 3.9825 3.5096 4.1843 3.5338 4.0231 4.0584 4.0304 4.0416 4.0419 4.0568 4.0875 4.0791 4.0656 4.0723 4.0709 4.0552 4.0454 4.0403 4.0441 4.031 4.0705 4.0802 4.075 4.0866 4.077 4.0586 4.065 4.0603 4.0492 4.044 4.0493 4.044 4.0541 4.0546 4.0686 4.0807 4.0678 4.064 4.072 4.0891 4.0771 4.0675 4.0924 4.0513 4.0635 4.0683 4.0679 4.0616 4.0591 4.0712 4.0648 4.0577 4.0635 4.0276 4.1099
C1907TS247_3 0.59379 4.1411 4.0557 4.0693 4.045 4.0164 4.0621 3.7918 3.8544 3.5425 4.1562 4.105 4.0524 4.0392 4.0412 4.0419 4.0396 4.0717 4.0681 4.0538 4.0518 4.05 4.0505 4.0494 4.0563 4.0698 4.0627 4.0652 4.0701 4.0583 4.0601 4.0628 4.0545 4.0504 4.0472 4.0436 4.0425 4.0326 4.0517 4.0541 4.0512 4.0705 4.0682 4.0592 4.0617 4.0578 4.0767 4.0679 4.0586 4.0227 4.0578 4.0564 4.058 4.0527 4.0495 4.0542 4.0616 4.062 4.0551 4.0585 4.0398 4.0765
C1907TS247_4 0.59631 4.1403 4.0488 4.045 3.9936 4.0361 4.0669 4.0311 3.5843 5.0048 3.899 4.039 4.0286 4.0275 4.0264 4.0204 4.0299 4.0499 4.0545 4.0407 4.0376 4.0315 4.035 4.0373 4.0371 4.0396 4.0383 4.046 4.0531 4.046 4.0408 4.0326 4.0285 4.0288 4.0221 4.0267 4.0219 4.0237 4.0282 4.0351 4.029 4.0465 4.0503 4.0397 4.0374 4.029 4.0519 4.0514 4.0457 4.0164 4.0364 4.0417 4.0376 4.0353 4.0431 4.0412 4.0446 4.0397 4.0372 4.0384 4.0258 4.0645
C1907TS247_5 0.5968 4.1288 4.0623 4.0568 3.9585 4.0187 4.0586 3.8124 3.9576 4.0951 3.7721 4.0828 4.0482 4.0319 4.031 4.0487 4.0151 4.0627 4.0749 4.0527 4.0581 4.0499 4.0482 4.0493 4.0497 4.0569 4.0562 4.0678 4.0738 4.0509 4.0624 4.0526 4.0484 4.0518 4.0369 4.0371 4.0307 4.0279 4.0342 4.0509 4.0296 4.059 4.0707 4.0506 4.0478 4.0591 4.0753 4.0633 4.0594 4.0322 4.0527 4.0603 4.0563 4.0625 4.0545 4.053 4.062 4.0508 4.0474 4.0516 4.0251 4.075
C1907TS258_1 0.47688 4.0608 4.0608 4.0252 3.9847 4.0544 3.6916 4.3206 4.0502 4.2167 4.0899 4.069 4.0257 4.0288 4.0366 4.0234 4.0286 4.0244 4.0242 4.0597 4.0719 4.0808 4.0364 4.0075 4.0066 4.0425 4.0477 4.0454 4.0512 4.0423 4.0472 4.0476 4.0393 4.0278 4.0243 4.0194 4.0095 4.0107 4.0187 4.0186 4.0204 4.0235 4.0606 4.0678 4.061 4.0648 4.0719 4.0592 4.036 4.0408 4.0547 4.0502 4.0462 4.0383 4.0379 4.0436 4.0473 4.0554 4.0441 4.0533 4.0107 4.0195
C1907TS258_2 0.48585 4.0128 4.0297 4.0192 4.016 3.9207 3.9904 3.6608 4.1895 3.9156 4.601 4.0046 4.0683 4.0191 4.0234 4.0108 4.0477 4.0046 4.0239 4.0595 4.0769 4.083 4.0426 4.0004 4.0458 4.0458 4.0398 4.0521 4.0543 4.0537 4.0464 4.0626 4.0589 4.045 4.0195 4.0129 4.0009 4.0009 4.0009 4.0117 4.0469 4.0655 4.0717 4.0768 4.077 4.0701 4.0412 4.0631 4.0563 4.0534 4.0537 4.0555 4.0558 4.052 4.0512 4.0556 4.0563 4.06 4.0527 4.0453 4.0291 4.0698
C1907TS258_3 0.44277 3.9849 3.8258 3.8617 3.8774 3.7488 3.4263 4.7493 3.8563 3.8084 3.8445 3.8121 3.7683 3.7874 3.8037 3.8092 3.8297 3.7628 3.8011 3.8199 3.8496 3.904 3.8934 3.8557 3.8734 3.7817 inf 5.6222 3.9634 3.8827 3.8085 3.8324 3.7881 3.779 3.7963 3.8128 3.7978 3.7929 3.7748 3.7896 3.765 3.8285 3.8493 3.8778 3.8516 3.8871 3.8783 3.7757 3.8456 3.8112 3.8275 3.8179 3.8281 3.846 3.8336 3.817 3.8358 3.8536 3.8132 3.8438 3.6384 3.8567
C1907TS258_4 0.44121 4.1248 4.0698 4.007 4.0381 3.6654 4.0098 3.6557 4.4286 4.0799 4.0659 4.0039 3.9803 4.0318 4.0456 4.0405 4.0249 4.0416 4.0398 4.0745 4.0585 4.0621 4.0617 4.0576 4.0742 4.0635 4.0497 4.0578 4.066 4.0548 4.0575 4.0539 4.0438 4.0454 4.0394 4.0366 4.0357 4.0192 4.0271 4.0347 4.0356 4.0266 4.0642 4.0681 4.0633 4.0677 4.0735 4.0673 4.0677 4.0704 4.0369 4.0474 4.0525 4.0527 4.05 4.054 4.0563 4.0549 4.0475 4.0493 4.0233 4.0645
C1907TS258_5 0.51909 4.0828 4.0811 4.0627 3.9892 4.0041 4.0171 3.6048 4.1933 3.9026 4.2051 4.0684 4.0491 4.0276 4.0222 4.0206 4.0282 4.0142 4.0625 4.0729 4.0809 4.084 4.0416 4.0688 4.0667 4.0312 4.0302 4.0414 4.0538 4.0435 4.0392 4.0398 4.0343 4.0394 4.0259 4.0372 4.0077 3.9995 4.0258 4.0392 4.0363 4.065 4.0775 4.0619 4.0569 4.0834 4.0844 4.0368 4.0401 4.0467 4.0607 4.0557 4.058 4.0613 4.0593 4.0535 4.0653 4.0622 4.0482 4.0506 4.0152 4.0684
C1907TS273_1 0.52012 2.7715 2.7837 inf inf 2.7723 2.772 2.7995 2.7738 2.7715 2.7738 2.7739 2.7743 2.7743 2.7745 2.7749 2.7749 2.7754 2.7746 2.7749 2.7739 2.7755 2.7748 2.7749 2.7751 2.7747 2.7746 2.7739 2.7737 2.7744 2.7744 2.7744 2.7742 2.7748 2.7747 2.7744 2.7748 2.7763 2.7725 2.7715 2.7759 2.7744 2.7743 2.7745 2.7747 2.7765 2.7703 2.7753 2.7744 2.7748 2.7746 2.7752 2.7739 2.773 2.7749 2.7759 2.7784 2.7793 2.7786 2.7772 2.7744 2.7779
C1907TS273_2 0.51777 2.3582 2.3414 inf inf 2.3555 2.3549 2.3653 2.3553 2.3543 2.3557 2.3562 2.3564 2.3563 2.3565 2.3567 2.3567 2.357 2.3566 2.3571 2.3569 2.3574 2.3549 2.3596 2.3461 2.3533 2.3528 inf inf 2.3561 2.3561 2.3566 2.3563 2.3567 2.3576 2.3566 2.3563 2.3578 2.3566 2.3569 2.3561 2.3565 2.3564 2.3564 2.3566 2.3568 2.3553 2.3562 2.3571 2.357 2.3567 2.357 2.3569 2.3565 2.3564 2.3568 2.3578 2.3593 2.3601 2.3589 2.3561 2.3599
C1907TS273_3 0.54142 4.1332 4.0467 3.9791 4.0058 4.022 4.0568 4.1336 4.0737 4.1423 3.9891 4.0468 4.0384 4.0482 4.0365 4.0251 4.0324 4.033 4.0428 4.0432 4.0403 4.0354 4.0427 4.0373 4.0371 4.0399 4.0405 4.0468 4.0428 4.0341 4.0379 4.0377 4.0398 4.0461 4.0412 4.0402 4.0512 4.0304 4.0254 4.0089 3.9878 4.0421 4.0342 4.042 4.0366 4.04 4.0417 4.0439 4.0345 4.0277 4.043 4.0312 4.0337 4.0348 4.0425 4.0348 4.0404 4.0384 4.0425 4.0394 4.0484 4.0921
C1907TS273_4 0.30262 4.1476 4.0405 4.0454 4.0444 4.0498 4.0513 4.0347 4.0318 4.0485 4.0424 4.0346 4.0169 4.0431 4.081 3.9651 4.6842 3.4417 4.349 4.1061 4.0403 4.0481 4.0492 4.039 4.0461 4.047 4.0152 3.9886 3.9854 4.0173 4.0019 4.0459 4.0422 4.0354 4.0374 4.0416 4.0306 4.0282 4.0354 4.0311 4.0271 4.0244 4.0182 4.0396 4.0438 4.0521 4.048 4.0221 4.0398 4.0353 4.0342 4.037 4.0389 4.0398 4.0386 4.0409 4.0443 4.0395 4.0326 4.0437 4.0389 4.0598
C1907TS273_5 0.39227 4.0956 4.0672 4.0693 4.0582 4.05 4.0608 4.0349 4.0467 4.04 4.0323 4.0257 4.0343 4.0364 4.0242 4.0255 4.032 4.0138 4.0055 4.0361 4.0683 4.0713 4.0674 4.0595 4.0665 4.0256 4.0617 4.0689 4.0661 3.9825 4.0225 4.0244 3.6563 4.1735 4.0565 3.9753 4.1178 4.0581 4.0269 4.0432 4.0401 4.061 4.0699 4.069 4.0251 4.0676 4.0635 4.0156 4.0539 4.0482 4.0501 4.0441 4.0336 4.0427 4.0624 4.0555 4.0481 4.047 4.04 4.0522 4.0534 4.0441
C1907TS278_1 0.4459 4.0748 4.0682 4.0267 3.9428 4.0418 3.5452 4.3205 4.0119 4.5226 4.1431 4.0315 4.0205 4.0143 4.014 4.0225 4.0199 4.0763 4.0674 4.0485 4.0528 4.03 4.0192 4.0241 4.0168 4.0076 4.0141 4.027 4.0564 4.0634 4.066 4.0616 4.0492 4.0491 4.0431 4.0299 4.0345 4.0298 4.026 4.0259 4.0178 4.0653 4.0737 4.0689 4.0129 4.0625 4.0761 4.0324 4.0034 4.0294 4.0355 4.042 4.0445 4.0428 4.0306 4.0307 4.0387 4.0455 4.0485 4.0374 4.0117 4.0549
C1907TS278_2 0.38232 4.1305 4.0288 4.0438 3.9941 4.0158 4.0837 4.0286 3.5364 4.321 4.1101 4.0368 4.047 4.0377 4.0282 4.0356 4.0357 4.0515 4.0559 4.05 4.0513 4.0531 4.0417 4.0402 4.0366 4.0402 4.0481 4.0489 4.0504 4.0467 4.0399 4.0416 4.0438 4.0417 4.0355 4.0332 4.0348 4.0318 4.0386 4.0484 4.0527 4.0555 4.0538 4.0498 4.0537 4.0486 4.0584 4.0361 4.0297 4.0473 4.0482 4.043 4.0448 4.0453 4.0449 4.0416 4.0424 4.0462 4.0472 4.0461 4.0493 4.097
C1907TS278_3 0.50178 4.1599 4.0421 4.0567 4.0484 4.033 4.0204 4.0782 3.9857 4.0529 4.051 4.0434 4.0397 4.037 4.0363 4.0367 4.0319 4.0346 4.05 4.0491 4.0519 4.0558 4.0593 4.0572 4.0259 4.04 3.7812 4.3434 3.4839 4.407 4.1026 4.0298 4.0418 4.0337 4.0295 4.0363 4.0419 4.0275 4.0385 4.0489 4.0425 4.0544 4.0531 4.0453 4.0396 4.047 4.0561 4.0518 4.0452 4.0336 4.051 4.0438 4.0424 4.0435 4.0442 4.0455 4.0456 4.0455 4.0446 4.0453 4.0355 4.0748
C1907TS278_4 0.50177 4.141 4.0319 4.0561 4.029 4.0311 4.0573 4.0456 3.6364 4.5811 4.0251 3.9991 4.0396 4.0308 4.028 4.03 4.0244 4.0477 4.0486 4.0495 4.0521 4.0419 4.0421 4.0487 4.0498 4.0393 4.0377 4.0443 4.0452 4.0431 4.0503 4.0392 4.0423 4.0379 4.0336 4.0281 4.0242 4.0202 4.0201 4.0283 4.0213 4.0482 4.0507 4.0421 4.0324 4.0461 4.0492 4.0227 4.0389 4.0441 4.0494 4.0419 4.0413 4.0388 4.0333 4.0332 4.0384 4.0394 4.0413 4.0451 4.04 4.0798
C1907TS278_5 0.48358 4.1439 4.0285 4.0448 4.0528 4.0315 4.0095 4.0938 3.8053 4.1179 4.1512 3.9823 4.052 4.0361 4.0339 4.0305 4.0367 4.0488 4.0479 4.0433 4.0395 4.0406 4.0442 4.0442 4.0429 4.0398 4.0404 4.0457 4.0481 4.0454 4.0443 4.0405 4.0433 4.0422 4.0342 4.027 4.0316 4.0378 4.0401 4.0384 4.052 4.0503 4.0436 4.0457 4.0148 4.0322 4.0344 4.0445 4.0414 4.0413 4.0379 4.0403 4.0413 4.0409 4.0339 4.0377 4.0291 4.0535 4.0407 4.0404 4.0543 4.0961
C1907TS299_1 0.60628 4.1339 4.0618 4.0454 3.9444 3.9986 4.0155 3.863 3.5789 7.2986 3.5833 4.0503 4.0097 4.0383 4.0446 4.039 4.0432 4.0497 4.0552 4.0364 4.0297 4.0174 4.0137 4.0169 4.0176 4.0006 4.0128 4.0054 4.0286 4.0479 4.0426 4.026 4.0148 4.0194 4.0125 4.0127 4.014 4.0002 4.0154 4.0285 4.022 4.0432 4.0478 4.0346 4.0291 4.0377 4.057 4.0431 4.0418 4.0102 4.0389 4.0378 4.0399 4.0324 4.0204 4.0207 4.0284 4.0422 4.0315 4.0273 3.9943 4.0804
C1907TS299_2 0.60605 4.2007 4.1071 4.0931 4.0106 4.0674 4.0902 4.0121 3.5654 2.5122 3.6555 4.1063 4.0744 4.1033 4.1092 4.0998 4.1093 4.1201 4.1153 4.0962 4.097 4.0876 4.0806 4.0805 4.0782 4.071 4.0707 4.0901 4.1045 4.1108 4.1067 4.0924 4.0816 4.086 4.0798 4.0797 4.0774 4.0639 4.0677 4.0886 4.0812 4.1036 4.1124 4.1009 4.0981 4.1114 4.1236 4.102 4.1128 4.0771 4.1054 4.1031 4.105 4.0991 4.0872 4.0853 4.0949 4.1082 4.0926 4.0927 4.0656 4.1608
C1907TS299_3 0.60083 4.1618 4.0898 4.0569 3.9695 4.0441 4.0647 3.912 3.6242 3.968 3.66 4.0934 4.0382 4.048 4.0563 4.0571 4.0679 4.0853 4.0837 4.0676 4.0551 4.0575 4.0556 4.041 4.0398 4.0359 4.0367 4.043 4.0667 4.079 4.0731 4.0552 4.0442 4.0471 4.0414 4.0434 4.0411 4.0404 4.052 4.0602 4.0473 4.0753 4.0801 4.0624 4.0562 4.0712 4.0872 4.0686 4.074 4.0384 4.0654 4.0692 4.0706 4.0673 4.0524 4.0502 4.061 4.077 4.0607 4.0614 4.025 4.1309
C1907TS299_4 0.59927 4.1341 4.0953 4.0667 3.9578 4.0427 4.0465 3.8169 3.8556 3.9386 3.7119 4.1197 4.0378 4.0616 4.0703 4.0648 4.0724 4.084 4.0871 4.0624 4.0601 4.0455 4.0438 4.034 4.03 4.0284 4.0251 4.0408 4.0646 4.0782 4.0711 4.0508 4.0283 4.0473 4.0311 4.0483 4.0505 4.0138 4.0525 4.0592 4.054 4.08 4.078 4.0595 4.0532 4.064 4.087 4.0733 4.0564 4.0293 4.0626 4.0632 4.0612 4.0519 4.0453 4.0484 4.0577 4.0741 4.0574 4.0586 4.018 4.1168
C1907TS299_5 0.60782 4.1764 4.0676 4.0179 3.964 4.0049 3.725 4.3199 3.3779 4.8693 3.6966 4.0385 4.0348 4.0572 4.0546 4.0549 4.0658 4.0735 4.0756 4.0568 4.0607 4.0403 4.0359 4.0353 4.0344 4.0191 4.0359 4.029 4.0498 4.0674 4.0653 4.0488 4.0371 4.0407 4.0305 4.034 4.0355 4.0269 4.0334 4.0501 4.0437 4.0595 4.069 4.0565 4.0531 4.0655 4.0783 4.0618 4.0734 4.0311 4.0554 4.06 4.0597 4.0577 4.0464 4.0447 4.0502 4.0621 4.0544 4.0487 4.0194 4.1175
C1907TS301_1 0.59291 4.1513 4.04 3.9936 3.9668 4.0298 3.7083 4.6471 3.3418 4.3835 3.8424 4.0238 4.0382 4.0582 4.047 4.0444 4.0582 4.0639 4.0759 4.0669 4.0576 4.0516 4.0559 4.0528 4.0523 4.0546 4.0524 4.0646 4.0646 4.0498 4.0364 4.0444 4.0247 4.0284 4.0336 4.0444 4.0374 4.0281 4.0382 4.0573 4.0424 4.0568 4.0705 4.0671 4.0429 4.0549 4.0795 4.0365 4.0559 4.0588 4.0541 4.0518 4.0453 4.0479 4.0511 4.047 4.0481 4.0484 4.0543 4.0545 4.0435 4.1369
C1907TS309_1 0.55747 4.1428 4.0222 4.0236 3.9565 4.0009 3.7613 4.7277 3.3448 4.5201 3.6554 4.0341 4.0396 4.047 4.0433 4.042 4.0544 4.0656 4.0764 4.0652 4.055 4.0643 4.053 4.0435 4.0398 4.0482 4.0608 4.0703 4.0728 4.0606 4.0678 4.0455 4.0331 4.0389 4.0278 4.0395 4.0434 4.0203 4.0143 4.0494 4.0421 4.0516 4.0676 4.0577 4.0579 4.0635 4.0793 4.0644 4.0293 4.0519 4.053 4.0519 4.0455 4.0459 4.0441 4.0417 4.0501 4.0518 4.0622 4.0569 4.0367 4.1347
C1907TS309_2 0.53187 4.117 4.0338 4.0407 4.0234 4.0306 4.0414 4.02 4.0286 4.0366 4.0382 4.0416 4.0377 4.041 4.0372 4.0426 4.028 4.0504 4.0647 4.0639 4.0463 4.0443 4.0743 4.0503 3.8844 4.0828 3.995 4.0655 4.0429 4.0495 4.0441 4.0516 4.0408 4.039 4.0371 4.0336 4.0363 4.0297 4.0248 4.0426 4.0385 4.0131 4.054 4.0611 4.046 4.0334 4.0403 4.0282 4.0406 4.0488 4.0492 4.043 4.0501 4.0522 4.0481 4.0473 4.0497 4.0512 4.0471 4.0475 4.0426 4.0716
C1907TS309_3 0.45844 4.1708 4.0551 4.0044 3.9993 4.0611 3.784 3.7625 3.4034 4.4363 4.1008 4.0638 4.058 4.0754 4.0713 4.0647 4.0678 4.0698 4.073 4.064 4.0575 4.0614 4.0579 4.045 4.043 4.0385 4.0428 4.0417 4.0317 4.0615 4.0755 4.0587 4.0488 4.0413 4.0419 4.0498 4.0587 4.0397 4.0315 4.0379 4.0526 4.072 4.079 4.0711 4.0443 4.0701 4.0799 4.0416 4.0588 4.0636 4.0665 4.0546 4.0384 4.0632 4.0601 4.0655 4.0595 4.0622 4.0537 4.0582 4.0292 4.0856
C1907TS345_1 0.43677 4.1273 4.0154 4.0356 4.0244 4.0299 4.036 4.0296 4.021 4.0392 4.0412 4.0377 4.0331 4.0277 4.0247 4.0246 4.0264 4.031 4.0318 4.0376 4.0426 4.042 4.0446 4.0466 4.0321 4.0274 4.0368 4.1308 3.7859 4.5106 4.1221 3.9988 4.0347 4.033 4.0279 4.03 4.0275 4.0333 4.0372 4.0337 4.0328 4.024 4.0365 4.0389 4.0408 4.0438 4.042 4.0259 4.0183 4.0397 4.0383 4.0365 4.0373 4.0375 4.0369 4.0367 4.0367 4.0341 4.0253 4.0373 4.0473 4.0891
C1907TS345_2 0.43138 4.1233 4.0331 4.053 4.0141 4.0349 3.8117 4.202 3.7207 4.2371 4.0986 4.0205 4.0356 4.0262 4.0227 4.0302 4.0361 4.0299 4.0564 4.0531 4.053 4.0549 4.0533 4.0401 4.0306 4.0436 4.0447 4.0462 4.0504 4.0444 4.0495 4.0497 4.0446 4.0441 4.0448 4.0443 4.0425 4.0412 4.042 4.0338 4.0474 4.0585 4.0518 4.0444 4.0425 4.0545 4.0586 4.023 4.0455 4.0457 4.0443 4.0393 4.0378 4.0424 4.0451 4.0475 4.0435 4.0487 4.0496 4.0496 4.0378 4.0799
C1907TS345_3 0.37129 4.1691 4.0465 4.0519 4.0442 4.0608 4.0634 4.0406 4.0582 4.0568 4.0516 4.0586 4.043 4.0469 4.0409 4.0403 4.0382 4.0447 4.0579 4.0598 4.0539 4.0614 4.0634 4.0222 4.0025 4.0505 3.7676 4.251 3.539 4.2351 4.0615 4.0263 4.0473 4.041 4.0418 4.0394 4.0303 4.0332 4.0384 4.029 4.0363 4.0372 4.0515 4.0556 4.0546 4.0562 4.0383 4.0485 4.0483 4.0528 4.0502 4.0498 4.0479 4.0475 4.0467 4.0491 4.0492 4.0509 4.0493 4.0417 4.0521 4.0938
C1907TS345_4 0.41217 4.1324 4.0097 4.0421 4.0346 4.0428 4.0357 4.0807 4.0044 4.0469 4.0402 4.0399 4.0419 4.0309 4.0249 4.0205 4.0255 4.0102 4.0541 4.044 4.0488 4.044 4.0172 4.0994 3.8463 4.3209 4.1151 3.9711 4.0485 4.0388 4.0445 4.0418 4.0383 4.0405 4.0386 4.0387 4.0272 4.0236 4.0211 4.0286 4.0368 4.0511 4.0424 4.0386 4.0387 4.0315 4.0371 4.0238 4.0348 4.0424 4.0395 4.0369 4.0382 4.0378 4.0375 4.0403 4.0406 4.0394 4.0425 4.0376 4.0421 4.0925
C1907TS345_5 0.45762 4.0501 4.0633 4.0314 3.9838 4.0553 3.6773 4.3843 4.2397 4.1994 4.1285 4.0521 4.0277 4.036 4.0232 4.0168 4.0141 4.0106 4.0506 4.0564 4.057 4.057 4.0369 3.9924 4.0021 4.0174 4.0268 4.0392 4.049 4.0428 4.0343 4.0465 4.0352 4.0294 4.0237 4.032 4.0409 4.0391 4.0301 4.0073 3.9987 4.0253 4.068 4.0506 4.0423 4.0527 4.0387 4.0474 4.0439 4.038 4.0377 4.0404 4.037 4.0389 4.0421 4.0409 4.0424 4.0371 4.0248 4.0485 4.034 4.0249
C1907TS347_1 0.59299 4.1141 4.0579 4.0721 4.0703 4.0002 4.0626 3.6327 4.1908 3.9584 4.1163 4.087 4.058 4.0251 4.0218 4.0284 4.018 4.0501 4.0712 4.0521 4.0512 4.0438 4.0403 4.0404 4.0307 4.028 4.0215 4.0311 4.057 4.0602 4.049 4.0339 4.0253 4.0297 4.0348 4.0345 4.0334 4.056 4.0725 4.059 4.0421 4.0562 4.051 4.0467 4.0527 4.0611 4.0674 4.0623 4.0403 4.02 4.0515 4.0527 4.0524 4.0416 4.0388 4.048 4.0553 4.0493 4.0409 4.0468 4.0229 4.0536
C1907TS349_1 0.52767 4.1365 4.0743 4.0724 4.0445 3.9859 4.0555 3.6106 4.1177 3.8701 4.2682 4.0867 4.049 4.031 4.0285 4.031 4.0163 4.0144 4.0562 4.0702 4.0652 4.0595 4.0642 4.0543 4.0632 4.0442 4.0532 4.0677 4.0472 4.0457 4.0536 4.0601 4.0395 4.0418 4.036 4.0397 4.0281 4.0117 4.0196 4.0215 4.0373 4.0623 4.0723 4.0545 4.0389 4.0633 4.0702 4.0465 4.0276 4.0536 4.0535 4.0544 4.0432 4.0398 4.0371 4.0429 4.0516 4.0516 4.0387 4.0503 4.0117 4.0519
C1907TS349_2 0.46402 4.156 4.0793 4.0742 4.0089 4.0304 4.07 3.8822 3.774 3.8954 3.7618 4.0838 4.0421 4.0457 4.0505 4.0446 4.0421 4.0494 4.0155 4.0531 4.0718 4.0822 4.0766 4.0553 4.072 4.0548 4.0497 4.0734 4.0557 4.058 4.0655 4.0575 4.0543 4.0496 4.0477 4.0461 4.0494 4.0473 4.045 4.0408 4.0227 4.0598 4.0669 4.0653 4.0698 4.0634 4.039 4.0594 4.0614 4.0587 4.0658 4.0639 4.0499 4.0563 4.0678 4.0607 4.0579 4.0581 4.0473 4.0494 4.0388 4.08
C1907TS349_3 0.45893 4.1219 4.0051 4.0419 4.0359 4.0539 4.0683 4.0961 4.0221 4.0518 4.0346 4.0376 4.0343 4.0293 4.0227 4.0263 4.0301 4.0301 4.0307 4.0318 4.0473 4.0489 4.0454 4.041 4.0466 4.0471 4.0314 4.0335 4.0818 4.1095 3.6061 4.3522 4.0987 4.0305 4.04 4.0413 4.0372 4.0409 4.0335 4.0402 4.0284 4.0481 4.0458 4.0439 4.0402 4.0421 4.0327 4.0338 4.0425 4.0376 4.0412 4.0415 4.0446 4.0444 4.0406 4.0414 4.0413 4.0399 4.0365 4.0335 4.0457 4.0866
C1907TS349_4 0.46458 4.1174 4.0532 4.0664 4.063 4.0406 4.0174 4.0704 3.6811 4.0056 3.7343 4.2025 4.0912 4.0478 4.0391 4.0379 4.0419 4.0284 4.0283 4.064 4.0638 4.065 4.0477 4.0579 4.0628 4.0522 4.0567 4.06 4.0606 4.0521 4.0563 4.0622 4.0487 4.0481 4.0447 4.0442 4.0425 4.0352 4.0425 4.0299 4.0344 4.0699 4.0643 4.0424 4.0542 4.0645 4.0483 4.0293 4.0561 4.0565 4.0525 4.0439 4.0409 4.0541 4.0631 4.0564 4.0488 4.0476 4.0418 4.0447 4.0397 4.0657
C1907TS349_5 0.48362 4.1522 4.0698 4.0918 4.0421 4.0265 3.772 3.812 4.0086 4.0373 4.0619 4.0566 4.0562 4.056 4.0558 4.051 4.0568 4.0419 4.0252 4.0418 4.0625 4.0793 4.0828 4.0809 4.0548 4.0293 3.854 3.7817 3.9742 4.1069 4.0639 4.0628 4.0711 4.0615 4.0558 4.0503 4.0477 4.0402 4.0324 4.0434 4.0595 4.0716 4.0815 4.0832 4.0721 4.0784 4.0908 4.0608 4.0614 4.0717 4.0637 4.0581 4.0616 4.0642 4.0648 4.064 4.0622 4.0587 4.0568 4.0595 4.0258 4.0619
C1907TS359_1 0.60093 4.1051 4.0658 3.9811 4.0086 4.039 4.093 4.0041 4.1364 3.9897 4.0082 4.0688 4.0384 4.0286 4.0357 4.0352 4.0546 4.0665 4.0569 4.0481 4.0524 4.0413 4.0244 4.0167 4.017 4.0165 4.0033 4.0522 4.0625 4.0475 4.059 4.0395 4.0209 4.0206 4.0114 4.0256 4.0314 3.9952 4.0263 4.0512 4.0567 4.0717 4.0707 4.0498 4.0211 4.0614 4.039 4.0153 4.0431 4.0453 4.0531 4.0501 4.0463 4.0388 4.0413 4.047 4.0591 4.0601 4.0322 4.0411 4.0216 4.0929
C1907TS369_1 0.59791 4.1183 4.1029 4.0688 3.939 4.0458 4.0488 3.7296 4.1428 4.1289 3.829 4.134 4.0384 4.0299 4.0508 4.0444 4.0256 4.075 4.0708 4.0406 4.0448 4.0369 4.0302 4.0229 4.0262 4.0191 4.0196 4.0346 4.0579 4.0655 4.0721 4.0501 4.0285 4.0253 4.024 4.0245 4.0146 4.0232 4.0329 4.0425 4.0385 4.0692 4.0709 4.0567 4.0547 4.0528 4.0878 4.0796 4.0442 4.0223 4.0589 4.0589 4.0614 4.0517 4.0451 4.0455 4.0593 4.0666 4.0458 4.0475 4.0149 4.0784
C1907TS369_2 0.46385 4.1246 4.0313 4.0437 4.0399 4.0162 4.0211 4.0313 3.5676 10.3424 3.7447 4.0202 4.0116 4.0074 3.9934 3.9952 3.9991 3.9912 4.0215 4.0403 4.0412 3.9949 4.0028 3.9446 4.0851 3.9107 4.0234 4.0165 4.02 4.0206 4.0204 4.0266 4.0134 4.0024 3.9961 3.9914 3.997 3.9845 3.99 4.0156 4.0237 4.0301 4.0247 4.0185 4.0185 4.0391 4.0339 3.9768 4.0109 4.0057 4.0043 4.0048 4.0031 4.0133 4.0245 4.0119 4.0129 4.0125 4.004 4.0044 3.9904 4.0533
C1907TS369_3 0.54964 4.1275 4.0228 4.0028 4.0072 4.0768 3.8458 4.4927 4.135 3.9865 4.034 4.0274 4.0244 4.0195 4.0202 4.0279 4.0269 4.0399 4.0484 4.0464 4.0412 4.0475 4.0291 4.0319 4.023 4.037 4.0383 4.0385 4.0387 4.0383 4.0409 4.046 4.0387 4.0345 4.0305 4.028 4.0308 4.0261 4.029 4.0483 4.0456 4.0412 4.044 4.032 4.0174 4.0389 4.0284 4.0322 4.0363 4.0371 4.0382 4.0406 4.0363 4.0378 4.0382 4.0355 4.0354 4.0396 4.0398 4.0333 4.0395 4.0839
C1907TS369_4 0.41955 4.1843 4.0615 4.032 3.9606 4.0135 4.0458 4.075 3.4148 4.7009 3.6574 4.0513 4.0433 4.0692 4.0715 4.0645 4.0616 4.0709 4.0686 4.0501 4.0531 4.0615 4.0371 4.037 4.0358 4.028 4.0442 4.0287 4.0459 4.0585 4.0617 4.0638 4.0471 4.0382 4.0398 4.0299 4.0358 4.0227 4.0219 4.0368 4.0346 4.0531 4.0702 4.0767 4.0521 4.0633 4.0501 4.0506 4.0554 4.0486 4.0502 4.05 4.0594 4.0573 4.0472 4.0422 4.046 4.0502 4.0583 4.056 4.0208 4.1107
C1907TS369_5 0.45679 4.121 4.0298 4.0609 4.0221 3.8681 3.7774 4.058 4.1077 4.0624 4.0253 4.0534 4.0576 4.0589 4.0402 4.0412 4.0338 4.0324 4.0608 4.0798 4.0816 4.0775 3.9757 3.9414 3.7039 4.1467 4.1343 4.0588 4.0646 4.084 4.0788 4.077 4.0543 4.0546 4.0491 4.05 4.0373 4.0152 4.0295 4.0476 4.0585 4.0642 4.0777 4.0924 4.0508 4.0903 4.0712 4.0333 4.0639 4.0431 4.0967 4.079 3.9861 4.0402 4.0392 4.0639 4.0719 4.0572 4.0526 4.051 3.9976 4.0528
C1907TS389_1 0.58215 4.1783 4.0467 4.0827 4.0329 4.0296 4.0419 4.0668 4.0741 4.0596 4.0482 4.0452 4.053 4.0463 4.0424 4.0418 4.0339 4.0661 4.0658 4.0682 4.0836 4.0731 4.0638 3.8108 4.3232 3.7942 4.0488 4.0542 4.0621 4.0649 4.0648 4.0617 4.0524 4.0614 4.0539 4.0562 4.0547 4.028 4.0381 4.0446 4.0398 4.0671 4.0684 4.0819 4.0533 4.0392 4.0734 3.3293 4.3802 3.9253 3.9957 4.0568 4.0562 4.0561 4.0584 4.0624 4.0601 4.059 4.056 4.0609 4.0282 4.0794
C1907TS389_2 0.54384 4.1394 4.0165 4.0376 4.0357 4.0359 4.0437 4.0336 4.0432 4.0392 4.0407 4.0393 4.0351 4.0293 4.0293 4.0343 4.0288 4.0434 4.0453 4.0479 4.0482 4.0255 4.0566 4.1764 3.8591 4.2296 4.1207 3.9845 4.0447 4.0393 4.0395 4.0423 4.043 4.032 4.0233 4.0214 4.0225 4.0245 4.0293 4.0337 4.0129 4.0482 4.0341 4.04 4.0316 4.0378 4.0204 4.0312 4.0259 4.0469 4.0393 4.0378 4.037 4.0359 4.0364 4.0351 4.04 4.0404 4.0432 4.0391 4.0465 4.0957
C1907TS389_3 0.5726 4.1476 4.0313 4.0461 4.042 3.7221 4.1555 3.5428 4.3058 4.1132 4.0449 4.0451 4.0437 4.0356 4.0345 4.0331 4.0346 4.0563 4.0629 4.0618 4.065 4.0679 4.0546 4.0353 4.0036 4.0462 4.0511 4.0526 4.0565 4.0568 4.0545 4.0509 4.0455 4.0408 4.0357 4.0322 4.0361 4.0337 4.0337 4.0429 4.0514 4.0629 4.0581 4.0503 4.0432 4.0607 4.0612 4.0332 4.055 4.0485 4.0482 4.0512 4.053 4.0538 4.054 4.0527 4.0529 4.0535 4.0529 4.0524 4.0385 4.0783
C1907TS389_4 0.45104 3.699 3.8168 4.3633 inf 3.9632 3.8817 3.8728 3.8727 3.775 3.8767 3.9701 3.914 3.8967 3.9214 3.9327 3.886 3.8822 3.9217 3.9298 3.9407 3.9526 3.9342 3.9473 3.9536 3.9516 3.9555 3.9434 3.949 3.9464 3.9337 3.939 3.9356 3.9449 3.9288 3.9399 3.9035 3.9029 3.961 3.937 3.9352 3.9338 3.9376 3.9763 3.9652 3.8249 3.8229 3.8585 3.9018 3.9271 3.9258 3.9373 3.9342 3.9376 3.9521 3.9202 3.8716 3.9008 3.9023 3.9377 3.8246 4.025
C1907TS389_5 0.38561 4.1449 3.9962 4.0578 4.0077 3.9985 4.0405 4.111 3.9364 4.2191 4.1494 3.9715 4.0483 4.0286 4.0201 4.0171 4.0299 4.0275 4.0381 4.0462 4.0413 4.0319 4.0294 4.0357 4.0366 4.0398 4.0401 4.0417 4.0403 4.0372 4.044 4.0438 4.0394 4.0385 4.0392 4.0376 4.0364 4.0448 4.0431 4.0404 4.0379 4.0423 4.0283 4.0423 4.0324 4.0379 4.0417 4.0213 4.0374 4.0387 4.0356 4.0402 4.0374 4.0388 4.0367 4.0354 4.036 4.0391 4.0369 4.0361 4.0464 4.0957
C1907TS404_1 0.34359 4.1849 4.0641 4.0471 3.9617 3.9992 4.0348 4.0437 3.4331 5.0583 3.6823 4.0367 4.0249 4.0393 4.0419 4.0393 4.0488 4.0615 4.0716 4.0487 4.0572 4.0384 4.0397 4.0339 4.0402 4.0382 4.0265 4.0146 4.0229 4.0377 4.0602 4.0597 4.0491 4.0355 4.0275 4.0226 4.0227 4.0269 4.0471 4.0778 4.0712 4.0434 4.0383 4.0738 4.0417 4.0521 4.0588 4.0403 4.0535 4.049 4.05 4.0423 4.0402 4.0446 4.0495 4.0518 4.0509 4.0488 4.0463 4.038 4.0241 4.1093
C1907TS404_2 0.34715 4.1656 4.0349 4.0582 3.9888 4.0162 3.7349 4.7539 3.3389 4.4191 4.0905 4.0256 4.0308 4.0226 4.0334 4.0298 4.0382 4.0495 4.0538 4.038 4.0479 4.0448 4.0455 4.0335 4.033 4.0237 4.0273 4.0276 4.0263 4.044 4.0527 4.0533 4.0466 4.0456 4.0505 4.0562 4.0476 4.0563 4.0658 4.0564 4.0479 3.9971 4.0736 3.99 4.0598 4.0465 4.0452 4.0425 4.0421 4.0416 4.0415 4.0426 4.0446 4.0446 4.0431 4.0437 4.0454 4.0447 4.0436 4.0408 4.0424 4.105
C1907TS404_3 0.35465 4.1641 4.0397 4.0595 3.9816 4.0191 4.0538 3.9787 3.4409 4.7643 3.7209 4.0294 4.0358 4.043 4.0496 4.0489 4.0565 4.0671 4.0693 4.0542 4.0605 4.0479 4.0457 4.0367 4.0414 4.0397 4.031 4.0293 4.0297 4.0522 4.06 4.0469 4.0384 4.037 4.0305 4.0308 4.0339 4.0371 4.0496 4.0764 4.0619 4.0441 4.0364 4.0758 4.0385 4.0511 4.0507 4.0574 4.0555 4.0529 4.0521 4.0475 4.0481 4.051 4.0532 4.0539 4.0533 4.0524 4.0457 4.055 4.0457 4.111
C1907TS404_4 0.30754 4.1605 4.0383 4.0628 4.0241 4.0289 4.0725 4.0271 3.5681 4.2601 4.0459 4.0041 4.0475 4.032 4.0334 4.0368 4.0385 4.0558 4.0548 4.0496 4.0569 4.044 4.0391 4.0324 4.0369 4.0322 4.0493 4.0536 4.0546 4.0527 4.0499 4.0471 4.0428 4.0357 4.0331 4.0348 4.0394 4.0494 4.0583 4.0618 4.0587 4.0349 4.0081 4.0241 4.0477 4.0506 4.0477 4.0498 4.0479 4.0459 4.0481 4.0482 4.0483 4.0479 4.0476 4.0479 4.0475 4.0473 4.0478 4.0464 4.0494 4.1013
C1907TS404_5 0.32926 4.1619 4.0442 4.0615 4.0039 4.0261 4.0609 3.9988 3.4618 4.412 4.0159 4.0104 4.0421 4.0357 4.0409 4.0374 4.0471 4.0383 4.0421 4.04 4.0407 4.0606 4.0497 4.0451 4.0399 4.0317 4.0405 4.0352 4.05 4.0539 4.0578 4.0565 4.0505 4.0459 4.0413 4.0385 4.0479 4.0599 4.0623 4.053 4.0716 4.0651 4.0339 4.0135 4.0145 4.0365 4.045 4.0523 4.0497 4.05 4.0507 4.0506 4.05 4.0505 4.0511 4.0506 4.0502 4.0477 4.0532 4.0524 4.0462 4.1026
C1907TS405_1 0.58554 4.128 4.0156 4.0146 4.0162 4.0199 4.0502 3.9467 4.168 4.1233 3.9867 4.0489 4.0434 4.039 4.0331 4.0297 4.0287 4.0517 4.045 4.0389 4.0442 4.0421 4.0435 4.0374 4.0308 4.0353 4.0347 4.0382 4.0456 4.0428 4.0483 4.0436 4.0415 4.0416 4.0328 4.0305 4.0348 4.0401 4.0418 4.0339 4.0393 4.0466 4.0456 4.0372 4.0367 4.045 4.043 4.0491 4.0188 4.0205 4.0526 4.0351 4.0387 4.0399 4.0355 4.0389 4.0389 4.0377 4.0395 4.0408 4.0508 4.0962
C1907TS405_2 0.55256 4.13 4.0149 4.0148 4.0152 4.0868 4.0245 3.7664 4.1439 4.1081 4.0111 4.05 4.0436 4.0434 4.0435 4.0342 4.0396 4.0534 4.052 4.0418 4.0479 4.0458 4.0456 4.0393 4.0341 4.036 4.0331 4.0446 4.0511 4.0475 4.0501 4.0439 4.0433 4.0394 4.0338 4.0332 4.0369 4.0398 4.0393 4.0379 4.0385 4.0509 4.0509 4.0407 4.0404 4.0495 4.0509 4.0489 4.0388 4.0177 4.0501 4.04 4.0426 4.0437 4.042 4.0413 4.0444 4.043 4.0436 4.0453 4.0518 4.0947
C1907TS405_3 0.55841 4.1193 4.0232 4.0415 3.9892 4.01 3.8835 4.4394 3.5426 4.3323 4.1133 4.0257 4.0431 4.0424 4.0421 4.0362 4.0507 4.0542 4.0518 4.0418 4.0469 4.0425 4.0445 4.0382 4.0342 4.0312 4.031 4.0309 4.0437 4.0492 4.0527 4.0432 4.0369 4.0386 4.0339 4.0347 4.0307 4.037 4.0334 4.0398 4.0325 4.0495 4.0508 4.0403 4.0384 4.0491 4.0562 4.0492 4.0375 4.0142 4.0465 4.0438 4.0493 4.0422 4.0423 4.0423 4.0444 4.0441 4.0415 4.0328 4.0391 4.0922
C1907TS405_4 0.54687 4.1235 4.018 4.0364 4.0155 4.016 4.0657 3.8457 4.2513 4.1195 3.9838 4.0446 4.042 4.0409 4.0414 4.0371 4.0413 4.0482 4.0461 4.0401 4.0423 4.0428 4.0432 4.0372 4.0314 4.0326 4.0357 4.0364 4.0417 4.044 4.0481 4.0407 4.0397 4.0314 4.0272 4.0276 4.0339 4.0397 4.0381 4.0365 4.0323 4.0476 4.0463 4.0381 4.0371 4.045 4.0465 4.049 4.022 4.0281 4.0443 4.044 4.0404 4.0405 4.0388 4.0375 4.0401 4.0398 4.0401 4.0411 4.0493 4.0926
C1907TS405_5 0.53527 4.1378 4.0318 4.0275 4.0354 4.1145 4.1537 3.5983 4.234 4.0529 4.0132 4.0429 4.0392 4.0388 4.0373 4.0313 4.035 4.0527 4.0554 4.0443 4.0463 4.0428 4.0439 4.0415 4.038 4.0386 4.0524 4.0524 4.0531 4.041 4.0421 4.0464 4.0388 4.0306 4.023 4.03 4.0344 4.0243 4.039 4.0418 4.0321 4.0522 4.0551 4.0437 4.0422 4.0483 4.0563 4.0502 4.0414 4.0126 4.0411 4.045 4.0494 4.0437 4.0415 4.0471 4.0448 4.0431 4.0438 4.0451 4.0417 4.0846
C1907TS413_1 0.55577 4.1288 4.0493 4.067 4.0404 3.9292 3.9599 3.8548 4.0825 4.0974 4.0314 4.0334 4.0402 4.0347 4.0308 4.0427 4.0482 4.0785 4.0795 4.0839 4.1011 4.0718 4.009 3.7954 3.7003 3.9504 4.0172 4.0798 4.0653 4.0856 4.0828 4.0788 4.0756 4.0536 4.0474 4.0543 4.0525 4.0519 4.0441 4.0489 4.047 4.0313 4.0745 4.087 4.0838 4.0862 4.09 4.0594 4.0766 4.0685 4.0662 4.0664 4.072 4.0685 4.065 4.0706 4.0675 4.0606 4.0539 4.0614 4.0063 4.0447
C1907TS413_2 0.55835 4.1387 4.0175 4.0428 4.0227 4.0321 4.0048 4.0232 4.0439 4.0477 4.04 4.0397 4.0388 4.0372 4.0384 4.0379 4.0351 4.0485 4.0466 4.0465 4.0544 4.0251 4.0222 4.1099 3.8918 4.2024 4.1037 3.9832 4.0426 4.0424 4.0422 4.0408 4.0428 4.0426 4.0422 4.0421 4.0361 4.0237 4.0189 4.0195 4.0313 4.0407 4.0501 4.0373 4.0349 4.032 4.048 4.0281 4.0397 4.041 4.0397 4.0409 4.043 4.0418 4.0397 4.0404 4.0401 4.0407 4.0415 4.0452 4.0448 4.0911
C1907TS413_3 0.584 4.0541 4.053 4.0393 4.0509 4.0554 4.1534 4.0231 4.0681 4.054 4.0314 4.0302 4.0386 4.0331 4.0225 4.0249 4.0242 4.0421 4.0577 4.0644 4.0691 4.0708 4.0708 3.9211 3.8939 4.0322 4.0381 4.0724 4.0521 4.0477 4.0518 4.0582 4.049 4.0371 4.0323 4.0304 4.0455 4.052 4.0369 4.0448 4.0543 4.002 4.054 4.0591 4.0427 4.0483 4.0666 4.062 4.0452 4.0138 4.0408 4.0422 4.0436 4.0388 4.0362 4.0411 4.0463 4.0471 4.0399 4.0435 4.0141 4.0317
C1907TS413_4 0.54991 4.0994 4.0564 4.0538 4.0602 4.04 4.0426 4.0371 4.0304 4.0251 4.0221 4.0192 4.0266 4.0174 4.0104 4.0143 4.0043 4.0321 4.0612 4.0718 4.0736 4.016 4.0631 3.731 4.3358 4.3022 4.0264 4.1185 4.0426 4.0371 4.0353 4.0354 4.0351 4.0277 4.0203 4.0269 4.0314 4.0329 4.0202 4.0182 4.0276 3.9971 4.0597 4.0653 4.0329 4.0652 4.0612 4.0253 4.0352 4.0417 4.046 4.0419 4.0456 4.0448 4.033 4.0331 4.0405 4.0435 4.0358 4.0361 4.0 4.0164
C1907TS413_5 0.57965 4.1448 4.0166 4.0452 4.0398 4.0223 4.0208 4.0347 4.0136 4.0493 4.0376 4.0348 4.0323 4.0322 4.0357 4.037 4.0374 4.0485 4.043 4.0459 4.0558 4.0213 4.0278 4.1211 3.934 4.1689 4.1239 3.979 4.045 4.0436 4.0404 4.0418 4.0401 4.0441 4.04 4.0309 4.0239 4.0159 4.0181 4.0214 4.0264 4.038 4.0528 4.0411 4.0352 4.042 4.0486 4.0229 4.0405 4.0385 4.0406 4.0412 4.0399 4.041 4.0384 4.0388 4.0411 4.0412 4.0421 4.042 4.0473 4.0924
C1907TS414_1 0.57537 4.15 4.0379 4.0526 4.0454 4.042 4.0586 4.0485 4.0389 4.0224 4.0345 4.0388 4.0398 4.0339 4.0266 4.0343 4.0287 4.0146 4.058 4.0611 4.0598 4.0522 4.0445 3.702 4.2916 3.6145 4.42 4.1212 4.051 4.0409 4.0418 4.051 4.044 4.0401 4.0358 4.0356 4.0356 4.0317 4.0374 4.0244 4.0133 4.0524 4.0604 4.0548 4.0304 4.0496 4.0449 4.0273 4.0388 4.0506 4.0516 4.045 4.0446 4.044 4.0445 4.0455 4.0511 4.0506 4.0474 4.0491 4.0315 4.0627
C1907TS414_2 0.58819 4.1267 4.0149 4.0267 4.0195 4.0362 4.0494 4.0538 3.7481 4.2008 4.0813 3.9836 4.0433 4.034 4.0291 4.0314 4.0345 4.0407 4.057 4.0518 4.048 4.0492 4.0511 4.0425 4.044 4.0465 4.0443 4.0461 4.0474 4.0476 4.0476 4.0484 4.0474 4.0417 4.0331 4.029 4.0356 4.0292 4.0377 4.0372 4.0369 4.0562 4.0517 4.0493 4.0283 4.0469 4.0329 4.047 4.0474 4.0441 4.0456 4.0461 4.0469 4.0444 4.0459 4.0407 4.0444 4.0448 4.0465 4.046 4.05 4.0951
C1907TS414_3 0.64631 4.1324 4.0129 4.0349 4.0291 4.0218 4.0145 4.0323 4.0466 4.0372 4.0365 4.0394 4.0397 4.0334 4.0324 4.0328 4.0278 4.0446 4.0432 4.042 4.0421 4.0495 4.0046 4.0239 4.1207 3.9057 4.4073 4.1187 3.9709 4.0404 4.0387 4.0424 4.0398 4.038 4.0357 4.0291 4.0213 4.0122 4.0157 4.0203 4.0229 4.0408 4.0448 4.038 4.0356 4.0376 4.0409 4.0281 4.0311 4.0275 4.0351 4.0403 4.037 4.0366 4.0353 4.0385 4.0386 4.0377 4.0405 4.0395 4.0431 4.0831
C1907TS414_4 0.55616 4.1147 4.0158 4.034 4.0385 4.0517 4.0452 4.0387 4.0524 4.0443 4.0425 4.0408 4.0394 4.0342 4.0301 4.032 4.027 4.0508 4.0583 4.0549 4.0567 4.0475 4.0251 3.7526 4.1836 3.7027 4.367 4.1242 4.0366 4.0531 4.0465 4.047 4.0453 4.0426 4.0398 4.0371 4.0342 4.024 4.0327 4.0308 4.0258 4.0529 4.0578 4.0553 4.0408 4.0478 4.0476 4.0144 4.0505 4.0443 4.0443 4.0447 4.0438 4.0476 4.051 4.0474 4.0492 4.05 4.0489 4.0489 4.0397 4.0676
C1907TS414_5 0.60061 4.1141 3.997 4.0261 4.0185 4.0269 4.0124 4.0102 4.0116 3.5169 4.1838 4.0551 3.9917 4.0115 4.0056 4.0064 4.0096 4.0055 4.022 4.019 4.0253 4.033 3.9988 3.9036 8.5024 4.0541 4.0077 3.9762 4.0183 4.0167 4.0144 4.0183 4.0114 4.0091 4.0041 4.0025 3.9993 3.9939 4.0015 4.0001 3.98 4.0119 4.0198 4.0207 4.003 4.0141 4.0113 4.0046 4.0047 4.0071 4.0164 4.0128 4.0127 4.0155 4.018 4.0137 4.0136 4.0134 4.0115 4.0137 4.0047 4.0498
C1907TS438_1 0.60532 4.1452 4.0513 4.0199 3.9646 4.0228 4.0506 4.1874 3.5005 4.5711 3.8051 4.059 4.0344 4.0495 4.0468 4.0387 4.0564 4.0665 4.0598 4.0448 4.0431 4.0444 4.0467 4.0439 4.0436 4.0467 4.0427 4.0424 4.0531 4.0603 4.0524 4.0422 4.033 4.0362 4.0319 4.0339 4.0268 4.0218 4.0206 4.0443 4.0336 4.0405 4.0601 4.049 4.0397 4.0522 4.0708 4.0591 4.0526 4.0321 4.0431 4.0522 4.0499 4.05 4.0483 4.0419 4.0513 4.0523 4.0433 4.0432 4.0207 4.0901
C1907TS438_2 0.60173 4.1244 4.0331 4.0432 4.0092 4.0209 4.0489 4.0087 3.7046 5.0383 3.9609 4.0112 4.0295 4.0221 4.024 4.0193 4.0232 4.0459 4.0471 4.0352 4.0318 4.0309 4.0318 4.0333 4.0341 4.0348 4.0335 4.0339 4.0456 4.0416 4.0458 4.0345 4.0291 4.0289 4.0259 4.0272 4.0216 4.0289 4.037 4.0313 4.0255 4.0461 4.0456 4.0336 4.0317 4.0387 4.0509 4.0389 4.0397 4.0154 4.031 4.0368 4.0351 4.0354 4.0404 4.0337 4.0394 4.0364 4.0349 4.0351 4.0262 4.0655
C1907TS438_3 0.59316 4.1064 4.0947 4.0671 4.0038 4.0004 4.045 3.7009 4.2016 4.2196 3.8331 4.0867 4.03 4.0091 4.014 4.021 4.0359 4.0787 4.0666 4.0426 4.0389 4.0429 4.0478 4.0462 4.0451 4.0452 4.0407 4.057 4.0713 4.0621 4.0671 4.0581 4.0336 4.0284 4.0318 4.0293 4.0251 4.0171 4.0062 4.0236 4.0221 4.0404 4.0725 4.0533 4.0495 4.0572 4.0812 4.0661 4.0585 4.0326 4.0511 4.0619 4.0591 4.053 4.0537 4.0489 4.0543 4.0533 4.0404 4.0413 4.0052 4.0467
C1907TS438_4 0.60189 4.1461 4.0359 4.0102 3.9928 4.0475 3.7824 4.3545 3.4484 4.1923 4.0354 4.0208 4.0425 4.0419 4.0455 4.038 4.0535 4.0586 4.0681 4.0589 4.051 4.0432 4.0486 4.0435 4.0418 4.0312 4.0392 4.0351 4.0563 4.0612 4.0687 4.062 4.0447 4.0508 4.0417 4.041 4.0376 4.0441 4.058 4.0504 4.0503 4.0614 4.0633 4.0526 4.0522 4.062 4.0709 4.0496 4.0435 4.0517 4.058 4.0554 4.0556 4.0514 4.0469 4.0472 4.0505 4.0569 4.0523 4.0519 4.0394 4.0961
C1907TS438_5 0.60495 4.1394 4.0321 3.9666 3.9916 4.0865 3.8785 4.4568 3.4449 4.3526 4.0974 4.0324 4.0372 4.0476 4.0548 4.0503 4.0524 4.0579 4.0583 4.0449 4.0441 4.0419 4.037 4.0303 4.0292 4.0283 4.0204 4.0468 4.0561 4.047 4.0522 4.056 4.0345 4.0401 4.0468 4.044 4.0358 4.034 4.0235 4.0426 4.0371 4.0394 4.0538 4.0458 4.0384 4.0472 4.0599 4.0549 4.0435 4.058 4.0317 4.025 4.048 4.0442 4.0408 4.0399 4.0419 4.0481 4.0406 4.0421 4.0332 4.0769
C1907TS456_1 0.4085 4.1315 4.0221 4.0392 4.0384 4.0384 4.0319 4.0065 4.0432 4.0456 4.0426 4.0399 4.0357 4.0318 4.0275 4.0288 4.027 4.0301 4.0475 4.0447 4.0451 4.0443 4.0467 4.0466 4.0461 4.0372 4.0778 4.16 3.768 4.2701 4.1102 4.0242 4.0391 4.0323 4.0281 4.0315 4.0295 4.0307 4.039 4.0376 4.0327 4.0291 4.0459 4.0394 4.0367 4.0424 4.0379 4.0038 4.0487 4.0354 4.0378 4.0351 4.0338 4.0403 4.0403 4.0379 4.0373 4.0367 4.0343 4.0429 4.0479 4.0863
C1907TS456_2 0.36315 4.1364 4.0269 4.048 4.0509 4.063 4.0505 4.0755 3.9492 3.9758 4.0108 4.0508 4.0422 4.0552 4.0421 4.0467 4.051 4.0498 4.0501 4.0509 4.0515 4.0479 4.0548 4.0505 4.0393 4.0403 4.0794 3.6941 4.1918 4.1065 4.0353 4.0551 4.0403 4.0411 4.0365 4.0386 4.0333 4.0234 4.0288 4.0271 4.0363 4.0321 4.031 4.0519 4.0486 4.0522 4.0341 4.0442 4.0498 4.0425 4.042 4.0433 4.0474 4.0475 4.0454 4.0454 4.0447 4.0432 4.0382 4.0495 4.0542 4.0993
C1907TS456_3 0.4202 2.3469 inf inf 2.3503 2.3528 2.3497 2.3492 2.346 2.3401 2.3501 2.3511 2.3518 2.352 2.352 2.3524 2.3516 2.3529 2.352 2.3517 2.3515 2.3517 2.3522 2.352 2.3517 2.3517 2.3519 2.3516 2.3512 2.3518 2.3517 2.3521 2.3518 2.3516 2.3518 2.3518 2.3519 2.3528 2.3527 2.3519 2.3523 2.3524 2.3514 2.3518 2.3522 2.3514 2.3529 2.3512 2.3505 2.3496 2.3421 inf inf 2.3509 2.3509 2.3523 2.3544 2.355 2.3537 2.3529 2.3519 2.3552
C1907TS456_4 0.38522 4.1415 4.019 4.0491 4.0268 4.0418 4.0269 4.0412 4.0025 4.0501 4.0405 4.0334 4.0314 4.0286 4.0274 4.0313 4.0336 4.0457 4.052 4.0439 4.0469 4.0455 4.0453 4.0554 4.0434 4.0166 4.1168 3.7869 4.2128 4.1048 3.9838 4.0506 4.0387 4.0368 4.0328 4.0322 4.039 4.0406 4.0432 4.0394 4.0347 4.0497 4.0493 4.0456 4.0461 4.0444 4.045 4.0203 4.0399 4.0417 4.0397 4.0412 4.0412 4.0385 4.0427 4.0407 4.0427 4.0413 4.0385 4.0408 4.0486 4.1015
C1907TS456_5 0.4019 4.1463 4.0237 4.0419 4.0163 4.0472 4.0938 3.8164 4.2162 4.0973 3.9814 4.0458 4.0391 4.0315 4.0257 4.0241 4.0316 4.0327 4.0487 4.0462 4.0431 4.0452 4.0436 4.0429 4.0425 4.0402 4.0381 4.0499 4.0471 4.0217 4.0485 4.0049 4.0476 4.0419 4.0362 4.0341 4.0371 4.0347 4.0336 4.043 4.0506 4.0474 4.0426 4.0365 4.0304 4.0398 4.0495 4.0229 4.0433 4.0404 4.0402 4.0401 4.0388 4.0447 4.0428 4.0413 4.0402 4.0411 4.0395 4.0415 4.052 4.1022
C1907TS490_1 0.30987 4.149 4.0412 4.0651 4.0347 4.0249 4.047 4.0319 4.0337 4.0492 4.0327 4.0282 4.0294 4.0211 4.0148 4.0283 4.0329 4.0307 4.0534 4.054 4.0545 4.0607 4.0127 4.0556 3.8207 4.5552 3.4537 4.3149 4.0752 4.0322 4.0486 4.0509 4.0423 4.0384 4.0251 4.0398 4.0272 4.0382 4.0559 4.0547 4.0495 4.0554 4.0505 4.0329 4.0396 4.0467 4.0435 4.0425 4.0491 4.0471 4.0487 4.0436 4.0457 4.0449 4.0395 4.0451 4.0395 4.0409 4.0454 4.0347 4.0462 4.0864
END



