PFRMAT QA
TARGET C1909
AUTHOR ModFOLD8_rank
METHOD ModFOLD version 8.0 (a single model quality assessment method)
METHOD -------------
MODEL 2
QMODE 2
C1909TS087_4 0.4466043 8.59184 7.16074 6.27683 4.61361 4.16228 3.93375 4.29302 4.15670 3.91414
3.53609 4.06979 3.85829 2.89171 3.49520 3.39423 3.23160 2.91502 3.51859 3.43858 2.86400 3.97584
4.41285 3.29717 3.04262 2.38840 2.53883 2.31578 2.65060 2.61229 2.86257 3.17585 3.77042 4.89424
5.89676 5.77372 7.76891 10.34189 12.76341
C1909TS087_2 0.44022763 5.76492 3.85323 3.56204 3.23566 2.82535 3.13984 3.47936 4.47076 4.80221
3.85434 4.50248 4.20001 3.54025 3.40476 3.63846 3.82279 3.59025 3.55129 3.61519 3.85414 3.63325
4.08785 4.24350 4.41668 4.83089 5.23323 5.28405 4.95267 5.04596 4.82469 5.19434 5.80523 6.42644
7.01853 7.22198 6.34845 6.45436 6.83793
C1909TS210_5 0.4331681 5.02415 4.65917 4.16833 4.13422 3.63992 3.96485 4.17916 5.01333 5.78434
5.47540 5.56855 5.11186 3.96717 4.28414 4.17799 3.87538 3.51375 3.60408 3.68289 2.95715 4.38828
4.83719 4.93570 5.36473 3.54898 3.20703 3.24056 3.08632 3.49094 3.42454 4.38592 4.99409 5.66560
7.36416 7.12856 8.16496 6.62195 7.68282
C1909TS213_3 0.42931703 5.74416 5.32488 4.70462 4.21880 3.78491 3.41308 3.56341 3.17600 3.38405
3.59559 3.56284 3.46064 3.22906 3.12621 3.09489 3.04239 2.77582 2.80716 2.83622 3.18463 3.45430
3.46066 3.07195 3.26339 2.90395 2.73158 2.46733 2.53822 3.06803 4.03241 5.06263 7.73245 8.70187
11.27370 12.21950 15.13863 16.26714 19.04910
C1909TS213_2 0.42506057 6.20180 5.31803 4.93798 4.19002 3.75825 3.29500 3.29392 3.14881 3.14640
3.34318 3.47017 3.34002 3.08204 3.01567 3.02454 2.99451 2.74432 2.73659 2.79848 3.14287 3.31688
3.25940 3.23166 3.39304 3.10964 2.89794 2.68465 2.68258 3.10684 3.76234 4.71292 7.39774 8.68099
11.06104 12.44881 15.33911 16.26690 18.82415
C1909TS213_1 0.41903114 6.32079 5.89627 5.27496 4.64396 4.15158 3.74257 3.87595 3.42717 3.49320
3.68422 3.72624 3.58012 3.28788 3.17672 3.19689 3.15875 2.92583 3.03681 3.08184 3.33817 3.45853
3.33630 2.85726 3.01516 2.87046 2.79175 2.55856 2.59192 2.98841 3.64412 4.61946 7.27599 8.04114
10.62015 11.93417 15.26033 16.65095 19.31169
C1909TS087_3 0.41841456 5.41597 3.98585 3.79450 3.34215 3.09908 3.43275 4.10359 4.43043 5.09239
4.36937 5.03454 4.54942 3.75410 3.64844 3.72988 3.99108 3.83103 3.28497 3.78693 4.20894 4.04469
3.83364 4.44908 4.51748 4.96245 5.50434 5.77332 5.43597 5.70184 5.33111 5.78381 6.08601 6.63438
6.37010 7.04815 5.92398 9.71012 10.75437
C1909TS213_5 0.41839242 6.19367 5.52409 5.04409 4.46363 4.15873 3.63291 3.82545 3.46380 3.51988
3.68908 3.65563 3.53404 3.21986 3.15137 3.14050 3.19228 2.95084 2.98130 2.97135 3.25130 3.55112
3.46957 3.16253 3.54036 3.16896 3.13331 2.79949 2.85062 3.33802 4.32152 5.28925 7.92105 8.93668
11.29047 12.19370 14.92397 16.11028 18.51144
C1909TS213_4 0.41532427 6.24188 6.42771 5.21580 4.70278 4.21256 3.78223 4.07935 3.70008 3.76747
3.89798 3.87679 3.65666 3.38751 3.29401 3.30451 3.27316 2.90425 2.87698 2.88239 3.15253 3.32297
3.49155 3.12072 3.49750 3.41993 3.36344 3.06766 3.14684 3.58552 4.58920 5.54711 8.41306 9.32889
11.53106 12.52017 15.15111 16.30217 18.80588
C1909TS210_3 0.41527453 7.58358 7.00663 6.23768 5.70641 5.23797 4.75096 4.90437 3.78253 4.23435
4.17177 4.18614 3.76963 3.35625 3.27063 3.27976 3.44815 3.22029 3.07543 3.25839 3.59461 3.77683
4.00700 3.86507 4.92050 5.30037 5.65609 5.77101 6.31029 6.31417 6.35053 6.42592 6.28574 6.52520
6.96494 7.25284 7.90705 10.83446 12.77787
C1909TS345_1 0.40842783 7.25788 7.34504 6.26435 6.89482 5.25488 5.40770 4.11610 4.69177 5.10252
4.68488 5.12372 4.80071 3.80014 4.15238 4.14467 3.97810 3.35479 3.98888 4.01358 3.21980 4.36548
4.78829 3.85690 3.56461 5.75578 6.10704 5.79106 5.31564 4.97105 5.02026 4.89282 5.78766 5.62878
5.83150 7.04594 8.48450 10.42018 12.78709
C1909TS210_1 0.4069403 6.48570 5.17055 4.16116 3.60104 3.17366 3.11690 3.19324 3.93278 4.99269
5.24481 5.43908 4.89719 3.58006 4.15675 3.93608 3.79776 3.69608 4.08916 3.72154 3.72014 4.21381
4.37157 3.40469 4.82644 4.30381 3.87475 3.71521 4.06207 4.22052 4.81204 5.08872 6.19280 7.88871
8.45916 8.66868 9.76946 11.29784 12.17652
C1909TS152_5 0.40517735 9.65720 9.41676 7.51202 7.28899 4.78313 4.60759 4.07792 4.67376 4.68611
4.21722 5.52379 5.02164 3.90251 3.73246 4.12544 3.89849 3.53937 4.10736 3.95076 3.33788 4.36887
4.55360 4.00058 3.27940 4.28781 3.47568 4.20019 5.08160 5.29515 5.18805 4.99126 5.71442 6.18084
7.95561 9.73962 10.59631 13.52891 15.00710
C1909TS369_1 0.4045521 7.35141 6.82767 5.55505 4.96670 4.30494 4.19962 4.47508 4.03560 4.28337
4.18206 4.15953 3.82671 3.47788 3.32597 3.34140 3.28985 3.08200 3.07628 3.20885 3.33848 3.47627
3.53898 3.03119 3.26530 3.13140 2.83229 2.63772 2.86113 3.36934 3.73542 4.56847 6.24558 7.86546
8.72514 8.70242 8.58542 8.58956 8.32241
C1909TS389_4 0.40238 9.72610 9.35221 7.53713 7.33272 4.79543 4.78345 4.36161 5.21446 5.23203
4.54402 5.72444 5.19848 4.01381 3.68755 4.08397 3.91152 3.38266 4.05310 3.80820 3.26901 4.27809
4.43061 4.07480 3.28292 4.28866 3.46095 4.39441 5.22465 5.57248 5.39847 5.22615 5.92726 6.41025
8.13618 10.02534 11.11600 13.81973 15.39807
C1909TS258_2 0.40191996 8.05830 7.31127 6.21280 4.55316 4.05237 3.80858 3.92176 4.04410 4.24990
4.10230 3.83007 3.49713 3.24381 3.16376 3.22073 3.21336 2.93676 2.98942 3.07146 3.51115 3.67049
3.80817 3.53602 3.68937 3.53977 3.17669 3.10962 3.15712 3.52125 4.04266 5.28057 8.36795 10.89345
12.28244 11.89556 11.58031 12.68275 14.65354
C1909TS215_4 0.39976102 10.82506 11.06154 9.18115 9.92056 10.22735 10.01278 10.22152 10.13473
7.49450 4.16642 3.72192 3.56484 3.32460 3.27329 3.25347 3.24264 3.09252 3.04028 3.07316 3.19242
3.39897 3.35057 4.92993 5.69888 6.93627 7.29896 7.26063 7.92376 8.98559 10.50627 11.37961 15.11080
14.70690 14.55090 13.87380 12.40517 10.66659 8.59946
C1909TS258_3 0.3992534 8.79591 7.80337 6.63594 5.38422 5.10767 4.72433 5.09574 5.13451 4.83072
4.46703 4.20956 3.87572 3.69050 3.48347 3.39701 3.45085 3.21390 3.08934 3.14326 3.35443 3.49871
3.58138 3.58544 3.87245 3.42485 3.34475 3.08765 3.13360 3.32057 3.83128 4.61083 7.45028 9.22064
9.92905 10.24767 11.24244 12.74809 15.21294
C1909TS123_1 0.39383304 7.00749 5.89754 5.06846 4.57860 4.01132 4.05975 3.93163 3.98557 4.33400
4.19614 4.06554 3.87335 3.49019 3.41779 3.48411 3.48780 3.18408 3.13582 3.08568 3.31403 3.48493
3.39550 2.99310 3.26027 3.01012 2.86716 2.74375 2.80074 3.27423 4.21382 5.40582 9.38535 10.67499
12.92532 13.36232 14.08928 15.14670 16.92946
C1909TS258_1 0.39375877 8.40433 7.01390 6.27895 4.56652 4.26981 3.90737 4.03890 3.82999 3.82332
3.99099 3.67910 3.48325 3.25209 3.05950 2.98327 3.02386 2.83693 2.70618 2.80948 3.11175 3.32384
3.47074 3.44537 3.86569 4.19153 3.92237 3.70610 3.72815 3.69317 4.52649 5.48818 8.99076 11.42425
11.99985 12.24258 12.64199 14.58151 16.04039
C1909TS369_5 0.39247233 8.19287 7.73451 6.22238 5.19164 4.58674 4.54120 4.85441 5.20075 5.12788
4.47553 4.32627 4.00343 3.63595 3.49523 3.61014 3.53410 3.26323 3.26293 3.29652 3.43063 3.62632
3.66338 3.54126 3.68415 3.57359 3.16760 3.02496 3.00287 3.43995 4.13390 5.50597 8.60185 9.99783
11.10378 11.30176 11.52337 13.33486 13.76166
C1909TS438_1 0.39038685 7.90853 6.28972 5.93041 5.09801 4.64719 4.58426 5.03050 4.91182 4.75392
4.34916 4.03843 3.73997 3.50011 3.46449 3.44225 3.50841 3.23004 3.17934 3.17047 3.35777 3.51294
3.47479 3.37054 3.61830 3.49615 3.49941 3.53085 3.49572 3.85823 4.22543 5.44437 7.45855 7.82245
9.76025 9.32904 10.20871 7.80484 7.24394
C1909TS345_2 0.38983476 12.09745 12.93479 10.12973 9.79853 9.09834 8.61686 8.14825 7.42245 6.60006
3.95076 4.04766 4.03847 3.64822 3.43638 3.28312 3.45002 3.28629 3.22302 3.14609 3.26852 3.39425
3.67129 3.28699 4.43526 5.16093 6.82670 7.53872 7.83747 8.60784 7.99273 7.97373 7.58241 7.76700
8.60810 9.38817 10.50725 13.00942 15.08588
C1909TS438_3 0.38920873 7.51620 6.46148 5.99240 5.09520 4.62316 4.56981 4.97149 5.07736 4.90569
4.57363 4.23385 3.93028 3.67061 3.59403 3.53510 3.59847 3.34689 3.28094 3.29519 3.49239 3.57584
3.66866 3.54678 3.65165 3.59080 3.49220 3.64096 3.60057 3.95892 4.23585 5.48634 7.66988 8.07050
9.84265 10.16428 9.93420 7.29198 6.90271
C1909TS211_1 0.3871375 13.60928 13.55822 12.15014 11.60004 11.63186 9.93845 9.12768 7.75713
6.13496 5.11685 4.00775 4.00244 4.06796 3.88041 3.23231 3.86469 4.07537 3.70605 3.02621 4.17378
4.39833 4.15673 3.87769 4.33636 3.87045 3.72487 5.15669 4.38320 5.55395 6.28220 5.24243 6.73254
6.97773 7.85630 8.16157 9.15880 11.72774 12.63919
C1909TS230_1 0.38529953 8.82250 7.94921 5.90143 5.07076 5.20173 4.87007 5.34756 6.17632 4.51616
4.12540 5.15605 4.64459 3.53612 3.77959 3.92142 3.64852 3.35594 3.87774 3.81661 3.19798 4.26737
4.88684 4.02201 4.09675 4.01902 3.93788 3.50895 3.38301 4.03772 3.90082 4.69597 6.32276 8.18103
9.77710 8.98289 10.43974 12.47103 15.15492
C1909TS438_2 0.3851275 6.97246 6.15625 5.87704 5.03107 4.63269 4.52441 4.94991 5.17985 5.06744
4.59383 4.23100 3.89478 3.64210 3.55924 3.55437 3.62074 3.31779 3.24221 3.29728 3.48433 3.52544
3.60435 3.60845 3.82846 3.79134 3.61240 3.70802 3.68188 4.06033 4.45800 5.73666 7.96180 8.09110
9.86440 9.19079 10.31258 7.73656 7.09565
C1909TS123_2 0.38488907 6.71837 5.72776 5.36033 4.73211 4.26591 4.21668 4.37158 4.72197 4.79253
4.29354 3.91191 3.63579 3.47657 3.37321 3.35008 3.43179 3.16687 3.14815 3.13077 3.24935 3.33270
3.61332 3.40209 3.39103 3.29859 3.28499 3.49960 3.56541 3.99193 4.47352 5.84728 7.63422 8.75403
9.03611 9.62030 9.85328 8.58854 7.69960
C1909TS158_2 0.38411927 6.42772 6.06966 5.08938 4.62348 4.37056 4.18920 4.46876 4.26543 4.42909
4.08367 4.02275 3.88479 3.56207 3.43898 3.51720 3.50059 3.16305 3.19248 3.16489 3.30742 3.45664
3.63437 3.13902 3.58443 3.08319 3.01005 2.83401 2.90176 3.38781 4.62651 6.15013 11.06154 11.32291
12.72845 13.17762 13.42993 14.66932 15.92403
C1909TS438_4 0.3833364 7.07153 7.09761 6.26658 5.23925 4.67591 4.54473 4.96795 5.21457 5.03380
4.55998 4.23592 3.94452 3.69900 3.65881 3.65752 3.72026 3.38731 3.30127 3.33339 3.57967 3.73308
3.87980 3.84951 4.05380 3.92964 3.58056 3.49164 3.42544 3.71998 4.00626 5.25934 7.56813 8.01940
10.12154 10.24244 10.32682 7.92937 7.26498
C1909TS215_5 0.38309675 10.91415 10.80735 9.44888 10.06544 10.85433 10.60388 10.44321 10.50712
7.97237 4.76978 3.86550 4.15436 3.60890 3.66118 3.64116 3.63842 3.45912 3.19970 3.20373 2.99705
3.42259 4.98904 5.69005 6.85481 6.95691 7.08530 7.42516 8.35645 10.06256 11.55941 14.03596
13.77999 13.55282 12.10893 12.49311 10.55330 10.32260 7.39159
C1909TS345_4 0.3816613 12.42430 13.48428 11.92727 11.73102 9.77686 8.44799 7.34574 6.02916 5.69193
5.16213 5.61144 5.30964 4.41473 4.01821 4.41205 4.60194 3.77853 4.13271 4.84866 4.95455 4.40178
5.52870 6.51908 5.75727 7.57655 8.03903 6.34157 6.81698 8.95395 6.86482 5.76732 5.73483 5.00875
4.17675 4.42422 6.27125 7.44757 9.39787
C1909TS299_1 0.3815906 8.29394 7.87402 5.81052 4.45850 4.27715 4.43566 4.57726 5.18608 5.34434
4.66331 4.06632 3.82281 3.67348 3.60063 3.58043 3.71741 3.24843 3.22205 3.03898 3.30136 3.33392
4.41297 3.93540 5.11585 5.47859 5.91562 6.28682 6.33163 6.62583 6.65541 7.12833 7.77253 8.72974
9.04991 10.91433 11.26667 13.04707 14.01752
C1909TS278_1 0.3815906 8.29394 7.87402 5.81052 4.45850 4.27715 4.43566 4.57726 5.18608 5.34434
4.66331 4.06632 3.82281 3.67348 3.60063 3.58043 3.71741 3.24843 3.22205 3.03898 3.30136 3.33392
4.41297 3.93540 5.11585 5.47859 5.91562 6.28682 6.33163 6.62583 6.65541 7.12833 7.77253 8.72974
9.04991 10.91433 11.26667 13.04707 14.01752
C1909TS438_5 0.37973827 7.48415 6.26353 5.95365 5.32278 5.15940 4.91276 5.42832 5.55501 5.32128
4.69715 4.31384 3.92885 3.68953 3.62475 3.60391 3.57002 3.21704 3.14248 3.12904 3.30011 3.35835
3.31023 3.10551 3.28420 3.11408 3.12961 3.10603 3.13789 3.33520 4.40247 5.80403 10.65743 10.33494
12.82710 12.99123 13.42956 14.30551 15.84634
C1909TS404_4 0.378842 12.67120 11.87125 10.22118 9.50862 8.95337 8.05848 7.28550 6.43653 7.52962
6.64411 4.12995 4.62772 4.54240 3.79957 3.64048 4.18426 3.60806 3.02128 3.72844 4.08212 3.46767
5.30353 4.59739 5.05746 5.90729 6.51044 5.83278 5.39509 4.23215 4.15154 5.24858 4.89391 6.90966
8.20378 9.44265 11.09427 12.92947 15.42382
C1909TS247_4 0.37160036 10.02610 10.18361 8.96988 7.52140 7.75883 6.95266 6.57948 7.16387 5.77081
5.13859 4.56828 4.37803 4.29498 4.21780 3.70542 4.04047 3.65188 3.44476 3.32340 3.88685 3.74180
4.12980 3.75392 4.83522 4.28335 5.96752 6.01726 5.71319 6.03121 5.75164 5.83138 6.38823 6.16886
6.89796 8.24609 8.53391 10.31949 11.82401
C1909TS215_2 0.37041044 11.53183 11.31505 10.71797 10.72622 11.30850 10.44638 10.51470 9.16988
6.96162 5.41220 5.02614 5.33870 4.57349 4.19937 4.42572 4.21443 4.12925 4.20347 3.86795 3.35876
4.29386 4.82345 4.26608 4.56163 4.72417 5.03022 4.92513 4.45093 5.45279 5.36880 5.30654 7.29973
6.56909 9.77543 8.90684 11.22179 11.26854 9.77425
C1909TS152_4 0.3703722 7.32654 6.54846 5.80763 5.29911 5.09320 5.01886 5.41131 5.60205 5.45438
4.63552 4.31719 4.04578 3.78357 3.64509 3.68717 3.61671 3.25712 3.12941 3.07652 3.35943 3.51552
3.55190 3.26327 3.82733 3.67471 3.79399 3.64022 3.54402 4.02988 5.25438 7.20672 12.15993 12.33130
13.87539 14.14459 14.04558 15.45925 16.19446
C1909TS309_1 0.3701247 10.81207 10.97961 9.78892 9.03075 9.61303 9.08648 9.56566 5.77004 5.59551
4.92154 4.31243 3.89393 3.73136 3.91860 3.71960 3.68925 3.46672 3.37250 3.22582 3.40374 3.56289
3.94669 3.65040 4.84393 5.10244 5.55928 6.04707 5.92360 6.23620 6.42452 7.18033 7.69532 8.58845
10.14360 10.85518 11.97286 13.32924 15.12738
C1909TS152_3 0.368581 5.65067 6.19872 5.72801 5.26675 4.62200 5.03901 5.26288 5.64022 5.24691
4.97840 4.66569 4.44149 4.12373 3.92320 3.86364 3.81239 3.49407 3.32195 3.47013 3.65813 3.66102
3.55283 3.17790 3.60940 3.69811 3.46938 3.34366 3.37589 4.11669 4.40917 5.61941 9.35996 10.92890
11.20659 10.42024 9.82190 7.80575 7.75852
C1909TS414_4 0.3679802 13.29845 13.94393 12.63702 12.22584 11.92186 11.88756 11.19992 9.87939
7.66209 4.26125 3.44815 3.33420 3.06776 3.24366 3.20543 3.20583 3.21927 3.09568 3.11240 3.23830
3.45218 3.72422 5.02840 5.46799 6.46397 6.24615 7.48599 8.36119 10.74092 10.81374 11.57384
12.09209 11.21763 11.59006 10.70678 10.29522 12.73622 13.91823
C1909TS123_3 0.36792025 6.88484 5.80980 6.94559 5.49107 5.17589 4.77396 4.97070 5.20692 5.10765
4.43363 4.16822 3.84324 3.67073 3.58116 3.66662 3.62409 3.34633 3.28531 3.26697 3.40579 3.60030
3.61626 3.06040 3.12832 3.12042 3.12532 2.98310 3.13232 3.78300 4.83278 6.41912 11.50364 12.25112
14.00154 14.56553 14.66054 16.52301 17.12958
C1909TS369_4 0.36677384 7.77103 8.20925 6.36435 5.31516 4.83974 4.49876 5.01236 4.59935 4.98548
4.67114 4.47219 4.09811 3.76791 3.70514 3.73820 3.66315 3.29738 3.30507 3.33071 3.51005 3.60161
3.92865 3.67415 4.19433 4.04292 3.92092 3.92591 3.90722 4.08961 4.45727 5.00256 7.04464 8.04404
8.87775 9.28813 9.83378 9.03582 7.25840
C1909TS414_3 0.3664481 14.38765 16.07061 15.83363 15.92688 17.50510 17.53557 16.69019 14.14321
9.00775 4.79795 3.85301 3.48239 3.24328 3.28784 3.15133 3.12266 3.10379 3.00692 2.79343 3.01687
3.27455 3.59496 3.41332 4.30990 5.32387 6.20015 8.13408 8.61368 11.29800 10.61389 12.50432
13.08709 13.17582 13.06425 11.69742 8.05954 10.97423 11.70392
C1909TS414_2 0.36597443 13.28615 15.04201 14.17230 14.42769 14.58341 14.46737 14.75398 12.03628
8.71859 4.87513 3.88948 3.73798 3.56528 3.71788 3.49542 3.44229 3.46477 3.40976 3.35226 3.42008
3.74123 4.02913 4.22029 5.44508 6.06279 6.83320 7.98519 8.37644 9.85426 9.17790 10.16885 10.49475
11.04308 10.05246 9.73156 6.83596 10.10323 10.90257
C1909TS345_3 0.36560053 13.35140 14.22177 11.83923 11.10725 10.43161 9.73197 8.94142 8.46123
7.57182 4.75789 4.39589 4.09996 3.71987 3.45400 3.44091 3.62886 3.33106 3.32825 3.25027 3.50148
3.73712 4.07591 3.70590 5.14008 5.38361 7.29111 8.83665 10.65229 12.26356 14.02006 13.53015
13.37311 11.99532 10.69522 9.82323 9.78442 12.21411 12.96388
C1909TS345_5 0.3653768 9.28127 8.13619 7.34691 7.36921 5.55936 6.34705 5.19424 6.05332 6.41555
5.66630 6.62598 5.70493 4.67009 3.84380 4.46926 4.47197 4.24576 3.63458 4.04864 4.28724 4.34046
4.45303 4.79857 5.24140 5.28590 6.29488 7.58512 8.55244 9.50914 9.21802 8.90915 8.25995 7.95810
7.97564 8.09684 6.79425 7.98485 7.59927
C1909TS152_2 0.36459592 9.59071 10.10680 8.83911 7.33855 7.21215 6.49432 6.38500 7.01164 5.66498
5.06974 4.72129 4.45194 4.39717 4.42720 3.92734 4.18900 3.88406 3.58641 3.33271 3.78617 3.62447
4.17368 3.71631 4.93305 4.16982 5.92982 5.90115 6.01497 6.64282 6.43686 6.60014 7.54246 7.19207
8.44499 10.19925 10.43485 11.91771 13.17447
C1909TS404_2 0.36301002 12.18931 12.09745 9.95331 9.38622 8.94146 9.22922 9.38473 8.02316 8.88500
5.40817 4.65299 5.39318 4.87018 4.06618 3.88477 4.48361 4.19597 3.03989 3.47154 3.86606 3.39274
3.75069 3.75843 4.85780 5.18518 5.31350 5.01629 4.62092 5.12383 6.56675 7.84493 11.45683 11.93280
13.66905 13.33763 12.33900 13.67461 14.72312
C1909TS404_1 0.36204123 14.04199 13.79561 10.96731 9.23910 8.77696 7.43170 6.58762 5.26506 7.02096
6.29590 4.41510 5.33953 4.92295 3.76781 4.56944 4.62738 3.65598 3.40896 4.07135 4.32780 3.80816
5.42787 5.17529 5.45146 6.02064 6.38483 5.68941 5.45228 4.84404 5.21503 7.09862 6.32205 8.66529
10.01819 8.23853 9.01728 9.80058 12.39846
C1909TS123_4 0.3605314 5.28456 5.72204 5.70258 5.23832 4.75036 5.02501 5.43285 5.61751 5.21873
4.85900 4.60376 4.39293 4.12612 3.97752 3.97391 3.89122 3.50692 3.40679 3.58312 3.82619 3.88276
3.82800 3.52553 3.97455 4.05109 3.74159 3.71529 3.71682 4.45125 4.90143 6.09373 9.90664 11.48633
11.67348 10.75030 10.19940 8.20409 8.26036
C1909TS215_1 0.35984352 16.93211 19.83083 16.62995 15.48710 12.78720 10.54645 9.63697 8.20405
7.04195 4.32136 4.31911 4.26952 3.93075 3.66530 3.59280 3.71149 3.30503 3.18856 3.08337 3.51858
3.96729 4.36457 4.06737 5.24949 5.60571 6.97987 7.92065 9.56081 10.99856 12.14504 12.65408
11.99240 10.82761 9.97561 9.57874 10.19449 12.37271 14.05810
C1909TS414_5 0.35960385 9.13369 10.13766 7.50884 7.68610 7.18625 7.54138 7.79594 9.88036 8.50816
6.97199 4.60686 4.29804 4.05265 3.71296 3.63468 3.56326 3.37345 3.29937 3.27156 3.41545 3.39394
3.58270 4.67199 5.19139 5.82425 6.48828 7.05781 7.45644 9.76395 10.02750 10.92081 11.68265
10.94214 9.20091 9.49843 8.61866 11.32629 12.29087
C1909TS152_1 0.35953403 6.10794 4.10264 3.69918 3.45622 3.42215 3.65276 4.58060 5.15528 5.83818
4.56740 5.75604 5.12596 4.40746 3.76572 4.30055 4.57802 4.27245 3.95856 4.36889 4.81706 4.59401
4.29861 4.25293 6.82796 6.09174 6.69847 7.39166 8.60258 9.79800 10.13443 8.03656 9.21719 8.48336
8.62201 8.97923 9.93127 12.57623 13.78606
C1909TS182_3 0.3594768 13.77140 12.95707 11.16871 10.68067 10.43300 9.86671 8.52263 8.60681
7.49193 5.79591 5.03935 5.23512 4.77429 4.03679 4.09286 4.25288 4.21271 3.72333 3.51462 4.60040
4.56430 4.46696 4.50524 5.52034 3.75255 3.98018 3.61988 3.86028 5.76811 6.28044 7.65436 9.14705
10.37783 11.76076 12.07977 13.09875 14.66320 16.29937
C1909TS182_1 0.359378 13.74915 13.01403 11.48286 11.12950 10.51558 9.89969 7.94349 8.08692 6.88269
6.29642 5.22134 5.16101 4.79958 4.35816 3.98247 4.21534 4.27389 3.78711 3.27634 4.48009 4.51282
4.54566 4.46457 5.72108 3.97946 4.15251 3.81478 4.03128 5.74446 6.29564 7.60136 9.25111 10.54220
11.91174 12.23916 13.09274 14.57196 16.19990
C1909TS230_2 0.359369 9.13340 6.74518 5.84845 4.99420 5.01132 5.00943 6.52778 8.10744 7.15285
6.51996 6.33066 5.16307 3.90608 4.04380 4.27793 4.41860 3.59114 3.93707 4.42415 4.77566 4.59084
4.87925 4.23472 3.94412 3.51610 3.36832 3.43088 3.64372 4.13314 5.07848 6.07090 9.71410 9.52089
9.42844 10.31679 10.18302 12.54621 13.79285
C1909TS309_5 0.35768545 11.54247 11.89202 10.33588 10.57383 10.70849 10.59965 10.62230 5.99225
5.71085 4.85583 4.29131 3.87518 3.58624 3.71186 3.50577 3.57522 3.30096 3.16065 2.94264 3.19513
3.44123 3.88559 3.51014 4.86780 5.06009 6.01344 6.77131 6.54285 7.37628 7.46514 8.27216 8.97787
9.31483 11.16293 10.79761 12.69552 13.97621 15.80351
C1909TS123_5 0.3576032 6.03122 6.49430 6.14580 5.43568 4.94958 4.84561 5.28532 5.33839 5.20996
4.69320 4.42547 4.21134 4.01482 4.00748 3.99617 4.03318 3.74802 3.68907 3.72240 3.94644 4.15221
4.36776 4.24830 4.72936 4.60080 4.24419 4.22920 4.15377 4.40525 4.89916 6.37001 8.48126 8.40414
10.09867 9.09738 9.91785 7.63829 6.91311
C1909TS404_3 0.3569111 13.71906 14.54687 11.35337 10.07600 8.82640 7.97175 6.55181 6.12053 7.33368
6.58778 4.10413 4.52249 4.46092 3.91498 3.80396 4.38679 3.85405 3.22537 3.85992 4.25232 3.56059
5.34501 4.61243 5.11000 5.84919 6.29813 5.66084 5.23378 4.22204 4.35192 5.79500 5.15637 7.73527
9.55880 9.84072 10.54978 12.09441 13.60388
C1909TS309_4 0.3553549 11.58627 12.67191 10.93069 10.62595 11.56724 11.55246 11.05609 10.78490
7.38504 5.21818 4.36519 4.07155 3.99614 3.74822 3.69011 3.78914 3.66998 3.31199 2.97789 3.53812
3.70720 4.00022 3.66689 5.06544 4.98658 5.77347 5.44760 6.06229 6.33764 6.11303 6.62224 7.40352
6.94269 9.24993 9.72542 12.56830 13.40538 15.76010
C1909TS414_1 0.35501674 6.39178 7.90376 7.77184 7.56514 7.63197 8.88938 9.13809 9.34359 5.43863
5.52248 5.09961 4.47725 4.19481 4.01283 4.07091 4.17396 3.78641 3.77992 3.86333 3.69149 3.55153
4.75823 4.62188 5.00232 5.76604 6.91524 8.51364 10.00983 11.06958 11.07897 11.81241 12.20016
11.17762 9.85088 10.62115 8.63889 11.67552 11.40529
C1909TS389_2 0.35467556 12.70855 13.81031 11.83935 12.37022 9.20320 8.23487 7.15011 6.87257
6.06890 5.81104 4.43984 4.35626 3.77021 3.74810 3.96402 3.67429 3.49736 3.83138 3.79371 3.76103
4.13341 4.35236 4.37398 4.78491 4.20560 4.83242 4.36056 4.70798 4.35999 6.85088 7.31895 11.18842
9.09145 12.23320 13.20896 14.39791 15.97580 17.89416
C1909TS404_5 0.35297742 12.62545 13.05047 11.37319 10.77616 10.52686 9.81465 9.65681 9.13907
9.28607 7.30106 4.49327 4.43145 3.87087 3.69124 3.65023 3.81967 3.43739 3.27557 3.49152 3.94533
4.27887 5.43087 6.38833 7.24889 7.95301 8.38857 8.02125 8.26727 7.94408 8.19801 8.34906 9.43429
10.56647 12.30721 13.19186 13.88357 15.07323 17.06612
C1909TS369_3 0.35263762 9.90666 10.48158 8.90143 9.06997 9.36998 8.11937 8.35456 4.52998 4.78240
4.18745 4.04349 3.86249 3.66591 3.60799 3.59983 3.74905 3.47306 3.41465 3.46128 3.69646 3.91899
4.29378 3.98256 3.97277 3.63680 3.64064 3.87919 3.67694 4.52495 5.73389 7.04315 9.84719 9.59441
12.70857 11.97816 10.11836 10.69022 11.12037
C1909TS158_5 0.3522361 9.52855 10.79204 9.49718 8.84142 9.66599 8.49975 9.17356 5.12673 5.18009
4.35861 4.13236 3.94004 3.81087 3.77468 3.84245 4.00885 3.78181 3.65760 3.66409 3.93262 4.26024
4.29222 3.95833 4.17708 3.77538 3.67153 3.71376 3.62081 3.92969 5.12070 5.76487 10.79422 10.49654
12.86546 13.61825 14.26721 15.50556 16.62601
C1909TS066_1 0.35220593 6.71471 6.88862 6.27739 5.84925 6.98244 8.08096 10.05944 10.71547 8.46903
6.59493 5.11711 4.98257 5.17103 4.57999 4.42648 4.82878 4.22603 4.71268 4.43647 4.13773 4.55386
5.43200 5.01346 5.00520 6.12598 6.31381 8.12558 8.18191 11.68091 10.54596 11.06041 10.68472
11.75522 10.97140 11.99082 8.53539 8.25290 7.03558
C1909TS200_1 0.35029453 7.05640 5.10284 4.52356 4.18682 4.33100 5.04742 5.04561 5.54544 5.29643
5.25231 5.35632 4.49418 4.48010 4.73032 4.04674 4.30175 4.53136 4.00670 3.53691 4.12415 4.17316
4.07458 5.27037 5.27141 5.88052 6.82227 7.62631 7.25213 7.62638 6.91033 7.42468 7.32204 7.84834
7.43585 9.24918 7.39363 11.60475 11.32010
C1909TS103_1 0.34974605 14.59687 14.98407 12.71500 12.94263 12.81428 12.37076 11.50041 11.05373
5.80226 5.32631 6.21072 5.75947 4.51882 4.27162 4.51698 4.16854 4.06016 4.10921 3.95668 3.52708
4.47067 4.99289 5.17470 5.65995 5.21560 7.58596 6.01593 7.72762 9.00207 7.47479 7.69399 6.73812
4.99386 5.76734 5.65527 7.17625 8.33029 9.80650
C1909TS102_1 0.34974605 14.59687 14.98407 12.71500 12.94263 12.81428 12.37076 11.50041 11.05373
5.80226 5.32631 6.21072 5.75947 4.51882 4.27162 4.51698 4.16854 4.06016 4.10921 3.95668 3.52708
4.47067 4.99289 5.17470 5.65995 5.21560 7.58596 6.01593 7.72762 9.00207 7.47479 7.69399 6.73812
4.99386 5.76734 5.65527 7.17625 8.33029 9.80650
C1909TS273_4 0.34559315 11.34075 10.31717 9.68753 7.23682 7.99497 6.84583 8.09267 9.09393 8.53535
7.14505 7.91180 8.42978 7.39396 6.90681 6.19513 4.65753 4.91231 5.06856 4.70795 4.69137 5.31371
5.31213 5.21607 5.13890 3.61654 3.20661 3.10201 3.39316 3.81469 3.92967 4.47791 5.13269 6.52605
8.65795 10.16690 12.13585 13.36959 14.78604
C1909TS258_5 0.34540835 10.58127 11.98774 10.98222 10.42678 10.75718 10.81941 10.58432 6.48266
6.70846 5.46870 4.80798 4.81996 4.27068 4.08343 4.06219 3.96046 3.66628 3.57065 3.38693 3.72358
3.82427 3.78083 3.85267 3.98670 4.00355 3.75797 3.78609 3.88366 3.97651 4.56018 5.24936 7.62851
8.56758 10.27396 11.28423 12.49020 14.60789 15.72051
C1909TS010_2 0.34476957 10.96322 9.88757 9.41723 6.82772 7.57814 6.37370 7.50312 8.42616 7.50107
6.44309 8.07364 8.12011 7.16004 6.48804 5.83378 4.61714 4.97654 5.46964 5.08529 5.26278 5.76090
5.66837 5.09552 4.94036 3.70348 3.18346 2.97276 3.47026 3.97142 4.11859 4.65533 5.38803 6.71897
8.46662 9.83320 11.74426 12.89381 14.58075
C1909TS054_1 0.3435653 8.81479 6.47512 5.86999 5.11548 4.92303 4.92600 5.25923 6.52771 6.53799
5.25216 5.96948 5.10279 4.14096 3.83633 4.19703 4.38071 4.17889 3.74479 4.27544 4.90080 4.71856
4.20248 5.76965 5.75620 5.80133 6.85047 7.09981 7.04251 7.65781 7.72017 8.13633 8.61300 8.47373
8.67047 9.02485 8.49105 11.76027 13.18575
C1909TS273_1 0.34348553 11.09579 10.71178 8.97731 7.30216 5.79844 5.95923 5.44044 5.63718 5.93750
9.17850 8.39169 10.67344 8.30963 6.17935 6.96479 7.09991 5.74862 5.26338 5.16322 5.09781 5.28893
5.90759 5.82389 5.46526 5.38469 5.44143 4.37927 4.69981 4.92636 5.31782 6.02387 6.76439 7.27223
7.23454 7.84345 8.08149 9.76222 11.55993
C1909TS196_1 0.34165907 10.51622 11.72163 11.13638 10.20378 9.83584 8.24053 7.72574 6.83809
5.64938 4.73819 4.22016 3.99072 3.79326 3.79211 3.78181 3.78154 3.33179 3.18813 2.92527 3.09491
3.14323 3.82991 3.74355 5.32837 4.59326 5.48492 4.78703 6.88100 8.45758 8.62376 8.90857 9.61417
9.71078 10.34678 11.88895 11.80982 13.46025 15.04909
C1909TS102_2 0.34165907 10.51622 11.72163 11.13638 10.20378 9.83584 8.24053 7.72574 6.83809
5.64938 4.73819 4.22016 3.99072 3.79326 3.79211 3.78181 3.78154 3.33179 3.18813 2.92527 3.09491
3.14323 3.82991 3.74355 5.32837 4.59326 5.48492 4.78703 6.88100 8.45758 8.62376 8.90857 9.61417
9.71078 10.34678 11.88895 11.80982 13.46025 15.04909
C1909TS230_3 0.33670673 11.28645 12.46660 10.69785 9.56964 10.05206 9.21609 10.13427 7.50051
7.60877 7.58215 5.64483 5.12374 4.29669 4.04637 3.91132 4.00320 3.60859 3.45620 3.33229 3.68937
3.84153 4.49769 4.76812 4.88898 4.09052 4.39233 4.18622 4.48841 4.79196 5.73056 7.86393 10.72835
10.54522 11.03967 11.26942 11.89757 15.18268 16.15060
C1909TS299_2 0.33615997 11.50287 12.83752 12.33433 12.46390 13.21112 13.61518 12.62409 7.56103
5.67339 4.95975 4.44120 4.21540 3.98781 3.99625 3.85624 3.80487 3.17481 3.07805 3.05298 3.27355
3.55480 4.32710 4.15976 4.97177 5.49307 6.36454 7.69757 8.54559 9.74789 10.35801 10.99750 11.38935
11.73990 13.21109 12.38239 12.81947 13.66050 15.16767
C1909TS278_2 0.33615997 11.50287 12.83752 12.33433 12.46390 13.21112 13.61518 12.62409 7.56103
5.67339 4.95975 4.44120 4.21540 3.98781 3.99625 3.85624 3.80487 3.17481 3.07805 3.05298 3.27355
3.55480 4.32710 4.15976 4.97177 5.49307 6.36454 7.69757 8.54559 9.74789 10.35801 10.99750 11.38935
11.73990 13.21109 12.38239 12.81947 13.66050 15.16767
C1909TS182_4 0.3347014 12.22938 12.08093 11.22885 10.81020 12.00601 12.15350 13.13897 10.97486
10.76553 7.25187 5.13647 4.77135 4.36541 3.91195 4.20525 4.46235 4.16994 3.87384 4.15271 4.36944
4.78025 4.94136 4.50639 5.63336 4.61574 5.52618 6.02517 6.11612 8.20107 8.86436 9.50146 11.14752
11.90601 12.52396 11.69580 11.69285 13.37968 15.72973
C1909TS258_4 0.33412632 11.01480 12.52343 11.62600 10.90022 11.51558 10.57025 10.00489 5.73757
5.76713 4.98849 4.28535 3.96340 3.64522 3.39401 3.51000 3.47154 3.15254 3.16552 3.32607 3.62712
3.82546 3.79810 3.96599 4.30412 4.31350 4.94066 5.02583 5.41917 5.74625 6.31685 7.22621 7.17592
9.54561 10.47781 9.59145 10.35111 9.64194 10.09591
C1909TS230_4 0.33380225 9.14105 9.40430 8.01475 6.89101 7.19701 6.72255 6.76630 7.03232 7.35904
6.54064 6.06343 5.25868 4.04713 4.31609 4.42800 4.30077 4.17412 3.62230 4.70519 5.04109 5.15542
4.39186 4.33964 4.17553 4.49604 5.10962 6.32271 6.82790 8.91966 7.62680 9.81162 11.41151 10.95442
10.39955 10.37992 10.33463 12.82135 13.59082
C1909TS389_5 0.33348942 7.19677 4.91077 4.56192 4.18576 4.02624 4.21470 5.41334 5.88472 6.55131
5.19247 6.90868 6.03806 5.04409 4.34986 5.10525 5.30211 4.87127 4.56182 4.93930 5.21795 4.96669
4.78058 4.70214 7.38187 6.50946 7.02605 7.69205 9.06364 10.33358 10.32369 8.20129 9.20402 8.59928
8.65341 9.07994 10.07590 12.70914 14.21803
C1909TS389_1 0.33276016 12.55633 13.33591 11.98046 9.63159 9.00729 7.62321 7.49985 7.92423 6.87457
6.05993 6.50239 5.28260 4.44144 3.86189 4.21750 4.24378 3.89389 3.45799 4.07618 4.49082 3.98880
4.11207 3.81523 4.24677 5.82359 4.88272 5.12996 4.99751 5.46723 6.76819 8.97137 9.00884 12.28576
14.21547 15.58414 17.34483 18.00584 19.21232
C1909TS182_5 0.33040786 12.40440 12.31725 11.42964 10.79488 11.83428 11.68067 12.66517 10.11526
9.39024 6.46019 4.47165 4.60790 4.21578 3.77931 3.86922 4.06090 4.06961 3.77158 3.86831 4.14470
4.26915 4.45402 4.14039 5.38300 4.54971 5.35153 5.71736 5.60381 7.67175 8.33594 9.31385 10.83149
11.72370 12.40740 11.66228 11.51428 12.88402 15.64739
C1909TS299_4 0.329745 10.98499 12.57527 12.26045 12.00063 11.93588 11.79028 10.06695 8.39937
6.13635 5.05652 4.43112 4.27243 4.08206 4.08864 4.04690 4.01910 3.57552 3.40519 3.53924 3.91190
4.02833 4.42493 4.38247 5.29204 4.27172 5.38870 5.39009 6.33617 9.31569 8.71895 8.61756 10.13420
9.66855 12.64809 13.00244 14.21743 15.73682 17.45074
C1909TS278_4 0.329745 10.98499 12.57527 12.26045 12.00063 11.93588 11.79028 10.06695 8.39937
6.13635 5.05652 4.43112 4.27243 4.08206 4.08864 4.04690 4.01910 3.57552 3.40519 3.53924 3.91190
4.02833 4.42493 4.38247 5.29204 4.27172 5.38870 5.39009 6.33617 9.31569 8.71895 8.61756 10.13420
9.66855 12.64809 13.00244 14.21743 15.73682 17.45074
C1909TS413_5 0.328165 10.40888 10.40889 9.94959 7.91144 7.22447 7.08666 6.92173 6.50971 5.74563
4.82587 4.91656 4.59539 4.57670 4.46807 4.43237 4.44827 3.77111 3.70718 3.87190 3.98234 4.01492
5.10186 4.92000 6.05086 6.15190 7.16744 8.38660 9.18782 11.01581 12.56570 14.18292 14.37984
15.04960 15.17505 16.69763 16.22799 16.22039 15.74066
C1909TS010_3 0.3280348 16.23407 17.18171 15.34570 14.38494 14.29682 13.14653 11.97047 10.71790
8.66766 9.95644 11.32883 10.96364 11.53347 10.17840 9.59262 8.68225 7.44651 7.22225 6.38961
6.60570 6.91585 6.36815 5.40350 5.02384 4.01449 4.04633 3.27932 3.72251 3.90361 4.02087 4.67046
4.43832 4.52006 5.44562 6.17662 6.94238 7.55632 8.75771
C1909TS182_2 0.3270362 12.20022 12.76459 11.90979 11.67016 12.53256 12.09874 12.82449 10.60773
9.90319 6.64816 4.72143 4.54721 4.25187 3.79567 3.97647 4.31192 4.15738 4.06750 4.27583 4.60881
4.86394 5.02013 4.52577 5.84024 4.61153 5.31953 6.03256 5.97685 7.84223 8.63043 10.07453 11.36233
12.26166 12.91359 11.75254 11.68710 13.14462 16.18537
C1909TS273_2 0.3266949 15.70477 16.73398 14.73627 14.37301 14.88525 13.85271 12.74711 11.14574
10.20890 8.70782 10.53433 10.85358 11.45799 10.47540 9.93397 9.11699 7.93036 7.64004 6.62395
6.37249 6.41414 6.31496 5.22741 5.77377 3.99354 4.12485 3.27377 3.64993 3.69443 3.99580 4.58083
4.59478 4.80767 6.22115 6.58538 7.28043 7.71050 8.71576
C1909TS309_2 0.32598972 11.19288 12.59251 12.04477 12.49779 12.70030 12.54769 12.57735 8.70045
7.10150 5.40533 4.55361 4.47466 4.22989 3.97549 4.08019 3.96181 3.62614 3.43284 3.53969 3.80593
4.04255 4.68576 4.59114 6.56232 5.64469 5.42745 5.46004 5.64626 7.29467 7.45484 8.50788 9.27826
7.64565 9.75591 10.45842 12.03341 13.43251 14.62051
C1909TS389_3 0.32468632 14.91310 15.97525 14.42651 13.62067 13.64517 12.25767 12.16316 7.68872
7.11260 6.50771 6.76632 5.57045 4.83648 4.44123 4.25020 4.55912 4.54494 3.87731 3.90236 4.76597
4.88024 4.03115 5.05612 4.62795 5.67632 4.97223 5.56959 5.87386 6.65426 7.34938 10.57221 10.18198
14.51152 14.26546 16.02949 16.17076 17.00908 18.11171
C1909TS131_2 0.32287347 17.03421 19.64541 17.51262 15.36812 16.58039 15.38797 13.23470 11.73462
9.39299 5.05675 4.72309 4.39109 4.01301 4.01145 4.04875 4.25099 3.94958 3.82933 3.63979 3.58475
3.94054 4.53283 4.25800 5.37054 5.77677 7.15337 8.81725 10.70395 14.08337 17.29965 17.85451
18.55060 19.29149 19.16978 16.68586 17.20505 16.50202 16.88267
C1909TS299_3 0.32256606 11.72053 13.52157 13.18612 12.14791 13.10314 9.73091 8.79222 12.94313
12.52391 10.06363 6.64888 5.36872 4.59355 4.56403 4.37311 3.81972 3.29566 3.22243 2.97953 3.61014
3.78346 4.18919 4.64708 4.75651 5.02383 5.84338 7.45232 8.87458 10.32820 10.82508 10.18605
10.49008 9.46763 10.26011 11.38313 11.40883 13.00500 14.51484
C1909TS278_3 0.32256606 11.72053 13.52157 13.18612 12.14791 13.10314 9.73091 8.79222 12.94313
12.52391 10.06363 6.64888 5.36872 4.59355 4.56403 4.37311 3.81972 3.29566 3.22243 2.97953 3.61014
3.78346 4.18919 4.64708 4.75651 5.02383 5.84338 7.45232 8.87458 10.32820 10.82508 10.18605
10.49008 9.46763 10.26011 11.38313 11.40883 13.00500 14.51484
C1909TS240_2 0.32235396 4.13701 3.50990 3.78276 3.85297 3.81558 3.71090 4.06417 4.65621 5.59876
8.03376 8.61677 11.18760 11.88986 9.85695 10.22399 9.29405 8.31087 6.33867 6.65220 6.14230
6.29647 7.31326 7.36180 8.05690 7.46153 7.54588 7.43647 7.29634 7.66771 7.64674 7.73298 7.93042
7.90214 7.30970 7.96338 8.29119 10.31604 12.67881
C1909TS349_5 0.3214047 13.58291 15.35828 14.60073 15.01305 15.24386 15.06695 13.28131 10.74417
9.32613 5.13188 4.99774 4.40551 4.15719 4.12822 4.01981 4.19553 3.88107 3.82536 4.00031 4.43139
4.89049 6.16365 7.17636 8.42874 10.64392 12.27183 13.67603 13.33019 13.97680 13.38263 14.00827
15.17013 15.29883 14.29105 12.22245 11.41966 8.60344 8.30803
C1909TS349_3 0.3211641 13.33724 15.31670 14.60676 15.01004 15.31957 15.09992 13.29277 10.76380
9.25164 5.27056 4.99103 4.57278 4.24865 4.26283 4.18297 4.19656 3.91150 3.91260 3.92572 4.26832
4.70328 5.89708 7.33501 8.59052 10.79987 12.41057 13.43979 13.35500 13.94623 13.37093 14.09990
15.27492 15.28851 14.10791 12.47149 11.43824 9.03601 7.51958
C1909TS073_3 0.3203097 11.78418 11.01318 10.47360 8.58181 8.57245 9.13063 10.60562 8.19960 7.51324
6.33966 6.42091 6.82837 6.52111 5.07857 6.34276 7.24030 7.31660 6.37240 4.69292 4.33709 5.57636
5.58861 5.54559 5.49764 5.04561 3.89365 4.17681 4.79284 5.70121 6.43047 7.72353 9.43989 11.58605
12.24791 11.32753 11.17879 12.95172 14.41513
C1909TS413_2 0.3202892 9.90737 10.80641 9.63791 8.01696 7.09095 7.36845 6.88141 6.85777 5.81250
4.80378 4.70697 4.48093 4.38872 4.21117 4.18291 4.21975 3.71724 3.63985 3.89755 4.15360 4.34693
4.84103 4.85572 5.15242 6.45935 7.47606 9.16076 10.94564 12.52413 12.79149 13.74011 14.95401
15.18192 14.35963 14.19171 13.79412 14.18311 15.29165
C1909TS309_3 0.31956953 11.21120 12.13862 11.87167 11.52995 11.76342 10.41122 10.27473 6.50135
6.14129 5.28266 4.70729 4.29117 4.14015 4.01542 4.02875 4.03415 3.78685 3.69357 3.62255 3.94909
4.12410 4.97336 4.59651 5.84907 6.12185 6.43341 7.48490 8.36138 9.81294 9.69968 9.68653 9.79348
10.20852 11.50685 11.81787 12.39629 13.85719 14.86684
C1909TS010_5 0.31918165 8.81774 8.07978 6.36184 5.08456 4.54205 3.93385 4.27852 5.35902 5.46475
6.35282 9.70776 11.19747 9.86116 11.50518 11.28514 11.42476 10.67703 10.43738 9.55648 9.36885
8.09650 8.09498 7.30116 6.23893 4.61970 3.96733 3.59670 4.15536 4.32900 4.42480 4.61553 4.74515
6.34619 7.52724 7.88049 9.75912 11.66910 13.62106
C1909TS247_3 0.31899318 11.51904 12.80907 12.22392 11.85449 11.86993 11.31983 9.93329 7.03380
5.99250 5.26016 4.62629 4.29028 4.15421 3.93519 3.78911 3.91165 3.66917 3.49552 3.36183 3.67326
3.72061 4.15732 3.99959 5.69245 6.16510 5.48340 5.27070 7.36630 9.21256 9.28596 9.66246 10.04372
11.15113 12.93989 13.55408 14.54724 15.54614 17.29241
C1909TS349_4 0.31890157 13.30460 15.36648 14.66613 15.09608 15.43939 15.19683 13.34164 10.75571
9.29785 5.31360 5.09406 4.71017 4.40744 4.41738 4.31622 4.29838 3.97813 3.95338 3.96928 4.34978
4.80626 6.03318 7.46926 8.75034 10.94212 12.56503 13.57287 13.50845 14.07465 13.44254 14.08733
15.31943 15.39001 14.21485 12.54658 11.54527 9.01938 7.64770
C1909TS349_2 0.31820875 13.72733 15.66660 14.96037 15.31248 15.53019 15.17518 13.30588 10.65575
9.15263 5.12767 4.98248 4.54320 4.25724 4.20447 4.07180 4.15009 3.85439 3.78558 3.89739 4.40273
4.72813 6.05235 7.18335 8.49762 10.55240 12.35959 13.36960 13.14996 14.02522 13.36449 14.08953
15.27694 15.48157 14.49523 12.37614 11.65988 8.81719 8.24590
C1909TS349_1 0.31817812 13.70044 15.65480 14.95382 15.33198 15.56140 15.19602 13.32405 10.67531
9.17775 5.13488 4.98572 4.55203 4.27113 4.21894 4.09068 4.17047 3.86977 3.79427 3.90414 4.41110
4.74767 6.04652 7.16575 8.46943 10.53360 12.33744 13.35799 13.13172 13.99993 13.33961 14.04877
15.22787 15.41753 14.43554 12.30624 11.61362 8.73976 8.26679
C1909TS273_3 0.3181692 8.45942 7.88131 6.29227 5.09447 4.54906 4.10196 4.60289 5.73257 5.65160
6.73046 9.82210 11.05905 9.90561 11.35434 11.03832 11.18487 10.13613 9.96801 9.19559 9.06747
7.82091 7.85210 6.98981 6.05400 4.33728 3.87128 3.51318 3.99002 4.10707 4.21917 4.40338 4.58172
6.21729 7.53480 8.47306 10.62534 12.48519 14.33675
C1909TS413_1 0.317481 12.42776 12.29548 11.56672 9.82345 10.43921 9.34860 8.08786 8.76117 6.52272
5.20965 5.50579 5.23265 4.60275 4.26611 4.26231 4.00208 3.68750 3.41708 3.58427 3.91674 4.08900
4.32575 4.73948 5.78981 6.36933 8.37845 9.42994 11.49305 13.42624 13.98687 14.59939 14.44752
15.31586 15.67298 14.90427 14.35604 15.31830 15.92158
C1909TS211_2 0.31673494 16.63466 19.28921 16.10958 15.81637 15.92621 14.17654 13.24428 10.60586
5.72551 5.04599 4.97846 4.62911 4.36966 4.20577 4.01737 4.14937 3.98216 3.81885 3.49666 3.51181
3.87878 4.30385 5.59589 6.29503 8.18888 9.37755 10.58297 13.27055 15.25355 15.80874 15.88144
16.07989 17.27378 17.28654 15.18786 14.97544 15.02092 14.96522
C1909TS067_2 0.31508788 15.22928 16.65660 15.67868 15.66477 16.33336 14.87617 12.42313 9.76536
5.78310 7.11601 6.48536 4.97319 5.14111 5.07549 4.09109 4.70135 4.69643 4.01441 4.43752 5.14203
5.50439 4.70159 5.82947 5.86717 6.74106 7.47896 8.04144 9.40037 10.01731 10.15347 10.36819
12.53751 13.04641 12.56205 12.04334 12.24451 13.00165 14.42155
C1909TS067_5 0.31463766 18.22753 20.91666 18.69528 17.17747 17.13341 15.04542 12.11244 9.75994
5.37484 7.03199 6.21957 4.57377 5.02978 5.21160 3.97057 5.12842 5.07767 4.11820 4.54835 5.75826
6.29749 4.58874 5.33955 5.17780 5.83618 7.26234 7.09163 7.42762 9.49159 8.42780 8.40533 11.80513
12.63939 12.27869 12.65579 12.95433 14.78456 17.16754
C1909TS067_1 0.31463766 18.22753 20.91666 18.69528 17.17747 17.13341 15.04542 12.11244 9.75994
5.37484 7.03199 6.21957 4.57377 5.02978 5.21160 3.97057 5.12842 5.07767 4.11820 4.54835 5.75826
6.29749 4.58874 5.33955 5.17780 5.83618 7.26234 7.09163 7.42762 9.49159 8.42780 8.40533 11.80513
12.63939 12.27869 12.65579 12.95433 14.78456 17.16754
C1909TS230_5 0.31460178 11.34595 13.12846 11.51427 11.16852 10.29530 9.09395 11.11273 11.47196
8.16506 6.84346 7.09870 6.08727 4.05550 4.56391 4.81048 4.16456 4.05232 4.20780 3.94362 4.17391
4.98874 5.06649 4.54592 4.87142 5.43454 6.85134 7.84325 10.35024 11.04230 12.36923 11.97983
11.24798 10.98691 13.60157 13.51517 14.35709 15.52316 17.36218
C1909TS131_3 0.31456012 20.18895 20.44872 17.04080 17.38231 14.94894 13.05421 11.89418 7.34259
6.40849 5.73501 5.98397 5.41695 4.33361 4.54566 4.51779 4.23411 3.95394 3.83899 4.35485 4.62719
4.14168 4.11294 4.75712 5.10307 7.26940 9.98298 6.64088 7.52390 9.97214 11.14123 12.65003 13.39586
13.46923 12.36203 13.34665 12.91645 11.41533 11.10546
C1909TS054_2 0.31441548 10.60109 10.22772 10.42176 9.01745 8.87093 7.72190 7.77903 8.05007 6.98715
5.86965 6.68167 5.58428 3.94663 4.49230 4.64486 4.31483 4.38681 4.65199 4.15994 3.77241 4.60302
5.08453 4.28376 4.44042 4.50067 4.84820 6.83338 7.00839 11.46294 9.91910 9.92462 10.23576 9.25462
11.02205 10.21981 11.19352 13.23320 15.63933
C1909TS131_4 0.31410944 20.19887 20.45862 17.06968 17.42344 14.94188 12.99835 11.85810 7.32333
6.40424 5.71746 5.97693 5.41463 4.31027 4.55008 4.50474 4.24149 3.98445 3.88264 4.41781 4.70504
4.22299 4.19864 4.84204 5.16411 7.36028 10.14576 6.74225 7.63154 10.12708 11.29599 12.73853
13.34544 13.50967 12.45831 13.42471 13.02330 11.39997 11.08477
C1909TS228_2 0.31410274 14.10373 15.96307 14.16473 13.75000 13.53035 14.19125 13.44457 11.91922
8.44010 6.98160 5.79675 5.98733 5.49373 4.61407 4.76473 4.24433 3.66073 3.53259 3.90475 4.21064
4.05435 4.28074 4.58151 4.99209 6.66893 9.10839 6.20080 7.98649 9.95550 11.70140 12.37378 12.80149
13.39447 12.80615 12.67934 12.08840 11.11029 12.20408
C1909TS073_1 0.3137422 11.13404 10.43014 9.95445 7.00587 6.84860 6.97657 7.64571 7.32733 6.99150
6.44713 7.82227 9.03415 8.50456 6.11655 6.97921 7.51765 7.14523 5.28272 3.73687 3.89367 5.66598
5.85983 5.98006 5.88034 5.57225 4.04924 4.49700 5.37940 6.36605 7.52893 9.66513 11.03019 13.00213
13.17956 12.01661 12.59041 14.18524 15.95262
C1909TS073_2 0.31318292 6.87097 8.50986 8.68655 9.63847 10.20684 10.97488 8.57420 9.33185 8.08142
7.62148 8.98622 8.66049 7.44873 5.49072 6.67701 8.23822 7.35182 5.76516 4.45306 4.18943 5.13948
5.61309 5.85307 5.90702 5.78641 4.94753 5.11787 5.66805 6.25217 7.50789 8.97199 10.41077 10.75828
12.12808 12.46640 12.71413 13.35317 13.86942
C1909TS131_1 0.31310877 18.46892 18.38227 16.19643 15.97045 15.25979 13.19796 12.21070 7.51732
6.54238 5.74413 5.96484 5.46203 4.40882 4.59110 4.57459 4.32035 4.00916 3.85848 4.34788 4.57879
4.21433 4.26081 5.10686 5.27690 7.49858 10.44121 6.75969 7.98309 10.31887 11.29536 12.59523
13.36924 13.66647 13.78154 14.21362 14.57102 12.83696 12.72127
C1909TS131_5 0.3123675 20.06494 20.36437 17.02333 17.36422 15.05092 13.08561 12.00066 7.42083
6.42139 5.83505 6.01173 5.48570 4.38214 4.60452 4.56268 4.30145 3.99545 3.88316 4.42388 4.73000
4.23845 4.22255 4.85014 5.12937 7.33831 10.23358 6.80912 7.80787 10.26404 11.43368 12.68444
13.40648 13.52884 12.60498 13.45787 13.03011 11.19251 10.89379
C1909TS054_4 0.31154364 9.73912 8.12453 7.65214 6.10358 5.72872 5.61989 5.80461 6.27775 6.50148
5.79610 6.71376 5.47660 4.24895 4.12536 4.38961 4.50223 4.41311 3.74916 4.36160 4.93570 4.66299
4.36517 5.98451 5.94078 6.15145 7.20348 8.46345 9.79833 10.76460 13.03788 11.91309 11.20930
10.94098 9.92740 10.68117 9.29119 12.57100 13.73373
C1909TS299_5 0.31106463 10.25387 11.07024 8.75587 7.84673 7.75577 8.18899 8.08610 8.38127 8.52409
7.91557 6.60494 6.00639 5.25131 4.69649 4.14572 4.09475 3.80033 3.54070 3.37508 3.56375 3.66061
4.52286 5.01711 5.75043 5.71771 7.07497 8.18794 8.78226 11.09636 11.56597 12.19057 11.94442
11.38131 12.41178 11.90862 13.21282 13.90348 14.78178
C1909TS278_5 0.31106463 10.25387 11.07024 8.75587 7.84673 7.75577 8.18899 8.08610 8.38127 8.52409
7.91557 6.60494 6.00639 5.25131 4.69649 4.14572 4.09475 3.80033 3.54070 3.37508 3.56375 3.66061
4.52286 5.01711 5.75043 5.71771 7.07497 8.18794 8.78226 11.09636 11.56597 12.19057 11.94442
11.38131 12.41178 11.90862 13.21282 13.90348 14.78178
C1909TS247_1 0.3109035 9.57341 11.40100 10.81074 8.97603 8.63920 7.05977 7.08261 7.92708 6.58962
6.15188 5.45514 5.13345 4.99174 4.48292 4.12228 4.15850 3.53815 3.32684 3.46054 3.80838 3.96574
4.61586 4.56867 5.11227 5.46048 5.54534 6.12380 7.82481 9.58444 9.46777 9.64252 10.35952 10.00299
9.36537 11.09348 11.29503 12.91095 13.91337
C1909TS359_1 0.310895 10.64243 11.20989 10.89640 8.43647 7.47664 7.93879 9.70882 11.28347 10.36888
9.23666 6.61794 6.02802 5.04182 4.86037 4.46348 3.72861 3.73039 3.69982 3.34339 3.95669 4.03365
4.18822 4.90212 4.65893 5.29623 6.06399 7.46095 9.03431 10.27321 10.91301 10.43960 9.89253
8.90544 10.47908 10.05611 11.25536 13.37977 14.35328
C1909TS228_5 0.31036887 14.88975 16.10220 14.41072 14.15907 14.78280 15.13648 14.56226 12.20475
9.03792 7.89031 6.18449 6.53727 5.75781 4.78843 4.91622 4.27145 3.61863 3.43535 4.04519 4.29602
4.37383 4.58197 4.58442 5.21846 5.84742 8.69666 6.23356 8.34527 10.94949 11.76681 12.39693
13.24147 13.99090 14.33261 12.98859 12.56522 11.20402 12.21208
C1909TS247_2 0.30914354 8.21684 8.06431 7.45690 6.11601 5.56062 6.03801 6.63636 8.34353 9.12246
9.08055 6.43426 5.63255 4.81100 4.61829 4.19140 4.22456 4.20574 4.08335 3.77731 3.97754 4.16990
4.61443 4.80246 6.51253 5.00218 6.25446 6.88619 9.04392 10.40983 11.49908 11.39384 11.19022
10.28456 9.76435 10.65199 10.09100 12.79154 13.44418
C1909TS010_1 0.30864596 6.99987 6.12003 6.63875 5.41161 6.10120 5.02982 5.86091 6.50189 7.52506
10.72893 11.86136 12.83265 12.59841 12.02585 11.77363 8.16641 9.77291 8.91877 8.68566 8.78779
7.69230 6.89711 5.73524 5.15976 3.87710 3.45126 3.20898 3.26446 3.49852 3.89779 4.29419 4.56010
5.15346 4.75471 5.21126 7.29584 8.26798 11.08548
C1909TS369_2 0.30794072 11.49262 12.26200 11.91610 11.09282 11.29654 10.81471 10.75095 7.68490
5.92877 6.51138 6.86302 5.61345 4.31699 4.96091 4.88890 4.14216 3.63813 4.04282 4.36838 4.59336
3.84587 5.09017 5.06878 5.97879 6.84604 9.79721 6.96894 5.84483 5.80565 5.83672 8.43111 9.97226
9.96909 13.85262 11.66494 10.33198 11.31444 13.32491
C1909TS073_5 0.30793244 8.82542 9.76878 9.06627 9.55461 7.30273 9.65650 9.49744 8.30839 7.56408
6.57699 8.13588 8.06043 7.45952 5.60214 6.69663 7.84035 6.82247 5.47856 4.00248 4.25769 6.09575
6.13572 6.13684 5.62913 5.52558 4.05965 3.94508 4.49244 5.17575 6.41727 7.89653 9.48946 9.94155
11.04599 10.58036 11.18429 13.05635 15.75692
C1909TS066_2 0.30750394 17.55032 20.51211 19.42038 18.66720 18.87879 18.33351 14.92521 11.91850
9.28077 5.57029 5.42545 5.04259 4.96462 4.85386 4.76687 4.74795 4.59256 4.60214 4.40090 4.77947
4.89412 5.56402 5.42633 6.86130 6.37017 7.48159 9.23885 11.31891 14.20303 15.49896 14.66362
14.22031 13.95220 13.76698 12.51315 12.72197 12.76361 14.41990
C1909TS073_4 0.3072809 9.01855 10.97170 10.69850 7.25445 8.87714 9.20111 9.07656 8.09438 8.20928
6.51624 7.37458 8.20002 8.21104 5.84155 7.26954 7.76735 6.92075 5.42292 3.99514 3.89118 5.72944
5.89674 5.74634 5.57633 5.49111 3.99513 4.15931 5.56420 6.51967 8.16955 9.55184 11.31180 13.24454
14.16262 15.44267 16.35696 16.32838 16.26591
C1909TS087_1 0.30727434 15.39420 15.92653 13.22563 11.46579 12.07652 12.02135 12.80492 12.79712
14.24060 12.40306 11.50475 11.21531 6.08918 5.40158 6.67158 5.87248 5.44487 4.63247 4.27736
5.03518 5.25602 5.31861 4.10836 4.51115 4.21076 4.31464 4.34602 6.59474 6.25890 9.93550 12.20204
12.78205 13.54423 13.83870 13.33641 11.70429 12.32060 12.70424
C1909TS228_4 0.30700573 14.98144 16.17745 14.46607 14.16886 14.69858 15.03125 14.28683 12.05908
8.88597 7.74230 6.12698 6.48673 5.73376 4.75352 4.92833 4.32170 3.64227 3.47936 4.00411 4.29561
4.35900 4.59266 4.58333 5.30404 6.00988 8.91058 6.28770 8.36896 10.77807 11.61681 12.28274
13.10086 13.83819 14.21749 14.20162 13.58274 12.01952 12.28472
C1909TS054_3 0.3067619 11.15324 11.00486 11.58860 10.13191 11.36891 9.93793 10.49364 12.12070
9.68280 5.60081 7.93039 7.25610 4.69392 5.36637 5.02247 4.31828 4.24800 4.98016 4.72178 3.67960
5.29612 6.32410 5.09285 5.04411 4.79925 6.00181 7.45513 6.85064 9.44379 12.47079 10.63553 10.87865
8.90009 11.25167 9.52569 11.12199 12.25889 13.72317
C1909TS228_1 0.3053919 14.60255 15.68128 14.04193 13.75403 14.52367 14.87308 14.28372 12.28810
8.87246 7.83434 6.37960 6.77447 5.89752 4.90155 5.04542 4.38822 3.70161 3.52288 4.11614 4.40265
4.49816 4.67502 4.73295 5.36359 5.95559 8.76081 6.34532 8.13844 10.96283 11.74691 12.58082
13.26035 13.76178 14.04835 12.59869 11.77997 10.55503 11.64531
C1909TS301_1 0.30487782 9.17264 10.16813 9.19296 9.32381 10.30269 10.43144 11.18691 12.91448
12.06762 10.73081 10.51747 10.03634 11.36080 10.40151 9.02672 9.23285 8.55289 8.19640 7.22654
5.42706 6.44184 5.57239 5.17277 5.55363 3.90482 3.56954 3.07624 2.86026 3.30524 4.28736 5.39018
7.01161 8.66646 9.28153 8.19654 11.18215 10.48835 12.51553
C1909TS044_1 0.30487782 9.17264 10.16813 9.19296 9.32381 10.30269 10.43144 11.18691 12.91448
12.06762 10.73081 10.51747 10.03634 11.36080 10.40151 9.02672 9.23285 8.55289 8.19640 7.22654
5.42706 6.44184 5.57239 5.17277 5.55363 3.90482 3.56954 3.07624 2.86026 3.30524 4.28736 5.39018
7.01161 8.66646 9.28153 8.19654 11.18215 10.48835 12.51553
C1909TS211_3 0.29408967 11.77730 13.47222 12.60095 11.55020 12.06195 10.96651 10.43353 9.29310
8.32967 6.07997 5.90302 5.75995 7.13018 7.45832 5.69026 8.73387 8.13332 8.77900 9.24199 6.60678
8.11317 7.77017 7.40996 7.69410 8.43070 8.79910 9.69080 6.05486 9.55103 6.50862 8.17587 10.12848
7.01622 9.28432 12.24404 10.34450 12.65311 12.02127
C1909TS413_3 0.29231864 7.69900 7.33317 8.93722 8.79967 8.69538 9.03958 9.71270 10.60470 9.79929
8.45103 6.42593 5.47654 5.12005 5.02702 4.97645 4.57527 4.33296 4.13572 4.39911 4.43953 4.47779
5.45528 6.68031 7.94345 8.31887 9.78567 10.11167 12.06721 14.02648 15.18995 15.04403 15.97196
16.16268 17.44979 17.09936 16.53502 15.48717 15.30995
C1909TS054_5 0.29230523 11.73877 12.77216 13.24987 13.11790 13.85915 13.78801 13.01958 11.28380
8.72688 5.43790 5.29332 4.88248 4.31242 4.06331 4.10362 4.15313 3.87327 3.90580 3.85876 3.97244
4.14559 4.76986 4.76958 6.72428 7.03215 9.02256 10.05922 11.56596 13.46146 12.73141 12.64081
12.01136 12.99443 13.45008 13.34917 12.99966 14.42489 15.39991
C1909TS215_3 0.2869181 14.60214 17.22140 15.65096 15.56738 15.09392 15.67339 11.72321 11.53412
9.68232 8.27787 6.35025 6.37981 7.52268 7.19433 5.62871 4.87675 5.59668 5.31599 4.28387 3.87143
4.95694 5.37606 4.59786 5.37007 4.44271 5.30986 7.41531 8.87240 10.80195 11.94538 11.35000
14.27762 13.83395 11.85771 14.10759 12.21821 9.14372 11.20337
C1909TS413_4 0.28625977 8.86786 9.16476 7.90520 6.21096 5.82659 6.43311 7.37820 7.55546 7.85659
10.05928 7.05413 5.76622 5.39125 5.08450 4.95153 4.56865 4.22472 3.91659 4.03131 4.02447 4.52027
4.50103 5.49035 5.97470 8.40827 10.48618 11.10208 11.06152 12.42778 13.21253 14.01560 13.49861
14.63060 15.64743 16.79102 15.13234 14.79683 14.96694
C1909TS158_3 0.28609106 4.83825 5.31143 6.01845 5.75067 5.96226 5.46053 5.77486 6.68167 7.35297
7.64327 9.04765 11.78073 11.46808 12.83874 12.06929 11.26544 9.66919 9.52811 6.84990 6.45948
7.41000 7.17002 8.40619 8.73229 8.23472 7.58833 6.58566 6.13827 5.97448 5.85781 6.15851 5.85955
5.19431 5.12019 5.27077 6.11845 8.41053 9.80202
C1909TS158_4 0.28227633 14.05981 15.69174 14.01851 12.90604 13.38412 12.46497 10.76115 6.81601
5.84215 5.61068 5.61796 5.79870 5.59146 5.43151 5.30568 5.44291 5.14733 4.91158 4.83942 4.80732
5.11384 5.67030 7.17817 6.85819 7.69221 8.58511 9.88169 10.95997 11.59194 14.68109 15.95116
15.51633 16.60958 18.18444 17.32496 16.69211 17.25917 17.31920
C1909TS240_4 0.28194705 16.21524 18.08421 16.76239 17.38483 18.82949 19.01953 17.17194 15.07861
14.18558 13.97427 13.46699 13.78249 13.81943 12.07597 10.82158 9.29404 8.83758 7.89176 5.69445
5.62014 4.87457 6.05019 5.59444 5.59130 3.68217 3.85589 3.17449 3.99869 3.03675 3.82224 3.33587
3.65184 4.39914 5.87895 7.37992 10.24965 13.42617 14.71364
C1909TS347_1 0.27995554 15.73426 17.64911 15.98827 16.05333 16.37778 15.17090 13.07301 6.81055
6.38175 5.76970 5.11364 5.07198 4.83171 4.75298 4.68841 4.84739 4.83818 4.80516 4.81515 4.88195
4.91139 5.80678 5.68461 8.61048 9.32391 10.05141 11.45508 12.57205 14.93262 15.82989 16.67912
16.82353 17.26710 17.59785 16.81871 16.36151 16.95367 17.26054
C1909TS240_3 0.2779962 16.30436 18.00536 16.29860 16.88622 18.61557 18.80434 17.35504 15.43142
14.37810 14.45821 13.99005 14.73309 14.45534 13.81041 12.15196 11.27701 9.68446 8.45230 7.26641
5.60894 6.62338 5.84461 5.51955 4.98702 3.72733 2.97765 2.80542 3.12063 2.82630 3.45686 3.34556
3.59430 4.00169 5.45526 6.87534 8.39389 11.53452 13.65822
C1909TS405_2 0.27794355 7.75160 7.09602 5.86340 6.56316 7.09677 7.20185 8.75383 8.01058 7.73826
9.35835 9.79124 10.32285 10.02611 6.76454 8.40816 6.39487 7.83183 7.30449 6.02505 6.82084 6.31584
6.38907 6.35806 6.33692 5.69007 5.47022 5.38302 6.02795 6.45783 7.76035 8.29052 9.87125 11.32848
11.95524 9.75407 9.49291 11.27718 11.83561
C1909TS211_4 0.27791438 8.12986 9.27843 9.85506 7.81305 7.92485 7.89184 8.62190 9.05854 9.36189
6.61342 5.94839 6.05479 7.01832 6.88332 6.85775 7.63315 8.42856 8.96478 9.02135 5.75968 8.59129
8.73775 11.44509 11.50818 11.45673 10.26611 9.55486 9.67161 10.80602 10.04706 11.46365 10.41962
9.92238 9.96947 10.48323 10.72479 12.21048 12.02177
C1909TS067_3 0.2775398 15.71172 18.82048 15.82702 15.88272 16.35290 15.09762 12.07922 9.64335
5.99495 5.80413 5.82601 5.53389 5.34712 5.22073 5.07631 5.11787 5.05354 4.85642 4.85955 5.01643
4.88270 7.86239 8.16471 9.78638 11.34789 11.85482 11.71354 12.77458 14.35016 16.16669 16.96642
17.12299 16.42916 15.84276 14.23102 14.37080 16.41717 17.33035
C1909TS003_3 0.27668113 15.61498 17.70929 16.16124 16.52160 16.84109 15.98892 13.58396 10.57486
6.40845 6.25098 6.05557 5.52275 4.65744 4.35995 4.44374 4.53597 4.63641 4.51102 4.41900 4.43653
4.56924 5.28449 5.39534 8.00357 8.35728 10.71693 12.51301 15.14187 17.43408 19.48455 20.15233
19.79408 19.41296 19.49344 18.79532 16.51077 16.63559 18.69460
C1909TS240_1 0.27563834 16.06258 17.87330 16.05095 15.91942 16.60714 17.06520 15.70445 13.81065
13.79073 13.23824 13.20187 13.49487 13.25818 12.61292 11.50634 10.70721 8.75550 8.55550 5.52479
4.86601 5.36028 4.21625 3.67253 4.31186 2.85429 2.68251 2.89068 2.79041 3.24392 3.78561 4.11961
4.03833 4.94029 7.10371 8.49239 10.36872 12.76223 14.92074
C1909TS240_5 0.27520293 17.05090 19.28449 18.20937 18.82570 19.81858 19.92289 18.07195 15.89694
15.28531 15.28208 14.98363 15.00296 14.66284 12.96645 10.87329 9.65295 8.55777 8.43648 5.57850
6.91908 6.01864 6.14695 5.69441 5.66327 3.72835 3.93742 3.43941 4.01152 3.12695 3.64939 3.37823
3.56063 4.68084 5.98978 7.64104 9.92321 13.31510 15.61727
C1909TS010_4 0.27429506 13.18464 12.92743 10.27085 9.77893 9.66694 8.92428 8.85522 8.19285 8.95506
10.04865 11.87253 11.89722 11.18061 12.72440 10.83346 11.53149 11.45312 11.00696 10.75770 8.74745
7.19952 6.03983 3.88664 3.59181 4.53036 4.54774 5.29760 4.53332 4.66398 4.28663 4.08289 4.37217
5.12468 6.53043 7.05809 8.07116 10.02271 11.54668
C1909TS228_3 0.27276707 13.31470 14.41194 12.99745 12.79557 13.11825 13.63145 13.99368 11.75013
8.01608 7.92180 6.47965 7.17509 6.41585 5.59099 6.04467 4.88975 3.83358 4.05671 4.39531 4.97121
5.15251 4.85154 5.31422 5.37938 7.32139 10.07730 7.07146 8.64423 10.26649 12.86464 12.79821
12.66851 12.41047 11.52591 10.28793 9.14064 8.85414 11.67703
C1909TS247_5 0.271371 10.48511 11.42899 11.47814 10.87533 10.68804 10.69582 9.53995 9.10901
8.90295 7.77770 7.55473 7.44743 6.17865 5.32046 4.41719 4.35305 4.45499 5.63826 5.34032 6.18748
6.94653 7.60227 7.21288 6.55150 5.49047 5.66157 5.68637 6.71037 9.58146 9.67620 10.09320 10.15138
10.85172 11.99881 12.15497 12.77230 14.12994 15.61394
C1909TS273_5 0.2700274 5.40921 6.19743 6.81029 6.93344 7.94164 8.43483 9.29183 9.77454 9.10379
9.77485 9.88306 10.74871 10.68859 11.43846 9.70196 9.23085 8.72520 6.59786 5.82457 4.81192
4.33608 5.24479 5.87711 7.01244 6.70984 6.59965 6.80269 7.28500 8.86995 9.60329 10.67021 10.48809
10.78471 10.92035 10.51993 11.25276 12.82006 13.13155
C1909TS211_5 0.2698289 5.78664 8.27846 9.15775 6.65644 6.52196 7.76732 8.37387 10.41351 9.46509
7.70378 6.15092 6.54259 7.59279 7.26646 6.83931 7.60272 7.47956 10.78337 9.00187 6.29950 8.92153
8.86602 11.66979 11.79879 12.00142 11.05550 10.88548 11.53277 12.06754 11.21158 12.28949 10.96241
10.25252 11.13570 11.39056 12.88128 14.40101 13.87825
C1909TS067_4 0.26979282 14.81248 14.45526 12.47159 12.40509 12.24046 12.45671 12.01387 11.16784
10.60212 8.41688 7.81848 6.87158 5.67668 5.03996 4.63734 6.51628 7.29382 6.10758 8.07844 8.35541
7.94163 8.10324 5.24419 5.40132 5.78899 6.26807 10.36350 11.77132 14.63801 13.69647 14.30266
14.42553 14.49722 14.26377 13.03144 11.69264 11.13832 11.92546
C1909TS210_2 0.26435512 8.56742 7.30101 7.13569 7.15615 8.00031 8.95363 8.32258 8.58735 8.41336
9.86986 8.50671 8.98188 9.85237 9.31085 8.56405 8.38087 5.72099 5.27817 4.16753 4.94122 4.91041
5.53479 4.95313 6.39226 6.06342 6.33075 6.67538 7.30105 8.83389 9.71414 10.90200 11.52915 13.16125
14.35129 15.06535 15.43015 15.38570 16.62095
C1909TS405_4 0.2639376 7.28861 8.09128 6.52643 7.73892 9.16888 6.66806 9.12399 6.97207 6.08709
8.71152 9.28763 9.83545 10.27724 8.49232 9.51218 7.29895 5.73448 7.20366 5.22287 6.89648 7.61428
7.72355 7.56052 7.22242 6.38743 5.77841 6.70217 6.66237 7.53487 8.06901 9.20387 9.27306 9.97677
9.62518 7.63921 10.13207 10.82145 12.44033
C1909TS003_2 0.2616581 15.47501 18.76323 16.12456 15.29037 13.59271 13.44951 10.37018 7.98835
6.55093 8.40271 7.59209 6.01764 4.95909 6.73830 7.26072 6.67111 5.51774 7.59215 8.54992 6.53089
6.63975 6.28684 6.58275 6.28205 6.50409 7.24048 11.22778 13.88945 16.11853 16.86754 18.61962
18.48250 18.38452 17.12708 14.21316 14.10838 13.87226 12.36602
C1909TS405_1 0.25593862 6.84417 6.64021 6.22912 6.26128 5.94870 6.14776 6.32789 7.12300 7.32472
8.72110 7.65379 8.32964 7.73655 6.97946 6.85257 6.19412 5.83123 5.19831 5.41394 6.01257 6.11263
6.79430 6.15291 6.52067 5.58800 4.78326 4.63734 5.14311 5.86736 7.55959 8.64058 9.61491 10.24196
11.75532 12.35494 13.26149 14.26823 15.54456
C1909TS405_3 0.25466424 8.16226 6.86098 6.38934 7.29142 7.37002 7.68041 7.69165 7.37896 6.85078
9.91135 10.05935 10.48677 9.83355 6.93898 9.33726 7.23633 7.59018 8.97528 6.81062 7.71018 8.21372
8.53263 8.21626 7.58104 6.29934 5.08284 5.12544 4.91450 5.76124 6.28575 7.28389 7.64526 8.72147
10.29201 7.90124 9.78234 10.99922 12.54455
C1909TS405_5 0.25424337 7.00399 6.11886 6.80598 7.07804 6.94567 6.77807 7.19660 7.70038 6.82131
7.71225 6.74572 7.62074 7.79111 7.15266 6.85538 6.78908 5.60374 7.77264 6.48605 6.27878 6.47227
7.30991 7.10134 7.45998 6.26603 5.24070 5.72097 7.29477 8.99779 9.27265 10.48200 10.71066 11.64046
12.74425 13.23493 13.74360 14.47113 15.56558
C1909TS003_1 0.25163192 16.06573 18.54436 16.28617 14.85230 14.45913 12.79809 10.69218 9.56831
5.74552 6.86608 7.26210 7.09248 6.58947 7.03076 7.05149 7.07917 8.47575 6.72509 7.82478 7.61038
7.00424 6.53442 6.92995 6.90441 5.97910 6.67506 7.42330 8.20377 9.77510 12.15341 12.94242 14.15718
14.95536 14.09063 13.43725 14.49676 15.76869 15.23626
C1909TS210_4 0.25009286 7.80317 6.44253 6.98616 7.06128 7.70972 7.08338 8.27123 9.25889 8.40759
10.19334 10.18006 11.28526 11.76576 10.03107 9.13152 7.85773 5.36679 7.54910 4.61268 6.46980
6.26428 6.61347 6.46635 6.37335 5.70942 5.20706 5.54000 5.45247 6.27055 7.23262 8.15956 8.45399
9.28624 9.97401 9.10421 10.59407 11.77407 13.14962
C1909TS158_1 0.24991053 9.72023 10.20343 8.56667 5.67842 6.24365 5.87870 5.51211 6.10670 5.47919
7.51127 9.58692 10.14913 12.58646 14.08386 13.48463 13.82345 12.77161 12.78623 12.46857 11.77430
11.04892 10.58718 9.57763 8.83833 6.73165 5.22203 5.52030 5.14891 5.29769 5.38812 4.70732 5.54203
4.60957 6.22241 6.68243 8.44437 11.21958 13.34681
END



