PFRMAT QA
TARGET C1909
AUTHOR 9014-2981-5325
REMARK predict the lDDT of each residue
METHOD 3DCNN based method using profile-based features
METHOD -------------
MODEL 2
QMODE 2
C1909TS123_3 0.08907 0.1409 0.6395 0.077 0.0648 0.0588 0.0394 0.0064 0.0114 0.009 0.0042 0.0145 0.051 0.0021 0.0159 0.0526 0.0779 0.0006 0.0189 0.0825 0.0128
0.0243 0.0393 0.3544 0.2975 0.5123 0.3293 0.0164 0.1041 0.0145 0.0325 0.1117 0.0125 0.0576 0.007 0.0032 0.0165 0.0464 0.0251
C1909TS228_4 0.00551 0.0145 0.0113 0.0 0.0001 0.0011 0.0007 0.0001 0.0054 0.0013 0.001 0.0027 0.0006 0.0004 0.0026 0.0057 0.0028 0.0012 0.0015 0.0051 0.0214
0.024 0.0271 0.0145 0.0137 0.0144 0.0036 0.0013 0.0023 0.0049 0.0054 0.0017 0.0007 0.0023 0.0004 0.0004 0.0056 0.0046 0.0028
C1909TS131_5 0.01487 0.011 0.0076 0.0018 0.0025 0.0014 0.0063 0.0387 0.0019 0.001 0.0242 0.013 0.0119 0.0012 0.0119 0.0115 0.0094 0.002 0.0058 0.0142 0.005
0.135 0.0591 0.0162 0.0031 0.0119 0.0129 0.0009 0.0496 0.012 0.0087 0.0055 0.0077 0.0036 0.0014 0.0044 0.0257 0.0029 0.0226
C1909TS054_1 0.16185 0.161 0.342 0.0952 0.2506 0.3091 0.4056 0.3081 0.13 0.212 0.7184 0.0472 0.0503 0.0153 0.1504 0.034 0.0846 0.0742 0.0638 0.0063 0.0097
0.0119 0.0146 0.0578 0.0349 0.0217 0.0072 0.0046 0.092 0.2685 0.1223 0.1286 0.021 0.4517 0.5298 0.0958 0.4597 0.0236 0.3373
C1909TS258_4 0.01955 0.0216 0.027 0.0116 0.0071 0.0041 0.0044 0.0143 0.0672 0.0068 0.0038 0.0039 0.0166 0.0085 0.0121 0.0059 0.0088 0.0014 0.0006 0.0094 0.0061
0.007 0.0122 0.0155 0.2194 0.0066 0.001 0.0162 0.0129 0.0149 0.002 0.0041 0.0018 0.006 0.0107 0.0189 0.0193 0.0397 0.0933
C1909TS301_1 0.02742 0.0605 0.1204 0.0458 0.0015 0.0074 0.0023 0.0002 0.0147 0.0004 0.013 0.0001 0.0354 0.001 0.0006 0.0013 0.0001 0.0 0.0003 0.0006 0.0398
0.0832 0.0071 0.062 0.0271 0.0806 0.0482 0.0039 0.0026 0.0007 0.0008 0.0192 0.0143 0.0598 0.0193 0.0159 0.2063 0.0385 0.0071
C1909TS414_2 0.03359 0.0632 0.1359 0.0145 0.0388 0.0103 0.0074 0.0086 0.0499 0.0448 0.0707 0.0131 0.0185 0.0359 0.0033 0.0273 0.0222 0.0036 0.0071 0.008 0.0195
0.0293 0.0285 0.0408 0.0146 0.0182 0.0037 0.0013 0.0105 0.0028 0.0296 0.0263 0.0039 0.0509 0.101 0.1064 0.0541 0.0065 0.1455
C1909TS087_2 0.32221 0.2841 0.1611 0.1983 0.13 0.1749 0.3621 0.1181 0.2538 0.2521 0.6396 0.1667 0.1341 0.0544 0.7448 0.3843 0.1657 0.2082 0.281 0.057 0.0397
0.132 0.0547 0.2376 0.0504 0.0206 0.1065 0.0159 0.5662 0.7135 0.4459 0.9219 0.8467 0.8329 0.6053 0.3289 0.4114 0.9244 0.2189
C1909TS152_2 0.07367 0.1027 0.3512 0.1706 0.2825 0.0915 0.1626 0.0493 0.0288 0.0615 0.0463 0.0142 0.0261 0.0022 0.0359 0.0161 0.0706 0.0048 0.001 0.0313 0.0222
0.0153 0.0922 0.0609 0.0043 0.0117 0.0082 0.0153 0.0413 0.1232 0.0359 0.3132 0.0447 0.3242 0.0564 0.0294 0.0206 0.0064 0.0246
C1909TS404_2 0.08976 0.0468 0.1683 0.0505 0.5219 0.0903 0.4506 0.095 0.2372 0.1838 0.0478 0.0134 0.0033 0.0094 0.0053 0.0071 0.0014 0.0153 0.014 0.0026 0.009
0.0574 0.0095 0.0925 0.0255 0.1165 0.0295 0.0815 0.0627 0.0454 0.005 0.0306 0.2083 0.0594 0.1469 0.0514 0.2338 0.0396 0.1426
C1909TS182_2 0.06887 0.0124 0.0461 0.0634 0.0927 0.4375 0.0352 0.0404 0.112 0.0155 0.0232 0.0049 0.0055 0.0095 0.0033 0.0104 0.0199 0.0355 0.037 0.0103 0.0356
0.0569 0.0346 0.0724 0.0013 0.018 0.0085 0.003 0.0075 0.0006 0.0085 0.1467 0.0788 0.0223 0.2714 0.2162 0.2001 0.3017 0.1181
C1909TS404_4 0.03058 0.0517 0.0651 0.0016 0.0746 0.0123 0.0343 0.0651 0.1169 0.0147 0.0437 0.01 0.0053 0.0044 0.0073 0.0194 0.0017 0.0098 0.0181 0.0032 0.0014
0.0052 0.0033 0.0099 0.0096 0.002 0.0082 0.0265 0.3584 0.0262 0.0788 0.0037 0.0044 0.0194 0.0093 0.0005 0.0086 0.0091 0.0185
C1909TS345_2 0.10109 0.107 0.3269 0.0233 0.0303 0.0886 0.3245 0.1622 0.0892 0.348 0.4038 0.1199 0.0288 0.0026 0.0138 0.0152 0.0199 0.0985 0.0107 0.0084 0.0185
0.1077 0.0061 0.1254 0.0236 0.0948 0.0021 0.2336 0.009 0.0597 0.0512 0.1405 0.0706 0.3652 0.0416 0.0171 0.0207 0.0394 0.1931
C1909TS152_4 0.15108 0.1665 0.2445 0.2554 0.6678 0.1585 0.0579 0.0327 0.0366 0.1286 0.0227 0.0508 0.0433 0.0063 0.0194 0.159 0.0447 0.0048 0.0247 0.0767 0.0376
0.0237 0.1152 0.3599 0.2899 0.6289 0.2024 0.2623 0.4827 0.1165 0.3531 0.1541 0.0094 0.4174 0.0121 0.0185 0.0181 0.0111 0.0272
C1909TS228_1 0.00535 0.014 0.005 0.0 0.0014 0.0014 0.0008 0.0011 0.0058 0.0023 0.0012 0.0053 0.002 0.0008 0.0008 0.0024 0.0043 0.0033 0.0022 0.0063 0.0146
0.0263 0.0406 0.0106 0.0106 0.0107 0.0039 0.0016 0.0023 0.0054 0.0035 0.0009 0.0006 0.0018 0.0001 0.0001 0.0041 0.0036 0.0019
C1909TS182_4 0.04677 0.0077 0.1035 0.0664 0.0948 0.0656 0.0029 0.026 0.0892 0.0121 0.0367 0.0044 0.0071 0.0175 0.007 0.0071 0.0195 0.0183 0.0092 0.0174 0.0425
0.037 0.0591 0.0445 0.0019 0.0087 0.0031 0.0023 0.0033 0.0011 0.0097 0.0383 0.0752 0.0505 0.1405 0.0796 0.2791 0.2026 0.0858
C1909TS299_1 0.10422 0.1556 0.4209 0.1397 0.2149 0.2009 0.2347 0.0339 0.0954 0.0775 0.0496 0.0887 0.0541 0.0749 0.0125 0.0351 0.0277 0.004 0.005 0.0303 0.0069
0.0178 0.0301 0.0256 0.0067 0.0054 0.0162 0.0128 0.1286 0.2444 0.1333 0.5621 0.0786 0.4146 0.0552 0.0272 0.1851 0.0234 0.0307
C1909TS228_2 0.00611 0.0188 0.0062 0.0 0.0006 0.0016 0.0023 0.0002 0.0093 0.0006 0.0046 0.0002 0.0017 0.0021 0.0037 0.0073 0.0047 0.003 0.0034 0.0083 0.01
0.0164 0.056 0.0207 0.0099 0.0107 0.0042 0.0016 0.0022 0.0037 0.0022 0.0016 0.0004 0.0011 0.0002 0.0002 0.002 0.0078 0.0028
C1909TS309_3 0.03346 0.0388 0.0877 0.0626 0.0113 0.0596 0.0402 0.0352 0.0394 0.0467 0.0363 0.0301 0.0174 0.0052 0.0059 0.0072 0.0471 0.0013 0.0098 0.0111 0.0033
0.0479 0.0424 0.0094 0.0042 0.0049 0.02 0.0227 0.1078 0.064 0.0237 0.1522 0.0117 0.012 0.0312 0.0143 0.0198 0.0241 0.0629
C1909TS389_4 0.07069 0.0841 0.2227 0.0087 0.0822 0.0413 0.0314 0.1055 0.0183 0.1103 0.2011 0.0171 0.2003 0.01 0.0142 0.015 0.0028 0.0089 0.0193 0.0461 0.0719
0.0964 0.0268 0.0377 0.0823 0.1068 0.002 0.0102 0.0205 0.0473 0.0933 0.1511 0.2465 0.2504 0.0468 0.0154 0.0242 0.021 0.0966
C1909TS158_4 0.00991 0.0641 0.0405 0.0328 0.0064 0.0042 0.0043 0.0033 0.0105 0.0073 0.0043 0.0024 0.005 0.0002 0.004 0.0072 0.0005 0.0002 0.0062 0.002 0.0014
0.0143 0.0324 0.033 0.003 0.0157 0.0218 0.0007 0.0006 0.0003 0.0006 0.0001 0.0003 0.0022 0.0013 0.0008 0.0037 0.0042 0.0344
C1909TS182_3 0.05026 0.1377 0.0579 0.0403 0.0233 0.0173 0.0444 0.0032 0.0425 0.1213 0.188 0.0947 0.0344 0.0045 0.0006 0.0043 0.0253 0.0007 0.0053 0.0106 0.021
0.0097 0.0069 0.0173 0.0253 0.0254 0.0029 0.0029 0.0009 0.0108 0.0039 0.0532 0.1215 0.2427 0.2098 0.0318 0.1108 0.0625 0.0944
C1909TS349_4 0.01363 0.0883 0.0306 0.0013 0.0006 0.0031 0.0008 0.0066 0.0231 0.0063 0.0008 0.0016 0.0108 0.0023 0.0013 0.01 0.0039 0.0057 0.0019 0.0107 0.0256
0.0147 0.0285 0.0116 0.0163 0.012 0.011 0.0001 0.0014 0.0018 0.0004 0.0005 0.007 0.0099 0.0021 0.0021 0.0463 0.0094 0.1076
C1909TS073_1 0.02605 0.0177 0.2496 0.0103 0.014 0.0041 0.0087 0.0036 0.0125 0.0017 0.0044 0.0006 0.0007 0.0004 0.0004 0.0085 0.0001 0.0001 0.0005 0.0043 0.0022
0.0682 0.0313 0.1591 0.0471 0.1374 0.0109 0.0243 0.033 0.0005 0.012 0.0027 0.0141 0.007 0.015 0.0474 0.0034 0.0108 0.0209
C1909TS369_1 0.14384 0.4078 0.3287 0.5549 0.3611 0.0912 0.0637 0.0078 0.0749 0.1549 0.0078 0.0297 0.0156 0.0114 0.0672 0.1024 0.1522 0.0284 0.0169 0.0358 0.1697
0.0314 0.0393 0.3292 0.2399 0.3232 0.5932 0.311 0.6716 0.0618 0.1075 0.0075 0.0203 0.0044 0.0158 0.0005 0.0109 0.001 0.0152
C1909TS389_2 0.01724 0.0693 0.0264 0.0059 0.0328 0.0422 0.0187 0.0049 0.0025 0.0101 0.0512 0.0023 0.0104 0.0041 0.0051 0.006 0.015 0.0002 0.0027 0.0077 0.0022
0.0049 0.069 0.0177 0.0432 0.0427 0.065 0.0126 0.0079 0.0095 0.0019 0.0125 0.0047 0.0019 0.0037 0.0006 0.002 0.0083 0.0278
C1909TS010_5 0.03452 0.073 0.2141 0.0651 0.0407 0.0342 0.0718 0.016 0.0045 0.0003 0.0035 0.0007 0.0022 0.0069 0.0001 0.0014 0.0002 0.0006 0.0001 0.0034 0.0008
0.0305 0.0305 0.007 0.1084 0.1903 0.1022 0.0733 0.0386 0.0403 0.0218 0.0068 0.0057 0.0241 0.0282 0.0101 0.0142 0.0255 0.0145
C1909TS228_5 0.00613 0.0127 0.0083 0.0 0.0002 0.0028 0.0014 0.0011 0.0034 0.0024 0.0014 0.0026 0.001 0.0007 0.0011 0.0036 0.003 0.0016 0.002 0.0083 0.0228
0.0346 0.0423 0.02 0.0102 0.0131 0.0058 0.0015 0.0021 0.0051 0.0042 0.0009 0.0006 0.0022 0.0001 0.0002 0.0046 0.0019 0.0033
C1909TS211_4 0.00828 0.0419 0.0123 0.001 0.0047 0.0073 0.0022 0.0038 0.0185 0.007 0.0193 0.0025 0.079 0.0066 0.0023 0.0007 0.0005 0.0 0.0005 0.0006 0.0006
0.0005 0.0011 0.0008 0.01 0.02 0.0014 0.0004 0.001 0.0018 0.0241 0.0002 0.0004 0.0032 0.0043 0.0088 0.0067 0.0137 0.0049
C1909TS247_1 0.0552 0.0835 0.1809 0.0226 0.1662 0.0334 0.0661 0.0307 0.0319 0.0856 0.0054 0.0084 0.025 0.0007 0.0297 0.0328 0.1163 0.0049 0.006 0.0212 0.0058
0.01 0.0899 0.1062 0.0099 0.0307 0.0356 0.0019 0.0086 0.1211 0.0142 0.1036 0.0939 0.3611 0.0647 0.0075 0.0493 0.009 0.0233
C1909TS413_5 0.01774 0.0136 0.074 0.0968 0.0184 0.0115 0.0058 0.0016 0.0038 0.0028 0.0054 0.0017 0.0165 0.0032 0.013 0.0076 0.0226 0.0095 0.009 0.0048 0.0214
0.036 0.039 0.079 0.0489 0.0615 0.0133 0.004 0.0027 0.0023 0.0014 0.0005 0.002 0.0007 0.0096 0.005 0.0052 0.0077 0.0122
C1909TS087_1 0.01642 0.0781 0.1435 0.0205 0.0087 0.0024 0.0003 0.0005 0.0051 0.0037 0.0108 0.001 0.003 0.005 0.0011 0.0073 0.0152 0.0112 0.0079 0.0117 0.0407
0.0055 0.0076 0.1034 0.0335 0.0203 0.0017 0.0012 0.0005 0.0002 0.0002 0.0035 0.0012 0.0021 0.0031 0.013 0.028 0.0122 0.0091
C1909TS211_2 0.03054 0.0167 0.0606 0.0199 0.0021 0.0008 0.0014 0.0053 0.01 0.0018 0.016 0.001 0.0062 0.0056 0.003 0.0032 0.0047 0.0018 0.0013 0.0047 0.0188
0.0737 0.0199 0.0326 0.0142 0.026 0.0102 0.2028 0.002 0.0334 0.0005 0.0184 0.0324 0.0072 0.0399 0.0568 0.0854 0.1161 0.2041
C1909TS258_2 0.23656 0.2766 0.5997 0.2897 0.9391 0.1018 0.7607 0.0651 0.0895 0.0254 0.0517 0.0497 0.0875 0.0387 0.0197 0.1858 0.1397 0.0338 0.2037 0.0866 0.1146
0.0238 0.4797 0.4061 0.306 0.2116 0.897 0.7339 0.6637 0.1668 0.1855 0.0471 0.0912 0.0336 0.0304 0.0344 0.2275 0.1363 0.1555
C1909TS211_5 0.00454 0.0301 0.0027 0.0005 0.0016 0.0036 0.0004 0.0006 0.0091 0.0009 0.0126 0.0118 0.0247 0.0037 0.0011 0.0018 0.0008 0.0 0.0003 0.0003 0.0001
0.0 0.003 0.0003 0.006 0.0156 0.0008 0.0005 0.0006 0.001 0.0048 0.0003 0.0003 0.0017 0.0021 0.0008 0.0092 0.0149 0.004
C1909TS369_3 0.09874 0.1989 0.3706 0.5595 0.1165 0.0771 0.082 0.0017 0.0333 0.0126 0.0051 0.007 0.0188 0.0081 0.0066 0.0283 0.0408 0.017 0.0122 0.0344 0.0474
0.0211 0.245 0.1609 0.2469 0.2348 0.2449 0.6893 0.0267 0.0886 0.0184 0.0035 0.0236 0.0019 0.0051 0.0004 0.0119 0.0416 0.0101
C1909TS211_3 0.0097 0.0075 0.0137 0.0012 0.0012 0.0005 0.0005 0.0001 0.0067 0.0039 0.0843 0.0034 0.0309 0.0018 0.0023 0.0226 0.0001 0.0 0.0005 0.0004 0.0002
0.0019 0.0229 0.005 0.0205 0.0484 0.0037 0.0078 0.0008 0.0063 0.0212 0.0006 0.0007 0.0005 0.0084 0.0021 0.001 0.024 0.0112
C1909TS299_5 0.01903 0.0094 0.0374 0.0025 0.001 0.0032 0.004 0.0074 0.0134 0.0152 0.0274 0.0107 0.0101 0.0009 0.0008 0.0212 0.0033 0.0031 0.0036 0.0124 0.0083
0.029 0.0211 0.0788 0.0519 0.0443 0.0516 0.0235 0.0081 0.0044 0.0092 0.0266 0.0325 0.0588 0.0138 0.0137 0.0056 0.0106 0.0443
C1909TS438_4 0.16113 0.5563 0.4864 0.7269 0.6056 0.179 0.1136 0.041 0.0533 0.0581 0.0213 0.0085 0.0298 0.0068 0.0381 0.1233 0.2327 0.0146 0.0266 0.1505 0.0611
0.0454 0.1183 0.5631 0.1743 0.2376 0.3532 0.5275 0.4213 0.0177 0.0884 0.0005 0.0012 0.0019 0.0004 0.0003 0.0013 0.0046 0.0324
C1909TS228_3 0.00799 0.0074 0.0092 0.0004 0.0002 0.0007 0.001 0.0001 0.0096 0.0047 0.0046 0.0028 0.0046 0.0026 0.0011 0.0194 0.0207 0.0064 0.0045 0.0045 0.0064
0.038 0.065 0.0222 0.0055 0.0078 0.017 0.0006 0.0094 0.0052 0.0027 0.0016 0.0048 0.0005 0.0004 0.0001 0.0018 0.0013 0.0085
C1909TS258_3 0.14241 0.071 0.16 0.208 0.3304 0.0467 0.2513 0.0758 0.0655 0.0271 0.0608 0.0321 0.0308 0.0236 0.0658 0.1665 0.2682 0.0306 0.0673 0.0458 0.0936
0.0278 0.2825 0.1965 0.2415 0.4747 0.8233 0.2496 0.5808 0.1615 0.0361 0.0085 0.0325 0.0023 0.0158 0.0055 0.0101 0.0429 0.0991
C1909TS240_2 0.04761 0.0304 0.1674 0.0474 0.0608 0.0246 0.171 0.0622 0.1186 0.0632 0.1098 0.0018 0.0009 0.0011 0.0002 0.0001 0.0 0.0002 0.0 0.0011 0.0004
0.0008 0.0023 0.0044 0.0033 0.0089 0.0145 0.0051 0.0163 0.0637 0.033 0.1637 0.032 0.2852 0.0801 0.0696 0.0885 0.0372 0.0394
C1909TS247_4 0.09975 0.1194 0.3861 0.0739 0.2029 0.1791 0.1087 0.0882 0.057 0.3641 0.0745 0.0107 0.0318 0.0158 0.0266 0.0208 0.049 0.011 0.0022 0.0189 0.0113
0.0078 0.0121 0.05 0.0017 0.0256 0.0075 0.0042 0.0575 0.2282 0.1185 0.3108 0.0418 0.6452 0.2046 0.0377 0.0655 0.0596 0.0605
C1909TS359_1 0.03491 0.0691 0.0813 0.0322 0.0894 0.0223 0.0252 0.0294 0.0965 0.1934 0.004 0.0031 0.015 0.0006 0.0024 0.0142 0.0091 0.0052 0.0028 0.153 0.0144
0.0172 0.0559 0.0665 0.0053 0.0092 0.007 0.011 0.0113 0.0105 0.0057 0.0313 0.0191 0.0569 0.028 0.0023 0.0156 0.0404 0.071
C1909TS200_1 0.12713 0.2562 0.152 0.0953 0.3075 0.0989 0.1716 0.1482 0.1601 0.1425 0.139 0.0121 0.144 0.0148 0.0217 0.1158 0.0763 0.0035 0.0354 0.0303 0.0114
0.0396 0.0501 0.0938 0.0184 0.0023 0.0086 0.127 0.2132 0.0449 0.2666 0.4233 0.0582 0.5869 0.2273 0.0341 0.2171 0.1882 0.0947
C1909TS273_4 0.02157 0.0996 0.0771 0.0192 0.0034 0.0331 0.0168 0.0161 0.0032 0.0122 0.1528 0.0035 0.005 0.007 0.0014 0.0023 0.0001 0.0001 0.0 0.0011 0.0003
0.0316 0.0046 0.0099 0.0168 0.0239 0.0096 0.0097 0.0026 0.002 0.0056 0.0123 0.0015 0.0647 0.0385 0.0529 0.0089 0.0147 0.0559
C1909TS213_4 0.11972 0.2492 0.4475 0.1016 0.4506 0.0582 0.0781 0.0129 0.1262 0.0359 0.0046 0.0163 0.0985 0.0367 0.0125 0.1502 0.1118 0.0419 0.021 0.1012 0.0444
0.022 0.0833 0.1335 0.1898 0.2787 0.2691 0.5082 0.2535 0.0497 0.0844 0.159 0.0144 0.108 0.023 0.0147 0.031 0.0081
C1909TS438_2 0.13212 0.1526 0.3311 0.4097 0.4945 0.0767 0.2003 0.0481 0.0127 0.0452 0.0093 0.0115 0.0591 0.0033 0.0511 0.1491 0.1265 0.0072 0.0225 0.0756 0.0789
0.0484 0.0545 0.2544 0.1398 0.6365 0.3565 0.4311 0.5708 0.0182 0.1121 0.0011 0.0041 0.0006 0.0006 0.0003 0.0044 0.0077 0.0144
C1909TS003_2 0.00731 0.1118 0.0748 0.0075 0.0045 0.001 0.0005 0.0003 0.004 0.0003 0.029 0.0006 0.0036 0.0004 0.0 0.0002 0.0 0.0001 0.0001 0.0013 0.001
0.0012 0.0125 0.0085 0.0007 0.0023 0.0055 0.0003 0.0006 0.0001 0.0009 0.0001 0.0002 0.0008 0.0002 0.0003 0.0017 0.0006 0.0003
C1909TS405_2 0.01223 0.0277 0.0389 0.0049 0.0073 0.0056 0.0007 0.0066 0.0104 0.01 0.0576 0.0015 0.0257 0.0006 0.0012 0.0001 0.0007 0.0006 0.0001 0.0003 0.0044
0.004 0.0339 0.0128 0.0105 0.0052 0.0033 0.001 0.0073 0.0001 0.0012 0.005 0.0104 0.0338 0.0251 0.0066 0.0596 0.0098 0.0301
C1909TS299_2 0.03475 0.0691 0.0912 0.0592 0.1004 0.0721 0.0159 0.022 0.0336 0.0971 0.0304 0.0085 0.0153 0.0098 0.008 0.0106 0.0225 0.0047 0.0023 0.009 0.0083
0.0146 0.0063 0.1424 0.0203 0.0103 0.0048 0.0019 0.0121 0.0134 0.0224 0.0271 0.0899 0.0948 0.0251 0.005 0.0899 0.0267 0.0234
C1909TS123_2 0.10139 0.3225 0.3134 0.0879 0.3855 0.0345 0.0582 0.0017 0.0344 0.0268 0.0027 0.0172 0.0231 0.0057 0.028 0.1105 0.1512 0.0052 0.0292 0.0443 0.0733
0.0213 0.0666 0.5517 0.1957 0.1267 0.566 0.3452 0.1311 0.0129 0.0647 0.0004 0.0013 0.0013 0.0012 0.0003 0.0051 0.0022 0.0039
C1909TS044_1 0.02742 0.0605 0.1204 0.0458 0.0015 0.0074 0.0023 0.0002 0.0147 0.0004 0.013 0.0001 0.0354 0.001 0.0006 0.0013 0.0001 0.0 0.0003 0.0006 0.0398
0.0832 0.0071 0.062 0.0271 0.0806 0.0482 0.0039 0.0026 0.0007 0.0008 0.0192 0.0143 0.0598 0.0193 0.0159 0.2063 0.0385 0.0071
C1909TS345_4 0.34461 0.7268 0.7364 0.4089 0.8268 0.0823 0.796 0.1755 0.2304 0.4165 0.9474 0.8394 0.7179 0.0456 0.1019 0.2117 0.0485 0.0338 0.0332 0.0256 0.011
0.0955 0.0687 0.1161 0.0362 0.1413 0.1014 0.0871 0.0151 0.031 0.064 0.8716 0.9658 0.8572 0.1466 0.4714 0.7456 0.2248 0.6401
C1909TS054_4 0.03374 0.018 0.0955 0.0023 0.0327 0.0157 0.0168 0.0518 0.0405 0.0927 0.088 0.0139 0.0116 0.0051 0.0053 0.0154 0.0143 0.0038 0.0008 0.006 0.0049
0.0098 0.006 0.0461 0.021 0.0048 0.0005 0.0001 0.0028 0.0002 0.004 0.0022 0.0042 0.0261 0.1854 0.044 0.1872 0.0585 0.1442
C1909TS054_3 0.02101 0.039 0.1584 0.0088 0.0039 0.0172 0.0011 0.0027 0.1327 0.0021 0.0206 0.0058 0.0183 0.0074 0.0008 0.0006 0.0052 0.0011 0.0004 0.0064 0.0104
0.0175 0.0016 0.057 0.0223 0.0102 0.0017 0.0006 0.0007 0.0003 0.0004 0.0001 0.0019 0.0075 0.02 0.0668 0.0469 0.0732 0.0268
C1909TS158_2 0.1361 0.0954 0.3066 0.1986 0.6333 0.2211 0.0693 0.0085 0.0091 0.064 0.0226 0.025 0.0751 0.0168 0.0133 0.0986 0.1806 0.0063 0.009 0.0587 0.1256
0.0245 0.1053 0.5668 0.0695 0.1935 0.4342 0.4292 0.5 0.0476 0.0984 0.0771 0.013 0.0626 0.0199 0.1244 0.052 0.0212 0.0952
C1909TS054_2 0.02997 0.0601 0.2089 0.014 0.0152 0.0054 0.0207 0.0045 0.0707 0.029 0.3204 0.0014 0.0064 0.0061 0.0045 0.0108 0.0043 0.0058 0.0008 0.0155 0.0092
0.0116 0.0035 0.0422 0.0173 0.0049 0.0034 0.0017 0.0031 0.0026 0.028 0.0199 0.0696 0.0108 0.0042 0.0017 0.021 0.0117 0.0679
C1909TS066_2 0.00791 0.0179 0.0396 0.004 0.0006 0.0018 0.0018 0.0049 0.0038 0.0 0.0008 0.0012 0.0067 0.0007 0.002 0.0013 0.0091 0.0001 0.0048 0.007 0.0047
0.0148 0.0373 0.0604 0.008 0.0085 0.0043 0.0012 0.0029 0.001 0.0006 0.0016 0.0026 0.0009 0.0024 0.0017 0.0032 0.0017 0.0345
C1909TS211_1 0.03913 0.0521 0.1089 0.0181 0.0407 0.0399 0.2243 0.0129 0.2544 0.0152 0.0356 0.003 0.0166 0.0176 0.0061 0.0021 0.0172 0.001 0.0005 0.0048 0.0066
0.0047 0.0079 0.098 0.0122 0.0065 0.0013 0.0058 0.002 0.0191 0.0218 0.0378 0.0621 0.2686 0.0125 0.0162 0.0108 0.0041 0.0179
C1909TS003_3 0.00376 0.0449 0.0226 0.0005 0.0006 0.0022 0.0013 0.0003 0.0012 0.0005 0.0009 0.0004 0.0047 0.0006 0.0004 0.0007 0.0006 0.0002 0.0034 0.003 0.0005
0.0079 0.0033 0.0074 0.0105 0.0036 0.0002 0.0002 0.0002 0.0001 0.0001 0.0002 0.0 0.0004 0.0001 0.0 0.0044 0.0083 0.0064
C1909TS309_4 0.06805 0.209 0.1411 0.0215 0.0631 0.0754 0.0865 0.0437 0.0917 0.1763 0.1202 0.0021 0.0768 0.1357 0.019 0.0324 0.0912 0.0157 0.0024 0.0052 0.0162
0.0388 0.0542 0.0707 0.0042 0.0123 0.0269 0.0281 0.125 0.0219 0.2215 0.0341 0.2768 0.0506 0.1519 0.0017 0.0086 0.0028 0.0304
C1909TS230_5 0.01418 0.0246 0.118 0.0189 0.0067 0.0099 0.0643 0.0085 0.0151 0.0151 0.0087 0.0018 0.0051 0.0011 0.0023 0.0053 0.0065 0.0007 0.0008 0.0026 0.0103
0.0075 0.0077 0.0484 0.0071 0.007 0.0046 0.0055 0.0015 0.0035 0.0301 0.033 0.0028 0.0063 0.0186 0.0066 0.0073 0.0032 0.0118
C1909TS278_2 0.03475 0.0691 0.0912 0.0592 0.1004 0.0721 0.0159 0.022 0.0336 0.0971 0.0304 0.0085 0.0153 0.0098 0.008 0.0106 0.0225 0.0047 0.0023 0.009 0.0083
0.0146 0.0063 0.1424 0.0203 0.0103 0.0048 0.0019 0.0121 0.0134 0.0224 0.0271 0.0899 0.0948 0.0251 0.005 0.0899 0.0267 0.0234
C1909TS438_5 0.13503 0.2368 0.2199 0.3411 0.7308 0.1433 0.2492 0.0419 0.0083 0.0511 0.0161 0.0349 0.0552 0.0318 0.0129 0.0759 0.199 0.0104 0.1199 0.1042 0.0382
0.0356 0.0876 0.2877 0.2215 0.2981 0.3581 0.3029 0.4206 0.0207 0.0855 0.0305 0.0069 0.0212 0.0086 0.0106 0.0336 0.0455 0.1351
C1909TS240_3 0.00708 0.0272 0.0763 0.0009 0.0043 0.0033 0.0013 0.0067 0.0294 0.0052 0.0085 0.0017 0.0003 0.0 0.0 0.0001 0.0 0.0 0.0001 0.0003 0.0014
0.002 0.0033 0.0202 0.0016 0.0068 0.0147 0.0086 0.0061 0.0015 0.0015 0.0001 0.0029 0.0006 0.0027 0.0035 0.0028 0.0034 0.0198
C1909TS247_2 0.03897 0.0777 0.0968 0.053 0.0451 0.0226 0.0429 0.0675 0.0171 0.0329 0.0261 0.0113 0.009 0.0005 0.0017 0.0187 0.0098 0.0005 0.0058 0.0409 0.0058
0.0276 0.0261 0.1653 0.0152 0.0998 0.0192 0.0017 0.0596 0.0089 0.0112 0.1091 0.1406 0.139 0.0058 0.0191 0.0241 0.0032 0.0201
C1909TS438_3 0.09512 0.165 0.2631 0.188 0.4268 0.184 0.1037 0.0119 0.0253 0.0464 0.0087 0.006 0.0312 0.0079 0.0262 0.1139 0.0975 0.0082 0.0282 0.0487 0.0182
0.1561 0.2008 0.2117 0.1677 0.2358 0.1374 0.2913 0.2697 0.0242 0.0417 0.0004 0.0034 0.0009 0.003 0.0005 0.0044 0.0055 0.0511
C1909TS213_5 0.16322 0.2877 0.44 0.1045 0.4653 0.061 0.3476 0.0327 0.0783 0.0109 0.0093 0.0152 0.0606 0.0612 0.0479 0.16 0.0793 0.006 0.0239 0.0892 0.1376
0.0223 0.0525 0.2004 0.6124 0.1669 0.6949 0.7344 0.4241 0.1014 0.0652 0.0844 0.0275 0.1669 0.112 0.0057 0.0337 0.0165
C1909TS404_5 0.04106 0.0816 0.1231 0.0628 0.0552 0.0993 0.0493 0.0111 0.0242 0.0212 0.0093 0.007 0.0028 0.0029 0.0018 0.003 0.0015 0.0044 0.0042 0.0003 0.0029
0.0034 0.0146 0.0316 0.0197 0.0776 0.0129 0.029 0.2315 0.11 0.0085 0.1735 0.0349 0.1167 0.0148 0.0264 0.0331 0.0171 0.0373
C1909TS247_3 0.02468 0.0166 0.0233 0.0143 0.0384 0.0184 0.106 0.015 0.0102 0.0268 0.0082 0.0074 0.0134 0.0008 0.0096 0.0049 0.0531 0.0005 0.0017 0.0043 0.0183
0.0107 0.1557 0.0387 0.0088 0.0258 0.0276 0.0042 0.0036 0.0032 0.0289 0.0026 0.0376 0.0263 0.0413 0.0309 0.0451 0.0104 0.0455
C1909TS102_2 0.07812 0.0638 0.198 0.0263 0.3685 0.0628 0.052 0.08 0.0288 0.0756 0.0693 0.0225 0.0267 0.0228 0.0272 0.0535 0.0614 0.0056 0.0118 0.026 0.0425
0.0104 0.0391 0.1003 0.0734 0.1108 0.0104 0.0237 0.0187 0.2299 0.0623 0.0907 0.1512 0.4873 0.0643 0.0338 0.0798 0.0284 0.0292
C1909TS278_3 0.06179 0.0366 0.1421 0.1686 0.1092 0.1645 0.1058 0.0101 0.0797 0.2236 0.0331 0.0306 0.0173 0.0018 0.0012 0.0227 0.0347 0.0288 0.0031 0.0407 0.0096
0.0089 0.04 0.0518 0.0106 0.023 0.0147 0.0022 0.0078 0.0413 0.0295 0.3703 0.0106 0.2192 0.0675 0.032 0.0596 0.0642 0.031
C1909TS345_3 0.09331 0.0927 0.1171 0.0358 0.0235 0.4539 0.036 0.4763 0.0311 0.2636 0.0949 0.027 0.0142 0.0103 0.0498 0.006 0.018 0.1601 0.0083 0.0088 0.0074
0.201 0.0048 0.0906 0.0246 0.1062 0.0029 0.0051 0.0013 0.0019 0.0021 0.0106 0.011 0.3024 0.0059 0.1419 0.3524 0.2208 0.1255
C1909TS349_5 0.01422 0.0969 0.03 0.0024 0.0006 0.0023 0.0027 0.0069 0.0135 0.0117 0.001 0.0022 0.0143 0.0046 0.0019 0.008 0.0034 0.0041 0.002 0.0286 0.0245
0.0283 0.0344 0.0209 0.0204 0.0128 0.017 0.0002 0.0029 0.0015 0.0004 0.0006 0.009 0.0023 0.0006 0.0018 0.0349 0.0055 0.0851
C1909TS278_1 0.10422 0.1556 0.4209 0.1397 0.2149 0.2009 0.2347 0.0339 0.0954 0.0775 0.0496 0.0887 0.0541 0.0749 0.0125 0.0351 0.0277 0.004 0.005 0.0303 0.0069
0.0178 0.0301 0.0256 0.0067 0.0054 0.0162 0.0128 0.1286 0.2444 0.1333 0.5621 0.0786 0.4146 0.0552 0.0272 0.1851 0.0234 0.0307
C1909TS273_3 0.03145 0.0646 0.1463 0.1131 0.0275 0.0347 0.0643 0.0064 0.0023 0.0003 0.0025 0.0051 0.0039 0.0045 0.0001 0.0065 0.0001 0.0001 0.0001 0.0009 0.0002
0.008 0.0074 0.0126 0.0963 0.054 0.2042 0.052 0.0139 0.0171 0.0336 0.0183 0.0027 0.0311 0.0587 0.0206 0.0307 0.0321 0.0186
C1909TS405_1 0.02497 0.0938 0.0593 0.0078 0.0102 0.0293 0.0497 0.0055 0.0108 0.0004 0.0191 0.0007 0.034 0.0039 0.0009 0.0003 0.001 0.0 0.0026 0.0065 0.0476
0.0091 0.1315 0.0589 0.139 0.0355 0.0064 0.0117 0.0132 0.0221 0.0039 0.0225 0.0045 0.0085 0.0134 0.0037 0.0162 0.0073 0.0578
C1909TS230_4 0.06426 0.1672 0.4813 0.0367 0.0468 0.1569 0.0486 0.0355 0.0079 0.0171 0.0642 0.0334 0.0243 0.0332 0.0331 0.0304 0.0308 0.0132 0.0226 0.0356 0.0326
0.0776 0.1198 0.0077 0.0784 0.0834 0.0381 0.0148 0.0374 0.0026 0.0184 0.0015 0.0497 0.0472 0.0221 0.017 0.0647 0.3047 0.1053
C1909TS010_3 0.0153 0.0057 0.0479 0.0018 0.0002 0.0001 0.0061 0.0016 0.0046 0.0131 0.0628 0.0008 0.0035 0.0013 0.0074 0.0048 0.0 0.0014 0.0001 0.0049 0.0011
0.0086 0.0144 0.0062 0.0113 0.0706 0.0126 0.0039 0.0035 0.0111 0.011 0.0042 0.0225 0.0225 0.1366 0.0048 0.0075 0.0204 0.0403
C1909TS240_5 0.01167 0.0608 0.1076 0.0014 0.0064 0.0043 0.0022 0.0038 0.0415 0.0222 0.0043 0.0078 0.0047 0.0001 0.0002 0.0001 0.0 0.0 0.0 0.0001 0.0003
0.0045 0.0012 0.0012 0.011 0.0034 0.0013 0.0001 0.0007 0.0001 0.0002 0.0011 0.0018 0.0261 0.0088 0.0099 0.023 0.0471 0.034
C1909TS389_3 0.01873 0.0418 0.057 0.0122 0.01 0.0269 0.0131 0.0087 0.0273 0.0434 0.0551 0.008 0.0176 0.0172 0.0031 0.0271 0.0009 0.0022 0.0249 0.003 0.0014
0.0062 0.0128 0.0081 0.0501 0.0375 0.0181 0.0156 0.005 0.0036 0.1122 0.0056 0.0088 0.0037 0.0021 0.0009 0.001 0.0048 0.0147
C1909TS087_3 0.16594 0.3405 0.4519 0.4011 0.4485 0.1443 0.1781 0.1717 0.4137 0.1699 0.1721 0.1132 0.0568 0.0279 0.1385 0.0452 0.0603 0.0453 0.0293 0.025 0.0424
0.0186 0.024 0.0897 0.0616 0.0223 0.009 0.0047 0.1381 0.3182 0.2182 0.5833 0.1297 0.6037 0.3332 0.0899 0.0885 0.0587 0.0385
C1909TS073_5 0.00952 0.019 0.0106 0.0066 0.0034 0.0021 0.0017 0.0018 0.0635 0.0034 0.0032 0.0 0.0008 0.0014 0.0006 0.0008 0.0005 0.0001 0.0003 0.0003 0.0022
0.0593 0.0097 0.0518 0.0105 0.0096 0.0263 0.0128 0.0064 0.0061 0.0032 0.0018 0.001 0.0022 0.004 0.0006 0.0098 0.0016 0.0226
C1909TS389_5 0.11295 0.155 0.4373 0.1773 0.313 0.0912 0.0953 0.0715 0.0214 0.0374 0.1612 0.0087 0.0501 0.0031 0.0088 0.0449 0.0501 0.0724 0.0236 0.0156 0.0589
0.3268 0.1735 0.1355 0.0652 0.0584 0.0678 0.1473 0.0343 0.0055 0.0457 0.005 0.0275 0.1353 0.0505 0.1906 0.1489 0.2729 0.5046
C1909TS010_2 0.02031 0.132 0.026 0.0201 0.0068 0.038 0.0249 0.0786 0.0187 0.0121 0.0431 0.0004 0.0041 0.005 0.0006 0.0083 0.0002 0.0005 0.0 0.0156 0.0003
0.0193 0.0152 0.0053 0.0223 0.0397 0.0528 0.0217 0.0203 0.0017 0.0079 0.0154 0.0012 0.0095 0.0178 0.0114 0.01 0.0283 0.0366
C1909TS413_2 0.01302 0.0241 0.0193 0.0142 0.011 0.0066 0.0048 0.0002 0.0015 0.0076 0.0027 0.0019 0.0167 0.0009 0.0076 0.007 0.004 0.0007 0.005 0.0199 0.0278
0.0379 0.0585 0.1104 0.0335 0.0094 0.005 0.0001 0.0034 0.0005 0.0006 0.0012 0.0031 0.0009 0.0012 0.0012 0.0006 0.0033 0.0406
C1909TS182_5 0.04046 0.0257 0.0922 0.0887 0.057 0.1602 0.0201 0.0782 0.0727 0.0072 0.016 0.0032 0.0095 0.0089 0.0034 0.0096 0.0283 0.0138 0.0111 0.0097 0.0211
0.0654 0.0533 0.0398 0.0025 0.0073 0.002 0.0106 0.0113 0.0003 0.009 0.0823 0.016 0.0099 0.0635 0.0506 0.1314 0.1857 0.0598
C1909TS067_5 0.01002 0.0484 0.0077 0.0003 0.0024 0.0079 0.002 0.0019 0.0825 0.0017 0.0042 0.0011 0.0011 0.0005 0.0003 0.0011 0.0003 0.001 0.0005 0.0029 0.0045
0.0116 0.0076 0.0209 0.0728 0.0111 0.0022 0.0004 0.0078 0.0031 0.0021 0.0001 0.0008 0.0036 0.0005 0.0002 0.0113 0.0009 0.0512
C1909TS210_4 0.02047 0.1525 0.0654 0.0057 0.0314 0.0229 0.0009 0.0034 0.0536 0.0566 0.0688 0.0142 0.0415 0.0158 0.0047 0.022 0.0005 0.0007 0.0003 0.0048 0.0268
0.0107 0.03 0.0287 0.011 0.011 0.0112 0.0048 0.0035 0.0024 0.0003 0.0047 0.0059 0.0024 0.015 0.0045 0.0082 0.0126 0.0183
C1909TS230_1 0.12715 0.0906 0.203 0.1951 0.1331 0.1418 0.4544 0.0248 0.3452 0.2444 0.1563 0.0623 0.1051 0.0425 0.0965 0.0187 0.0363 0.0274 0.0101 0.015 0.0884
0.0254 0.0264 0.0898 0.055 0.0728 0.1463 0.0137 0.2534 0.1061 0.0827 0.204 0.2752 0.0282 0.2351 0.0078 0.3433 0.2532 0.1221
C1909TS278_5 0.01903 0.0094 0.0374 0.0025 0.001 0.0032 0.004 0.0074 0.0134 0.0152 0.0274 0.0107 0.0101 0.0009 0.0008 0.0212 0.0033 0.0031 0.0036 0.0124 0.0083
0.029 0.0211 0.0788 0.0519 0.0443 0.0516 0.0235 0.0081 0.0044 0.0092 0.0266 0.0325 0.0588 0.0138 0.0137 0.0056 0.0106 0.0443
C1909TS067_1 0.01002 0.0484 0.0077 0.0003 0.0024 0.0079 0.002 0.0019 0.0825 0.0017 0.0042 0.0011 0.0011 0.0005 0.0003 0.0011 0.0003 0.001 0.0005 0.0029 0.0045
0.0116 0.0076 0.0209 0.0728 0.0111 0.0022 0.0004 0.0078 0.0031 0.0021 0.0001 0.0008 0.0036 0.0005 0.0002 0.0113 0.0009 0.0512
C1909TS273_1 0.03291 0.0881 0.2609 0.023 0.015 0.1278 0.0059 0.0826 0.0533 0.0968 0.0592 0.0048 0.0365 0.0026 0.0119 0.0 0.0001 0.0008 0.0001 0.0006 0.0005
0.0018 0.0191 0.0149 0.0308 0.0414 0.0402 0.0377 0.0248 0.0046 0.0063 0.0184 0.0085 0.009 0.05 0.0303 0.0224 0.0054 0.014
C1909TS087_4 0.13881 0.0881 0.4889 0.3736 0.4912 0.2138 0.1515 0.0195 0.0169 0.2435 0.2352 0.2979 0.0719 0.0327 0.0744 0.1942 0.0079 0.0178 0.0351 0.0133 0.0249
0.0674 0.0661 0.0869 0.0712 0.0776 0.0923 0.4477 0.0303 0.0474 0.096 0.1776 0.085 0.3567 0.3511 0.0254 0.0621 0.0163 0.0253
C1909TS215_4 0.09541 0.1096 0.1493 0.0479 0.3326 0.4204 0.1029 0.0033 0.5971 0.2793 0.1956 0.0369 0.0633 0.0334 0.011 0.0196 0.0142 0.0139 0.0055 0.0123 0.0161
0.0889 0.047 0.1007 0.1204 0.054 0.015 0.0162 0.0672 0.0429 0.2012 0.0981 0.0782 0.0377 0.043 0.0108 0.0099 0.0305 0.1002
C1909TS210_5 0.21089 0.2319 0.5435 0.1398 0.384 0.1307 0.1361 0.0894 0.0698 0.0809 0.4749 0.04 0.0602 0.0798 0.1792 0.1361 0.0477 0.1174 0.0249 0.1189 0.2665
0.2269 0.028 0.1956 0.0082 0.2464 0.3647 0.5272 0.2545 0.4719 0.132 0.1852 0.6133 0.3782 0.145 0.1122 0.0578 0.4752 0.2396
C1909TS067_2 0.00463 0.0208 0.0247 0.0031 0.0011 0.0002 0.0003 0.0003 0.0022 0.0 0.0015 0.0002 0.0015 0.0004 0.0004 0.0005 0.0002 0.0019 0.0009 0.0023 0.0016
0.0218 0.0286 0.0072 0.0127 0.01 0.0045 0.0093 0.0023 0.0006 0.0002 0.0 0.0001 0.0039 0.0002 0.0001 0.0012 0.0075 0.0018
C1909TS210_2 0.01545 0.1662 0.0371 0.0108 0.0108 0.0036 0.0027 0.0389 0.0033 0.0321 0.0174 0.0019 0.0059 0.0013 0.0021 0.0077 0.0001 0.0021 0.0008 0.0108 0.0026
0.0016 0.0158 0.018 0.0484 0.0243 0.0366 0.0027 0.0011 0.0003 0.0002 0.0056 0.001 0.0086 0.0127 0.0029 0.017 0.007 0.0253
C1909TS413_4 0.01541 0.0342 0.0317 0.027 0.0136 0.0443 0.002 0.004 0.0038 0.0014 0.0003 0.0001 0.0044 0.0003 0.0011 0.0228 0.0154 0.0026 0.008 0.0606 0.0312
0.0114 0.0185 0.1841 0.0056 0.004 0.01 0.0032 0.0022 0.0019 0.0109 0.0012 0.0006 0.0032 0.0046 0.0007 0.0022 0.0043 0.0082
C1909TS413_1 0.01914 0.0028 0.0218 0.005 0.0042 0.0148 0.0338 0.0025 0.0293 0.001 0.0154 0.0084 0.0018 0.0027 0.013 0.0297 0.0078 0.0078 0.0045 0.0166 0.0254
0.1502 0.0206 0.0587 0.0658 0.0664 0.0031 0.0013 0.0035 0.0134 0.0018 0.0007 0.0076 0.0047 0.0015 0.0001 0.0129 0.0134 0.0533
C1909TS213_3 0.15753 0.2027 0.467 0.1928 0.6916 0.0944 0.2435 0.0186 0.1097 0.0242 0.014 0.0066 0.0926 0.0404 0.0631 0.2048 0.2715 0.0206 0.0285 0.2405 0.1489
0.0844 0.1566 0.1945 0.2152 0.1555 0.4895 0.4296 0.3857 0.0278 0.0718 0.1608 0.0111 0.0877 0.1044 0.0161 0.0515 0.0102
C1909TS213_1 0.14857 0.1235 0.1801 0.0583 0.4618 0.0633 0.2636 0.0346 0.1063 0.0246 0.0107 0.0059 0.0162 0.0283 0.0054 0.1224 0.3012 0.009 0.0133 0.2131 0.1399
0.0205 0.1376 0.315 0.2064 0.4024 0.2605 0.2394 0.5665 0.1077 0.0642 0.3892 0.0101 0.0955 0.4023 0.0226 0.0521 0.0237
C1909TS405_5 0.01925 0.0808 0.0374 0.0018 0.0085 0.0013 0.0021 0.0184 0.0104 0.0078 0.042 0.002 0.0076 0.0034 0.001 0.0001 0.0 0.0001 0.0022 0.0013 0.0055
0.0071 0.0322 0.0242 0.0056 0.0068 0.0061 0.1117 0.0349 0.0035 0.0055 0.0264 0.0152 0.1057 0.0293 0.0048 0.0371 0.0066 0.0352
C1909TS273_2 0.01321 0.0083 0.0056 0.0029 0.0011 0.0008 0.0039 0.0004 0.0335 0.0116 0.0292 0.0027 0.0089 0.0095 0.0012 0.0042 0.0 0.0018 0.0001 0.0009 0.0003
0.0169 0.0192 0.0126 0.0061 0.0398 0.0061 0.0087 0.001 0.0032 0.0035 0.0015 0.0255 0.016 0.1528 0.0158 0.0081 0.0194 0.0189
C1909TS158_5 0.0775 0.087 0.4001 0.162 0.1107 0.0467 0.0139 0.0118 0.1071 0.0332 0.0265 0.0105 0.0406 0.032 0.0056 0.0168 0.076 0.0035 0.0139 0.0945 0.0707
0.0262 0.0624 0.2103 0.2128 0.3428 0.1007 0.2997 0.0637 0.0907 0.0067 0.0068 0.0133 0.0117 0.0306 0.0164 0.0354 0.0177 0.0337
C1909TS066_1 0.03049 0.0872 0.1216 0.0127 0.0543 0.0096 0.0115 0.0187 0.108 0.0422 0.0077 0.0037 0.013 0.0222 0.0089 0.0167 0.0309 0.0149 0.0085 0.0753 0.0196
0.044 0.0063 0.0472 0.0246 0.0104 0.0022 0.0021 0.0107 0.0095 0.0055 0.0124 0.0136 0.003 0.0071 0.0063 0.1648 0.0733 0.0281
C1909TS210_3 0.14563 0.0106 0.5337 0.2527 0.3457 0.022 0.4757 0.0315 0.5593 0.155 0.075 0.0053 0.053 0.0526 0.0867 0.034 0.1132 0.0982 0.0025 0.0607 0.0141
0.0856 0.0273 0.1704 0.0132 0.0102 0.0278 0.0197 0.1254 0.1343 0.1871 0.1082 0.4439 0.5423 0.1599 0.0874 0.2866 0.0986 0.0245
C1909TS215_3 0.01057 0.0633 0.0024 0.0015 0.001 0.0039 0.0035 0.0003 0.0154 0.0276 0.0033 0.0101 0.0004 0.0091 0.0073 0.0066 0.0072 0.0056 0.0033 0.008 0.0028
0.0038 0.0032 0.0694 0.0203 0.0404 0.0015 0.0165 0.0008 0.0008 0.0006 0.0018 0.0001 0.0013 0.0436 0.0002 0.0013 0.0053 0.0079
C1909TS213_2 0.17746 0.1869 0.7804 0.1507 0.5705 0.066 0.3838 0.0536 0.0889 0.0156 0.0032 0.0081 0.046 0.0854 0.0075 0.0993 0.1737 0.0328 0.0292 0.2847 0.0631
0.0745 0.1804 0.2223 0.4068 0.4533 0.8076 0.2618 0.4832 0.0953 0.0659 0.1113 0.0145 0.04 0.0785 0.0342 0.0937 0.0135
C1909TS414_1 0.03623 0.0306 0.0988 0.0245 0.022 0.0268 0.0098 0.0014 0.1881 0.0492 0.0297 0.0062 0.0328 0.0094 0.0155 0.0138 0.0219 0.0407 0.0063 0.0057 0.0405
0.0309 0.0116 0.0217 0.0118 0.0387 0.0135 0.0059 0.0173 0.0006 0.0187 0.0103 0.0081 0.0041 0.0289 0.0626 0.0336 0.332 0.0526
C1909TS073_2 0.02562 0.0207 0.1183 0.0057 0.0226 0.0036 0.0499 0.012 0.0328 0.0033 0.0022 0.0022 0.0474 0.0008 0.0003 0.0216 0.0003 0.0007 0.0004 0.0079 0.0048
0.0279 0.0429 0.1711 0.0101 0.0162 0.0078 0.0224 0.0052 0.0032 0.0042 0.0018 0.0206 0.0006 0.0159 0.0037 0.166 0.0223 0.0744
C1909TS369_4 0.10003 0.2609 0.2938 0.1572 0.2365 0.1172 0.0229 0.0029 0.0316 0.0495 0.0033 0.0075 0.0265 0.0421 0.0122 0.0382 0.0964 0.024 0.0083 0.0217 0.0484
0.0177 0.032 0.1262 0.3047 0.47 0.4476 0.3198 0.4208 0.0228 0.1052 0.0004 0.0041 0.0103 0.0021 0.0008 0.0072 0.004 0.0043
C1909TS003_1 0.00391 0.0074 0.0134 0.0071 0.0005 0.0004 0.0001 0.0007 0.0003 0.0001 0.0006 0.0001 0.001 0.0 0.0001 0.0 0.0 0.0 0.0 0.0001 0.0002
0.0008 0.0137 0.0137 0.0074 0.0157 0.0004 0.0004 0.0101 0.0004 0.0002 0.0001 0.0001 0.001 0.0013 0.0017 0.0108 0.0096 0.0294
C1909TS131_4 0.01424 0.0094 0.0125 0.0031 0.0051 0.0018 0.003 0.022 0.0051 0.0004 0.0239 0.0173 0.0101 0.0014 0.0286 0.0153 0.0123 0.0011 0.0035 0.0123 0.0086
0.1099 0.0649 0.0227 0.008 0.0134 0.0124 0.0036 0.0341 0.0122 0.0059 0.0052 0.0105 0.0015 0.0012 0.0039 0.012 0.0027 0.0202
C1909TS309_5 0.12774 0.2349 0.1683 0.0916 0.3517 0.1827 0.4614 0.0309 0.2155 0.136 0.1058 0.0133 0.123 0.1975 0.0731 0.0984 0.3888 0.0185 0.0609 0.0746 0.0395
0.0164 0.0342 0.0535 0.0173 0.0693 0.0134 0.0668 0.3525 0.1228 0.0805 0.2373 0.2174 0.2454 0.0153 0.0757 0.0288 0.0702 0.0707
C1909TS349_1 0.01385 0.0462 0.0414 0.0085 0.0009 0.0019 0.0036 0.0047 0.0261 0.0036 0.0003 0.0007 0.0108 0.0045 0.0031 0.0131 0.0038 0.0057 0.002 0.0081 0.0173
0.0317 0.0246 0.0169 0.0261 0.0116 0.0223 0.0004 0.0023 0.0019 0.0005 0.0005 0.0054 0.004 0.0016 0.0026 0.0717 0.0093 0.0871
C1909TS152_3 0.10647 0.3978 0.2546 0.291 0.1929 0.1202 0.1419 0.0182 0.0483 0.0649 0.0157 0.0083 0.0759 0.03 0.0212 0.275 0.2202 0.0106 0.0354 0.0662 0.0613
0.059 0.0908 0.2597 0.1258 0.1369 0.1146 0.1457 0.1401 0.0105 0.036 0.0218 0.0764 0.1898 0.0138 0.0248 0.0145 0.0783 0.158
C1909TS369_2 0.01112 0.0489 0.0288 0.0713 0.0052 0.0049 0.0006 0.0016 0.0001 0.0001 0.0016 0.0005 0.0012 0.0011 0.0144 0.0036 0.0025 0.0009 0.0106 0.0041 0.0065
0.0149 0.083 0.0805 0.0032 0.0125 0.0085 0.0005 0.0019 0.0013 0.0033 0.0003 0.0008 0.0003 0.0001 0.0 0.0018 0.0003 0.0007
C1909TS010_4 0.01665 0.0146 0.0777 0.0087 0.015 0.0315 0.0298 0.0778 0.0211 0.0225 0.0123 0.0087 0.0049 0.0006 0.0 0.0026 0.0 0.0001 0.0 0.0001 0.0005
0.0098 0.0111 0.0075 0.0047 0.0008 0.0033 0.0008 0.0038 0.0095 0.0139 0.0311 0.059 0.0588 0.0058 0.0194 0.0189 0.0354 0.0106
C1909TS405_3 0.01114 0.048 0.0104 0.0038 0.0005 0.0006 0.0045 0.0031 0.0071 0.0022 0.0479 0.0022 0.0356 0.0005 0.0001 0.0001 0.0 0.0 0.0 0.001 0.0073
0.0036 0.0175 0.0113 0.0146 0.0084 0.0037 0.0072 0.0013 0.0041 0.0185 0.0061 0.0003 0.004 0.0076 0.0113 0.0631 0.0233 0.0424
C1909TS123_1 0.1334 0.2402 0.2202 0.5468 0.6062 0.2134 0.2174 0.0259 0.0202 0.0164 0.0167 0.0099 0.0459 0.0602 0.0033 0.0723 0.0713 0.0113 0.0087 0.1072 0.0582
0.0108 0.0571 0.0795 0.2825 0.0931 0.4022 0.4584 0.3963 0.1537 0.0858 0.0313 0.0145 0.3187 0.0139 0.0064 0.0249 0.0279 0.0402
C1909TS299_4 0.06784 0.0754 0.1877 0.0288 0.0586 0.087 0.0599 0.0659 0.0413 0.0713 0.0189 0.0128 0.0447 0.0181 0.0101 0.0381 0.0146 0.0016 0.0038 0.061 0.0209
0.0443 0.0163 0.0303 0.0266 0.0318 0.0278 0.0159 0.1624 0.0232 0.0248 0.2888 0.092 0.5845 0.0783 0.13 0.0531 0.0071 0.0203
C1909TS438_1 0.15647 0.2136 0.479 0.4744 0.5956 0.0732 0.3488 0.0242 0.0222 0.0468 0.0154 0.0125 0.0473 0.0176 0.0134 0.178 0.104 0.0129 0.0678 0.0812 0.1097
0.0471 0.07 0.7078 0.2629 0.1743 0.5153 0.7241 0.3019 0.0186 0.1558 0.0013 0.0005 0.0005 0.0006 0.0007 0.0056 0.0053 0.016
C1909TS369_5 0.14138 0.3726 0.2066 0.1402 0.5168 0.0656 0.1583 0.0244 0.1983 0.0027 0.0203 0.05 0.0457 0.0037 0.0264 0.0637 0.2863 0.021 0.0091 0.0248 0.1063
0.0163 0.0223 0.1565 0.1678 0.7439 0.5086 0.4319 0.441 0.2065 0.0859 0.0099 0.0061 0.0206 0.0009 0.0028 0.1455 0.0488 0.0142
C1909TS349_2 0.01352 0.0475 0.0408 0.007 0.0008 0.0021 0.0034 0.0052 0.0271 0.0042 0.0004 0.0008 0.0108 0.0046 0.0029 0.0102 0.0045 0.0081 0.0024 0.0085 0.0173
0.0321 0.0208 0.0167 0.0265 0.0139 0.0242 0.0004 0.0023 0.0018 0.0004 0.0005 0.0058 0.0039 0.0014 0.0029 0.0564 0.0114 0.0838
C1909TS414_4 0.05417 0.1093 0.2386 0.0052 0.048 0.0092 0.0089 0.0048 0.1906 0.0751 0.1193 0.0139 0.0202 0.0074 0.0018 0.0045 0.0456 0.0076 0.0068 0.0265 0.013
0.048 0.0187 0.0061 0.0109 0.0166 0.011 0.0034 0.0169 0.0062 0.0309 0.0982 0.1531 0.2895 0.3038 0.0079 0.0449 0.0125 0.024
C1909TS240_1 0.01194 0.0364 0.0177 0.0043 0.0146 0.0053 0.0302 0.0032 0.0695 0.0336 0.0143 0.0111 0.0007 0.0001 0.0 0.0003 0.0 0.0001 0.001 0.0033 0.0026
0.0277 0.0163 0.0225 0.0054 0.011 0.003 0.0008 0.0005 0.0002 0.0008 0.0073 0.013 0.028 0.0053 0.0188 0.0276 0.0042 0.0129
C1909TS413_3 0.00919 0.0644 0.0153 0.0009 0.0005 0.0002 0.0001 0.001 0.0001 0.0001 0.0029 0.0003 0.0055 0.0005 0.0031 0.0147 0.0081 0.0018 0.0119 0.0026 0.0071
0.0205 0.0068 0.0183 0.0553 0.0717 0.0019 0.0006 0.0001 0.0039 0.0002 0.0002 0.0014 0.0071 0.0009 0.0002 0.0052 0.0058 0.008
C1909TS131_1 0.01376 0.0074 0.04 0.0058 0.0055 0.0008 0.0078 0.0208 0.0083 0.0008 0.0209 0.0225 0.0126 0.0018 0.0097 0.0182 0.004 0.0016 0.0027 0.0099 0.0043
0.0726 0.0751 0.0262 0.0121 0.0157 0.0178 0.0015 0.0182 0.0131 0.0154 0.0071 0.0058 0.0015 0.0007 0.0022 0.0046 0.0025 0.0252
C1909TS123_4 0.10577 0.4944 0.3133 0.232 0.2613 0.105 0.115 0.014 0.0456 0.0396 0.013 0.0051 0.0541 0.0163 0.0252 0.1674 0.0955 0.0091 0.0459 0.0821 0.1074
0.0762 0.1458 0.1942 0.1477 0.2091 0.067 0.1707 0.1613 0.0371 0.047 0.018 0.1979 0.1618 0.017 0.0259 0.009 0.0353 0.0568
C1909TS196_1 0.07812 0.0638 0.198 0.0263 0.3685 0.0628 0.052 0.08 0.0288 0.0756 0.0693 0.0225 0.0267 0.0228 0.0272 0.0535 0.0614 0.0056 0.0118 0.026 0.0425
0.0104 0.0391 0.1003 0.0734 0.1108 0.0104 0.0237 0.0187 0.2299 0.0623 0.0907 0.1512 0.4873 0.0643 0.0338 0.0798 0.0284 0.0292
C1909TS123_5 0.07836 0.4423 0.2734 0.2466 0.3024 0.0566 0.0486 0.0222 0.0075 0.0402 0.0117 0.0096 0.0225 0.0089 0.0248 0.0596 0.0243 0.003 0.0096 0.0198 0.0229
0.0902 0.122 0.1041 0.0822 0.0711 0.0342 0.4701 0.1562 0.0388 0.0068 0.0004 0.0004 0.0004 0.0005 0.0004 0.009 0.0142 0.12
C1909TS152_1 0.11885 0.3943 0.3672 0.3081 0.3522 0.0816 0.0589 0.0784 0.0111 0.0213 0.1823 0.0013 0.0134 0.0062 0.0049 0.0209 0.0223 0.0198 0.0491 0.0097 0.022
0.1578 0.0742 0.2098 0.0925 0.0866 0.0712 0.1026 0.0306 0.0217 0.0845 0.0161 0.0409 0.04 0.0799 0.2119 0.1997 0.4463 0.5249
C1909TS240_4 0.01168 0.0258 0.0619 0.0101 0.0094 0.0029 0.0086 0.0051 0.1315 0.0225 0.0086 0.0223 0.0011 0.0004 0.0 0.0001 0.0 0.0 0.0001 0.0 0.0002
0.0006 0.0027 0.0103 0.0039 0.0072 0.0069 0.0002 0.0001 0.0001 0.0001 0.0009 0.0021 0.0132 0.0114 0.0075 0.011 0.0091 0.0458
C1909TS299_3 0.06179 0.0366 0.1421 0.1686 0.1092 0.1645 0.1058 0.0101 0.0797 0.2236 0.0331 0.0306 0.0173 0.0018 0.0012 0.0227 0.0347 0.0288 0.0031 0.0407 0.0096
0.0089 0.04 0.0518 0.0106 0.023 0.0147 0.0022 0.0078 0.0413 0.0295 0.3703 0.0106 0.2192 0.0675 0.032 0.0596 0.0642 0.031
C1909TS347_1 0.01178 0.051 0.1407 0.0093 0.0037 0.0173 0.0122 0.0077 0.01 0.0134 0.0028 0.0011 0.0084 0.0002 0.0017 0.0037 0.0038 0.0011 0.0023 0.0036 0.0028
0.0091 0.0112 0.0228 0.019 0.0067 0.0102 0.0012 0.0013 0.0004 0.0008 0.0005 0.0083 0.0027 0.0124 0.002 0.0064 0.0057 0.0304
C1909TS054_5 0.02785 0.0419 0.0602 0.0072 0.0088 0.001 0.0144 0.0043 0.0576 0.0052 0.1067 0.0111 0.009 0.0011 0.0039 0.0064 0.0042 0.0063 0.0078 0.0058 0.01
0.0545 0.0041 0.1129 0.0323 0.0378 0.016 0.0471 0.1257 0.0041 0.0178 0.0023 0.0149 0.0011 0.0406 0.0018 0.0391 0.0379 0.0956
C1909TS345_1 0.08107 0.0607 0.1233 0.0084 0.0732 0.1054 0.3491 0.1167 0.0437 0.1095 0.3706 0.1107 0.0305 0.0047 0.0532 0.0551 0.0118 0.0783 0.0498 0.0354 0.0365
0.1358 0.0593 0.2391 0.1693 0.0493 0.0701 0.0441 0.0239 0.0543 0.0921 0.1232 0.0417 0.073 0.0105 0.0031 0.0302 0.0107 0.0241
C1909TS102_1 0.04842 0.112 0.2056 0.2515 0.176 0.0149 0.0195 0.004 0.0292 0.0698 0.0759 0.0151 0.008 0.0133 0.0125 0.0078 0.0045 0.0038 0.002 0.0017 0.0022
0.0009 0.0243 0.0196 0.0022 0.0027 0.0003 0.0013 0.0015 0.0014 0.0128 0.0076 0.0098 0.0101 0.0154 0.0321 0.3323 0.2175 0.1189
C1909TS182_1 0.03517 0.1155 0.113 0.0416 0.032 0.0319 0.0229 0.0112 0.0425 0.0584 0.0211 0.0599 0.0291 0.025 0.0044 0.0066 0.0259 0.0014 0.0045 0.0352 0.0172
0.0125 0.0082 0.0125 0.0264 0.0352 0.0035 0.0015 0.003 0.0119 0.0035 0.0455 0.0318 0.0839 0.1099 0.0418 0.0855 0.0258 0.0947
C1909TS073_3 0.02354 0.0125 0.163 0.0015 0.0182 0.0195 0.0103 0.0037 0.0095 0.0061 0.0066 0.0005 0.0053 0.0021 0.0017 0.0052 0.0001 0.0003 0.0001 0.0016 0.0111
0.0329 0.0549 0.2177 0.013 0.208 0.009 0.0098 0.0128 0.0008 0.0016 0.0024 0.0044 0.0014 0.0101 0.0023 0.0178 0.0129 0.0041
C1909TS210_1 0.18599 0.3948 0.6742 0.5661 0.7921 0.1755 0.5607 0.1275 0.2406 0.2222 0.0236 0.0391 0.0413 0.0128 0.1774 0.0155 0.0255 0.0344 0.0063 0.0168 0.0149
0.1153 0.0482 0.1032 0.1557 0.2562 0.2296 0.0778 0.099 0.2248 0.0312 0.2972 0.0688 0.1565 0.2843 0.1216 0.4135 0.0845 0.1391
C1909TS230_2 0.11281 0.299 0.667 0.3828 0.3163 0.1227 0.0812 0.1092 0.052 0.1152 0.0986 0.0078 0.0272 0.0302 0.0157 0.0133 0.0114 0.0151 0.0061 0.0164 0.0153
0.0536 0.0769 0.1421 0.1167 0.2773 0.2129 0.2542 0.0793 0.02 0.1375 0.0212 0.0719 0.0219 0.0307 0.0133 0.0879 0.1867 0.0803
C1909TS103_1 0.04842 0.112 0.2056 0.2515 0.176 0.0149 0.0195 0.004 0.0292 0.0698 0.0759 0.0151 0.008 0.0133 0.0125 0.0078 0.0045 0.0038 0.002 0.0017 0.0022
0.0009 0.0243 0.0196 0.0022 0.0027 0.0003 0.0013 0.0015 0.0014 0.0128 0.0076 0.0098 0.0101 0.0154 0.0321 0.3323 0.2175 0.1189
C1909TS309_2 0.04281 0.0767 0.0873 0.012 0.0292 0.0285 0.0561 0.0182 0.0956 0.0266 0.0214 0.0094 0.0316 0.0195 0.019 0.0245 0.0222 0.0045 0.0024 0.0247 0.0541
0.0198 0.0357 0.0555 0.0461 0.0116 0.0159 0.1222 0.2904 0.0292 0.0573 0.0334 0.013 0.1223 0.0148 0.0092 0.0416 0.0101 0.0351
C1909TS067_4 0.01897 0.0323 0.0383 0.0117 0.0075 0.0073 0.001 0.0117 0.0057 0.0007 0.0113 0.0016 0.0007 0.001 0.0007 0.0005 0.0002 0.0003 0.0001 0.0002 0.0001
0.0008 0.0254 0.0123 0.0241 0.0791 0.0248 0.0009 0.0023 0.0001 0.0001 0.0001 0.0001 0.0096 0.0337 0.0257 0.0747 0.0386 0.2356
C1909TS215_5 0.15217 0.5804 0.6811 0.6392 0.2103 0.2558 0.1906 0.0232 0.1748 0.0287 0.0236 0.0213 0.0117 0.0139 0.0017 0.0281 0.0198 0.0056 0.017 0.0888 0.1418
0.1745 0.6713 0.3149 0.0483 0.3543 0.0495 0.2951 0.1607 0.0207 0.0061 0.2132 0.1611 0.0067 0.0153 0.0703 0.0062 0.0063 0.0507
C1909TS414_5 0.02488 0.0549 0.0557 0.0221 0.0334 0.0069 0.0015 0.0156 0.0926 0.001 0.0111 0.0043 0.0055 0.0019 0.0007 0.0173 0.004 0.0026 0.0055 0.082 0.0047
0.0539 0.031 0.0156 0.0353 0.0286 0.0194 0.005 0.0105 0.0009 0.0129 0.1037 0.0048 0.0367 0.0634 0.0158 0.0347 0.0053 0.0445
C1909TS131_2 0.01032 0.0337 0.0282 0.0164 0.001 0.0014 0.0105 0.0078 0.014 0.0137 0.0171 0.0028 0.0098 0.0008 0.0209 0.0086 0.0096 0.0029 0.0018 0.0052 0.0137
0.015 0.0075 0.042 0.0674 0.0056 0.0024 0.0008 0.0031 0.001 0.0012 0.0004 0.0035 0.0029 0.0005 0.0012 0.0116 0.0021 0.0037
C1909TS067_3 0.00703 0.0465 0.0371 0.0115 0.0069 0.0025 0.0021 0.0044 0.0494 0.0005 0.0049 0.0023 0.0056 0.0012 0.0057 0.0028 0.0003 0.0004 0.0005 0.0015 0.0005
0.003 0.022 0.0064 0.0039 0.0076 0.0012 0.0013 0.0002 0.0003 0.0008 0.0001 0.0006 0.0007 0.0006 0.0002 0.0128 0.0012 0.0179
C1909TS414_3 0.04114 0.0465 0.0677 0.0022 0.0049 0.0021 0.0299 0.0343 0.0216 0.0132 0.1425 0.0111 0.0166 0.0219 0.0028 0.0157 0.0226 0.0152 0.0025 0.0159 0.0085
0.0101 0.0127 0.0462 0.0219 0.0123 0.0098 0.0017 0.0034 0.0029 0.032 0.1026 0.0983 0.334 0.0308 0.201 0.0802 0.0075 0.0584
C1909TS404_1 0.04493 0.0228 0.0919 0.0103 0.0123 0.0834 0.0948 0.1277 0.1229 0.1743 0.0386 0.036 0.0015 0.002 0.0062 0.0171 0.0025 0.0293 0.0056 0.0073 0.0026
0.0074 0.0075 0.0115 0.0181 0.0242 0.0333 0.0186 0.2296 0.0314 0.1271 0.0122 0.0077 0.0673 0.1179 0.026 0.0259 0.0181 0.0346
C1909TS158_1 0.0035 0.0133 0.0345 0.002 0.0001 0.0002 0.0017 0.0001 0.0023 0.0003 0.0029 0.0 0.003 0.002 0.0075 0.0014 0.0005 0.0002 0.0 0.0 0.0
0.0001 0.0003 0.0138 0.0007 0.0043 0.0033 0.0004 0.0004 0.0004 0.0001 0.0025 0.0009 0.0017 0.0005 0.0005 0.0015 0.0014 0.0277
C1909TS258_5 0.02597 0.0631 0.0764 0.0055 0.0089 0.0019 0.0258 0.0022 0.0044 0.016 0.0343 0.0066 0.0079 0.0089 0.005 0.0115 0.0405 0.0043 0.0016 0.0119 0.0115
0.0084 0.0296 0.0369 0.0358 0.0817 0.0165 0.0491 0.0212 0.0225 0.0013 0.0057 0.006 0.0063 0.0041 0.0055 0.0747 0.0522 0.1811
C1909TS230_3 0.09352 0.1176 0.3704 0.4449 0.0833 0.0257 0.2487 0.0336 0.0342 0.3304 0.0369 0.0024 0.0215 0.0268 0.0264 0.0117 0.0311 0.0177 0.0021 0.0605 0.041
0.0451 0.0593 0.1396 0.0646 0.1938 0.1015 0.2671 0.0841 0.0344 0.0121 0.0619 0.0016 0.0039 0.0259 0.0261 0.0188 0.0525 0.3946
C1909TS309_1 0.17989 0.1417 0.4832 0.1352 0.5742 0.199 0.6168 0.0537 0.2661 0.1808 0.2631 0.0227 0.035 0.2354 0.0351 0.0454 0.0527 0.0443 0.0183 0.1112 0.0258
0.0487 0.0144 0.1579 0.0236 0.0378 0.0508 0.068 0.1947 0.4556 0.1913 0.5513 0.433 0.6755 0.054 0.0291 0.2002 0.0733 0.0369
C1909TS405_4 0.02165 0.128 0.0789 0.0208 0.0007 0.0015 0.0034 0.0111 0.006 0.0056 0.0744 0.0288 0.0633 0.0008 0.0005 0.0008 0.0 0.0002 0.0003 0.01 0.0037
0.0118 0.0213 0.0453 0.0095 0.01 0.0216 0.001 0.0101 0.0037 0.015 0.0061 0.0116 0.0028 0.0178 0.0251 0.1363 0.0134 0.0213
C1909TS389_1 0.0235 0.0408 0.0563 0.0148 0.0465 0.0352 0.0034 0.0383 0.0126 0.0141 0.1379 0.0075 0.0174 0.0043 0.0034 0.0045 0.0062 0.0052 0.0059 0.0019 0.0017
0.0131 0.0118 0.0126 0.0175 0.1172 0.0282 0.0177 0.0934 0.0281 0.041 0.0012 0.0102 0.0018 0.0006 0.0016 0.0022 0.0021 0.0348
C1909TS073_4 0.01726 0.0342 0.0258 0.0033 0.0107 0.0003 0.0144 0.0026 0.0048 0.0082 0.0076 0.0003 0.0035 0.0002 0.0006 0.0172 0.0001 0.0001 0.0002 0.0008 0.0027
0.0662 0.052 0.2034 0.0405 0.0779 0.0026 0.0116 0.0011 0.001 0.0106 0.0002 0.0019 0.0094 0.0077 0.0062 0.0007 0.014 0.0109
C1909TS247_5 0.01424 0.075 0.1592 0.0128 0.0167 0.0033 0.0166 0.0058 0.0021 0.0068 0.0027 0.0005 0.0017 0.0005 0.0003 0.0009 0.0002 0.0001 0.0 0.0002 0.0001
0.0095 0.0073 0.007 0.0124 0.0172 0.0042 0.0008 0.0066 0.0166 0.0084 0.0151 0.01 0.0347 0.0277 0.0032 0.013 0.0074 0.0349
C1909TS010_1 0.01509 0.0343 0.043 0.0002 0.0001 0.0018 0.0047 0.0054 0.0072 0.0321 0.0497 0.0193 0.014 0.0011 0.0043 0.0055 0.0 0.0004 0.0001 0.0034 0.0006
0.0086 0.0309 0.0101 0.0123 0.0495 0.0032 0.0034 0.0004 0.0013 0.0005 0.0074 0.0019 0.0077 0.1435 0.0012 0.0066 0.0329 0.0248
C1909TS345_5 0.0835 0.1586 0.0725 0.0082 0.0677 0.1191 0.0169 0.3346 0.0856 0.5965 0.1756 0.0195 0.0105 0.0022 0.0092 0.0027 0.0066 0.0472 0.0019 0.0031 0.0129
0.0156 0.0095 0.0538 0.0544 0.0086 0.0105 0.004 0.0725 0.0725 0.1309 0.2306 0.2994 0.1781 0.0324 0.0175 0.1325 0.0725 0.0263
C1909TS215_2 0.02747 0.3103 0.1576 0.0349 0.011 0.0365 0.0014 0.0019 0.0166 0.0186 0.0255 0.0039 0.0098 0.0111 0.0061 0.0041 0.0111 0.0035 0.0049 0.0106 0.0027
0.0357 0.009 0.0561 0.0129 0.0532 0.0065 0.002 0.0166 0.0887 0.0208 0.0251 0.0004 0.0049 0.001 0.0002 0.0134 0.0129 0.0025
C1909TS273_5 0.04829 0.0069 0.0193 0.0034 0.0014 0.0058 0.0062 0.0039 0.0501 0.0222 0.0392 0.0008 0.0053 0.0456 0.0001 0.0001 0.0001 0.0002 0.0 0.0006 0.0033
0.068 0.0583 0.0947 0.1441 0.2337 0.0934 0.0232 0.0146 0.0006 0.0005 0.0015 0.0441 0.0527 0.0178 0.1816 0.4442 0.0885 0.059
C1909TS131_3 0.01477 0.0328 0.0121 0.0032 0.0048 0.0017 0.0022 0.0172 0.0063 0.0003 0.0361 0.0143 0.0069 0.0014 0.0271 0.0141 0.0071 0.0007 0.0045 0.0226 0.0091
0.0684 0.0709 0.0223 0.0043 0.0121 0.0157 0.0028 0.0585 0.0249 0.0043 0.0071 0.0119 0.0019 0.0008 0.0024 0.0133 0.0028 0.0124
C1909TS152_5 0.0635 0.1527 0.1413 0.0082 0.0499 0.0338 0.0887 0.0468 0.0213 0.2371 0.2098 0.0648 0.1435 0.0045 0.0186 0.0178 0.0049 0.0242 0.0194 0.0169 0.022
0.0483 0.0109 0.0286 0.0426 0.0252 0.0018 0.0121 0.025 0.0403 0.0683 0.1204 0.2662 0.2292 0.0292 0.0135 0.0268 0.0299 0.0684
C1909TS158_3 0.01638 0.0978 0.0968 0.0045 0.0358 0.0019 0.0309 0.0013 0.0273 0.001 0.0101 0.0028 0.0132 0.002 0.0017 0.0008 0.0003 0.0 0.0001 0.0005 0.0003
0.037 0.0014 0.0164 0.008 0.0095 0.0006 0.0046 0.0062 0.0056 0.0094 0.0041 0.001 0.0005 0.0199 0.0073 0.0191 0.0213 0.1212
C1909TS349_3 0.01548 0.0953 0.0439 0.0024 0.0007 0.0033 0.0007 0.0081 0.0189 0.0063 0.0011 0.0016 0.0121 0.0048 0.0021 0.0079 0.0074 0.0059 0.0017 0.0138 0.0253
0.0112 0.0466 0.0188 0.0139 0.0115 0.0093 0.0001 0.0015 0.0052 0.0006 0.0004 0.0103 0.0074 0.0018 0.0024 0.0651 0.0161 0.1024
C1909TS278_4 0.06784 0.0754 0.1877 0.0288 0.0586 0.087 0.0599 0.0659 0.0413 0.0713 0.0189 0.0128 0.0447 0.0181 0.0101 0.0381 0.0146 0.0016 0.0038 0.061 0.0209
0.0443 0.0163 0.0303 0.0266 0.0318 0.0278 0.0159 0.1624 0.0232 0.0248 0.2888 0.092 0.5845 0.0783 0.13 0.0531 0.0071 0.0203
C1909TS404_3 0.02792 0.0139 0.0805 0.0052 0.0507 0.0212 0.1483 0.0766 0.0656 0.0829 0.0761 0.0066 0.0028 0.0024 0.0154 0.0174 0.0015 0.0097 0.0213 0.004 0.0036
0.0142 0.004 0.0138 0.0046 0.0093 0.0051 0.0124 0.0739 0.0588 0.0336 0.0034 0.0138 0.0472 0.0061 0.0097 0.0104 0.0027 0.0326
C1909TS215_1 0.02746 0.0441 0.0494 0.0122 0.067 0.0136 0.0379 0.0393 0.045 0.0729 0.1501 0.0067 0.0037 0.0081 0.0083 0.0024 0.0137 0.002 0.0032 0.0053 0.006
0.0083 0.0035 0.0276 0.0242 0.0343 0.0051 0.0038 0.0001 0.001 0.0077 0.0019 0.0178 0.0019 0.0234 0.0517 0.0197 0.1332 0.0872
C1909TS258_1 0.11596 0.1742 0.6656 0.1778 0.4102 0.0845 0.1649 0.0592 0.171 0.0135 0.0182 0.0084 0.0129 0.0138 0.0299 0.1305 0.0289 0.0109 0.0274 0.1206 0.052
0.0115 0.1143 0.0607 0.2889 0.2943 0.0975 0.263 0.47 0.0702 0.0619 0.0256 0.0155 0.0034 0.044 0.0209 0.0597 0.0573 0.0735
END



