PFRMAT QA
TARGET C1905x2
MODEL 2
QMODE 2
C1905x2TS103_1 0.275 8.056 7.473 8.265 8.552 8.229 7.256 7.785 7.411 8.472 10.759 9.715 12.115 12.907 10.089 11.255 11.866 11.488 10.457 11.761 12.809 12.437 
9.982 11.043 10.23 10.088 9.725 9.969 10.507 11.902 11.815 12.142 13.958 14.559 13.497 14.447 13.463 14.335 12.892 13.072 12.702 13.094 10.648 
11.362 10.033 9.475 10.63 11.732 11.049 10.336 12.418 12.624 11.137 11.893 10.678 9.648 8.706 7.758 8.204 8.503 8.357 8.955 8.693 9.496 
7.826 9.508 8.22 8.139 7.915 8.667 8.447 8.075 7.628 7.322 6.978 7.48 7.719 10.806 10.779 10.376 9.556 8.863 9.588 10.189 8.807 
9.495 9.865 9.685 8.627 9.133 10.665 10.118 9.703 11.017 10.859 8.859 8.954 7.98 7.499 6.467 6.041 6.815 6.914 6.959 7.396 8.122 
7.456 8.829 8.213 7.182 6.094 7.307 5.859 5.91 5.563 5.746 6.421 6.567 6.734 7.182 7.583 7.889 7.561 7.418 7.878 7.499 7.092 
7.635 7.57 8.566 9.139 9.549 11.787 12.109 10.72 10.643 9.771 10.058 9.398 9.749 10.46 10.922 10.823 12.073 11.524 12.073 11.962 11.754 
10.44 10.324 11.578 12.173 11.862 12.754 12.55 11.471 10.682 9.799 9.769 8.639 9.395 9.916 9.616 8.829 9.209 8.219 7.213 6.462 6.655 
5.815 4.566 5.037 4.265 5.069 4.301 5.046 5.298 5.956 6.569 7.43 7.648 8.142 7.893 9.206 7.954 7.898 7.914 4.898 4.405 4.958 
4.469 5.116 5.352 5.511 5.379 5.409 4.839 5.23 4.862 3.812 3.911 3.435 3.835 4.078 4.738 4.729 5.561 6.02 7.474 6.495 6.632 
6.047 5.968 5.973 6.374 6.44 6.398 6.991 7.291 8.342 7.945 8.181 8.162 8.127 6.423 8.025 8.267 9.666 9.419 9.98 9.993 10.181 
10.441 10.384 10.526 10.633 11.412 10.908 8.717 8.369 7.771 8.062 8.645 10.488 9.601 9.567 9.555 8.373 7.741 7.95 8.813 8.066 9.586 
9.421 7.756 8.217 8.039 8.424 8.121 8.157 8.506 8.546 8.016 8.592 8.119 8.538 8.177 7.532 8.325 8.241 7.872 7.353 5.768 7.165 
6.415 8.644 
C1905x2TS073_1 0.272 8.055 7.702 8.417 8.474 8.398 8.162 8.249 8.32 8.571 9.168 9.232 10.102 10.545 10.309 10.79 9.774 10.04 9.583 9.877 10.549 9.686 
9.6 10.92 11.33 10.937 10.715 11.276 10.896 11.002 12.063 12.042 11.687 10.532 10.215 10.878 8.814 9.883 9.307 8.306 8.59 8.399 8.41 
8.477 8.246 9.595 11.084 12.533 12.586 11.955 13.456 14.319 13.888 13.504 11.845 11.047 10.524 11.348 12.074 13.47 12.82 12.815 12.263 11.428 
9.077 8.124 7.479 7.488 8.092 7.648 8.08 8.057 7.576 7.689 7.684 7.558 7.566 9.006 9.683 8.939 9.153 8.826 8.102 8.248 9.153 
8.285 7.881 8.334 9.26 8.35 7.987 9.164 10.118 9.184 9.714 10.302 9.582 8.831 7.94 6.665 6.937 8.743 8.431 8.544 9.053 9.861 
8.979 9.952 10.023 9.183 8.5 9.45 8.827 7.898 8.185 9.257 8.729 7.976 9.263 8.696 8.333 8.866 9.115 8.285 8.806 9.164 8.335 
7.858 9.188 9.846 9.014 9.686 10.57 9.942 8.429 8.785 7.967 8.161 8.142 7.747 6.869 5.88 4.601 3.993 4.18 3.87 4.226 3.816 
4.161 4.191 5.712 6.428 6.449 6.937 6.736 5.468 5.926 4.988 5.164 5.063 6.554 6.194 6.73 8.185 8.207 8.102 8.019 6.913 6.287 
6.943 7.524 7.99 6.674 8.428 6.935 9.113 8.543 8.626 8.827 8.44 8.398 8.468 8.06 10.376 9.434 7.358 7.681 6.754 6.939 9.347 
9.006 10.572 9.012 8.428 7.642 7.935 6.691 7.658 7.831 8.452 8.812 8.625 8.786 8.005 8.405 8.122 8.783 8.483 7.889 7.462 7.239 
6.585 6.635 6.002 6.717 6.879 7.085 7.857 7.568 7.822 6.834 5.572 6.737 6.754 5.74 7.135 6.391 7.21 6.73 6.438 6.603 6.556 
6.444 6.601 6.357 8.091 8.25 7.377 7.359 7.658 5.837 6.933 5.934 6.628 8.17 8.577 8.508 9.726 9.124 8.823 9.292 8.87 10.117 
11.329 10.061 13.05 12.429 13.648 12.166 13.107 12.783 12.718 10.519 11.438 10.526 9.542 11.12 8.248 10.587 9.028 7.39 6.068 5.718 5.766 
5.211 6.347 
C1905x2TS123_2 0.249 8.33 6.947 7.014 6.27 5.627 5.368 4.809 4.423 4.22 5.403 4.916 5.644 5.431 5.512 6.314 5.87 6.762 7.891 9.488 10.095 8.5 
9.413 9.607 10.494 9.576 9.402 10.177 9.493 10.603 9.519 9.199 9.205 7.892 8.198 8.641 8.238 9.743 9.046 9.227 9.148 9.245 9.067 
9.879 9.021 11.019 10.447 10.058 11.328 10.836 10.477 10.438 12.417 11.619 9.626 10.453 9.945 9.38 9.454 9.996 9.917 8.665 8.359 6.962 
7.551 7.569 7.627 6.948 7.993 7.833 7.682 7.639 7.145 7.201 7.057 7.368 7.24 8.832 9.955 10.215 11.352 10.894 11.12 10.353 10.643 
9.401 10.279 10.703 11.962 9.077 8.466 9.425 10.582 9.608 9.191 9.817 9.318 8.42 8.077 7.466 7.032 8.887 8.413 7.834 8.338 8.646 
8.145 8.718 9.212 8.983 7.688 7.781 7.992 6.861 7.201 8.294 7.775 7.429 8.696 8.605 9.466 10.394 9.52 10.645 9.873 8.923 8.361 
9.084 9.176 8.748 8.897 8.628 7.977 7.57 7.567 7.814 8.401 8.744 8.758 8.244 8.335 7.873 8.709 7.122 7.014 7.544 8.252 9.351 
10.224 12.169 11.625 11.658 11.509 8.954 8.407 8.504 8.235 7.066 6.493 5.574 5.8 5.833 5.732 5.954 6.973 7.077 7.397 7.408 7.456 
7.806 7.881 8.473 7.716 8.876 7.937 7.925 8.141 6.853 5.102 5.479 4.803 6.093 4.39 5.577 6.043 6.581 7.325 5.641 6.561 11.851 
12.35 12.136 11.744 11.438 8.972 8.278 7.581 9.084 9.935 12.628 13.305 13.845 12.62 11.232 10.696 10.676 12.245 11.22 9.97 9.478 8.078 
9.039 8.228 9.323 9.079 9.917 8.863 8.826 8.939 8.733 7.218 7.787 8.258 8.609 8.107 10.918 10.99 11.233 12.838 12.996 13.425 13.444 
14.21 14.722 14.172 13.853 13.14 11.91 9.937 10.404 7.795 9.961 9.012 11.534 12.336 12.322 12.263 12.396 10.059 11.229 10.431 9.93 13.482 
14.195 14.772 15.0 15.0 15.0 14.774 14.429 14.397 13.997 12.637 12.953 12.585 10.963 13.295 10.247 12.437 12.217 10.544 9.589 7.647 8.143 
6.035 7.733 
C1905x2TS389_5 0.295 10.293 9.862 10.335 9.338 10.627 10.282 8.728 9.344 9.492 10.241 9.086 10.084 9.291 9.044 9.936 10.189 9.412 9.641 9.119 9.892 11.338 
11.162 11.958 13.099 13.301 12.387 12.75 11.917 11.314 11.004 10.865 10.12 9.744 9.421 9.916 9.352 9.839 10.108 9.923 10.034 10.572 8.875 
9.998 9.457 9.978 10.655 12.772 12.591 10.626 13.06 13.366 11.988 11.442 11.802 11.386 9.883 10.164 10.06 11.758 11.099 12.002 10.804 10.287 
8.6 7.513 7.228 7.461 7.351 7.37 7.323 7.719 6.924 7.185 7.445 7.579 7.738 9.176 10.754 9.106 9.228 9.421 9.449 8.986 8.718 
9.444 9.198 8.524 8.76 8.757 8.927 8.669 9.821 11.133 10.182 8.446 7.891 6.974 7.488 6.974 7.095 9.083 9.554 8.704 7.542 7.052 
6.534 6.225 5.682 5.123 4.814 5.163 4.507 4.423 4.023 4.135 4.164 4.886 4.918 5.231 5.982 6.216 6.368 6.65 7.204 7.534 6.365 
6.503 7.076 7.788 8.107 9.275 8.588 7.552 6.91 6.54 5.992 7.876 7.188 8.646 8.739 8.498 8.279 6.406 6.497 5.714 5.739 5.201 
6.244 6.757 8.338 8.332 9.297 8.891 7.829 6.484 6.523 5.719 5.844 5.907 6.874 7.593 7.305 8.319 7.171 7.285 6.712 5.632 6.302 
7.339 8.186 8.449 7.544 8.391 7.256 7.999 8.199 8.361 8.881 8.626 7.844 8.278 6.581 8.43 7.928 7.85 7.774 6.822 6.662 8.653 
7.473 8.52 8.47 8.764 8.409 7.989 7.248 8.392 7.928 5.371 5.016 4.501 4.205 4.279 4.348 4.944 5.312 6.114 6.181 6.577 6.356 
6.0 5.878 6.112 6.059 6.996 5.511 6.276 6.734 7.969 7.651 7.86 7.805 8.573 7.095 8.262 7.087 6.722 5.892 5.107 4.433 4.703 
5.092 5.356 5.664 6.75 6.536 6.852 6.927 7.589 7.361 9.666 9.786 10.173 11.905 11.235 11.872 11.426 9.937 10.28 11.152 9.315 11.217 
10.378 9.015 10.019 10.049 10.076 10.217 11.243 11.586 13.371 12.003 11.724 11.556 9.404 8.299 6.255 6.731 6.363 5.933 5.342 4.914 4.808 
4.048 4.926 
C1905x2TS073_3 0.255 9.088 8.248 9.047 8.013 7.894 6.406 6.799 6.39 6.497 6.273 6.054 7.339 8.957 8.811 10.84 9.728 9.194 8.735 10.249 10.871 10.762 
9.469 11.342 10.931 10.537 10.515 10.554 9.965 10.217 11.893 11.245 10.926 11.293 11.647 11.642 11.263 10.782 11.859 10.347 10.459 10.606 9.043 
8.23 8.017 10.078 9.737 9.675 10.071 9.68 10.648 9.678 9.362 10.314 9.873 9.226 9.051 10.36 10.204 11.164 11.763 12.297 11.241 11.234 
10.452 9.921 7.895 7.498 7.864 8.541 7.738 8.028 7.792 7.639 7.226 7.764 7.665 9.065 10.452 10.868 9.591 9.573 9.934 9.495 9.268 
9.848 9.558 8.888 9.322 9.093 8.573 10.066 10.633 10.923 8.991 9.991 9.407 8.796 7.995 7.345 7.333 10.418 10.062 9.73 10.01 11.052 
10.028 9.877 9.525 9.4 8.05 8.794 8.647 8.054 7.622 8.756 9.454 8.069 9.133 10.108 9.784 8.666 9.157 9.324 8.19 7.699 7.1 
7.728 7.335 8.38 9.289 9.857 9.269 9.227 10.234 10.545 8.915 9.564 8.251 8.052 7.864 8.192 7.029 6.644 6.579 5.887 4.983 5.008 
5.859 6.106 8.291 6.525 6.386 6.816 6.913 6.882 7.594 6.19 6.954 6.238 7.021 6.441 6.508 6.737 6.843 7.316 7.497 7.937 8.145 
8.896 9.021 10.145 9.446 9.887 8.868 8.896 9.459 8.651 8.958 9.263 8.977 9.159 9.313 10.072 10.98 11.435 10.092 6.54 7.819 9.511 
8.374 7.799 7.64 8.759 7.565 7.976 7.325 7.854 7.337 7.925 7.96 8.238 8.953 9.066 10.035 10.257 10.159 9.32 9.157 8.652 7.886 
6.99 6.999 6.18 6.438 6.855 6.14 6.627 7.146 7.485 7.366 7.503 8.528 8.526 6.638 8.451 7.545 7.952 8.291 7.681 7.634 7.515 
7.913 7.76 7.277 7.491 7.431 7.226 7.983 8.396 6.996 7.518 8.188 9.015 8.396 9.516 7.763 8.331 7.679 7.35 7.954 6.435 10.34 
10.732 9.397 11.126 10.601 11.233 10.433 10.863 10.294 11.093 9.196 9.213 10.034 9.824 10.256 9.333 10.126 10.177 10.173 10.011 7.422 10.386 
6.895 8.382 
C1905x2TS123_3 0.28 7.628 8.012 8.086 8.628 8.205 8.445 7.917 8.176 8.362 7.989 7.913 7.818 7.098 7.349 7.018 7.388 7.667 8.001 7.722 7.288 7.486 
7.252 7.509 7.749 7.669 7.746 8.347 8.033 8.673 9.372 9.016 10.002 8.206 8.05 8.416 8.294 8.359 8.665 7.856 8.505 8.485 8.181 
8.941 7.941 9.146 9.47 9.86 10.179 10.057 11.806 10.694 10.589 11.735 10.717 9.574 8.733 9.509 8.537 7.874 8.236 8.235 7.567 7.367 
7.349 7.258 7.21 7.019 7.256 7.129 6.895 7.32 6.615 6.614 6.564 7.298 7.389 8.828 11.179 10.157 10.007 9.794 10.34 9.708 9.749 
9.653 9.381 8.266 8.95 9.187 8.755 8.992 11.409 10.577 9.586 9.823 10.423 9.547 9.123 8.006 7.917 9.962 10.223 9.778 8.861 8.778 
7.87 7.188 6.261 6.368 5.755 6.359 6.031 6.026 5.234 5.578 6.402 7.205 7.404 7.467 7.532 7.537 7.735 7.698 8.309 8.017 7.349 
7.437 8.031 8.818 8.66 9.764 10.617 10.738 10.942 11.454 10.275 11.073 9.495 9.048 9.218 8.968 8.26 8.814 7.576 7.667 6.743 5.835 
6.215 6.737 8.853 9.408 10.93 11.567 10.621 9.081 8.509 7.828 7.71 7.627 8.027 8.307 8.182 8.56 8.292 8.898 8.633 8.767 8.49 
9.324 8.911 9.665 7.716 8.91 7.428 8.516 8.882 8.595 9.383 8.621 9.026 9.69 8.296 8.386 8.092 7.938 7.816 7.775 7.712 8.345 
8.132 8.607 8.322 8.24 8.135 7.801 7.461 8.042 8.29 8.102 7.839 7.741 7.941 7.822 8.265 8.856 9.148 10.083 9.991 9.237 8.4 
8.72 8.502 8.534 8.425 8.285 6.922 7.707 8.033 7.547 6.989 7.201 7.922 8.024 7.233 8.514 7.49 8.826 8.347 8.781 8.794 8.545 
8.797 8.363 8.121 8.344 7.897 7.856 7.587 7.79 7.776 8.265 8.379 8.176 7.988 7.697 7.49 7.115 6.757 7.132 7.7 7.374 8.092 
6.915 4.989 7.117 5.363 5.799 5.131 5.023 5.466 6.354 5.748 5.802 6.509 6.612 8.397 7.443 6.679 6.371 6.146 7.383 6.238 6.869 
6.237 7.806 
C1905x2TS067_2 0.259 9.607 9.016 8.91 8.962 10.116 9.042 8.246 9.147 8.86 9.128 9.414 10.342 12.095 10.237 11.73 9.919 10.735 10.288 9.625 10.609 11.746 
10.869 10.836 11.901 12.036 11.063 10.567 12.666 13.55 12.872 13.594 14.672 14.982 14.271 14.964 13.744 13.684 14.163 13.85 12.805 13.155 11.538 
12.122 10.887 12.271 12.934 14.008 13.089 12.369 12.792 11.106 12.633 13.867 12.835 10.618 10.157 11.298 10.716 9.668 10.19 10.181 8.39 7.78 
7.97 7.906 6.837 6.831 6.988 6.691 6.332 7.529 6.855 7.116 6.824 7.153 7.728 9.0 8.402 8.477 8.963 7.743 7.45 8.173 7.731 
7.218 7.401 7.326 7.029 7.278 6.905 8.144 9.511 10.997 11.511 9.234 9.355 9.242 8.53 7.774 7.617 8.564 8.065 7.854 7.97 7.968 
7.584 7.879 7.665 8.098 7.612 7.95 8.484 9.74 11.856 13.206 13.95 13.495 13.929 14.058 14.689 14.405 13.511 13.845 14.21 13.922 13.642 
14.035 13.374 12.83 13.855 12.832 11.647 10.917 9.418 8.699 8.8 8.786 7.871 8.592 8.75 9.802 10.006 9.983 9.378 8.699 8.449 5.84 
6.347 5.871 7.496 8.045 8.462 8.629 9.338 8.569 9.041 8.507 8.954 7.607 7.439 7.411 7.358 8.546 8.69 9.948 10.331 10.419 9.981 
10.619 10.31 10.43 8.93 10.945 8.744 9.321 9.492 10.178 9.732 9.474 8.766 7.407 6.59 7.671 6.823 5.851 5.406 4.523 5.218 7.626 
8.403 9.081 9.687 10.224 9.951 8.574 6.878 8.301 7.706 8.578 8.026 6.225 5.246 5.43 5.041 5.604 6.107 7.077 6.771 5.808 6.342 
6.188 6.214 5.655 5.839 5.319 4.288 4.483 4.568 4.874 4.079 4.272 5.046 5.845 5.893 6.787 5.279 6.124 6.848 6.779 6.54 6.317 
6.278 7.408 6.472 6.818 6.573 6.942 7.027 7.567 7.083 8.2 9.277 10.059 9.557 8.779 7.666 6.692 6.077 5.591 6.088 5.119 7.94 
9.085 10.146 11.942 10.769 9.835 9.747 8.251 8.495 9.687 8.724 11.1 11.068 9.756 10.114 9.966 10.598 10.408 9.959 8.925 8.247 8.447 
6.351 7.748 
C1905x2TS123_4 0.261 9.08 8.647 10.807 9.845 10.609 11.711 11.498 11.161 10.973 11.843 10.478 10.822 11.438 11.412 12.736 11.343 12.289 11.792 11.91 11.906 11.963 
11.539 11.793 10.472 10.537 9.043 9.974 11.226 11.607 10.164 10.951 13.289 13.676 12.42 13.359 12.707 12.932 11.722 12.23 11.37 12.221 10.022 
10.637 8.839 10.419 10.161 9.351 10.371 9.449 9.113 9.524 10.829 9.347 8.364 9.174 8.674 7.911 7.993 9.002 8.674 7.892 7.075 7.683 
6.834 6.642 6.822 6.849 7.451 7.35 8.606 7.796 7.51 7.711 7.527 7.931 7.556 8.331 9.161 8.36 8.501 9.132 8.472 8.645 8.098 
8.172 7.729 7.286 7.27 6.893 6.605 6.813 7.635 7.736 6.99 7.068 7.652 9.248 8.476 6.646 5.821 7.112 7.015 7.026 6.999 6.166 
6.236 6.778 6.614 5.412 5.549 6.011 5.085 5.156 4.899 5.176 5.419 6.472 7.31 7.574 6.975 7.014 7.627 7.407 7.051 6.591 6.339 
6.263 7.208 7.729 8.409 9.834 10.542 10.671 9.487 9.232 9.037 9.376 8.846 9.081 9.898 10.223 9.835 9.789 7.756 7.408 6.023 5.326 
5.93 8.866 10.041 9.262 9.556 8.663 9.01 7.538 6.15 6.083 5.752 5.551 6.605 7.353 6.691 7.963 7.246 8.055 7.752 8.576 7.54 
8.642 8.007 9.173 7.96 9.604 8.389 8.544 9.731 9.577 9.217 9.746 8.991 10.048 8.284 9.027 7.347 5.993 5.303 5.029 6.141 8.642 
8.862 9.823 8.489 8.218 8.669 8.337 7.833 9.004 8.82 10.235 11.217 10.227 11.729 10.898 11.969 11.19 13.194 12.423 10.43 9.299 9.903 
13.351 15.0 15.0 15.0 14.726 13.431 12.205 10.0 9.183 8.442 7.714 8.121 8.266 7.791 8.841 8.715 8.86 8.746 8.314 7.948 8.499 
8.66 9.01 8.375 8.452 8.421 7.49 6.437 6.021 4.505 5.092 4.719 5.495 5.643 5.121 5.143 5.376 5.075 6.326 7.382 7.295 10.451 
12.683 12.012 14.606 14.362 14.498 13.369 13.1 12.311 12.302 11.961 12.161 11.567 10.86 12.192 11.624 11.822 11.472 11.783 10.567 8.347 8.562 
5.634 6.092 
C1905x2TS121_1 0.241 8.922 8.81 9.195 8.877 9.07 8.788 8.932 8.794 8.649 9.65 8.656 9.844 10.706 10.408 10.489 11.17 11.475 10.525 11.157 13.676 12.783 
11.646 12.259 11.791 11.595 10.685 11.445 11.788 12.549 11.341 11.54 11.351 11.757 11.479 12.9 11.783 12.706 11.707 12.621 12.036 12.19 11.777 
12.326 11.208 11.846 13.236 14.743 14.503 12.471 13.86 14.187 13.667 13.431 12.883 11.602 10.396 10.567 10.09 11.402 11.763 13.11 11.932 11.657 
10.101 8.921 8.503 8.356 8.447 8.409 8.325 8.352 7.883 8.147 7.869 7.681 7.782 8.486 8.298 8.426 8.279 8.517 8.342 9.325 9.204 
9.009 8.908 9.439 8.922 8.539 10.212 11.874 11.411 11.303 12.882 11.779 11.167 11.074 9.085 7.925 7.592 9.67 9.441 8.828 8.918 8.307 
8.112 8.536 8.012 7.396 7.214 8.621 8.136 7.529 7.772 9.208 8.414 8.256 10.273 10.047 9.5 10.481 11.253 10.782 10.021 9.709 10.373 
9.049 9.237 9.173 8.583 8.076 7.675 7.474 8.025 7.95 8.521 9.035 10.047 11.524 10.271 9.973 9.52 10.074 10.7 11.086 12.001 9.469 
8.932 10.573 8.86 7.943 8.253 9.151 8.577 8.362 9.539 8.571 9.034 8.0 7.913 8.433 7.431 8.359 8.191 8.143 8.325 9.243 9.243 
11.255 10.408 11.438 8.574 8.723 8.484 9.499 8.983 10.093 9.499 10.325 8.218 9.142 7.733 8.21 8.671 9.013 9.596 9.045 9.237 10.121 
9.478 9.275 8.483 8.656 9.213 8.831 8.645 11.576 12.178 12.112 12.37 12.246 11.512 10.976 10.836 9.876 9.918 9.746 8.619 8.152 9.175 
9.796 10.579 11.056 8.649 8.75 6.576 6.235 5.684 6.412 6.28 6.672 5.776 6.412 5.563 7.521 6.45 7.469 6.797 6.398 6.062 6.629 
7.035 7.034 6.276 7.355 7.031 6.885 6.873 7.125 6.135 7.112 6.764 6.933 7.25 7.102 6.11 6.219 5.046 4.815 4.674 3.889 4.761 
5.277 5.304 7.549 8.773 9.932 9.19 9.442 10.223 9.659 8.516 9.108 7.52 8.068 8.133 7.437 7.704 7.785 7.879 8.253 7.011 8.78 
6.764 15.0 
C1905x2TS073_2 0.262 7.473 7.239 8.138 7.84 8.384 8.05 7.818 8.117 8.317 8.643 8.479 9.287 9.901 9.501 9.868 9.007 9.269 9.232 9.443 9.831 9.955 
8.779 9.922 9.072 8.909 9.072 9.439 8.918 9.621 11.333 10.178 11.155 10.828 9.136 9.176 8.332 8.231 8.018 8.393 8.578 9.468 8.787 
9.49 8.999 9.955 10.771 13.662 13.367 11.555 13.328 13.058 12.526 11.974 11.054 10.073 9.369 8.774 9.851 11.118 11.464 12.326 10.828 9.21 
7.386 7.442 7.373 7.265 7.867 7.42 7.201 7.188 7.083 7.102 7.053 7.582 7.307 8.497 8.993 9.683 9.951 9.747 9.57 9.658 9.8 
9.81 8.813 8.543 9.308 8.256 8.088 9.596 10.124 9.536 9.86 10.587 9.938 9.118 8.545 7.668 7.609 9.292 9.3 8.959 9.908 10.956 
10.363 11.061 10.822 9.937 8.947 9.521 9.716 8.654 8.227 9.159 9.072 8.249 9.411 9.878 9.308 9.347 10.899 9.291 8.613 9.253 8.338 
7.724 8.068 7.957 6.653 6.949 6.784 6.026 6.235 6.047 5.674 7.662 7.575 9.87 10.597 11.53 8.942 8.167 8.346 9.001 8.371 8.605 
8.799 9.226 9.959 10.48 10.473 10.964 10.751 9.301 9.277 9.58 9.57 9.135 9.0 8.724 7.716 9.44 8.821 9.424 10.065 9.582 10.064 
9.426 9.236 9.589 7.819 8.51 6.78 7.54 7.974 7.73 6.553 6.53 6.836 7.338 6.004 7.756 8.829 8.923 9.21 7.308 6.825 7.506 
6.523 6.624 7.046 6.606 6.905 7.655 7.189 7.946 7.199 7.403 7.047 6.256 7.429 7.181 7.976 8.702 9.922 9.827 8.373 7.885 8.361 
8.451 9.858 9.084 8.001 8.389 6.974 7.284 5.148 5.223 4.95 4.722 5.432 5.004 4.548 6.615 6.754 7.324 7.584 7.909 8.457 8.123 
7.876 7.629 7.455 8.118 8.366 7.627 6.683 6.889 5.594 7.08 6.486 7.436 6.131 7.222 7.722 7.735 6.577 7.028 6.793 6.885 8.142 
9.537 8.915 11.374 11.983 12.425 10.577 10.097 11.321 11.799 10.327 11.734 11.75 9.965 10.161 9.383 9.599 8.64 9.098 9.631 7.613 7.231 
6.109 7.257 
C1905x2TS067_1 0.245 11.683 10.797 12.72 11.882 12.31 11.462 10.518 12.048 11.335 11.923 10.948 11.876 12.989 10.588 11.661 12.286 11.625 10.507 11.912 13.895 12.784 
12.143 13.683 12.734 13.301 12.544 11.9 13.058 14.202 13.181 13.219 14.353 14.351 13.399 14.634 12.994 14.035 14.153 13.886 11.743 12.352 11.892 
11.67 9.873 11.811 13.977 14.099 13.717 14.07 15.0 14.45 13.608 13.528 11.8 11.155 10.145 9.701 10.358 9.691 8.956 9.799 9.093 7.456 
6.714 6.958 7.029 6.427 7.329 6.817 6.934 6.88 7.13 7.132 7.06 7.457 7.778 9.294 9.464 10.87 13.105 10.564 10.329 11.614 11.746 
10.428 10.694 11.926 11.395 11.897 12.459 11.204 12.975 13.126 11.119 10.415 10.885 9.82 9.036 8.91 8.873 9.794 9.894 10.754 10.774 10.693 
10.72 11.391 11.016 10.065 10.488 11.206 9.687 9.897 11.471 11.018 10.329 10.854 12.128 11.437 12.122 13.289 13.0 11.785 12.919 13.159 12.528 
11.698 9.902 10.503 11.599 11.151 9.596 9.827 8.719 8.025 8.153 8.303 7.58 8.516 8.691 9.797 9.981 9.97 9.371 8.698 8.449 5.84 
6.347 5.871 7.496 8.045 8.462 8.629 9.338 8.569 9.041 8.507 8.954 7.607 7.439 7.411 7.358 8.546 8.69 9.948 10.331 10.419 9.981 
10.619 10.31 10.43 8.93 10.945 8.744 9.321 9.492 10.178 9.732 9.474 8.766 7.407 6.59 7.671 6.823 5.851 5.406 4.523 5.218 7.626 
8.403 9.081 9.687 10.224 9.951 8.574 6.878 8.301 7.706 8.578 8.026 6.225 5.246 5.43 5.041 5.604 6.107 7.077 6.771 5.808 6.342 
6.188 6.214 5.655 5.839 5.319 4.288 4.483 4.568 4.874 4.079 4.272 5.046 5.845 5.893 6.787 5.279 6.124 6.848 6.779 6.54 6.317 
6.278 7.408 6.472 6.818 6.573 6.942 7.027 7.567 7.083 8.2 9.277 10.059 9.557 8.783 7.665 6.696 6.091 5.607 6.096 5.132 7.967 
9.105 10.141 11.953 10.708 9.818 9.759 8.306 8.52 9.711 8.735 11.108 11.074 9.757 10.109 9.963 10.596 10.408 9.958 8.925 8.247 8.447 
6.351 7.748 
C1905x2TS073_4 0.237 7.198 7.004 7.957 7.803 8.986 8.556 8.516 8.355 8.687 9.115 8.965 10.19 10.938 9.229 11.182 9.495 11.018 10.79 12.247 12.493 13.094 
12.746 13.448 13.426 13.215 12.506 11.722 11.625 12.302 10.917 10.173 10.997 10.861 11.141 11.934 10.84 10.654 11.104 11.828 10.477 10.499 9.136 
10.05 9.251 10.198 11.103 13.091 12.968 11.17 13.569 13.692 12.919 12.76 12.267 11.997 11.355 11.08 12.038 12.147 11.191 11.267 10.157 10.244 
8.98 10.717 9.741 9.896 8.904 8.281 7.929 7.77 6.822 7.198 6.66 7.148 7.181 8.186 8.188 9.039 8.504 8.637 8.807 9.55 9.173 
9.124 8.98 8.855 9.528 8.473 8.364 9.663 10.473 10.452 10.898 11.387 10.564 9.907 8.817 7.534 7.591 9.539 9.193 8.901 9.525 10.491 
9.525 9.802 9.695 8.369 6.781 7.172 6.847 6.53 6.346 6.9 7.331 6.87 7.311 7.63 8.064 7.462 7.291 7.932 7.813 7.026 6.601 
7.06 7.305 7.767 8.51 9.002 8.681 8.603 9.659 9.917 8.839 9.591 9.158 9.748 10.324 10.233 9.985 10.17 9.751 9.812 9.2 9.292 
9.283 10.013 10.65 9.472 9.238 8.78 9.163 8.971 8.847 8.48 8.764 8.135 9.0 8.636 7.299 7.006 7.666 7.82 8.308 9.037 8.153 
8.568 8.675 9.532 8.489 9.579 8.554 8.891 8.838 8.627 7.847 7.36 7.419 7.808 7.265 9.115 9.65 10.667 9.046 8.591 8.504 11.505 
10.941 11.87 11.168 11.009 11.272 10.009 8.916 9.204 9.526 10.22 10.472 11.015 11.581 10.497 9.873 9.505 10.053 9.549 8.054 8.893 7.296 
6.711 5.791 5.72 6.031 6.86 6.32 6.458 6.761 7.533 7.888 9.069 11.446 11.569 9.06 10.858 9.23 9.321 9.341 8.746 8.892 8.319 
8.051 8.34 7.796 8.649 8.506 9.288 8.651 10.419 8.141 8.399 7.423 7.638 7.967 8.169 8.923 8.285 8.452 9.083 8.506 7.933 9.577 
10.613 10.967 11.239 10.765 11.112 9.435 8.939 9.772 9.686 8.909 9.787 10.607 10.684 11.815 9.702 7.881 8.815 7.927 7.396 6.822 7.029 
4.626 5.52 
C1905x2TS073_5 0.264 9.236 9.007 9.383 9.631 9.259 8.456 8.342 8.186 8.047 7.992 7.556 7.971 8.617 7.761 8.6 7.306 7.691 6.599 8.019 8.137 9.21 
8.531 8.573 8.852 9.615 9.482 9.798 9.543 9.479 10.216 10.064 10.161 10.496 10.657 10.786 9.254 9.407 9.423 9.117 9.034 9.066 8.863 
9.202 8.67 11.148 11.04 11.528 12.223 10.891 11.125 10.659 11.875 10.323 9.607 9.631 8.632 7.261 7.934 7.569 7.239 7.099 6.679 6.668 
6.525 6.998 7.191 7.88 8.344 8.218 8.524 8.192 7.393 7.264 7.38 7.841 7.73 9.761 12.254 11.308 10.096 11.171 10.477 9.756 10.597 
10.523 9.849 9.473 10.924 10.28 9.423 10.937 12.067 11.749 9.91 10.069 10.008 9.575 9.149 8.026 8.581 10.484 11.36 10.488 11.914 11.878 
11.16 10.249 9.642 9.088 8.416 8.874 8.523 7.839 7.789 8.606 8.176 8.109 9.588 9.443 8.703 9.523 9.863 9.308 9.159 9.193 7.598 
7.867 9.267 9.185 8.475 8.832 9.679 9.326 9.369 9.324 9.311 10.629 10.911 11.336 14.102 11.769 9.854 9.579 8.01 8.119 8.029 7.246 
7.996 8.216 9.429 10.149 11.159 11.78 11.378 10.014 9.531 9.638 10.625 9.869 9.868 10.245 10.047 11.216 11.134 11.39 11.161 10.773 9.793 
9.298 9.476 9.008 7.714 7.942 6.046 6.088 5.273 6.641 6.435 7.237 7.638 8.535 8.11 9.749 10.138 10.299 9.436 7.628 6.922 7.361 
6.164 6.23 6.258 6.915 5.954 5.874 5.872 6.332 5.222 4.809 4.491 4.278 4.066 4.725 6.068 7.61 8.577 9.796 8.066 7.226 5.292 
4.907 5.163 4.277 5.065 4.807 4.788 4.976 4.454 6.249 6.357 6.508 7.016 6.488 6.25 7.913 7.504 8.566 9.369 8.626 8.237 8.635 
8.439 8.934 8.137 8.668 8.539 8.527 7.921 7.847 6.869 7.404 7.497 8.487 7.968 8.413 7.889 6.489 5.552 5.759 7.038 5.106 7.344 
7.685 7.103 8.033 9.214 8.75 8.923 8.779 10.256 10.352 9.312 11.042 11.275 11.47 12.596 11.639 12.0 12.87 13.311 12.678 9.217 9.862 
9.071 9.85 
C1905x2TS121_2 0.201 7.98 7.56 8.304 8.761 8.996 8.132 8.444 9.763 8.629 8.785 9.674 10.899 10.155 8.902 11.497 10.785 9.824 9.42 10.085 11.483 9.607 
8.97 8.828 9.41 9.384 8.72 9.541 9.751 12.015 10.715 10.545 11.963 12.805 11.48 13.092 11.277 11.199 12.136 11.055 9.54 9.961 9.673 
9.177 8.152 10.946 12.292 9.79 10.559 12.028 13.586 12.095 13.579 14.252 12.159 10.529 11.06 11.058 9.372 9.546 8.919 9.096 7.87 7.765 
6.458 6.371 6.855 6.517 7.286 7.178 6.817 6.784 6.431 6.843 6.205 6.743 7.222 8.652 8.87 9.133 10.809 8.811 8.78 9.589 8.924 
8.286 8.525 8.819 8.1 7.677 7.824 7.593 7.818 8.678 9.688 8.196 8.245 7.328 7.267 6.906 6.777 7.801 7.92 8.622 8.409 9.642 
8.522 8.984 9.795 9.134 7.459 8.85 8.626 7.685 8.329 9.847 8.937 8.306 10.805 11.343 10.746 11.415 12.753 11.949 10.485 10.63 10.032 
10.328 10.414 10.764 10.879 10.729 10.89 9.418 9.331 8.143 10.842 11.311 11.874 12.992 13.507 13.893 13.571 13.846 13.133 14.549 14.732 14.753 
14.683 15.0 15.0 13.839 13.245 13.596 13.476 12.644 12.511 11.756 12.266 11.133 12.038 12.462 13.728 13.986 13.561 14.315 13.64 14.547 14.323 
14.329 13.679 13.572 11.191 12.481 13.04 13.901 13.695 13.501 12.583 12.319 9.195 8.999 6.855 8.168 9.225 9.477 11.194 11.069 10.292 11.947 
11.788 12.174 10.437 10.795 11.603 10.811 9.49 11.295 11.673 12.872 14.767 14.83 14.838 14.97 14.934 14.686 14.7 13.364 10.965 10.237 10.363 
11.809 11.827 11.68 10.783 10.999 9.801 10.371 10.613 9.844 8.696 8.761 6.725 8.005 7.148 8.21 6.699 7.603 8.026 7.091 7.017 7.129 
7.066 7.089 7.513 9.289 10.351 9.601 8.108 8.498 7.272 9.655 10.452 12.254 13.766 13.761 13.448 13.781 13.387 12.764 12.87 10.022 10.597 
10.761 10.51 13.559 13.352 14.447 14.146 13.767 12.531 11.582 9.184 9.433 7.856 8.32 8.854 9.445 10.662 10.693 12.882 14.085 12.942 14.349 
10.937 15.0 
C1905x2TS215_3 0.349 7.812 8.24 8.633 7.98 8.572 7.961 7.689 5.391 5.586 5.558 4.826 6.892 7.49 7.866 8.332 8.573 9.328 7.886 8.241 8.029 8.702 
8.417 7.739 9.039 8.464 9.474 10.449 9.701 9.927 12.009 12.324 12.234 12.688 11.407 12.161 10.21 9.314 9.74 9.664 8.533 7.495 6.322 
6.434 4.925 7.568 8.001 8.239 8.489 8.084 9.015 8.705 8.935 8.878 8.244 8.698 8.445 8.883 8.167 9.495 9.564 10.006 9.624 9.193 
6.64 6.398 6.534 6.125 6.21 5.978 5.765 6.256 5.767 6.456 6.201 7.011 7.167 7.969 8.504 8.24 7.915 7.656 7.513 7.843 7.404 
7.642 7.023 6.725 6.879 6.177 6.084 6.269 6.711 7.176 6.89 6.604 6.9 6.434 5.944 5.607 5.435 7.496 7.634 8.136 8.699 9.227 
8.315 9.241 9.874 9.472 8.962 9.025 8.466 8.429 8.298 7.906 7.679 7.915 8.214 7.735 7.507 7.567 7.613 7.548 7.762 8.621 7.501 
7.665 7.876 8.621 7.978 6.839 5.717 5.208 4.808 4.815 4.764 5.212 5.313 5.489 5.652 6.119 6.85 6.811 6.943 7.72 7.563 8.247 
8.663 10.16 10.179 10.554 9.645 8.744 9.026 9.376 8.0 7.661 7.276 6.555 6.899 7.124 7.385 8.255 7.739 6.613 5.209 5.548 4.626 
6.808 6.543 6.5 5.345 6.061 4.82 7.665 7.171 8.41 8.703 9.64 9.419 9.339 8.421 10.074 9.98 8.243 7.928 7.391 8.738 9.516 
9.551 10.924 9.681 8.89 8.31 8.158 7.202 8.805 8.495 7.94 6.248 5.903 5.144 4.244 5.07 5.968 6.876 7.445 7.207 6.72 6.299 
5.408 5.664 6.042 6.085 7.155 4.35 4.246 3.3 3.609 3.125 3.24 3.455 3.837 2.656 3.743 4.44 4.466 5.142 5.004 4.926 6.391 
6.009 5.867 4.521 6.611 6.826 6.343 4.616 4.782 3.363 3.97 3.996 3.66 3.342 3.259 3.247 3.515 3.398 3.862 4.582 4.199 5.829 
5.41 4.583 5.914 5.353 4.988 4.394 4.781 5.932 7.906 7.323 8.693 9.003 9.048 10.286 9.162 10.281 11.147 9.528 8.731 7.745 8.337 
5.469 7.545 
C1905x2TS049_4 0.147 13.311 11.743 12.979 11.103 11.531 11.615 11.599 13.101 13.396 13.227 13.061 13.275 13.307 10.831 12.057 9.731 9.115 8.985 9.456 10.733 12.434 
12.128 13.119 13.972 14.082 13.738 13.424 12.853 12.829 13.031 12.86 13.106 14.247 14.087 13.814 14.009 15.0 15.0 15.0 15.0 15.0 13.822 
14.126 12.257 14.373 14.999 15.0 15.0 15.0 15.0 14.473 14.335 13.315 12.041 11.267 10.123 10.351 11.246 11.811 10.367 9.84 9.642 9.203 
8.057 8.27 8.341 8.056 9.466 9.834 10.717 11.167 11.105 10.205 9.243 11.571 11.615 14.38 15.0 15.0 15.0 14.533 14.678 14.924 14.756 
14.018 13.722 13.604 12.642 11.942 12.536 13.084 13.616 14.307 14.343 13.422 12.86 12.534 11.456 9.784 9.389 12.879 13.406 13.591 13.334 13.89 
14.067 13.413 13.379 13.328 12.907 12.822 12.751 12.283 11.625 11.585 11.462 10.618 11.85 11.358 12.855 12.394 11.469 11.267 10.187 9.462 8.984 
8.912 10.267 9.991 9.672 9.415 8.309 8.082 8.419 8.378 8.725 10.082 11.264 12.264 12.277 11.799 11.734 10.709 10.447 10.545 10.976 10.346 
10.871 11.431 11.877 11.635 11.984 12.597 13.821 14.7 15.0 15.0 15.0 15.0 15.0 15.0 14.385 14.774 14.624 14.88 14.718 15.0 14.669 
14.695 14.061 14.553 13.04 12.835 12.05 14.102 14.129 14.602 13.539 12.855 9.808 9.447 8.431 9.105 10.233 8.61 8.031 6.513 7.872 10.048 
9.768 11.043 10.824 11.036 10.763 10.962 10.562 13.815 14.964 15.0 15.0 15.0 15.0 15.0 15.0 15.0 14.938 14.939 13.228 13.455 13.864 
15.0 15.0 15.0 15.0 15.0 14.739 14.954 13.479 12.245 9.128 8.271 8.294 10.747 10.863 13.851 14.202 14.605 14.643 15.0 15.0 14.796 
14.462 13.65 12.432 12.293 11.514 11.28 9.992 10.944 8.607 9.943 8.738 10.656 12.611 11.756 12.358 13.0 12.155 13.167 12.875 11.257 13.484 
13.57 13.339 14.769 14.109 14.885 13.73 13.406 13.434 13.842 11.847 12.247 12.343 12.627 13.966 13.945 14.218 14.024 14.95 14.389 13.741 14.817 
13.488 13.789 
C1905x2TS389_4 0.303 8.482 8.697 9.965 8.451 9.208 9.707 8.971 8.132 8.51 9.639 8.529 9.357 9.59 9.62 10.668 10.955 11.373 10.763 11.615 11.013 10.586 
9.377 11.277 11.25 11.226 10.586 11.952 11.183 11.071 11.871 11.045 10.697 10.051 11.235 11.796 10.508 11.691 11.863 12.274 11.692 11.719 10.83 
10.995 9.071 10.348 11.079 10.967 10.056 10.439 12.307 10.423 10.648 12.192 10.462 8.777 8.762 8.937 8.166 8.086 8.201 7.716 6.713 6.605 
6.352 6.699 7.615 7.133 7.423 7.335 6.89 6.674 6.425 7.01 6.437 6.953 6.838 8.171 8.133 8.71 8.437 8.124 8.451 7.762 7.181 
7.693 7.763 7.492 7.797 8.657 7.816 8.177 9.675 10.283 8.536 8.98 9.551 9.72 8.971 8.171 7.899 9.199 10.062 9.484 10.337 10.811 
9.82 10.53 10.282 9.327 8.03 8.41 8.212 7.432 7.556 8.674 8.836 7.658 9.385 9.426 8.746 8.649 9.704 9.605 8.363 8.274 8.645 
7.627 7.363 7.184 7.59 7.497 6.416 4.709 5.075 4.788 5.284 4.892 5.393 6.504 7.67 7.016 7.37 6.803 6.226 5.394 5.303 5.198 
5.985 6.228 7.769 8.101 9.122 9.778 8.569 7.011 6.675 4.787 4.701 3.816 4.494 4.654 4.092 4.111 4.229 5.186 4.564 4.195 4.039 
5.069 5.95 6.122 5.448 7.839 6.648 7.564 6.905 6.695 6.578 6.512 6.278 6.696 5.9 6.916 6.847 5.727 5.457 4.768 4.97 7.48 
8.021 8.887 8.332 8.23 8.389 7.531 6.916 7.469 7.772 6.476 6.521 5.887 5.995 5.718 7.552 7.888 8.158 8.058 7.153 7.4 7.405 
7.121 6.717 7.743 7.879 8.281 8.078 8.814 8.917 8.872 7.956 8.13 8.838 7.673 6.261 7.394 7.55 7.587 7.186 6.931 7.398 7.356 
8.559 8.681 8.513 9.04 9.02 9.175 9.054 9.601 7.88 7.456 8.911 10.325 9.03 8.516 7.115 7.251 6.714 7.641 8.416 7.509 8.981 
8.972 7.005 8.517 7.602 7.38 6.259 6.456 7.525 7.208 6.745 7.215 7.173 5.841 6.284 5.885 7.045 5.518 5.534 5.016 4.336 4.829 
4.997 5.414 
C1905x2TS123_5 0.261 9.08 8.647 10.807 9.845 10.609 11.711 11.498 11.161 10.973 11.843 10.478 10.822 11.438 11.412 12.736 11.343 12.289 11.792 11.91 11.906 11.963 
11.539 11.793 10.472 10.537 9.043 9.974 11.226 11.607 10.164 10.951 13.289 13.676 12.42 13.359 12.707 12.932 11.722 12.23 11.37 12.221 10.022 
10.637 8.839 10.419 10.161 9.351 10.371 9.449 9.113 9.524 10.829 9.347 8.364 9.174 8.674 7.911 7.993 9.002 8.674 7.892 7.075 7.683 
6.834 6.642 6.822 6.849 7.451 7.35 8.606 7.796 7.51 7.711 7.527 7.931 7.556 8.331 9.161 8.36 8.501 9.132 8.472 8.645 8.098 
8.172 7.729 7.286 7.27 6.893 6.605 6.813 7.635 7.736 6.99 7.068 7.652 9.248 8.476 6.646 5.821 7.112 7.015 7.026 6.999 6.166 
6.236 6.778 6.614 5.412 5.549 6.011 5.085 5.156 4.899 5.176 5.419 6.472 7.31 7.574 6.975 7.014 7.627 7.407 7.051 6.591 6.339 
6.263 7.208 7.729 8.409 9.834 10.542 10.671 9.487 9.232 9.037 9.376 8.846 9.081 9.898 10.223 9.835 9.789 7.756 7.408 6.023 5.326 
5.93 8.866 10.041 9.262 9.556 8.663 9.01 7.538 6.15 6.083 5.752 5.551 6.605 7.353 6.691 7.963 7.246 8.055 7.752 8.576 7.54 
8.642 8.007 9.173 7.96 9.604 8.389 8.544 9.731 9.577 9.217 9.746 8.991 10.048 8.284 9.027 7.347 5.993 5.303 5.029 6.141 8.642 
8.862 9.823 8.489 8.218 8.669 8.337 7.833 9.004 8.82 10.235 11.217 10.227 11.729 10.898 11.969 11.19 13.194 12.423 10.43 9.299 9.903 
13.351 15.0 15.0 15.0 14.726 13.431 12.205 10.0 9.183 8.442 7.714 8.121 8.266 7.791 8.841 8.715 8.86 8.746 8.314 7.948 8.499 
8.66 9.01 8.375 8.452 8.421 7.49 6.437 6.021 4.505 5.092 4.719 5.495 5.643 5.121 5.143 5.376 5.075 6.326 7.382 7.295 10.451 
12.683 12.012 14.606 14.362 14.498 13.369 13.1 12.311 12.302 11.961 12.161 11.567 10.86 12.192 11.624 11.822 11.472 11.783 10.567 8.347 8.562 
5.634 6.092 
C1905x2TS049_2 0.139 12.285 10.776 12.527 10.968 10.897 10.826 10.585 10.489 9.557 10.132 8.535 8.732 9.322 9.696 8.911 8.674 8.299 7.742 8.675 10.053 9.41 
9.611 11.139 12.98 13.71 13.988 14.763 14.616 15.0 15.0 15.0 15.0 15.0 15.0 15.0 15.0 15.0 15.0 14.494 14.483 14.548 12.873 
13.163 11.704 12.962 13.869 14.376 13.664 13.73 14.833 14.448 15.0 15.0 14.6 14.319 13.944 14.009 13.708 13.231 12.078 12.876 11.813 11.213 
10.735 11.668 11.521 12.842 11.438 12.546 13.61 14.007 13.278 13.609 13.268 13.359 13.488 15.0 15.0 15.0 15.0 15.0 14.881 14.356 13.73 
12.88 12.83 10.624 10.839 10.975 9.871 8.645 9.505 11.611 12.162 12.897 12.433 11.721 11.291 10.285 10.046 12.405 13.253 12.851 12.54 12.404 
12.144 12.162 11.506 12.03 12.19 12.705 11.422 12.412 12.98 12.547 13.148 13.008 14.022 13.759 15.0 15.0 15.0 15.0 14.514 13.095 12.02 
11.276 11.97 12.312 11.36 11.608 10.801 11.527 12.356 12.218 12.004 13.577 14.14 14.632 14.724 14.355 13.59 14.072 14.271 15.0 15.0 14.611 
14.564 14.072 14.396 14.579 14.419 14.3 14.786 14.777 14.981 15.0 14.136 13.369 13.064 12.943 12.478 13.815 13.559 13.944 14.485 14.398 14.072 
14.869 13.88 13.15 11.985 12.509 10.543 12.71 11.237 11.529 11.154 10.381 9.278 8.583 8.389 9.899 11.196 11.073 10.079 8.235 10.605 11.924 
11.22 11.636 9.977 9.348 9.152 8.773 8.332 10.277 12.005 14.748 15.0 15.0 15.0 15.0 15.0 15.0 15.0 14.899 13.477 12.393 12.779 
13.905 14.125 14.891 14.977 15.0 14.15 14.184 13.443 13.893 11.695 11.944 11.832 12.354 11.892 13.581 13.53 13.935 13.528 13.618 14.268 14.799 
14.73 14.867 14.332 13.986 12.894 11.879 9.826 10.295 9.422 10.934 12.471 12.144 12.154 11.774 12.596 11.336 10.205 10.596 10.515 9.782 13.678 
13.315 12.851 14.988 14.313 15.0 14.518 14.685 13.991 14.148 13.628 14.744 13.851 14.132 14.96 13.883 15.0 14.821 15.0 15.0 14.014 14.9 
13.414 14.053 
C1905x2TS389_1 0.332 10.102 9.911 10.561 9.609 10.574 10.565 8.841 9.437 9.921 9.967 9.247 10.643 10.711 10.536 12.409 10.999 9.831 8.824 8.933 9.477 9.079 
8.712 9.454 8.808 8.408 7.872 8.012 6.612 6.426 7.019 6.433 6.857 6.522 7.665 8.272 7.702 8.146 9.529 8.573 7.545 9.409 8.866 
8.874 7.487 9.608 10.259 10.239 9.771 9.418 11.111 9.896 9.967 10.728 9.502 8.414 7.989 7.394 7.114 6.952 7.241 6.624 6.326 6.825 
6.63 6.613 6.438 6.346 6.496 6.739 6.155 6.796 6.179 6.875 6.134 6.724 7.094 8.768 10.055 9.136 8.696 8.043 8.12 7.815 8.086 
9.15 8.293 7.69 8.203 8.746 7.707 7.954 9.401 10.14 8.323 8.664 9.57 9.881 8.989 8.337 7.986 8.943 10.102 9.657 10.692 11.492 
10.635 10.328 10.072 9.113 7.87 8.207 7.999 7.358 7.058 8.51 8.672 7.762 9.352 10.106 9.43 9.056 10.138 9.644 8.355 8.915 8.407 
8.613 8.712 9.327 9.114 9.039 9.214 8.537 9.159 8.205 8.502 8.001 7.91 7.879 7.803 7.463 6.613 5.667 5.659 5.559 5.638 5.125 
4.825 5.633 6.318 6.66 7.235 6.986 5.443 4.65 4.219 3.456 3.452 3.542 4.301 4.847 4.245 4.916 4.722 5.232 5.302 4.718 4.845 
5.82 7.03 7.15 6.0 8.453 7.31 8.784 8.05 7.689 8.346 8.59 8.263 8.753 7.811 8.72 8.102 8.238 7.365 6.515 8.143 9.774 
9.066 8.861 8.378 7.819 6.948 6.93 6.514 6.936 6.067 5.111 4.329 3.93 4.116 4.085 4.56 4.842 5.046 5.649 6.114 6.07 6.049 
5.877 5.722 5.902 6.25 7.551 6.717 6.434 7.187 7.126 6.045 4.258 4.542 4.242 3.231 4.605 5.04 4.601 4.876 5.314 5.354 6.167 
5.984 6.477 6.527 7.64 8.021 7.805 8.631 9.673 7.915 7.11 7.034 7.458 7.356 6.676 5.871 6.443 5.989 6.31 7.146 6.742 8.045 
7.344 5.467 6.603 5.843 5.832 5.693 6.623 6.99 7.838 6.104 5.45 5.522 4.792 5.322 4.541 5.113 6.075 5.824 5.775 5.928 6.12 
5.045 7.427 
C1905x2TS215_4 0.33 8.323 7.541 8.332 8.464 8.853 8.278 8.414 7.598 7.231 7.795 7.84 8.57 9.098 8.865 10.003 9.745 9.45 9.864 10.464 9.772 11.18 
10.687 10.216 10.653 11.245 12.319 12.669 11.821 13.395 13.775 12.531 11.526 11.341 9.27 8.5 6.857 6.926 5.754 4.941 5.208 5.171 5.04 
4.827 4.5 6.736 6.759 7.274 7.762 7.64 8.794 9.07 9.72 10.545 9.133 9.292 9.433 9.49 8.296 9.087 9.28 9.558 9.008 7.997 
6.616 6.802 6.887 6.105 5.948 5.98 6.477 6.859 6.514 7.19 6.584 6.751 6.227 6.667 5.868 5.42 5.762 5.316 5.334 6.585 6.954 
6.403 5.674 5.218 5.826 5.536 5.661 6.379 7.0 7.967 8.37 7.895 7.957 8.412 7.309 6.224 5.439 6.77 8.011 8.85 10.488 11.256 
9.916 9.954 9.575 9.986 10.102 10.367 9.14 10.518 11.097 10.851 10.685 10.325 11.262 10.261 10.249 11.12 11.508 10.244 9.059 10.371 9.66 
8.625 8.296 8.158 7.447 7.467 6.613 5.436 5.21 5.453 4.918 5.444 4.428 5.801 5.655 7.39 6.334 4.986 3.954 5.038 4.354 5.549 
7.145 7.953 9.823 8.303 9.101 8.457 7.957 7.028 6.546 4.527 4.947 4.182 5.402 4.819 4.324 4.982 5.31 5.748 6.273 7.826 7.558 
8.157 8.13 8.596 7.697 8.146 5.383 6.295 6.428 7.369 6.557 7.134 6.177 6.546 6.353 7.229 7.701 7.097 7.295 6.444 6.007 7.698 
7.778 8.401 8.07 7.741 7.874 7.787 6.676 7.857 7.078 6.739 6.894 6.283 5.583 6.62 7.888 8.057 8.255 8.924 7.879 8.041 8.152 
8.292 7.947 9.35 8.977 11.077 9.454 10.357 11.033 10.935 10.801 9.265 8.188 8.102 7.633 9.055 9.493 9.393 8.021 7.838 6.966 7.493 
7.205 8.293 6.972 8.191 8.586 7.333 6.674 5.81 4.389 4.833 3.893 3.637 3.21 3.099 2.892 3.369 3.573 3.914 4.342 3.179 4.565 
4.283 4.054 5.633 5.794 5.698 5.708 6.53 8.008 9.672 8.75 10.706 10.21 8.686 8.685 6.446 8.086 7.933 7.43 6.171 5.021 5.816 
5.055 6.187 
C1905x2TS067_4 0.245 9.607 9.016 8.91 8.962 10.116 9.042 8.246 9.147 8.86 9.128 9.414 10.342 12.095 10.237 11.73 9.919 10.735 10.288 9.625 10.609 11.746 
10.869 10.836 11.901 12.036 11.063 10.567 12.666 13.55 12.872 13.594 14.672 14.982 14.271 14.964 13.744 13.684 14.163 13.85 12.805 13.155 11.538 
12.122 10.887 12.271 12.934 14.008 13.089 12.369 12.792 11.106 12.633 13.867 12.835 10.618 10.157 11.298 10.716 9.668 10.19 10.181 8.39 7.78 
7.97 7.906 6.837 6.831 6.988 6.691 6.332 7.529 6.855 7.116 6.824 7.153 7.728 9.0 8.402 8.477 8.963 7.743 7.45 8.173 7.731 
7.218 7.401 7.326 7.029 7.278 6.905 8.144 9.511 10.997 11.511 9.234 9.355 9.242 8.53 7.774 7.617 8.564 8.065 7.854 7.97 7.968 
7.584 7.879 7.665 8.098 7.612 7.95 8.484 9.74 11.856 13.206 13.951 13.498 13.936 14.071 14.722 14.48 13.615 13.983 14.21 14.026 13.75 
14.386 14.117 14.365 15.0 14.91 14.677 14.303 13.399 13.046 12.395 13.904 12.924 12.819 11.101 11.562 11.816 11.484 10.573 11.683 10.975 11.726 
12.407 12.37 12.608 9.412 9.695 8.468 7.777 8.124 7.476 6.936 7.76 6.132 7.893 6.894 6.852 6.789 6.392 5.996 5.916 6.463 6.745 
6.978 7.027 7.667 7.302 9.146 8.43 8.51 8.305 8.8 10.576 10.97 9.434 8.106 6.686 6.98 6.116 4.944 4.974 4.451 4.756 7.004 
8.719 9.721 9.949 9.858 9.097 8.289 6.275 7.393 7.477 7.852 7.617 6.374 6.243 6.019 5.513 4.795 4.739 5.385 5.996 5.802 5.949 
6.465 5.822 5.483 4.996 5.792 4.752 4.886 4.61 5.484 4.909 6.147 6.651 7.273 6.689 9.774 10.807 11.652 10.334 8.828 8.904 8.699 
9.107 8.898 9.307 8.378 8.564 8.071 8.149 9.226 7.616 9.364 10.329 10.435 9.574 7.976 8.582 9.171 8.211 8.958 8.399 7.441 9.0 
9.933 10.24 10.278 9.863 10.735 10.521 11.104 13.654 13.69 11.909 13.099 11.787 12.061 12.422 8.874 8.837 7.932 6.847 8.423 8.64 9.223 
8.199 11.2 
C1905x2TS003_1 0.235 9.45 9.028 10.322 11.34 10.214 9.506 9.626 8.501 7.95 7.653 7.734 9.024 10.786 8.818 9.789 10.511 10.929 10.663 11.563 11.649 12.983 
13.296 14.536 14.473 14.737 14.407 14.761 14.772 14.992 14.972 14.999 14.397 13.457 13.221 13.029 10.421 10.531 9.073 8.569 7.458 8.156 7.035 
6.536 5.968 9.287 9.432 8.958 9.043 8.377 9.576 10.034 10.166 11.998 10.766 10.393 9.318 9.867 9.401 10.127 9.828 11.026 10.005 9.817 
8.464 8.961 8.915 8.758 9.262 9.052 8.099 6.919 5.984 6.37 5.368 5.836 5.602 6.671 7.522 8.911 9.27 9.189 9.554 10.334 11.149 
10.741 10.579 10.034 9.931 9.039 9.503 9.638 8.94 9.222 9.039 9.095 8.28 8.72 7.281 6.4 5.282 7.443 8.005 7.937 8.738 9.447 
9.028 9.755 9.175 8.613 7.596 8.57 8.389 8.91 9.26 9.628 10.24 9.767 11.483 11.199 12.287 10.706 11.434 11.183 10.214 9.8 9.607 
9.465 10.127 9.866 9.963 10.072 9.956 8.659 8.988 9.01 9.443 10.667 10.492 11.152 11.647 11.409 10.644 11.574 10.593 10.139 9.298 8.813 
9.308 8.003 8.992 8.081 8.58 9.394 9.832 9.696 11.103 10.427 10.743 9.046 9.684 8.89 8.148 9.08 9.274 9.509 10.532 10.943 11.081 
11.701 11.844 12.429 9.983 10.277 8.013 10.057 9.028 8.959 8.109 7.569 6.956 7.215 7.451 7.615 7.832 6.82 6.463 5.572 5.874 7.105 
7.581 8.456 8.087 8.615 8.183 8.862 8.735 11.615 11.845 11.861 11.75 12.391 12.307 11.918 12.507 12.5 13.066 12.383 11.472 10.216 10.014 
11.103 11.791 11.297 10.97 11.808 8.671 9.017 8.7 8.365 6.669 7.528 6.995 8.538 7.381 10.097 9.312 9.789 9.816 9.1 10.147 10.83 
10.82 11.037 9.772 9.321 8.335 8.52 7.922 8.433 7.106 8.062 8.56 9.713 9.895 8.468 8.113 8.125 7.681 7.538 7.344 6.236 8.205 
9.17 9.251 12.203 9.923 9.648 8.218 8.256 8.325 8.711 8.098 8.176 7.613 6.044 5.619 4.73 5.349 6.385 6.296 6.059 5.783 7.107 
6.425 8.427 
C1905x2TS215_2 0.307 7.422 6.22 7.426 6.576 6.899 6.977 7.026 7.048 7.535 8.696 8.335 9.602 10.474 8.941 9.81 10.125 9.998 8.915 10.224 11.514 10.396 
8.972 9.782 8.651 8.484 8.388 9.66 8.505 9.118 10.958 12.278 10.889 10.829 11.276 11.339 9.903 9.783 9.096 8.813 8.679 7.829 7.551 
7.726 7.096 8.839 8.777 8.673 9.142 8.63 9.619 9.35 9.646 9.08 8.8 8.797 8.43 8.013 8.314 8.423 8.437 8.906 8.68 8.378 
7.272 6.961 6.357 5.864 5.789 5.594 5.18 6.139 5.777 6.224 6.414 8.3 8.205 9.409 11.027 10.774 9.513 9.859 9.682 8.99 8.667 
9.608 9.837 8.368 8.832 8.915 8.471 7.494 8.166 9.302 8.196 7.756 8.691 9.149 8.425 8.33 8.209 9.676 9.894 9.146 9.144 8.478 
7.883 8.093 7.478 7.128 6.707 7.449 6.293 6.298 5.784 6.841 6.633 6.698 7.148 7.778 7.325 7.842 8.699 8.666 8.095 7.683 7.605 
8.162 8.686 9.632 9.533 9.52 10.037 9.23 7.904 7.965 6.653 8.183 7.04 7.902 7.742 9.79 8.259 5.857 4.876 4.948 5.873 6.471 
7.59 8.248 9.724 9.504 9.838 10.579 9.584 7.775 7.621 5.955 5.487 5.02 5.609 6.111 5.429 6.438 6.515 6.661 7.061 6.758 7.101 
7.963 8.239 9.153 8.775 9.643 7.947 8.736 8.102 8.38 7.323 7.558 7.853 7.666 7.119 8.264 7.765 7.357 8.676 7.994 8.229 9.044 
9.93 9.854 9.191 9.761 10.108 9.717 8.444 10.6 10.732 10.69 10.563 10.508 11.144 10.102 10.933 10.056 9.343 8.434 7.842 7.009 6.474 
7.102 6.826 6.539 7.248 7.764 6.345 8.266 8.786 8.29 8.414 7.843 5.738 5.423 4.45 5.895 4.575 4.529 3.893 3.547 3.758 4.545 
4.949 5.964 6.187 6.426 6.595 7.1 6.89 7.036 6.035 6.022 5.594 4.895 3.923 3.587 3.369 4.253 4.395 5.142 6.436 5.812 7.111 
7.028 4.791 6.478 5.146 4.934 4.337 4.917 4.809 6.744 7.104 7.562 8.54 9.094 10.065 10.188 10.024 9.481 9.955 8.466 5.977 6.243 
4.955 6.842 
C1905x2TS215_1 0.368 6.127 5.316 5.697 6.953 6.556 6.814 6.647 6.596 7.051 8.478 7.469 8.706 9.447 7.86 8.303 8.369 8.303 7.792 9.553 8.535 9.095 
9.048 7.757 7.419 5.768 6.169 6.765 5.811 6.157 6.79 6.573 6.672 6.987 7.306 8.318 8.406 8.62 8.507 9.323 8.057 8.773 8.656 
8.835 6.952 8.427 8.335 7.866 7.75 6.23 8.252 7.565 7.617 7.516 7.455 7.554 7.026 7.078 7.322 7.762 8.074 8.684 7.757 7.624 
7.859 8.195 7.439 8.113 7.205 7.009 6.239 5.731 5.28 5.126 5.459 5.305 3.934 4.487 4.257 4.162 4.818 4.723 4.559 5.805 5.917 
6.017 5.262 6.222 6.212 6.443 6.439 7.012 7.906 9.139 8.671 8.775 8.93 8.501 8.187 7.476 6.711 9.053 9.234 9.268 9.17 9.394 
8.279 8.702 9.469 8.483 6.809 7.549 7.807 7.09 7.122 7.745 7.307 7.384 8.193 7.878 7.836 7.913 8.191 7.656 7.836 8.642 8.506 
9.111 9.738 10.238 10.557 9.979 10.326 10.027 9.115 9.381 8.522 9.694 9.341 9.506 8.151 7.268 5.936 4.78 3.995 4.152 4.032 5.053 
6.313 7.179 7.782 8.784 9.131 9.6 8.661 8.56 8.643 7.122 7.309 6.594 7.428 8.059 7.632 8.166 7.727 8.059 7.508 7.057 7.294 
8.35 8.559 9.374 8.595 9.519 7.581 8.409 7.61 7.411 6.912 7.134 7.356 7.452 6.386 7.966 7.813 6.22 5.869 4.868 4.323 6.138 
5.903 7.45 7.009 6.11 6.355 5.545 5.153 5.634 5.055 4.71 4.494 4.761 4.579 4.479 4.92 5.359 6.806 7.286 7.488 6.834 6.118 
4.575 4.238 3.697 3.635 3.779 3.15 3.228 3.029 3.235 3.332 3.556 3.341 3.516 2.757 3.55 3.567 3.25 3.325 3.155 3.4 3.636 
4.205 4.677 5.083 6.285 7.35 7.692 7.179 7.493 6.17 6.125 6.248 6.387 5.354 5.184 5.61 7.128 6.194 6.826 8.198 7.432 8.563 
8.442 5.778 8.087 7.662 7.701 5.774 5.643 5.96 6.011 6.408 6.556 5.788 5.465 5.491 4.377 5.398 5.983 6.918 6.096 5.997 6.384 
5.677 7.53 
C1905x2TS049_5 0.141 12.788 11.199 13.646 13.057 13.528 13.471 12.6 13.37 12.935 12.847 11.54 12.751 13.791 13.417 14.293 12.976 12.173 11.43 11.912 14.097 13.57 
14.259 15.0 15.0 15.0 15.0 15.0 15.0 15.0 15.0 15.0 15.0 15.0 15.0 15.0 14.858 15.0 14.991 15.0 14.839 15.0 14.008 
14.381 13.942 15.0 15.0 15.0 15.0 15.0 15.0 15.0 15.0 15.0 15.0 14.685 14.024 13.799 13.816 13.654 12.875 13.085 12.064 12.547 
10.992 11.766 10.706 10.061 11.383 11.006 11.22 11.541 10.8 10.154 9.465 9.342 9.892 12.104 13.482 14.403 14.331 13.334 13.911 13.087 12.914 
12.886 13.712 13.705 13.213 12.178 14.159 14.126 14.915 15.0 15.0 14.556 14.023 13.27 12.795 11.551 10.165 12.785 14.129 14.538 14.597 14.949 
14.854 14.66 13.932 13.403 12.447 12.161 11.258 10.721 10.097 9.723 9.728 8.482 9.226 9.311 11.196 11.859 12.534 11.118 11.413 10.31 9.93 
9.539 9.293 9.607 9.182 8.603 7.018 7.159 7.451 7.423 7.274 8.91 7.891 8.022 7.052 6.72 6.532 6.869 7.033 7.799 8.674 9.643 
10.754 10.953 12.584 12.331 12.131 12.878 13.89 14.892 15.0 15.0 15.0 15.0 14.99 14.845 14.482 14.772 15.0 15.0 15.0 15.0 15.0 
15.0 15.0 15.0 14.624 14.59 14.092 15.0 14.925 15.0 15.0 14.113 12.403 11.528 10.635 11.784 12.856 10.909 11.826 9.937 11.238 13.5 
12.098 12.749 11.322 10.482 10.617 10.983 11.008 14.051 14.94 15.0 15.0 15.0 15.0 15.0 15.0 15.0 15.0 14.418 13.072 12.381 12.593 
13.323 13.748 13.759 13.566 13.352 12.629 13.75 12.893 13.213 11.189 10.661 11.582 12.807 12.145 14.349 15.0 15.0 15.0 15.0 15.0 15.0 
15.0 15.0 14.589 14.193 13.988 12.114 10.59 11.18 8.995 10.457 10.146 10.636 10.954 11.546 11.321 10.846 10.767 11.133 10.57 9.997 13.928 
14.301 14.099 15.0 14.686 15.0 14.975 14.886 14.888 14.476 13.332 13.42 13.522 13.268 14.565 13.923 14.851 14.8 15.0 14.92 14.18 14.385 
12.34 13.176 
C1905x2TS067_3 0.249 11.664 10.185 11.968 10.978 11.167 9.927 9.394 10.687 9.772 10.375 9.978 11.054 12.883 10.186 11.595 12.461 11.842 10.447 11.807 13.77 13.126 
12.098 13.948 13.277 13.552 12.669 12.276 12.782 13.826 13.124 12.969 14.016 13.791 13.308 14.369 12.005 13.016 13.65 13.114 10.845 11.841 11.648 
11.745 9.802 11.775 13.506 13.505 12.635 12.281 13.356 12.048 11.051 11.511 9.439 9.064 7.403 7.123 7.118 7.572 7.128 8.707 8.3 7.114 
6.627 7.07 6.88 6.887 7.363 7.524 6.979 7.144 7.097 7.255 7.034 7.267 7.518 9.082 9.11 10.507 12.587 10.242 10.139 11.275 11.399 
10.518 11.2 12.616 11.841 12.719 12.333 13.744 13.26 11.888 12.343 11.405 9.971 9.397 9.418 8.891 8.24 9.285 10.378 9.664 9.115 10.237 
10.593 10.068 9.467 9.678 9.587 8.954 9.055 9.908 10.402 10.374 11.329 12.09 12.668 12.159 13.349 13.576 13.065 12.961 13.138 13.267 12.844 
13.859 13.657 14.139 14.402 13.457 11.876 11.387 9.51 8.568 8.523 8.815 7.851 8.617 8.737 9.809 9.999 9.98 9.376 8.699 8.449 5.84 
6.347 5.871 7.496 8.045 8.462 8.629 9.338 8.569 9.041 8.507 8.954 7.607 7.439 7.411 7.358 8.546 8.69 9.948 10.331 10.419 9.981 
10.619 10.31 10.43 8.93 10.945 8.744 9.321 9.492 10.178 9.732 9.474 8.766 7.407 6.59 7.671 6.823 5.851 5.406 4.523 5.218 7.626 
8.403 9.081 9.687 10.224 9.951 8.574 6.878 8.301 7.706 8.578 8.026 6.225 5.246 5.43 5.041 5.604 6.107 7.077 6.771 5.808 6.342 
6.188 6.214 5.655 5.839 5.319 4.288 4.483 4.568 4.874 4.079 4.272 5.046 5.845 5.893 6.787 5.279 6.124 6.848 6.779 6.54 6.317 
6.278 7.408 6.472 6.818 6.573 6.942 7.027 7.567 7.083 8.2 9.277 10.059 9.556 8.802 7.667 6.734 6.187 5.701 6.182 5.229 8.253 
9.306 10.24 12.037 10.411 9.765 9.786 8.568 8.711 9.893 8.825 11.196 11.152 9.79 10.126 9.96 10.583 10.408 9.957 8.925 8.247 8.447 
6.351 7.748 
C1905x2TS215_5 0.326 7.331 7.726 8.405 8.422 8.359 8.327 8.196 8.069 7.888 7.978 7.762 8.157 8.107 7.843 8.014 8.009 7.557 7.474 7.949 8.335 7.836 
7.009 6.721 7.199 7.868 8.053 9.095 8.954 9.635 10.348 10.49 8.951 9.37 7.852 8.982 7.516 7.57 7.016 6.307 7.05 7.25 6.751 
7.525 7.515 8.636 8.833 9.202 9.507 9.351 10.241 10.421 10.076 10.492 10.235 10.273 9.603 8.811 9.249 8.474 8.208 8.637 6.906 7.71 
6.715 7.41 7.017 7.168 6.948 6.755 6.78 7.331 6.837 7.285 7.509 7.885 7.659 8.572 9.148 9.256 8.607 8.475 8.574 8.25 8.153 
8.632 8.946 8.051 8.068 8.309 8.989 8.51 8.144 8.478 8.707 7.543 7.279 7.668 6.857 6.539 6.967 8.09 7.459 7.295 6.614 6.612 
5.892 6.58 7.04 7.336 6.322 6.885 6.276 5.474 5.759 5.591 5.639 5.561 6.205 6.643 6.8 6.859 7.548 7.761 7.849 8.077 7.555 
7.848 8.849 9.727 9.484 9.156 9.399 8.675 7.767 7.655 6.425 7.009 6.876 5.916 6.257 5.677 6.609 5.019 5.239 5.097 5.272 6.655 
8.388 8.688 9.303 10.223 9.6 9.08 9.527 9.594 9.297 8.027 7.931 7.005 7.53 7.945 7.917 8.662 8.855 8.552 8.764 7.639 8.373 
8.395 9.405 10.123 8.962 10.061 7.752 8.795 8.586 8.923 8.106 8.246 8.101 9.56 8.208 9.513 9.024 8.359 7.971 6.586 8.09 9.782 
8.499 9.725 8.692 8.27 8.449 8.603 7.853 8.375 8.716 9.895 9.022 8.597 8.531 8.299 8.439 7.567 7.807 7.323 6.574 5.368 5.673 
4.591 4.296 4.504 3.953 6.697 5.99 5.318 4.819 5.531 4.181 5.462 4.654 5.361 5.043 6.195 6.533 7.134 7.564 7.794 7.164 6.468 
4.777 5.92 5.249 5.875 6.949 6.311 5.157 4.852 2.851 3.742 3.576 3.581 3.441 3.277 3.345 3.588 3.739 4.604 4.851 4.591 5.498 
5.022 3.676 4.947 4.213 4.734 4.226 5.127 5.172 6.62 6.811 7.913 8.774 10.183 10.269 9.868 12.577 11.395 9.942 10.448 9.427 11.626 
9.382 10.914 
C1905x2TS228_1 0.299 10.726 9.412 10.38 10.118 10.736 10.115 9.235 10.195 10.369 10.694 9.386 10.258 9.687 9.116 11.064 10.41 11.399 11.029 10.793 11.114 11.492 
10.418 10.214 10.445 8.731 8.951 9.954 8.345 7.476 7.937 6.327 7.898 6.981 7.78 7.566 7.733 8.504 9.292 8.812 9.676 9.937 9.439 
9.364 8.713 9.968 10.155 10.965 10.722 9.44 9.613 9.701 9.441 9.304 9.114 9.084 9.035 8.736 7.761 9.239 8.508 10.433 9.132 7.765 
6.117 6.215 6.326 5.992 5.803 6.006 6.004 6.518 6.194 6.78 6.264 6.643 6.734 8.316 8.964 8.956 8.992 8.389 8.01 8.499 8.268 
8.681 8.577 8.61 8.473 8.746 9.134 9.766 9.672 10.933 11.869 10.223 10.094 9.861 8.672 7.831 7.839 9.322 11.073 10.721 11.571 11.81 
11.276 11.275 10.889 9.37 8.49 8.926 8.932 8.202 8.855 9.503 9.585 8.835 9.729 9.79 10.569 9.323 9.02 9.426 9.178 8.307 7.649 
7.901 7.894 8.09 7.674 8.509 7.303 6.481 6.385 6.265 6.231 5.515 5.704 5.554 5.381 5.135 4.291 3.863 3.776 4.007 3.861 4.075 
4.676 5.115 6.954 7.27 7.939 8.567 8.313 6.381 6.494 4.728 5.328 4.245 4.993 5.24 4.893 4.749 5.805 5.892 5.435 4.676 4.665 
4.738 5.788 6.632 5.874 6.731 5.746 6.939 7.214 7.358 8.426 8.845 8.614 8.78 8.114 9.085 8.361 7.959 7.154 6.881 8.035 9.774 
8.816 8.281 7.67 7.303 7.281 7.106 6.546 7.282 6.144 5.558 5.218 4.764 4.605 4.851 6.563 7.278 7.036 6.27 5.824 6.883 7.618 
7.066 7.783 7.693 7.687 8.093 5.645 6.334 5.052 4.621 4.411 4.853 5.035 6.117 4.07 6.102 6.503 6.944 6.489 7.549 7.572 8.055 
8.418 8.533 8.441 9.567 9.873 9.113 8.585 9.184 5.855 5.78 4.814 4.965 5.999 5.89 6.3 6.368 6.349 6.997 7.972 6.602 9.598 
10.332 9.312 11.228 10.324 10.715 9.863 10.982 12.445 12.506 11.45 12.434 11.491 10.987 13.23 12.983 14.29 14.187 14.584 14.631 13.006 13.93 
11.591 13.32 
C1905x2TS389_3 0.322 9.273 9.381 10.124 9.162 10.243 10.457 9.446 8.989 9.565 11.232 9.709 9.614 11.348 11.634 13.466 13.665 14.036 13.017 13.99 13.005 12.465 
12.341 12.695 13.17 12.332 11.591 11.854 10.954 11.41 9.312 8.738 10.043 7.991 8.654 8.97 8.685 9.024 8.386 8.063 7.775 9.169 8.159 
8.847 8.2 9.455 10.031 9.619 9.257 9.424 11.501 10.79 9.997 10.807 10.112 8.872 8.249 7.62 6.87 6.43 6.5 7.091 6.765 6.424 
6.424 6.782 7.067 6.888 6.849 6.435 6.381 6.785 6.277 6.714 6.431 6.696 7.055 8.794 9.809 9.667 9.036 8.261 8.4 7.932 7.795 
8.772 8.741 7.75 8.084 8.82 8.092 7.879 8.71 9.491 8.196 8.212 9.54 9.567 8.443 7.743 7.221 9.066 10.262 9.552 9.664 9.782 
8.957 9.781 9.413 8.67 7.912 8.9 8.466 7.909 7.81 8.809 8.079 7.78 9.165 8.71 8.207 9.498 10.15 8.708 8.876 9.86 8.115 
7.656 7.935 8.23 7.492 7.48 7.325 6.349 6.488 6.137 7.024 7.316 6.856 7.036 7.354 6.506 6.15 5.16 4.687 4.536 4.131 3.962 
4.411 5.043 6.894 7.511 8.837 8.67 8.18 6.022 5.395 4.39 4.919 4.295 4.952 5.693 5.016 5.887 5.391 5.02 5.057 4.356 5.329 
5.67 7.952 8.948 6.878 8.331 6.396 7.912 6.757 6.869 5.794 6.482 5.862 5.885 5.184 6.781 7.074 6.709 6.193 5.971 6.905 8.604 
8.028 9.589 9.444 9.018 8.718 8.157 7.024 8.234 7.601 6.894 6.675 6.132 5.899 6.04 7.055 7.07 6.733 6.409 5.83 5.773 5.905 
5.549 6.056 6.152 5.935 6.665 6.471 7.269 7.593 7.744 7.602 7.703 7.709 8.094 5.286 7.274 6.579 6.387 5.937 5.63 5.545 5.466 
5.745 6.126 6.121 7.704 7.998 7.711 8.605 9.377 8.734 7.96 7.158 7.112 6.037 5.337 5.034 4.243 4.878 5.558 6.469 5.658 6.42 
6.219 4.117 5.667 6.081 6.293 5.93 6.478 6.218 6.167 5.768 6.79 7.361 6.67 6.961 5.455 5.335 5.277 5.17 5.054 4.882 4.838 
4.159 5.028 
C1905x2TS049_3 0.132 13.121 11.957 13.87 13.262 12.314 13.396 12.42 12.692 13.036 11.785 10.595 12.174 11.956 11.407 12.512 10.43 10.758 10.632 10.465 11.861 12.535 
12.27 13.612 14.459 14.843 15.0 15.0 15.0 15.0 15.0 15.0 15.0 15.0 15.0 15.0 15.0 15.0 15.0 14.489 14.356 14.126 12.838 
12.723 11.148 14.178 14.645 15.0 15.0 15.0 15.0 14.504 13.741 13.556 12.381 11.464 10.889 10.575 11.6 11.89 12.027 13.094 12.859 12.288 
11.455 12.088 11.028 11.169 11.5 11.84 13.347 12.771 12.873 13.12 12.855 14.067 14.377 15.0 15.0 15.0 15.0 15.0 15.0 14.45 14.702 
13.899 14.186 13.8 13.85 13.633 13.766 14.058 14.858 14.893 14.848 14.13 13.119 11.936 10.684 9.273 9.251 12.025 13.327 13.108 13.209 13.935 
13.907 13.523 12.933 12.786 12.081 12.119 11.245 11.408 11.964 11.533 11.65 11.111 12.163 12.019 13.529 13.711 13.23 13.635 13.954 13.529 13.173 
12.611 11.965 11.143 11.046 11.397 11.751 12.61 13.214 13.088 12.741 14.405 14.127 14.266 14.307 12.713 12.426 10.871 10.658 11.631 12.969 13.0 
13.98 13.896 14.878 14.181 14.307 14.253 13.769 12.883 14.249 14.094 14.264 12.691 13.046 12.871 12.395 13.396 13.19 14.382 14.804 15.0 15.0 
15.0 15.0 15.0 13.915 13.584 12.025 13.809 12.916 12.423 11.059 10.236 8.48 8.217 7.666 9.008 8.879 7.792 7.267 6.448 8.362 10.362 
9.854 11.028 10.725 11.499 12.024 11.976 11.244 14.491 15.0 15.0 15.0 15.0 15.0 15.0 15.0 15.0 15.0 14.77 12.578 12.187 12.461 
13.927 14.878 15.0 15.0 15.0 14.86 15.0 14.014 12.468 9.688 9.439 9.036 10.436 11.136 13.2 13.131 14.589 14.789 14.815 15.0 15.0 
15.0 15.0 14.823 14.659 13.604 13.555 11.842 12.651 11.248 12.231 12.134 12.774 13.244 13.801 13.744 13.384 13.484 13.573 12.836 11.344 14.472 
14.192 13.697 15.0 14.052 14.707 13.591 14.197 14.748 14.411 12.4 13.264 13.062 13.427 14.449 14.018 14.777 14.693 14.991 14.909 14.111 14.782 
12.223 12.936 
C1905x2TS049_1 0.15 11.77 10.544 13.058 12.69 11.651 11.493 10.16 9.626 8.873 9.154 10.258 12.52 14.035 12.237 11.434 10.904 9.91 9.522 10.744 10.673 11.859 
10.629 12.131 11.85 12.869 13.359 14.118 14.27 15.0 14.872 14.452 14.642 14.32 14.477 15.0 13.951 15.0 14.674 13.975 13.819 13.707 12.305 
13.163 11.624 14.225 14.583 14.941 14.554 13.749 14.517 13.347 13.467 12.832 11.246 10.3 10.061 10.897 12.331 12.439 12.182 13.786 12.495 11.439 
9.911 10.707 9.109 8.746 10.4 11.141 10.357 12.087 10.608 10.335 9.57 11.663 11.11 13.972 13.804 15.0 14.555 12.802 11.515 10.989 10.461 
9.806 9.416 9.453 8.99 9.203 9.663 12.849 13.198 14.438 13.781 11.882 11.861 10.526 9.39 9.246 8.709 12.674 13.392 13.905 13.162 12.664 
12.694 12.749 12.666 12.638 12.329 11.502 10.377 10.641 10.227 9.735 9.787 10.259 10.659 10.291 11.342 12.764 13.659 12.939 13.383 13.028 13.065 
13.303 13.675 13.33 12.997 12.471 12.32 12.805 12.398 12.391 12.761 14.118 13.439 14.214 13.041 13.223 12.65 12.464 12.819 12.264 13.312 13.29 
13.417 14.084 14.035 13.594 13.46 13.913 14.711 15.0 15.0 15.0 15.0 14.13 14.51 13.301 12.31 13.537 12.823 14.014 14.239 14.611 14.387 
14.314 14.06 14.292 11.808 11.727 10.361 12.684 12.084 12.294 10.826 9.896 8.56 8.227 7.82 7.958 7.678 7.781 9.937 8.646 9.498 11.34 
11.338 10.888 10.99 10.079 9.692 10.288 9.583 12.679 13.684 14.302 15.0 15.0 15.0 15.0 15.0 15.0 15.0 14.627 13.091 11.832 12.021 
13.521 14.546 14.643 13.881 13.198 11.725 12.41 11.811 12.373 12.054 12.032 11.768 11.326 11.318 13.013 13.119 13.855 13.153 13.281 13.499 12.829 
13.287 13.17 12.873 12.501 11.935 10.968 10.373 10.774 10.515 11.686 11.853 11.368 10.119 10.611 10.108 8.583 7.395 8.436 8.98 9.414 12.628 
13.495 12.672 14.113 13.675 13.442 12.578 12.999 13.246 14.079 11.817 12.721 11.158 10.839 12.841 12.065 14.516 14.749 14.634 14.215 14.023 13.8 
12.143 12.759 
C1905x2TS389_2 0.31 9.112 8.545 9.712 8.723 10.044 9.848 8.503 8.571 8.83 10.069 8.831 9.502 11.364 11.316 13.097 13.551 13.751 12.986 11.758 13.185 13.228 
12.766 12.864 12.857 11.975 11.526 12.133 10.166 10.994 11.043 10.251 9.202 10.044 10.576 11.224 10.805 11.004 11.555 11.096 10.394 10.278 9.99 
10.167 9.509 10.372 10.332 11.831 11.735 9.649 10.851 11.452 10.835 9.773 10.422 9.684 8.805 8.81 9.277 9.239 9.117 9.64 8.437 6.614 
6.65 6.898 7.102 7.0 7.004 7.15 7.157 7.006 6.649 7.14 6.814 7.383 7.333 8.209 8.652 9.401 9.182 8.702 8.837 8.886 8.397 
9.082 8.914 7.565 7.713 8.706 8.182 8.275 9.708 10.577 8.481 8.866 9.987 9.922 8.858 8.195 7.759 8.966 9.825 8.848 9.324 9.18 
8.398 9.092 8.192 7.879 7.526 8.575 7.504 7.614 7.977 8.48 8.243 8.011 9.613 10.249 9.54 9.311 10.859 10.143 8.739 9.059 9.332 
9.045 8.414 9.128 9.165 8.426 8.253 6.978 7.437 6.075 6.816 6.188 5.801 6.564 7.121 6.498 5.732 5.036 4.748 4.759 4.541 4.564 
5.269 5.591 6.67 7.211 7.578 7.933 6.844 5.788 5.534 4.641 4.712 4.879 5.724 5.73 5.226 5.374 5.319 5.894 5.154 4.971 5.217 
6.329 8.471 9.161 7.596 8.359 6.954 8.675 8.166 7.525 7.39 8.233 7.919 8.104 7.091 8.008 7.92 7.242 6.857 6.252 7.454 8.599 
8.803 8.889 8.871 8.058 8.373 7.611 6.893 7.429 7.769 6.539 5.512 4.768 4.871 4.28 5.673 5.837 6.845 6.657 5.765 5.175 5.367 
4.952 5.048 5.82 6.472 6.79 6.465 6.455 6.888 6.522 6.489 6.778 6.281 7.354 5.132 7.082 6.724 6.994 6.501 6.415 6.009 5.94 
5.815 5.689 5.908 6.864 6.668 7.029 7.302 8.773 7.842 9.07 8.907 10.033 10.508 10.048 8.217 8.32 7.595 7.51 7.866 7.006 8.061 
7.582 6.005 7.192 6.246 6.217 5.73 5.777 5.389 6.048 4.895 4.714 4.411 4.263 4.488 3.675 4.72 4.794 4.736 5.053 4.804 4.466 
4.736 5.843 
C1905x2TS123_1 0.267 6.838 5.969 6.073 5.686 5.716 4.935 5.013 5.001 4.863 6.095 7.086 9.636 10.974 11.13 12.066 10.597 12.104 11.284 11.433 12.854 13.998 
13.23 13.164 13.318 13.483 11.779 10.213 10.206 9.202 8.142 7.309 7.056 7.333 6.83 7.573 7.195 7.522 7.434 7.517 7.759 8.868 8.179 
10.28 8.847 11.337 10.069 9.396 10.881 10.723 10.262 10.318 12.24 11.692 9.117 9.995 9.538 8.499 8.128 8.26 8.468 7.954 7.243 6.992 
7.476 7.415 7.829 7.989 9.1 8.418 8.088 7.821 7.371 7.308 7.053 7.43 7.636 9.203 10.06 10.273 12.141 11.94 11.016 11.85 10.98 
9.65 9.869 9.108 8.916 7.8 7.38 8.097 8.84 8.862 8.053 8.253 7.562 7.235 6.781 6.099 6.454 8.805 8.783 9.5 10.292 9.916 
8.937 10.082 9.636 8.813 7.654 8.195 8.831 7.975 8.218 10.205 9.643 8.329 10.082 10.526 10.817 11.251 10.339 10.935 10.216 9.252 8.904 
9.147 9.888 8.873 8.81 9.552 9.687 8.865 8.918 9.814 9.159 9.249 8.793 8.962 8.517 7.098 7.956 6.521 7.313 6.912 6.867 6.89 
8.217 9.746 11.207 12.067 11.926 10.149 9.693 7.595 8.164 7.228 7.345 6.16 6.75 6.762 7.064 7.63 6.982 6.832 6.851 6.098 5.645 
6.114 6.447 6.906 6.532 8.112 7.102 7.982 7.68 7.807 7.547 7.716 7.729 7.945 8.164 9.099 8.733 8.078 7.555 6.766 7.157 8.704 
8.489 8.876 8.969 8.327 7.872 7.302 6.417 6.918 6.53 6.576 6.106 5.073 4.84 4.701 5.469 5.116 5.979 6.958 7.745 7.621 7.822 
7.752 7.676 8.172 8.972 9.947 9.551 9.104 9.156 8.285 8.278 8.615 8.81 8.716 8.706 10.536 9.87 9.435 10.229 11.783 10.981 10.713 
10.789 10.87 11.374 11.554 10.687 9.959 9.245 9.651 9.193 10.309 9.948 9.767 9.553 8.48 8.246 8.191 7.301 7.86 8.005 7.91 8.963 
9.434 8.644 8.806 9.118 8.382 8.261 8.417 9.114 10.012 8.354 9.801 9.101 8.175 7.564 7.378 9.974 8.503 8.35 7.955 6.405 6.632 
6.697 6.532 
C1905x2TS067_5 0.245 9.607 9.016 8.91 8.962 10.116 9.042 8.246 9.147 8.86 9.128 9.414 10.342 12.095 10.237 11.73 9.919 10.735 10.288 9.625 10.609 11.746 
10.869 10.836 11.901 12.036 11.063 10.567 12.666 13.55 12.872 13.594 14.672 14.982 14.271 14.964 13.744 13.684 14.163 13.85 12.805 13.155 11.538 
12.122 10.887 12.271 12.934 14.008 13.089 12.369 12.792 11.106 12.633 13.867 12.835 10.618 10.157 11.298 10.716 9.668 10.19 10.181 8.39 7.78 
7.97 7.906 6.837 6.831 6.988 6.691 6.332 7.529 6.855 7.116 6.824 7.153 7.728 9.0 8.402 8.477 8.963 7.743 7.45 8.173 7.731 
7.218 7.401 7.326 7.029 7.278 6.905 8.144 9.511 10.997 11.511 9.234 9.355 9.242 8.53 7.774 7.617 8.564 8.065 7.854 7.97 7.968 
7.584 7.879 7.665 8.098 7.612 7.95 8.484 9.74 11.856 13.206 13.951 13.498 13.936 14.071 14.722 14.48 13.615 13.983 14.21 14.026 13.75 
14.386 14.117 14.365 15.0 14.91 14.677 14.303 13.399 13.046 12.395 13.904 12.924 12.819 11.101 11.562 11.816 11.484 10.573 11.683 10.975 11.726 
12.407 12.37 12.608 9.412 9.695 8.468 7.777 8.124 7.476 6.936 7.76 6.132 7.893 6.894 6.852 6.789 6.392 5.996 5.916 6.463 6.745 
6.978 7.027 7.667 7.302 9.146 8.43 8.51 8.305 8.8 10.576 10.97 9.434 8.106 6.686 6.98 6.116 4.944 4.974 4.451 4.756 7.004 
8.719 9.721 9.949 9.858 9.097 8.289 6.275 7.393 7.477 7.852 7.617 6.374 6.243 6.019 5.513 4.795 4.739 5.385 5.996 5.802 5.949 
6.465 5.822 5.483 4.996 5.792 4.752 4.886 4.61 5.484 4.909 6.147 6.651 7.273 6.689 9.774 10.807 11.652 10.334 8.828 8.904 8.699 
9.107 8.898 9.307 8.378 8.564 8.071 8.149 9.226 7.616 9.364 10.329 10.435 9.574 7.976 8.582 9.171 8.211 8.958 8.399 7.441 9.0 
9.933 10.24 10.278 9.863 10.735 10.521 11.104 13.654 13.691 11.912 13.099 11.794 12.099 12.363 8.855 8.701 7.767 6.643 8.228 8.342 9.019 
7.943 11.199 
END
