PFRMAT QA
TARGET C1906x2
MODEL 2
QMODE 2
C1906x2TS003_1 0.1943  9.928  8.688  8.874  9.232  9.417  9.805 10.082 11.591 10.011 10.067  8.462 10.159 10.676
 9.397  8.661  9.741 10.113  9.588  9.779 10.817 10.517 10.890 11.175 11.318 11.282 12.164 11.987 11.920
11.961 12.029 11.529 12.306 11.018 11.526 11.433 10.894 11.631 10.429 10.613 10.348 10.417 11.217  9.853
10.638 11.705 11.249 10.969 10.984 11.538 11.003 11.489 11.691 11.049 10.373 10.427 10.669 10.012 10.516
 9.967 10.828 11.253 11.411 11.124 11.766 11.943 11.769 11.711 11.583 11.747 11.814 11.294 11.260 11.663
10.698 11.258 11.261 10.364 10.337 10.357 11.147 10.675 10.763 10.693 12.114 11.186 11.689 11.526 11.125
10.317 11.592 10.400 10.631 11.112 10.620 11.687 11.470 11.607 10.349 10.968 11.341 11.315 11.482 11.522
10.894 10.818 10.211  9.781  9.674 10.025  9.842  9.463  9.921  9.755  9.182  9.354  9.602 10.004 10.499
10.569 10.375  9.902 10.658  9.808 10.185 10.559  9.462  9.326 10.643 10.564  9.310  9.719  8.927  9.583
 9.146  9.606  9.878 10.166 10.763 10.652 10.529 10.290 10.391 10.484 10.412  9.914 10.119  9.475  9.830
10.135  9.711  9.920 10.081  9.044  9.040  9.039  8.929  8.226  8.174  8.240  8.270  8.951  8.231  8.416
 8.699  8.463  8.249  8.553  9.406  9.095  9.611  9.768  9.641  9.329  9.325  9.661 10.341  9.160  9.381
 9.548  9.256  9.629  9.515  9.270  9.857  9.821  9.586 11.383 11.028 10.247 10.885 10.650  9.603 10.074
 9.676  9.803  9.277  9.083  9.059  9.417  9.001  9.204  8.859  9.254 10.042  9.068  9.741  9.307  9.545
 9.221 10.461  9.501  9.960 10.542 10.326 10.195 10.461 11.392 10.527 11.165 11.338 11.060 11.470
C1906x2TS044_1 0.7990  5.417  4.689  4.418  4.143  4.481  3.770  3.792  4.268  3.296  3.879  2.900  3.046  3.344
 3.006  2.533  2.978  3.059  2.557  2.152  2.735  2.665  1.916  1.791  2.419  1.930  1.368  1.958  2.235
 1.716  1.694  2.211  2.273  1.807  2.210  2.526  2.658  2.945  2.987  3.216  3.320  3.343  3.254  2.888
 2.868  2.523  2.693  2.854  2.533  2.264  2.577  2.540  2.146  2.314  2.499  2.392  2.140  2.578  2.222
 2.159  2.405  2.557  2.222  2.225  2.711  2.629  2.656  2.908  3.185  3.027  3.125  3.482  4.088  3.755
 2.975  2.708  2.424  2.805  2.541  2.164  2.324  2.585  2.184  1.804  2.146  2.075  1.907  1.846  2.151
 1.876  1.703  2.105  2.182  1.967  1.875  2.339  2.191  1.929  2.057  2.061  2.184  2.086  1.905  2.091
 2.256  2.321  2.116  2.335  2.175  2.348  2.193  2.082  2.375  2.347  2.800  2.546  2.256  2.292  1.876
 1.807  1.810  1.950  1.911  2.159  2.170  2.478  2.636  2.649  2.520  2.016  1.959  1.973  2.132  2.155
 2.798  3.542  3.440  2.658  2.193  1.900  1.966  1.841  1.661  1.558  1.482  1.677  1.847  1.805  1.760
 1.760  1.788  2.079  2.323  2.161  2.178  1.964  1.976  1.740  1.839  1.954  2.073  2.137  2.113  2.032
 1.959  2.006  2.099  2.150  2.074  2.105  1.965  2.137  2.239  2.614  2.704  2.478  2.214  1.978  2.054
 1.780  1.801  1.986  1.912  2.098  2.230  1.867  2.006  2.157  1.843  1.810  1.916  1.659  1.680  1.929
 1.900  2.337  2.058  1.975  2.043  2.306  2.352  2.279  2.658  3.465  4.518  4.353  4.516  4.457  4.133
 3.931  4.315  3.891  4.089  4.012  3.363  3.333  3.152  2.758  2.996  3.121  2.716  2.798  3.697
C1906x2TS049_1 0.1615  8.248  7.129  7.154  7.488  8.062  7.958  8.322  9.880 10.300 10.851  9.131 10.992 12.987
11.316 10.428 12.261 11.905 10.878 11.704 12.812 11.951 12.643 13.155 14.303 12.607 14.592 13.802 14.024
14.458 13.455 14.001 15.067 13.637 15.025 14.006 14.016 13.361 12.719 13.240 11.527 11.360 11.465 10.816
11.378 13.679 15.281 13.756 14.417 14.148 14.437 14.636 14.793 14.489 13.902 13.435 13.565 13.253 13.284
12.135 12.708 11.684 11.708 12.194 12.632 12.572 12.660 11.829 11.875 12.582 12.174 12.681 11.369 12.361
11.367 11.964 11.516 10.767 10.226 10.928 11.291 10.892 11.847 12.182 11.550 10.936 11.673 12.391 11.805
11.401 12.694 13.000 12.799 12.835 12.790 13.522 13.516 13.297 12.016 12.369 13.256 11.467 12.900 12.222
11.290 10.652 10.652 10.658 10.930 11.425 11.940 11.602 11.504 10.797  9.822  9.712 10.479  9.798 10.511
11.147 10.914 10.271 10.795 10.414 10.619 10.182 10.237 10.797 11.178 10.643 10.171 10.634 10.784 10.897
10.107 10.041 10.633 10.991 11.727 11.793 11.674 10.758 11.616 12.025 11.648 11.261 10.743 10.668 10.955
11.471 10.470 11.577 11.001 10.781 11.296 11.195 10.948 10.412 10.588 10.375 10.671 10.827 10.202  9.110
10.894 10.783 10.046 10.234 11.619 11.173 10.970 10.525 11.008 10.896 10.608 11.140 11.247 11.497 12.011
11.365 10.362 10.471 10.416  9.979  9.979  9.746 10.116 10.526 10.351 10.336 10.611 10.088  9.998 11.374
10.683 10.588 11.818 11.555 11.629 12.103 11.957 12.647 12.051 12.042 12.933 13.423 14.091 13.534 14.428
15.120 15.149 13.185 13.359 12.673 10.766 10.153 10.404 10.814 10.847 10.872 11.208 12.078 11.469
C1906x2TS049_2 0.1656  9.543  7.969  7.934  8.518  9.177  8.207  9.217 10.675 10.489 10.964  9.677 10.337 11.000
10.777 10.638 12.683 12.530 11.395 12.247 13.236 12.289 13.390 12.793 13.631 12.064 14.041 13.504 13.940
14.183 13.862 15.407 14.956 14.227 13.660 14.877 13.250 13.174 11.278 10.806 10.668 10.279 10.854 11.295
12.903 13.385 13.517 14.235 14.346 13.647 13.899 14.667 14.130 14.016 12.832 12.685 13.092 12.989 13.295
11.724 11.832 11.811 12.786 12.091 12.153 12.626 12.594 11.904 11.982 12.355 11.754 11.759 12.315 12.370
11.327 11.413 10.758 10.084 10.767 10.344 11.139 11.226 12.282 11.859 12.830 11.909 11.830 11.900 10.793
10.664 11.651 12.139 12.021 12.882 12.262 12.322 12.057 11.506 10.766 10.977 10.994 10.777 10.999 10.966
10.800 10.372 10.184 10.618 10.343 11.223 10.793 10.146 10.244  9.515  9.785  9.350 11.155 11.045 11.005
11.001 11.240 11.816 11.441 11.079 11.933 11.174 10.401 10.239 11.466 10.859  9.356  9.534 10.096 10.359
 9.636 10.370 11.640 10.470 11.302 10.885 11.165 10.143 10.167 11.508 11.971 11.132 10.841 10.614 12.484
12.254 13.367 16.068 17.035 17.138 17.961 18.265 17.594 16.014 16.927 16.841 16.511 15.580 15.602 13.790
13.582 11.538 10.137 11.162 11.618 10.285 10.860 10.429 10.799 10.271 10.827 11.091 11.513 10.377 10.717
11.512 10.516 10.386  9.328  9.899  9.644  9.612  9.489  9.984  9.337  8.981  9.277  9.289  9.239 10.786
10.048 10.003 11.054 10.245 10.098 10.329 10.018 10.209 10.102 10.465 10.938  9.776  9.849  9.307  9.260
 9.173 10.138  8.709  9.041  9.599  9.293  9.152 10.475 11.064 10.703 10.571 11.417 10.592 10.586
C1906x2TS049_3 0.1710  9.918  8.028  8.504  8.225  7.764  8.349  9.593 10.302  9.415 11.279 10.323 11.886 13.434
12.066 10.607 13.256 14.237 12.112 11.818 13.858 12.663 12.648 12.279 13.140 12.037 12.876 12.994 12.865
13.210 12.377 12.241 12.582 12.975 13.570 13.881 12.874 13.785 12.061 12.224 10.935 10.788 11.245 11.606
11.301 11.998 12.754 11.761 12.108 12.115 11.167 12.711 12.495 12.186 12.188 12.657 12.623 12.673 12.605
11.841 12.863 11.993 12.350 12.147 12.933 12.999 12.951 13.072 12.287 12.168 11.854 11.496 11.171 11.663
11.213 11.389 11.205 10.877 11.173 11.859 12.969 12.340 12.360 12.604 12.795 12.001 12.923 12.900 12.263
10.963 12.372 11.465 12.273 12.011 12.328 12.321 12.325 11.128 11.393 11.342 11.371 11.211 12.189 11.956
12.002 10.587 10.754 10.794 10.580 10.405 11.559 11.218 10.458 10.468 11.396  9.833  9.579  8.848  9.687
10.319  9.790  9.625  9.916  9.710  9.800 10.107 10.411 10.611 11.325 10.008 10.200 10.696 10.214 10.908
11.067 10.344 11.589 10.923 11.352 11.796 12.464 11.835 12.573 12.147 12.653 12.394 10.915 10.748 10.988
10.846 10.302 10.657 10.973  9.946  9.318  9.528 10.972  9.855  9.981 10.227  9.804 10.001  9.163  9.857
 9.785  9.388  8.749 10.130 10.966 11.199 11.389 10.793 10.874 10.335  9.907 10.495 12.063 11.841 12.092
12.083 10.873 11.211 10.005 10.585 10.106 10.287 10.719 10.684 10.645 10.101 10.493 10.009 10.222 11.208
10.661 10.224 10.241 10.500  9.961  9.974  9.902 11.490  9.856  9.502 10.714  9.722 10.459  9.571 10.095
 9.732  9.906  9.398  9.070  9.227  9.330  9.401 10.231 11.483 10.275 11.346 11.040 10.817 12.138
C1906x2TS049_4 0.1652  8.782  7.280  6.942  7.326  7.720  7.864  8.021  9.283  8.785 10.529  8.344 10.044 10.758
10.785  8.944 11.927 12.676 10.585 11.455 14.155 12.876 14.343 15.541 17.450 16.329 16.126 15.190 16.858
16.241 17.432 18.287 18.795 16.724 17.313 16.524 15.543 15.425 13.784 14.889 12.393 13.136 11.683 11.524
11.609 12.723 12.741 13.268 13.569 14.564 12.437 13.470 13.534 13.900 13.986 13.220 13.078 12.614 11.934
11.510 12.748 12.527 13.541 12.728 13.850 13.646 12.573 12.554 12.210 13.414 12.252 12.574 12.251 12.455
11.030 12.232 11.677 11.561 10.699 10.999 12.509 11.721 12.870 11.587 13.410 12.993 11.529 12.086 13.308
11.346 11.931 11.839 12.275 12.550 12.062 12.468 12.048 11.681 12.078 11.987 11.841 11.117 11.318 11.505
10.103  9.682  9.789  9.262  8.924  9.532 10.144  9.827  9.987  9.470  9.624  9.152 10.444 10.252 11.023
11.287 12.047 11.942 11.852 11.273 11.548 10.977 10.360 10.688 11.375 11.216 10.602 10.960 10.787 11.175
10.756  9.819 10.267 11.257 11.821 10.698 11.721 10.730 11.655 11.478 11.762 11.571 10.970 10.442 10.515
11.277 10.525 11.155 10.575 10.172 10.231 11.240 10.994 10.202 10.528 12.116 10.568 11.419 10.218  9.775
10.602 10.103  9.903 10.541 11.621 10.638 11.484 11.534 11.515 11.016 10.775 11.118 11.189  9.926 10.363
10.947 10.221 11.091 10.119 10.344 10.155  9.875 10.529 10.552 10.440  9.647  9.760  9.935 10.219 11.128
11.432 11.923 11.397 11.869 12.142 12.271 12.039 12.183 11.204 11.857 11.366 10.129 11.170 10.969 10.981
 9.720 10.398  9.137  9.397  9.616  9.737  9.873 10.216 10.941  9.881 11.619 11.825 11.465 12.061
C1906x2TS049_5 0.1782  8.603  8.773  8.878  8.382  7.928  8.337  8.908  9.568  9.104  9.522  8.433  9.932 11.613
 9.324  9.339 11.236 11.796 10.286 11.349 12.806 11.393 13.170 12.687 12.830 11.781 13.012 12.999 12.227
12.622 12.346 12.397 11.935 12.884 12.671 11.884 11.637 11.763 10.654 10.720  9.861  9.474  9.656  9.094
10.666 10.800 10.952 11.097 11.751 11.585 11.875 12.230 12.097 12.326 11.669 11.866 11.575 11.494 11.997
10.995 11.632 10.599 11.200 10.888 11.871 12.102 11.685 11.621 10.764 11.208 10.700 11.141 10.378 11.791
11.148 11.628 11.299 10.447 10.239 10.383 11.365 11.629 11.689 11.112 11.387 10.906 10.602 10.541 10.527
10.123 10.509 10.281 10.854 11.748 11.619 10.940 11.111 11.218 10.326  9.978 10.645  9.721 10.069  9.855
 9.719  9.149  8.685  9.014  8.943  9.836 10.017 10.013 10.651  9.795  9.132  9.076  9.882 10.604 10.813
11.548 11.992 11.227 11.674 11.108 11.559 10.889  9.835  9.914 11.468 10.921  9.833 10.749 11.209 11.007
11.474 11.381 12.117 11.647 12.897 12.060 12.212 12.156 12.333 13.357 12.315 12.776 12.184 12.283 11.962
11.827 11.326 11.218 10.687 10.416 11.335 11.379 11.514 10.980 11.540 12.441 12.359 13.738 12.394 12.824
12.957 12.300  9.286 10.975 11.524 10.421 11.101 11.314 11.837 10.631 10.775 11.046 11.384 10.970 11.478
11.736 11.559 11.708 10.247 10.359 10.608 10.275  9.700 10.360 10.170  9.967 10.193  9.590  9.012 10.274
 9.521 10.233 10.182  9.957  9.816 10.456 10.934 10.450 10.318 10.080 10.889 10.572 11.155  9.433  9.232
 9.751  9.431  9.112  9.105  8.894  8.684  8.750  9.073 10.630  9.806 10.640 11.042 11.505 11.566
C1906x2TS067_1 0.3118  9.996  9.185  8.205  7.506  8.246  8.105  8.391  7.999  7.446  7.985  7.237  7.119  7.929
 7.308  7.452  7.388  7.667  7.212  7.955  8.365  8.272  8.613  9.105  9.239  8.795  9.381  9.357  9.007
 9.153  8.843  9.056  8.974  9.525  9.825  8.828  8.117  8.170  7.938  8.012  7.919  8.107  8.230  8.257
 8.361  8.899  8.270  8.422  8.636  8.301  7.896  7.871  8.638  8.727  7.752  8.246  8.584  8.600  8.295
 7.989  8.198  8.226  8.743  8.684  8.759  8.623  8.699  8.948  8.783  8.633  8.220  8.099  7.682  7.652
 7.418  7.524  7.665  7.665  7.532  7.515  7.918  7.951  7.744  7.883  8.065  7.986  8.016  7.756  7.970
 7.700  8.207  8.263  8.931  9.314  9.863 10.432 11.024 12.111 11.970 13.541 16.203 15.719 17.599 17.473
15.986 15.112 14.704 14.199 14.588 14.993 14.152 12.955 12.057 11.084 10.120  9.091  9.420  8.225  7.520
 7.400  7.049  7.157  7.622  7.539  8.112  8.359  7.241  7.138  7.398  7.126  6.948  7.114  7.329  7.252
 7.750  8.006  8.309  8.513  9.139  9.313  8.992  8.769  9.126  9.112  8.352  7.760  6.996  6.643  6.456
 6.321  6.337  6.834  6.379  5.774  5.766  5.654  5.615  5.776  5.995  5.727  5.854  6.432  5.946  6.102
 6.406  5.915  5.838  5.175  5.157  4.844  5.340  5.362  5.465  6.049  5.657  5.521  5.064  4.926  4.854
 4.995  4.968  5.195  5.403  5.062  5.090  4.909  4.974  5.092  5.088  5.150  5.418  5.588  5.925  6.430
 6.778  6.662  7.513  7.881  8.257  8.508  8.794  7.872  7.081  6.645  6.072  5.507  5.464  5.093  4.801
 4.822  5.169  5.673  6.106  6.205  5.932  6.213  6.069  6.400  5.818  5.314  5.203  5.284  5.482
C1906x2TS067_2 0.4030  6.595  6.084  6.120  6.180  6.300  6.285  6.500  6.596  6.224  6.120  6.030  5.961  6.237
 5.903  5.766  5.865  6.057  5.910  6.031  6.639  6.360  6.810  7.255  7.608  7.447  7.766  8.025  8.682
 9.175  8.991  9.466  9.126  9.323  9.278  9.449  8.916  8.742  8.278  8.272  8.122  7.862  7.758  8.009
 7.787  7.874  8.296  8.339  8.185  7.972  7.595  7.896  8.045  8.139  7.998  8.438  8.671  8.933  9.159
 9.293  9.410  9.014  9.564  9.337  8.991  9.176  9.211  9.217  8.836  8.871  8.710  8.569  8.653  8.898
 8.773  8.699  8.477  8.251  7.931  7.932  7.916  8.424  8.783  9.046  9.671 10.344 10.860 11.674 13.477
16.926 26.832 30.391 36.208 40.973 45.846 51.282 50.980 47.129 49.025 55.896 67.398 63.250 65.377 65.362
54.539 47.483 54.822 55.634 50.693 44.339 41.247 37.561 37.373 33.914 30.924 28.868 25.657 25.879 22.673
18.791 17.525 14.823 13.133 11.059  8.502  7.318  5.831  4.915  4.165  4.311  4.033  3.894  3.849  3.915
 3.869  4.034  4.074  4.314  4.565  4.515  4.765  4.598  4.771  4.906  4.761  4.651  4.735  5.072  5.311
 4.889  4.781  4.588  4.473  4.092  3.898  3.608  3.529  3.637  3.491  3.495  3.283  3.772  3.374  3.197
 3.257  3.367  3.270  2.899  3.055  3.038  3.331  3.264  3.350  3.494  3.359  3.318  2.991  3.151  3.157
 3.239  3.456  3.618  3.607  3.978  4.039  4.278  3.806  3.671  3.881  3.390  3.340  3.329  2.903  3.010
 3.184  3.148  3.081  2.957  3.321  3.022  2.851  2.895  3.086  3.184  3.273  3.278  3.434  3.411  3.473
 3.513  3.805  3.660  3.557  3.554  3.528  3.705  3.584  3.682  3.318  3.186  3.151  3.666  4.738
C1906x2TS067_3 0.3110 10.399  9.098  8.644  8.147  8.951  8.209  8.848  9.130  8.202  7.902  7.115  7.650  8.009
 7.372  7.420  7.329  8.116  7.416  8.307  8.422  8.604  8.998  8.807  8.934  8.485  9.376  9.279  9.211
 9.743  9.694 10.069 10.010 11.059 12.001 11.342  9.620 10.226  9.136  9.093  8.669  8.485  8.302  8.304
 9.159  9.023  9.139  8.529  8.610  8.586  8.317  8.817  9.304  9.709  9.023  9.141  9.439  9.103  9.299
 9.014  8.688  9.288  9.867  9.731  9.691 10.182  9.920  9.605  9.504  9.053  8.704  8.518  8.770  8.957
 8.437  8.474  8.847  8.596  8.136  8.392  8.654  8.997  8.969  8.675  8.753  8.399  8.409  8.557  8.306
 8.093  8.695  9.164  9.652 10.817 10.385 10.515 11.715 11.575 11.671 12.747 14.628 15.260 15.648 16.282
14.630 14.643 13.968 13.206 13.524 12.706 12.669 11.845 11.278  9.921  9.198  8.714  8.643  8.235  7.440
 7.583  7.467  7.767  8.181  7.517  7.910  8.405  7.754  8.110  8.266  7.955  7.316  7.446  7.453  7.511
 8.495  8.479  8.153  8.198  8.731  8.128  7.905  7.550  7.960  7.734  7.152  6.944  6.336  6.152  5.839
 5.872  6.016  6.786  6.990  6.421  6.410  6.124  5.800  5.849  5.690  5.548  5.353  5.608  5.645  5.281
 5.726  4.784  4.874  4.871  5.231  4.890  5.254  5.428  5.824  5.926  5.592  5.231  5.052  4.834  4.864
 4.912  4.481  4.834  4.463  4.723  4.652  4.446  4.424  5.095  5.096  4.940  5.185  5.858  6.320  6.633
 7.084  7.070  8.021  7.999  8.349  8.783  8.546  7.725  6.949  6.578  6.069  5.177  4.951  4.714  4.540
 4.518  4.717  4.661  5.207  5.202  5.029  5.166  4.891  4.962  4.314  4.096  4.593  4.862  5.599
C1906x2TS067_4 0.3629  7.285  6.644  6.663  6.685  7.186  7.371  7.017  7.043  6.532  6.885  6.678  6.854  6.697
 6.566  6.454  6.459  6.868  6.819  6.800  7.139  7.378  7.581  7.495  8.110  8.006  8.658  8.411  9.080
 9.724 10.155  9.934  9.961 10.317 10.399 10.193  9.967  9.395  9.484  9.116  8.844  8.997  8.957  8.888
 8.881  9.010  9.188  9.607  9.761  9.786  9.604  9.918 10.051  9.766  9.771  9.485  9.290  9.167  9.484
 9.144  9.507  9.677  9.856  9.288  9.171  8.972  9.211  8.856  8.919  8.488  8.655  8.299  8.204  8.491
 7.961  7.764  7.812  7.489  6.900  7.044  7.184  7.422  8.052  8.563  9.248  9.823 10.474 11.277 11.866
14.406 20.390 22.739 25.164 29.219 36.047 37.517 43.951 46.412 47.245 46.762 58.715 57.425 52.256 47.465
50.414 47.241 42.012 41.285 45.449 40.320 37.992 38.117 35.275 28.705 27.996 29.038 30.163 28.941 26.415
22.557 20.743 16.719 13.521 10.971  8.539  7.488  6.229  5.676  5.553  5.375  5.303  4.714  4.440  4.496
 4.192  4.102  3.824  3.896  4.143  4.024  3.972  4.106  4.008  4.017  3.884  4.082  3.976  3.934  3.979
 3.940  4.024  4.322  4.619  4.705  4.935  4.897  4.699  4.491  4.586  4.118  4.239  4.548  4.047  3.968
 4.052  4.021  3.728  3.703  3.281  3.468  3.501  3.548  3.927  3.897  3.943  4.008  3.747  3.677  3.546
 3.543  3.352  3.335  3.269  3.381  3.345  3.591  3.691  3.541  3.853  3.690  4.114  4.411  5.071  5.480
 6.240  6.625  6.458  6.010  5.558  5.065  4.808  4.624  4.405  4.399  4.617  4.230  4.285  4.373  4.460
 4.389  4.077  4.587  4.614  4.885  4.682  4.619  4.307  4.243  4.020  4.420  4.689  4.872  6.090
C1906x2TS067_5 0.4289  6.848  6.832  6.631  6.644  6.603  6.695  6.485  6.592  6.603  7.029  6.701  6.366  6.665
 6.154  5.914  6.165  6.195  5.913  5.911  6.276  6.093  6.230  6.482  6.517  6.511  6.466  6.674  6.914
 6.921  7.407  7.975  8.160  8.343  8.548  8.701  8.473  8.382  8.169  7.925  8.077  8.374  8.258  8.121
 8.000  8.197  8.632  9.124  9.689  9.942  9.262  9.328  9.208  9.216  8.799  9.080  9.097  8.854  9.287
 9.237  9.198  8.631  8.973  8.816  8.659  8.599  8.926  8.709  8.514  8.262  8.916  8.596  8.176  8.327
 8.154  8.350  8.348  7.832  7.667  7.888  8.013  8.305  8.485  9.051  9.372  9.685 10.314 11.471 13.241
14.818 17.443 19.851 22.411 27.552 34.309 41.601 45.684 48.518 49.868 46.784 48.486 49.178 48.516 49.228
43.265 38.473 42.852 39.949 40.410 39.178 35.310 30.576 33.557 31.755 29.763 28.497 27.228 27.382 24.823
21.621 19.782 16.480 12.325  9.816  7.724  6.104  4.630  4.335  4.052  3.763  3.547  3.314  3.059  3.512
 3.601  3.563  3.519  3.289  3.566  3.555  3.413  3.327  3.449  3.267  3.240  3.351  3.401  3.019  3.132
 3.256  3.379  3.190  3.077  3.174  3.222  3.303  2.925  2.887  2.749  2.554  2.722  2.747  2.783  2.538
 2.579  2.562  2.618  2.500  2.521  2.424  2.503  2.646  3.117  3.302  3.070  2.793  2.869  2.769  2.953
 2.731  2.928  3.241  3.042  3.159  3.135  2.848  2.772  2.688  2.696  2.570  2.743  2.738  2.933  3.099
 3.215  3.324  3.552  3.477  3.292  3.190  3.476  3.605  3.301  3.188  3.286  3.365  3.780  3.690  3.533
 3.569  3.562  3.736  3.932  3.930  4.045  4.180  3.874  4.039  4.284  4.277  4.733  5.301  5.970
C1906x2TS073_1 0.4129  9.223  8.822  8.905  8.224  7.856  6.908  6.171  6.199  5.134  5.686  4.495  4.715  5.155
 4.818  4.208  4.583  4.449  4.269  4.190  4.610  4.492  4.085  4.209  4.181  3.922  3.719  3.997  3.736
 3.480  3.569  3.883  3.949  3.655  3.899  4.158  4.319  4.210  4.783  5.588  5.007  5.517  5.037  4.889
 5.500  4.455  4.058  4.029  4.369  4.106  3.863  4.086  4.548  4.184  3.894  4.749  4.972  4.199  4.395
 5.181  4.784  3.950  4.653  5.097  4.127  4.118  5.000  4.996  4.289  4.633  5.119  5.218  5.962  5.319
 5.075  6.157  5.093  4.626  3.958  3.717  3.980  3.909  4.019  3.862  3.874  4.140  3.908  3.648  3.983
 4.249  4.173  4.000  4.834  5.076  4.382  4.380  5.201  5.179  4.277  4.438  5.060  4.671  4.561  4.958
 4.978  4.546  5.092  5.748  5.789  5.887  7.689  6.892  6.972  6.610  7.007  6.812  7.333  7.246  7.695
 7.321  7.959  7.214  7.492  7.269  7.744  7.647  7.030  7.232  7.570  7.573  6.983  6.993  7.266  6.991
 7.425  7.257  7.518  7.515  7.269  7.613  7.240  7.258  7.648  8.311  7.790  8.043  8.175  7.708  7.942
 7.615  7.696  7.603  8.213  7.920  8.213  8.533  8.333  7.825  7.758  7.593  7.246  7.654  6.870  7.139
 7.599  7.896  7.567  8.519  8.553  8.243  8.035  8.243  8.503  7.980  8.821  7.831  7.525  7.258  7.245
 7.539  7.458  7.702  7.522  8.031  8.217  8.649  7.869  8.192  8.062  7.561  8.291  7.602  7.480  7.746
 7.401  7.317  7.285  7.176  7.239  7.318  7.146  7.269  6.907  7.515  8.480  7.863  7.966  8.391  8.795
 8.884  9.619  8.192  7.677  8.311  8.190  7.797  8.119  9.055  8.201  7.994  8.518  8.257  8.524
C1906x2TS073_2 0.3986 10.465  9.769  8.983  8.793  8.410  7.569  7.189  7.152  5.893  6.565  5.399  5.868  6.621
 6.072  5.197  5.736  5.975  5.542  4.902  5.207  5.337  4.686  4.531  4.630  4.019  3.940  3.813  3.930
 3.589  3.165  3.521  3.636  2.883  2.843  3.209  3.143  2.666  2.903  3.375  2.808  3.198  3.432  2.695
 3.251  2.988  2.874  3.287  3.804  3.624  3.358  3.960  4.389  3.890  3.962  4.982  4.920  4.485  4.754
 5.392  4.953  4.448  5.110  5.297  4.555  4.626  5.243  5.292  4.737  4.943  5.308  5.387  6.127  6.442
 6.274  7.937  6.112  5.640  5.350  4.815  4.732  4.814  5.051  4.690  4.413  4.665  4.599  4.218  4.230
 4.572  4.632  4.149  4.795  5.268  4.672  4.311  5.146  4.875  4.163  4.534  5.157  4.598  4.346  4.975
 5.140  4.452  4.841  5.597  5.488  6.561  5.862  6.331  6.278  6.708  6.993  6.581  7.139  7.567  8.165
 7.199  7.083  7.554  7.200  8.398  7.980  8.619  8.192  8.113  7.752  7.176  7.100  6.847  6.643  6.331
 6.821  7.192  7.462  7.421  7.853  7.633  7.651  7.570  7.709  7.631  7.885  7.788  8.486  8.037  8.143
 8.043  7.814  7.911  8.250  8.106  8.514  8.112  8.196  8.612  8.714  9.727  8.597  9.132  7.829  7.811
 8.016  8.051  8.037  8.494  8.548  8.684  8.777  9.144  9.476  9.328 10.742  8.796  9.104  8.382  9.177
 8.902  8.274  8.737  8.610  8.164  8.425  8.187  8.680  8.563  8.270  7.863  8.087  8.325  7.977  8.169
 8.450  8.524  8.715  8.988  8.555  8.692  9.065  8.532  8.554  8.642  9.038  9.018  9.894  9.195  8.941
 8.880  8.867  8.503  8.440  8.311  8.290  7.933  8.462  9.287  8.267  8.588  9.515  9.408  9.506
C1906x2TS073_3 0.3417  9.749  8.583  7.621  7.652  8.277  6.818  7.073  7.481  5.854  6.636  5.263  5.666  6.750
 5.643  5.190  5.696  6.264  5.486  5.687  6.477  6.421  6.275  6.023  5.905  5.427  5.478  5.293  5.306
 5.143  4.897  5.200  5.605  5.205  5.165  5.659  6.223  6.108  6.184  6.986  6.424  6.388  5.735  5.556
 6.413  5.793  5.546  5.554  6.003  5.685  5.538  5.885  6.346  5.852  5.869  6.149  6.074  5.577  5.734
 5.995  5.389  5.297  5.854  5.590  5.314  5.492  5.799  5.847  5.719  6.155  6.493  6.823  7.683  7.416
 7.290  8.190  7.026  6.440  5.908  5.832  6.028  5.978  6.053  5.744  5.487  5.787  5.990  5.731  5.544
 5.532  5.786  5.529  5.862  5.994  5.372  5.768  6.345  5.659  5.776  6.780  6.261  5.613  6.148  6.510
 6.439  5.797  6.342  7.175  7.206  7.678  7.711  7.961  8.325  8.729  8.781  9.550  9.769  9.278  8.979
 9.233  8.682  8.445  8.486  8.559  8.486  8.554  8.340  8.430  8.258  7.761  7.580  7.965  8.036  7.714
 7.476  7.148  7.158  7.370  7.931  7.825  7.763  7.534  7.669  7.611  7.910  8.198  8.344  7.955  8.198
 8.062  8.043  8.131  8.280  8.007  8.107  7.842  7.895  7.441  7.455  7.148  6.948  7.713  6.926  6.802
 7.236  6.352  5.935  5.785  6.354  5.651  6.527  6.155  6.929  6.828  6.645  6.575  6.381  6.596  6.552
 7.186  7.243  7.439  7.144  7.557  7.228  7.408  7.393  8.003  8.227  7.311  7.800  7.923  7.675  8.012
 8.149  8.298  8.757  8.798  8.986 10.191  9.560 10.461  9.532 10.421 10.329 10.218 10.197 10.653  9.636
 9.567 10.371  8.711  8.687  9.195  9.373  8.838  9.704  9.877  8.790  9.267  9.776  9.758 10.335
C1906x2TS073_4 0.3882  8.993  8.464  8.338  7.695  7.717  7.185  6.721  6.461  5.291  5.978  4.802  4.927  5.830
 5.326  4.558  5.189  5.348  5.286  4.838  5.273  5.065  4.656  4.603  4.442  4.157  3.849  3.897  4.014
 3.855  3.518  3.978  4.129  3.855  4.183  4.522  4.961  4.832  4.939  5.068  4.663  5.240  4.725  4.926
 5.641  5.046  5.069  4.759  4.812  4.586  4.659  4.740  4.878  4.642  4.490  5.002  5.212  4.832  4.769
 5.588  5.231  4.407  4.923  5.365  4.813  4.623  5.327  5.614  5.806  5.440  5.880  6.015  6.274  6.082
 5.850  6.517  5.662  4.961  4.435  4.220  4.263  4.201  4.265  4.005  4.020  4.136  4.031  3.879  4.169
 4.376  4.863  4.610  4.839  5.976  5.387  4.760  5.251  5.564  4.822  4.789  5.257  5.138  4.783  5.078
 5.433  4.618  5.057  5.491  5.614  6.641  6.377  5.992  6.451  6.420  6.592  6.737  6.973  7.405  7.400
 7.137  7.366  7.671  8.257  8.006  8.075  8.254  8.193  8.364  8.006  7.933  7.735  7.650  7.691  7.713
 8.012  7.780  8.019  7.673  7.344  7.630  7.835  7.639  8.097  8.714  8.801  9.528  9.172  8.655  8.862
 9.007  8.884  9.205  8.981  8.752  9.529  8.892  9.171  8.909  9.251  8.519  7.630  8.356  7.295  6.761
 7.177  6.460  6.345  6.201  6.876  6.384  7.066  7.223  8.191  8.039  7.934  7.386  7.610  7.204  7.255
 7.335  7.222  7.432  7.547  8.014  8.533  8.608  9.051 10.721  8.851  8.023  8.494  8.351  8.525  9.185
 8.701  8.637  9.181  8.802  8.315  8.572  8.790  8.766  8.430  9.317  9.177  9.064  9.619  9.405 10.163
 9.875 10.829  9.806  8.511  7.906  6.908  6.932  7.493  8.064  6.693  6.897  7.594  7.368  7.269
C1906x2TS073_5 0.3589 12.019 11.155  9.332  9.505  7.750  7.416  6.313  6.309  5.003  5.636  4.711  4.890  5.553
 5.144  4.852  5.231  5.335  4.908  4.751  5.705  5.269  4.961  5.118  5.618  4.747  4.613  4.799  5.013
 4.533  4.117  4.556  4.626  4.175  4.317  4.710  4.740  4.745  4.938  6.097  5.174  5.169  4.862  5.318
 5.436  5.786  4.949  4.923  5.685  5.048  4.325  4.974  5.520  4.957  4.620  5.505  5.547  5.047  5.334
 5.823  5.596  5.068  5.565  5.791  5.305  5.426  6.277  5.811  5.964  6.260  6.081  6.007  6.686  7.295
 6.954  8.276  7.412  6.649  6.026  5.582  5.473  5.394  5.343  5.116  5.033  5.192  5.091  4.731  4.851
 5.155  5.280  5.200  5.470  5.746  5.422  5.150  5.496  5.529  4.944  5.289  5.772  5.506  5.389  5.984
 6.238  5.601  6.054  7.265  7.082  8.029  7.561  7.508  7.971  7.747  8.295  7.764  8.317  8.116  7.964
 8.146  8.128  7.924  7.895  8.051  8.745  8.597  8.062  7.764  8.248  8.985  8.192  8.268  8.503  8.097
 8.435  8.168  8.068  8.178  8.670  8.342  8.182  8.395  8.614  9.027  9.810  9.470  9.348  9.138  9.496
 9.193  8.744  9.227  9.159  8.440  8.738  8.633  8.814  8.002  8.512  8.343  7.695  8.842  6.813  6.685
 6.895  6.617  6.423  6.102  6.526  6.533  7.967  7.602  8.650  9.080  8.506  7.624  7.633  7.304  7.544
 7.380  7.463  7.335  7.452  7.629  7.859  8.361 10.102  9.038  8.556  8.034  8.392  7.999  7.961  7.990
 7.887  7.370  7.502  7.603  8.130  7.340  7.471  8.450  7.586  8.079  8.321  8.254  8.751  8.522  8.238
 8.240  8.503  8.375  8.251  8.253  8.823  8.485  9.427  9.833  9.719 10.663 10.258 10.294 10.050
C1906x2TS121_1 0.3253  8.931  8.650  6.755  6.633  6.916  6.415  6.918  6.528  5.990  6.106  5.049  4.954  5.991
 5.253  4.359  5.358  5.841  4.767  4.525  5.808  5.952  5.784  5.964  6.540  6.358  6.478  6.182  6.471
 6.626  6.156  6.539  6.781  6.659  6.268  6.953  6.428  6.893  6.693  5.958  5.731  5.952  6.218  5.714
 5.455  5.756  5.757  5.323  5.101  5.465  5.323  5.157  5.404  5.505  5.537  5.755  6.046  6.021  6.214
 6.358  6.929  6.778  6.961  7.088  7.172  6.971  7.046  7.003  7.428  7.314  8.258  8.441  9.430 10.358
 9.449  9.494  9.089  8.346  7.608  7.138  7.303  7.775  7.316  6.308  6.464  6.028  5.864  5.371  5.643
 5.445  5.309  5.144  5.824  5.621  5.177  5.784  6.423  5.991  5.783  6.665  7.409  7.823  8.645 10.043
 8.080  8.651  8.104  8.547  8.694  8.809  9.193  9.195  9.175  8.827  8.510  8.723 11.615 10.808  9.102
 9.474  9.948  9.825 10.081  9.046  9.009  8.488  7.544  9.018  9.899  9.605  8.762  8.433  8.368  7.849
 7.480  7.309  6.678  6.961  7.171  7.800  8.401  7.998  8.275  7.839  7.758  7.988  7.891  8.592  8.899
10.356 10.026 10.456 10.475  9.674 10.055  9.572  9.280  9.470  9.313  9.107  8.881 10.306  8.044  7.150
 8.112  7.005  6.765  6.741  7.064  6.540  6.348  6.728  6.864  6.426  6.437  7.649  7.666  7.512  8.421
10.212  8.285  8.345  7.372  7.131  6.924  6.537  7.009  6.916  6.823  6.729  7.743  7.578  7.243  7.785
 7.015  7.198  7.036  6.935  6.880  7.364  7.414  7.589  7.106  7.759  7.719  7.744  8.228  8.064  7.638
 8.552  8.467  8.359  8.110  8.592  8.986  8.245  8.146  9.056  7.994  8.462  8.402  8.355  7.896
C1906x2TS121_2 0.2815  8.696  7.716  6.975  7.085  7.679  7.357  6.913  7.180  6.730  6.553  5.641  5.812  6.817
 5.724  5.081  6.170  6.344  5.139  5.140  6.832  6.655  6.394  6.609  7.007  6.585  6.954  7.077  6.999
 7.130  6.889  7.430  7.745  8.107  7.853  8.096  8.086  7.907  7.160  7.075  7.251  6.624  6.660  6.268
 6.286  6.837  6.391  6.183  6.797  6.606  6.031  6.766  7.423  7.175  6.905  7.937  8.060  7.501  7.625
 7.908  7.745  7.893  7.891  7.867  8.036  8.162  8.019  8.046  7.743  7.971  8.982  9.167  9.390 13.070
10.454 10.415  9.640  8.904  7.778  7.969  8.523  8.180  7.944  7.767  7.973  7.567  7.263  7.247  7.136
 7.144  7.250  6.820  6.811  7.088  6.642  6.644  7.112  6.929  6.549  6.715  7.258  7.242  7.973  7.796
 9.065  8.516  9.134  8.756  8.585  8.744  8.923  8.900  9.106  8.768  8.294  7.740  8.414  8.702  8.058
 8.535  8.620  8.648  8.863  8.826  9.599 10.213  9.421 10.292 11.312 10.664  9.750  9.767  8.659  9.094
 9.081  8.201  7.886  8.013  8.078  8.820  9.053  8.871  8.516  8.514  8.623  9.048  8.621  9.147  9.641
10.256  9.986 10.983 10.524 10.056 11.042 10.552  9.902  9.528  9.785  9.919  9.742 10.120  8.601  8.110
 8.629  7.334  6.218  7.790  8.583  7.546  7.125  7.889  7.955  7.273  7.439  8.772  8.759  9.167 10.666
12.980 10.748  9.990  8.703  8.573  8.787  8.511  8.909  8.525  8.451  8.528  8.900  9.165  8.249  9.168
 8.721  9.431  9.481  9.007  8.592  9.599  9.162  8.626  8.664  8.351  8.169  8.610  8.766  8.132  7.292
 8.195  8.445  7.512  7.112  7.488  7.586  7.032  7.602  8.776  7.738  7.723  9.127  9.198 10.489
C1906x2TS123_1 0.3664  7.947  7.380  6.729  6.641  6.609  5.680  5.282  5.745  5.544  4.829  4.383  4.890  4.859
 4.199  4.263  4.780  4.550  4.014  4.585  4.826  4.594  4.539  5.031  5.111  4.704  5.031  5.159  5.430
 5.111  5.610  5.575  5.870  5.627  6.061  5.974  7.269  7.732  7.703  7.240  7.210  6.678  6.778  6.189
 6.554  6.687  6.463  5.822  6.090  5.429  5.277  5.290  5.766  5.809  5.592  5.693  5.990  5.867  5.740
 5.938  6.094  5.913  5.815  6.109  6.104  6.148  6.917  8.206  7.628  7.417  7.236  7.627  7.399  7.181
 6.317  6.273  5.878  5.686  5.423  5.252  5.084  5.049  5.347  4.750  4.651  5.027  5.050  4.709  5.033
 5.454  5.631  5.413  6.339  7.342  6.716  6.504  6.159  6.006  5.414  5.180  5.455  5.563  5.075  5.396
 5.744  5.874  5.906  6.572  6.819  7.322  7.642  7.430  7.132  7.375  7.559  7.383  8.320  7.924  7.933
 7.426  7.576  7.090  7.300  7.463  7.653  7.546  6.982  6.739  6.695  6.803  6.789  7.257  7.484  7.846
 8.254  7.978  8.064  7.805  8.094  7.084  6.747  6.231  6.893  6.860  7.249  7.162  6.594  5.685  5.102
 5.158  5.289  5.576  5.917  5.603  5.167  4.984  5.331  4.880  5.577  6.228  6.373  7.454  6.987  7.434
 8.130  7.887  7.959  8.714  9.570  8.710  9.231  8.721  8.451  8.943  9.261 10.276 10.297  8.973  8.666
 8.349  7.921  8.095  8.010  7.731  7.732  8.113  7.920  7.698  8.371  7.572  9.136  8.196  7.850  8.288
 8.207  8.209  8.166  7.984  8.190  8.115  8.401  8.618  7.872  7.886  7.644  7.443  8.007  7.573  7.827
 8.043  8.609  8.511  8.971  9.039  8.414  8.499  8.512  8.359  8.498  8.564  8.695  9.029  9.213
C1906x2TS123_2 0.3111 10.371  8.976  8.681  8.272  7.906  6.940  6.916  6.395  5.016  5.348  4.407  5.028  5.511
 4.684  4.460  5.367  5.337  4.445  4.930  5.818  5.448  4.960  5.700  6.024  5.269  5.148  5.589  5.725
 5.027  5.120  5.449  5.569  5.055  5.202  5.971  5.653  6.132  7.294  7.482  6.736  6.856  6.838  5.651
 5.618  6.017  5.467  4.991  5.286  5.697  5.327  5.486  5.855  6.104  5.827  6.407  8.111  8.577  7.542
 7.561  7.191  7.221  7.123  7.200  7.702  7.942  8.868  7.918  8.242  8.847  8.542  8.872  8.613  8.916
 8.267  8.244  8.740  7.442  7.087  6.603  6.690  6.263  6.306  6.640  6.544  6.118  6.370  6.745  6.753
 6.258  7.173  7.009  7.330  7.979  7.045  7.375  6.908  7.037  7.035  6.928  6.817  6.638  7.022  7.340
 6.776  6.423  7.476  7.435  7.405  7.676  8.059  8.269  8.071  8.352  8.513  8.081  8.251  8.456  8.961
 8.923  9.045  9.011  8.840  8.864  8.974  9.108  8.055  8.124  8.057  8.199  8.151  8.310  8.465  8.245
 8.564  8.639  8.769  8.882  9.160  8.510  8.429  8.200  8.399  8.293  8.521  8.331  8.461  8.114  8.475
 8.337  8.419  8.476  9.046  8.483  9.062  9.098  9.313  8.444  9.280  9.762  8.247  8.800  7.860  7.547
 7.753  8.345  7.442  7.629  7.236  7.259  7.419  7.379  7.840  8.010  8.624  8.794  8.602  8.254  8.276
 8.517  8.532  8.592  8.749  9.192  9.548  9.046 10.063  9.742  9.185  9.329  9.574  9.897  9.240  9.970
 9.383  9.624  9.756  9.996  9.990 10.159  9.772  9.189  8.920  9.145  9.364  8.148  8.345  8.325  8.525
 8.424  9.249  9.540  9.027  8.952  8.496  8.378  8.276  8.620  7.926  8.360  8.354  8.770  8.726
C1906x2TS123_3 0.2737  9.982  8.652  9.163  8.446  8.957  8.843  9.015  9.477  8.750  8.781  7.425  7.458  8.624
 7.943  7.613  8.227  8.451  8.459  8.107  8.832  8.551  8.772  8.283  8.153  7.962  8.392  8.158  7.869
 7.816  7.806  7.832  7.794  7.776  7.911  7.781  7.723  8.384  8.265  8.410  7.604  7.567  7.087  6.477
 6.360  6.643  6.197  6.054  6.359  6.378  6.216  6.182  6.350  6.452  6.479  6.858  6.957  7.006  7.153
 7.412  8.142  7.978  8.179  8.288  8.359  8.459  8.542  8.248  8.429  8.718  9.142  8.993  9.169  8.931
 8.758  9.394  8.914  8.713  8.098  7.861  8.233  8.064  8.154  7.865  8.561  8.012  8.083  8.298  8.138
 7.689  7.744  7.962  7.824  8.297  7.971  8.238  8.288  8.302  8.247  8.330  8.313  7.948  8.638  8.478
 7.876  7.937  8.208  8.678  8.752  8.948  8.456  8.419  8.252  8.455  8.246  8.243  8.887  8.868  8.977
 8.595  8.326  8.395  8.443  8.391  8.494  8.999  8.623  8.789  8.924  8.303  8.196  8.109  8.318  8.146
 9.243  8.081  8.286  8.351  9.107  8.127  8.161  7.671  7.845  8.430  9.208  9.179  9.139  8.733  8.574
 8.374  8.123  8.494  8.398  8.521  8.730  8.494  8.248  7.849  7.957  7.709  7.604  7.792  7.310  7.823
 7.949  7.911  7.725  8.213  8.400  7.948  8.574  8.864  8.430  8.300  8.735  8.723  8.677  8.542  8.715
 8.208  8.315  8.395  7.933  7.816  7.614  7.966  7.298  7.296  7.787  7.014  8.022  7.439  7.507  7.771
 7.915  7.965  8.298  8.212  8.534  8.815  9.476  8.715  8.400  8.521  8.477  8.226  8.577  8.670  8.406
 8.490  8.508  8.923  8.579  8.363  8.545  8.587  8.429  8.666  8.211  8.488  9.265  9.000  9.426
C1906x2TS123_4 0.2969  9.441  8.982  8.973  8.248  7.897  7.694  7.031  6.529  5.064  5.291  4.497  5.003  5.584
 5.192  4.792  5.673  5.955  5.255  5.815  7.732  7.062  7.110  6.803  6.959  6.432  6.492  6.410  6.426
 6.156  6.182  6.306  6.342  6.205  6.291  6.294  6.747  7.661  7.638  8.351  7.648  7.695  7.761  7.837
 7.938  8.211  8.150  8.057  8.114  8.188  8.266  8.603  8.393  8.147  8.323  8.695  8.400  8.211  8.345
 8.330  8.518  8.252  7.995  8.113  8.189  8.036  8.059  8.304  7.932  8.339  8.801  8.255  8.883  8.748
 8.262  8.903  7.864  7.261  6.713  6.480  5.979  6.155  6.470  5.902  5.849  6.234  6.214  5.942  6.245
 6.335  6.300  6.030  6.370  6.025  6.209  6.048  5.952  5.736  5.670  6.017  6.513  6.185  6.665  7.339
 7.941  7.330  7.865  8.220  8.182  8.652  8.148  8.107  7.781  8.562  8.066  7.884  8.036  8.170  8.402
 8.119  8.185  7.483  8.099  7.775  8.437  8.367  7.304  7.456  7.270  7.777  7.503  7.764  8.259  8.265
 8.496  8.766  8.574  8.261  9.074  8.917  8.813  8.805  9.354  9.140  9.544  8.966  9.368  8.580  9.129
 8.660  8.190  8.603  8.456  8.125  7.976  8.252  8.011  7.805  8.071  8.367  8.105  8.585  7.395  7.539
 7.983  8.302  7.454  8.031  8.437  8.111  8.104  8.311  8.555  8.697  8.729  8.727  9.010  8.456  8.945
 9.011  8.406  8.640  8.536  8.555  8.155  9.132  8.872  9.693  8.763  8.354  8.367  8.026  7.924  8.356
 8.446  8.301  8.478  8.461  8.728  9.130  8.888  9.427  8.601  8.987  9.139  9.173  9.562  9.285  9.570
 9.437  9.836  8.510  8.098  8.937  8.632  8.909  8.999  9.193  9.302  9.108  9.163  9.653  9.840
C1906x2TS123_5 0.3647  8.735  7.650  7.119  6.918  7.079  7.141  7.089  7.780  6.372  5.708  5.123  5.202  5.531
 4.792  4.725  5.452  5.244  4.267  4.741  5.441  4.929  4.654  5.331  5.501  4.749  4.827  5.030  5.016
 4.576  4.601  4.646  4.694  4.546  4.600  4.626  4.637  5.075  5.301  5.712  6.309  7.079  7.822  6.785
 7.744  6.964  7.166  6.678  6.146  5.405  5.265  5.131  5.011  5.213  4.920  5.200  5.158  5.186  5.615
 5.908  5.882  5.971  6.302  6.093  5.902  5.991  5.608  5.386  5.569  5.807  6.178  6.537  7.099  7.273
 7.865  8.214  7.449  7.398  6.757  6.630  7.061  7.230  7.794  7.813  8.205  8.250  8.648  9.278  8.515
 7.498  8.180  8.396  8.621  8.315  8.257  8.359  7.767  8.075  7.456  6.854  6.846  6.354  6.168  6.040
 5.715  5.391  6.284  6.382  5.761  5.804  5.885  6.076  6.654  6.924  7.335  7.028  8.067  8.048  8.367
 7.846  7.982  7.102  7.578  7.317  7.475  7.969  7.749  7.520  7.637  7.575  7.288  7.373  7.377  7.310
 7.234  7.212  7.473  7.100  6.994  5.696  5.433  5.037  4.731  5.160  5.496  5.509  5.514  5.107  4.826
 4.494  4.582  4.601  5.070  5.127  5.253  5.692  6.100  6.149  6.098  6.180  6.828  7.789  7.246  7.031
 7.287  7.539  6.891  7.525  7.474  7.139  7.217  7.173  7.688  7.877  7.938  7.490  7.317  7.157  7.483
 7.443  7.254  7.619  7.385  7.562  7.458  8.040  8.259  8.498  8.334  8.215  8.355  7.947  7.527  7.424
 7.111  7.099  7.584  7.123  7.175  7.307  7.335  7.870  7.949  8.011  8.824  8.491  8.658  8.328  8.459
 8.182  8.349  8.477  8.308  8.878  8.928  8.525  8.724  8.576  8.253  7.959  8.449  8.221  9.440
C1906x2TS215_1 0.7706  6.583  6.001  5.676  4.848  4.865  3.705  3.423  3.081  2.822  2.582  2.554  2.598  2.564
 2.632  2.647  2.972  3.015  3.286  3.397  3.426  3.606  3.296  2.834  2.674  2.436  2.185  2.062  2.039
 2.050  1.783  1.907  2.012  1.975  1.801  2.093  2.317  1.993  2.023  2.520  2.473  2.023  2.334  1.938
 2.392  2.297  1.912  2.550  2.639  2.294  2.134  2.566  2.564  2.210  2.282  2.716  2.518  2.138  2.151
 2.285  1.988  1.993  2.105  2.034  2.252  2.332  2.243  2.604  3.015  2.753  3.157  3.680  4.030  4.271
 4.242  4.415  4.428  4.532  3.713  3.518  3.383  3.411  2.695  2.618  2.512  2.443  2.363  2.332  2.340
 2.315  2.456  2.319  2.362  2.657  2.633  2.737  2.785  3.120  3.130  3.205  3.156  3.387  3.103  2.895
 3.088  2.793  2.917  2.783  3.123  3.532  3.171  2.976  2.925  3.179  2.975  3.145  2.975  2.684  2.453
 2.311  2.492  2.794  2.777  2.791  2.928  2.838  2.857  2.990  2.915  3.077  2.779  2.741  2.701  2.806
 3.213  3.482  3.534  3.140  2.542  2.436  2.789  2.363  2.432  2.313  2.443  2.611  2.610  2.657  2.655
 2.718  2.637  2.806  2.883  3.143  3.333  3.629  3.589  3.293  3.336  3.046  2.970  2.754  3.001  2.907
 2.565  2.432  2.250  2.225  2.394  2.180  2.194  2.119  2.254  2.585  2.600  2.114  1.963  1.995  2.033
 1.919  1.846  1.972  1.928  2.060  2.270  2.441  2.465  2.786  2.781  2.658  2.703  2.183  1.986  1.894
 1.964  1.687  1.877  1.581  1.904  2.047  2.204  2.150  2.089  2.449  2.486  2.594  2.269  2.458  2.639
 2.808  2.816  2.745  2.721  2.764  2.940  2.784  2.826  2.927  3.048  3.010  2.811  2.954  3.289
C1906x2TS215_2 0.7963  6.835  6.525  6.057  5.934  5.824  4.925  5.052  6.087  3.736  3.107  2.880  2.972  2.856
 2.474  2.321  2.595  2.301  2.292  2.251  2.586  2.492  2.061  1.992  2.153  1.950  1.780  1.789  1.917
 2.195  1.831  1.881  2.163  2.045  1.766  2.079  2.616  2.338  2.459  2.645  3.243  3.360  2.837  2.815
 2.278  2.545  2.257  1.968  2.170  2.372  1.988  1.995  2.203  2.144  1.946  2.169  2.172  2.105  2.100
 2.237  2.481  2.286  2.434  2.494  2.446  2.641  2.462  2.491  2.541  2.738  2.715  2.955  2.966  2.923
 2.848  2.612  2.510  2.729  2.591  2.449  2.545  2.446  2.495  2.527  2.694  2.508  2.487  2.888  2.857
 2.505  2.657  2.771  2.475  2.315  2.393  2.356  2.098  2.109  2.121  2.160  2.325  2.143  2.169  2.267
 2.256  2.325  2.309  2.471  2.795  3.055  3.161  3.151  3.079  2.898  2.894  2.365  2.903  2.581  2.593
 2.417  2.350  2.173  2.464  2.350  2.363  2.857  2.207  2.066  1.905  2.107  1.973  2.139  2.242  2.290
 2.229  2.248  2.345  2.694  2.294  2.044  2.226  1.957  2.063  1.906  2.114  2.076  2.259  2.247  2.369
 2.564  2.561  2.991  3.449  3.565  3.535  3.312  2.918  2.431  2.448  2.624  2.815  3.063  2.777  2.475
 2.334  2.197  2.104  1.877  2.144  2.084  2.153  2.125  2.153  2.088  2.191  1.999  1.938  2.051  1.713
 1.812  1.709  1.967  1.848  1.934  2.060  2.332  2.351  2.666  3.183  3.482  2.934  2.338  2.141  2.162
 2.029  1.816  1.799  1.865  1.779  2.036  1.796  1.906  2.008  2.173  2.733  2.404  2.380  2.169  2.564
 2.462  2.502  2.342  2.531  2.572  2.628  2.714  2.506  2.632  2.635  2.457  2.362  3.202  3.883
C1906x2TS215_3 0.6932  7.445  6.941  6.582  6.062  6.023  5.573  5.257  5.677  4.747  4.521  3.795  3.753  3.959
 4.119  3.109  3.635  4.078  3.661  3.809  4.461  4.499  3.937  4.024  4.007  3.310  3.312  3.208  3.040
 2.764  2.501  2.856  2.502  2.340  2.443  2.539  2.571  2.335  2.615  2.701  3.087  3.090  3.914  2.933
 2.915  3.064  2.956  2.653  2.839  3.127  2.921  2.849  3.255  3.145  2.810  3.102  3.252  2.896  2.916
 2.623  2.450  2.504  2.481  2.262  2.193  2.345  2.267  2.314  2.487  2.703  3.419  3.572  3.044  3.400
 2.920  2.885  2.926  2.979  2.826  2.789  2.590  2.658  2.780  2.692  2.629  2.791  2.944  2.612  2.974
 3.046  2.866  2.759  3.099  3.113  2.881  3.172  3.160  3.128  2.897  3.238  3.234  3.108  2.999  3.113
 3.291  3.001  3.321  3.660  4.009  4.101  4.190  4.390  4.679  5.632  6.006  5.215  4.637  4.624  3.987
 3.748  4.005  4.095  4.611  4.633  5.139  5.695  5.396  5.457  4.789  4.892  4.764  5.127  5.075  5.043
 5.571  5.922  5.118  4.735  3.942  3.402  3.070  2.782  2.555  2.603  2.312  2.623  2.663  2.408  2.368
 2.233  2.709  2.645  3.320  3.273  2.946  2.757  2.569  2.314  2.549  2.736  3.199  3.363  3.114  2.662
 2.449  2.355  2.142  2.204  2.452  2.307  2.741  2.618  3.208  3.473  3.705  3.194  2.646  2.789  2.206
 2.390  2.097  2.187  2.629  2.618  2.344  2.618  2.440  2.609  3.081  2.858  2.810  2.414  2.256  2.615
 2.275  2.639  2.437  2.913  3.033  3.023  2.750  3.447  3.111  4.220  4.458  4.232  4.371  4.161  4.234
 4.041  3.976  3.727  3.604  3.482  3.622  3.463  3.107  2.918  2.524  2.465  2.512  3.576  4.757
C1906x2TS215_4 0.7327  8.008  7.308  6.601  6.390  6.645  6.591  6.970  8.024  5.413  4.931  4.432  4.468  3.911
 3.866  3.985  4.451  3.381  3.268  3.357  3.412  3.327  2.959  2.946  2.837  2.794  2.510  2.853  3.051
 2.745  2.670  2.971  3.094  2.988  2.950  3.161  3.107  3.221  3.170  3.268  3.225  3.155  2.943  3.063
 2.910  3.128  2.784  2.608  2.490  2.446  2.306  2.434  2.341  2.381  2.274  2.571  2.467  2.524  2.482
 2.421  2.640  2.507  2.304  2.549  2.516  2.660  2.816  3.099  2.975  3.035  3.650  3.786  4.436  4.082
 4.300  5.064  5.556  4.051  3.312  2.908  2.802  2.694  2.748  2.442  2.364  2.450  2.340  2.350  2.405
 2.179  2.210  2.258  2.286  2.508  2.376  2.557  2.941  2.994  3.092  3.803  4.021  4.243  4.414  3.741
 3.235  3.281  2.854  2.734  2.474  2.733  2.899  3.083  3.691  3.844  4.016  4.191  3.982  3.680  3.060
 2.793  2.594  2.423  2.614  2.744  2.915  3.434  3.048  2.769  2.382  2.318  2.092  2.352  2.348  2.463
 2.621  2.742  2.769  2.908  2.759  2.420  2.148  2.104  2.180  2.189  2.235  2.413  2.523  2.270  2.173
 2.183  2.238  2.247  2.451  2.523  2.317  2.300  2.434  2.395  2.545  2.725  2.967  3.416  3.179  2.668
 2.485  2.302  2.404  2.203  2.135  2.198  2.377  2.608  3.164  3.575  3.483  2.839  2.244  2.180  2.131
 2.011  2.208  2.270  2.441  2.425  2.372  2.529  2.851  3.110  3.748  3.324  2.898  2.474  2.323  2.265
 2.150  2.112  2.052  2.356  2.387  2.981  2.867  2.832  3.070  4.022  4.246  3.766  3.466  3.396  3.529
 3.370  3.612  3.247  3.033  2.887  2.917  3.387  2.670  2.240  2.149  2.176  2.464  3.278  4.320
C1906x2TS215_5 0.8009  6.295  5.967  5.994  5.796  6.005  5.447  5.071  4.686  4.086  3.518  3.042  3.192  3.025
 2.789  3.100  3.031  2.747  3.170  3.038  3.296  3.668  3.044  2.789  2.839  2.600  2.432  2.648  2.206
 2.058  2.214  2.448  2.342  2.162  2.546  2.586  2.524  2.580  2.917  3.094  2.777  3.205  4.335  3.821
 3.284  3.064  3.049  3.098  2.797  3.043  3.066  3.059  2.945  2.865  2.821  2.685  2.601  2.444  2.249
 2.111  2.172  2.237  1.938  1.839  1.982  1.916  1.743  1.771  1.840  1.789  1.824  2.067  2.015  2.299
 2.114  2.453  2.411  2.506  1.957  1.873  2.017  1.974  1.964  1.922  2.080  1.927  1.910  1.806  1.922
 1.706  1.710  1.807  2.021  2.058  1.915  2.145  2.269  2.089  2.137  2.692  2.927  2.600  2.726  3.023
 2.830  2.690  2.741  2.541  2.517  2.536  2.466  2.275  2.359  2.352  2.601  2.542  2.280  2.562  2.429
 2.010  2.019  2.107  1.854  2.146  2.190  2.518  2.845  2.748  2.500  2.115  2.013  2.051  2.129  2.262
 2.835  3.297  3.472  3.061  2.584  2.089  1.925  1.872  1.724  1.684  1.729  1.933  1.983  1.919  1.935
 1.695  1.847  1.920  2.178  2.142  2.164  2.132  1.922  1.727  1.883  2.151  2.565  3.239  3.349  2.779
 2.364  1.922  1.972  1.939  1.910  1.874  2.082  2.258  2.687  3.017  2.415  2.153  2.091  1.898  1.923
 1.787  1.602  1.704  1.862  1.897  1.932  2.071  2.205  2.545  2.869  2.667  2.331  1.937  1.769  1.811
 1.699  1.778  1.632  1.970  2.119  1.933  1.983  2.064  2.310  2.911  2.948  2.842  2.967  2.849  2.646
 2.590  2.649  2.568  2.550  2.290  2.276  2.186  2.269  2.141  2.201  1.899  1.801  2.032  2.952
C1906x2TS228_1 0.6384  7.550  6.665  6.446  5.986  6.631  4.670  4.440  4.308  3.614  3.702  3.253  3.324  3.565
 3.151  3.064  3.132  3.225  2.919  2.940  3.116  3.147  2.881  2.756  2.766  2.630  2.605  2.583  2.388
 2.484  2.469  2.488  2.173  2.129  2.448  2.378  2.492  2.592  2.819  2.950  2.754  3.522  4.104  3.635
 3.700  4.026  3.456  3.115  3.688  3.710  2.849  3.088  3.929  3.459  2.724  3.589  3.863  2.804  2.792
 3.051  2.770  2.424  2.585  2.610  2.632  2.618  2.633  2.919  2.899  2.935  3.308  3.438  3.528  3.770
 4.035  3.989  3.834  3.840  3.491  2.923  2.962  2.992  2.810  2.468  2.650  2.618  2.391  2.397  2.348
 2.411  2.187  2.378  2.725  2.813  2.519  2.634  3.086  2.816  2.814  3.062  3.364  3.079  3.248  3.644
 3.642  3.711  4.226  4.993  4.888  5.285  4.978  5.004  5.486  5.615  6.075  5.771  6.012  5.638  4.675
 4.228  4.444  4.447  4.735  5.135  5.177  5.314  5.319  4.309  4.400  4.144  4.054  4.102  4.067  4.396
 4.578  5.041  5.663  5.041  4.633  3.873  3.883  3.554  3.034  2.996  2.628  2.941  2.920  2.710  2.738
 2.620  3.174  3.413  4.575  4.497  4.018  3.490  3.536  3.500  3.948  3.944  4.121  3.261  3.142  2.919
 2.697  2.789  2.576  2.916  3.167  3.757  4.080  4.559  5.633  5.744  5.798  5.083  4.354  4.165  3.715
 3.250  3.125  2.818  3.101  3.160  2.882  2.955  2.933  3.229  3.766  3.232  2.943  2.839  2.709  3.089
 2.667  3.125  2.963  3.094  4.118  3.679  5.069  4.861  5.424  5.889  5.960  5.818  5.952  6.356  6.665
 6.765  6.982  6.451  7.034  6.847  6.594  6.453  6.511  6.842  6.010  6.450  7.082  7.070  7.479
C1906x2TS301_1 0.7944  5.437  4.415  4.151  3.927  4.238  3.636  3.823  4.332  3.321  3.984  2.874  3.146  3.408
 2.967  2.496  2.955  3.044  2.614  2.165  2.725  2.529  1.883  1.821  2.516  2.082  1.438  1.973  2.187
 1.572  1.616  2.141  2.330  2.136  2.539  3.051  3.100  3.148  3.757  3.991  3.817  3.843  3.625  3.309
 3.287  2.797  3.063  3.219  2.858  2.361  2.712  2.668  2.272  2.258  2.613  2.410  1.975  2.433  2.196
 2.167  2.223  2.540  2.159  2.218  2.752  2.763  2.666  3.008  3.394  3.041  3.235  3.736  4.615  4.106
 3.239  2.934  2.551  2.994  2.638  2.186  2.186  2.537  2.155  1.862  2.215  2.274  1.989  1.807  2.173
 1.883  1.634  2.103  2.194  1.998  1.817  2.280  2.259  1.965  2.161  2.164  2.296  2.186  2.056  2.163
 2.376  2.481  2.247  2.399  2.282  2.442  2.291  2.203  2.606  2.513  2.945  2.647  2.343  2.414  1.900
 1.894  1.832  1.945  1.923  2.151  2.156  2.437  2.601  2.579  2.451  2.001  1.989  1.990  2.182  2.144
 2.751  3.400  3.289  2.513  2.070  1.845  1.902  1.766  1.633  1.563  1.501  1.734  1.932  1.813  1.675
 1.719  1.837  2.097  2.343  2.101  2.125  1.910  1.882  1.636  1.752  1.868  2.052  2.047  2.094  1.994
 1.930  1.988  2.078  2.113  1.992  2.072  1.906  2.107  2.202  2.609  2.698  2.453  2.243  1.908  1.991
 1.737  1.782  1.983  1.952  2.121  2.254  1.900  2.239  2.217  1.985  1.956  1.997  1.709  1.737  1.936
 1.877  2.309  2.009  1.915  1.953  2.225  2.185  2.110  2.499  3.348  4.110  3.974  4.324  4.276  4.051
 3.835  4.260  3.830  4.019  4.021  3.368  3.348  3.135  2.773  3.070  3.160  2.743  2.858  3.779
C1906x2TS301_2 0.8130  5.310  4.304  4.180  3.852  4.522  3.683  3.676  4.105  3.202  3.878  3.015  3.026  3.283
 3.032  2.455  2.759  2.906  2.466  1.989  2.537  2.339  1.623  1.725  2.319  1.771  1.149  1.714  1.959
 1.340  1.143  1.727  1.994  1.426  1.857  2.220  2.488  2.355  2.692  2.942  3.157  3.166  3.121  2.682
 2.764  2.501  2.562  2.732  2.506  2.229  2.448  2.429  2.094  2.206  2.370  2.352  2.003  2.430  2.100
 2.042  2.167  2.365  2.104  1.972  2.497  2.446  2.503  2.731  2.949  2.758  2.869  3.314  3.839  3.538
 2.769  2.436  2.173  2.687  2.400  2.014  2.160  2.460  2.044  1.827  2.193  2.136  1.928  1.822  2.104
 1.794  1.597  2.062  2.062  1.856  1.800  2.195  2.123  1.816  2.025  2.040  2.117  1.941  1.831  1.958
 2.101  2.139  2.000  2.212  2.070  2.150  2.057  1.975  2.226  2.223  2.669  2.454  2.193  2.260  1.807
 1.748  1.765  1.893  1.879  2.134  2.169  2.437  2.614  2.590  2.426  1.955  1.903  1.953  2.081  2.099
 2.715  3.469  3.410  2.633  2.129  1.861  1.937  1.816  1.628  1.516  1.463  1.678  1.868  1.731  1.756
 1.724  1.743  2.030  2.220  2.064  2.126  1.906  1.946  1.710  1.750  1.879  2.034  2.093  2.090  2.018
 1.958  1.939  1.975  2.054  1.959  2.001  1.872  2.002  2.112  2.506  2.620  2.331  2.112  1.872  1.994
 1.734  1.787  1.967  1.965  2.121  2.207  1.887  2.021  2.181  1.900  1.848  1.961  1.679  1.677  1.861
 1.884  2.398  2.081  2.010  2.070  2.328  2.175  2.077  2.349  3.234  4.169  3.939  4.191  4.081  3.828
 3.613  4.053  3.695  3.838  3.868  3.204  3.200  2.997  2.705  2.917  3.018  2.633  2.775  3.672
C1906x2TS389_1 0.5285  8.303  7.883  6.659  6.912  6.774  6.088  6.373  6.202  5.532  4.750  4.823  5.673  4.701
 3.917  4.074  4.066  3.880  3.322  3.156  3.556  3.431  2.841  3.133  3.456  3.045  2.862  3.177  3.327
 3.061  3.253  3.532  3.581  3.644  4.047  4.128  4.125  4.748  5.490  5.885  5.554  5.995  6.068  5.049
 4.838  5.259  4.479  4.154  4.578  4.372  3.578  3.810  4.385  3.989  3.611  4.184  4.189  3.695  3.911
 3.757  3.847  3.932  3.836  3.891  4.027  4.263  4.685  5.082  5.167  5.079  5.617  5.642  7.272  6.781
 6.170  6.374  5.843  5.518  4.581  4.044  4.284  4.343  4.049  3.578  3.835  3.811  3.556  3.472  3.654
 3.527  3.480  3.484  3.841  3.790  3.309  3.543  4.016  3.711  3.375  3.830  4.271  3.776  3.995  4.627
 4.262  4.015  4.590  5.089  5.685  5.874  5.455  5.531  5.686  5.378  5.720  5.273  5.684  5.718  5.427
 5.083  4.602  4.612  4.199  4.466  4.121  4.321  4.159  3.946  4.474  4.264  4.761  4.601  4.887  5.246
 6.044  6.038  6.367  6.171  6.144  5.798  5.107  4.524  4.221  3.912  3.881  3.759  3.860  3.625  3.275
 3.568  3.627  4.146  4.857  3.992  3.774  3.095  3.516  3.068  3.285  3.815  3.795  4.069  3.748  3.580
 3.752  4.016  4.055  4.453  3.905  4.170  4.237  4.602  5.200  5.509  5.040  5.287  5.176  4.838  4.607
 4.673  4.694  4.522  4.941  6.208  6.039  6.047  6.318  5.598  5.749  5.180  5.551  5.067  4.827  4.896
 5.049  4.808  5.369  5.757  5.985  6.093  6.245  6.353  6.246  6.863  7.126  7.089  7.356  7.150  7.558
 7.423  7.752  7.518  8.002  8.049  7.235  6.770  6.302  6.696  6.123  6.107  6.684  6.777  7.490
C1906x2TS389_2 0.4561  9.309  7.961  7.968  7.099  6.562  6.163  5.525  5.368  3.797  4.235  3.318  3.732  4.014
 3.705  3.441  4.015  3.913  3.399  3.731  4.341  3.974  4.068  4.471  4.429  3.965  3.963  4.253  4.182
 4.166  4.194  4.485  4.552  4.200  4.518  5.011  5.000  5.269  5.641  6.927  6.167  6.468  6.277  5.401
 5.638  5.794  4.934  5.153  5.352  4.984  4.595  5.140  5.334  4.601  4.557  5.092  4.816  4.064  4.297
 4.295  3.933  3.733  3.891  3.873  3.692  3.649  3.897  4.057  4.115  4.138  4.583  4.794  5.541  5.761
 5.372  5.544  4.721  4.239  4.005  3.955  3.984  4.193  4.235  3.944  4.046  4.213  4.392  4.269  4.077
 4.264  4.526  4.351  4.752  5.254  4.637  4.870  5.417  5.113  4.574  5.232  5.605  5.145  5.268  5.869
 5.698  5.519  6.112  6.841  7.200  7.072  7.168  7.054  6.955  6.770  6.841  6.413  6.776  6.477  6.213
 5.706  5.483  5.596  5.262  5.325  5.206  5.355  5.254  5.255  5.426  5.249  5.279  5.402  5.746  5.932
 7.003  7.068  7.549  7.388  7.256  7.109  6.501  6.009  5.515  5.260  5.361  5.123  4.986  4.588  4.358
 4.431  4.511  4.961  5.691  5.532  5.222  4.487  4.603  3.905  4.076  4.518  4.441  5.010  4.566  4.481
 4.958  5.383  5.544  6.120  5.889  5.886  5.870  6.208  6.575  7.239  7.196  7.356  7.493  7.137  7.105
 7.085  7.070  7.269  6.998  7.226  7.124  6.881  7.274  6.824  6.889  6.534  6.551  6.403  6.123  6.169
 6.124  6.396  6.974  7.441  7.596  7.762  7.814  7.951  7.433  7.758  7.973  8.098  8.530  8.478  8.224
 8.629  9.073  8.390  8.016  7.772  7.567  7.397  7.297  7.714  7.095  6.993  7.162  7.255  7.191
C1906x2TS389_3 0.5002  9.912  8.066  6.651  6.726  6.772  5.965  5.109  4.434  3.811  4.062  3.308  3.232  3.728
 3.298  2.866  3.246  3.351  3.212  2.957  3.548  3.549  3.389  3.204  3.364  3.357  3.070  2.962  3.148
 3.219  2.835  3.152  3.374  3.329  3.543  4.012  4.351  4.778  5.128  5.841  5.738  6.152  5.681  5.648
 5.454  4.943  4.226  4.570  4.651  4.006  3.790  4.374  4.215  3.628  3.657  4.345  3.723  3.248  3.713
 3.685  3.137  2.983  3.419  3.126  3.002  3.122  3.446  3.432  3.294  3.522  3.759  3.837  4.180  4.164
 4.093  3.898  3.596  3.580  3.340  3.251  3.508  3.517  3.616  3.427  3.429  3.567  3.753  3.617  3.443
 3.694  3.878  3.626  3.783  4.326  4.042  3.978  4.571  4.681  4.306  4.557  5.035  4.935  4.985  5.293
 5.538  5.209  5.600  6.167  5.967  6.192  6.206  5.895  6.112  6.395  6.487  6.757  6.516  6.754  7.770
 6.395  5.883  5.661  5.456  5.819  5.986  6.415  6.303  6.174  5.635  5.447  5.312  5.715  5.786  6.186
 6.411  6.454  6.803  7.022  6.915  6.340  5.852  5.037  4.740  4.751  4.692  5.137  5.256  4.571  4.356
 4.241  4.134  4.608  5.010  4.803  4.564  4.187  4.532  4.382  4.989  4.974  4.970  4.851  4.342  4.407
 4.655  4.919  4.858  5.199  4.935  5.000  4.862  5.240  5.434  6.010  5.900  6.211  6.704  6.739  6.703
 6.313  6.016  6.126  6.029  6.540  6.890  6.819  6.704  7.068  7.149  7.210  7.415  7.085  6.463  6.725
 6.419  6.387  6.635  6.884  7.315  7.773  7.260  7.492  7.276  7.400  7.519  7.604  7.625  8.116  8.563
 8.515  8.707  8.150  8.259  7.482  7.089  7.350  7.693  7.808  6.904  7.227  7.504  7.997  8.463
C1906x2TS389_4 0.5404  9.252  8.025  8.469  7.544  6.335  5.363  5.244  4.735  3.872  4.218  3.315  3.464  3.970
 3.542  2.927  3.274  3.376  3.167  2.966  3.536  3.447  3.238  2.899  3.045  3.068  2.800  2.584  2.685
 2.789  2.447  2.695  3.089  2.958  3.241  3.509  3.832  4.158  4.480  5.820  5.746  5.875  5.185  4.635
 4.781  4.343  3.909  4.179  4.293  3.728  3.401  3.886  3.899  3.332  3.317  3.964  3.382  2.914  3.421
 3.551  3.032  2.953  3.454  3.395  3.173  3.338  3.679  3.677  3.743  4.139  4.222  3.995  4.141  3.976
 4.050  4.468  4.077  3.975  3.710  3.576  3.761  3.640  3.740  3.515  3.424  3.581  3.911  3.708  3.401
 3.645  3.961  3.502  3.744  4.414  4.040  3.765  4.522  4.607  4.097  4.230  4.789  4.726  4.761  5.175
 5.358  5.240  5.935  6.690  6.269  6.591  6.757  6.409  6.058  5.993  5.700  5.788  5.795  5.420  5.464
 4.818  4.682  4.628  4.559  4.707  4.538  5.223  5.128  4.674  4.811  4.433  4.466  4.251  4.358  4.873
 5.084  4.770  5.162  5.902  5.858  5.046  4.416  4.080  3.823  3.798  3.997  3.758  3.761  3.645  3.195
 3.392  3.288  3.712  4.380  3.808  3.590  3.263  3.593  3.209  3.489  3.894  4.006  4.681  4.052  3.858
 3.975  4.363  4.657  4.972  4.359  4.373  4.707  4.897  5.263  5.760  5.685  5.843  5.918  5.740  5.705
 5.770  6.007  6.567  6.400  6.703  6.554  7.151  7.423  7.377  7.337  6.183  6.244  5.255  4.855  4.513
 4.301  4.399  4.757  5.180  5.734  5.931  6.092  6.085  6.013  6.345  6.615  6.972  7.003  7.308  7.805
 8.145  8.496  8.189  8.519  7.631  7.546  7.514  7.551  8.007  7.108  7.274  7.413  7.354  7.680
C1906x2TS389_5 0.5485  9.254  8.736  6.848  6.412  5.984  5.055  4.620  4.171  3.657  4.063  3.183  3.200  3.655
 3.297  2.831  3.141  3.306  3.136  2.944  3.362  3.378  3.146  2.980  3.247  3.249  2.884  2.886  3.063
 3.141  2.816  3.114  3.337  3.293  3.463  3.874  4.012  4.117  4.461  5.940  5.125  5.172  4.804  4.468
 4.477  4.113  3.858  4.122  4.131  3.524  3.607  3.994  3.705  3.411  3.470  3.943  3.559  3.256  3.470
 3.491  2.899  2.812  3.217  3.051  2.988  2.998  3.273  3.461  3.530  3.500  3.911  4.207  4.496  4.301
 4.016  3.932  3.584  3.547  3.324  3.211  3.378  3.305  3.257  3.050  3.192  3.253  3.495  3.414  3.141
 3.496  3.726  3.427  3.648  4.265  3.874  3.739  4.333  4.500  3.976  4.221  4.620  4.382  4.460  4.841
 4.905  4.575  4.886  5.505  5.379  5.731  5.621  5.505  5.335  5.509  5.335  5.764  5.495  5.355  5.500
 4.866  4.822  4.687  4.800  4.978  4.893  5.378  5.178  4.803  4.923  4.752  4.487  4.322  4.290  4.691
 4.714  4.731  4.942  5.257  5.172  4.747  4.626  4.303  3.972  3.825  3.947  3.705  3.906  3.621  3.318
 3.463  3.507  3.924  4.480  3.914  3.735  3.581  3.793  3.349  3.566  3.970  4.093  4.500  4.115  3.934
 4.155  4.659  4.622  5.010  4.619  4.539  4.872  4.866  5.144  5.733  5.577  5.951  6.156  5.977  6.033
 6.047  6.262  7.118  6.401  7.116  7.103  6.768  7.011  6.945  7.076  5.720  5.651  4.883  4.777  4.646
 4.673  4.601  5.039  5.337  5.759  5.826  5.863  5.851  5.896  6.278  6.563  6.671  7.156  7.352  7.998
 8.135  8.863  9.485  8.159  7.664  7.361  7.795  7.602  7.767  6.931  7.302  7.613  7.640  7.966
END
