PFRMAT QA
TARGET C1902
AUTHOR 5229-7541-3942
REMARK Graph-QA
METHOD Graph-QA
METHOD -------------
MODEL 2
QMODE 2
C1902TS003_1 0.115 9.114 8.741 8.495 7.1 6.883 8.537 7.151 7.005 7.912 7.808 7.321 7.179 7.812 7.544 7.945 8.07 10.462 11.036 11.518 10.732 9.75 
9.924 11.097 11.748 12.807 12.143 11.805 10.827 10.908 11.528 12.04 11.531 12.971 10.853 11.148 11.856 10.871 10.374 11.634 10.397 9.9 10.09 
10.08 9.567 9.148 9.969 7.847 8.208 8.063 9.615 8.373 8.512 10.08 9.504 9.018 8.458 9.85 9.851 9.705 9.97 9.507 8.963 9.021 
9.418 7.656 9.333 9.182 10.009 9.52 10.462 11.604 10.51 9.583 11.402 10.654 9.463 9.467 10.921 10.32 10.364 10.179 11.51 10.68 11.192 
11.102 11.117 11.697 12.096 10.896 12.66 11.249 11.754 11.425 12.298 12.567 12.759 13.121 12.332 12.318 10.325 11.286 10.726 10.51 10.403 10.192 
12.017 10.831 10.157 10.759 11.278 10.782 11.098 11.76 10.859 11.895 9.871 10.761 11.873 11.233 11.049 12.418 11.888 11.118 11.057 10.665 11.561 
10.179 10.174 11.509 9.807 10.169 10.343 9.871 11.18 10.235 10.188 10.555 10.105 10.231 10.175 9.989 10.687 10.285 10.732 11.172 10.045 10.578 
10.514 10.311 10.732 10.85 10.482 10.059 10.227 10.622 10.693 10.416 11.198 12.661 10.696 11.314 11.193 10.852 10.365 11.414 11.271 11.096 10.588 
10.93 10.552 11.43 10.513 10.479 10.708 10.617 11.279 11.303 9.834 10.691 11.015 10.051 10.515 9.619 10.024 10.861 11.59 10.485 10.813 11.087 
11.839 12.375 11.638 13.097 13.026 12.165 11.209 11.29 10.87 10.316 9.112 10.0 9.046 8.663 9.807 10.544 9.954 9.883 8.6 9.766 9.959 
10.421 10.029 9.75 8.966 8.931 9.9 10.448 10.255 10.215 11.25 9.991 11.161 10.963 10.145 10.789 10.513 10.186 10.717 10.774 10.592 10.43 
9.804 10.609 11.185 9.96 10.651 10.966 10.725 10.296 10.679 11.326 10.607 11.311 11.72 11.994 11.644 12.812 12.225 12.627 12.333 14.201 13.538 
12.304 12.196 12.511 11.677 10.27 11.529 11.527 10.581 10.684 10.489 10.71 9.948 9.729 9.332 9.979 10.596 9.39 9.866 9.622 10.253 10.258 
10.061 11.002 9.28 9.87 9.897 10.235 9.147 8.501 8.491 8.444 8.84 9.184 8.454 8.333 9.686 10.619 9.523 9.2 9.988 10.266 10.281 
10.001 10.804 10.485 10.763 12.564 12.457 12.507 12.185 11.516 11.339 10.874 10.335 9.418 10.765 8.696 9.993 11.254 10.278 11.45 10.166 9.855 
9.756 10.976 9.439 9.701 10.515 10.403 10.839 8.566 9.266 8.233 9.196 9.95 10.045 10.475 10.343 10.454 10.406 11.425 11.595 13.475 10.851 
12.894 10.796 10.793 10.494 11.814 11.771 10.86 11.977 12.629 11.931 11.131 13.555 11.493 11.169 13.396 13.937 12.896 11.721 11.916 11.601 11.865 
11.536 12.856 11.597 10.447 11.398 10.957 10.431 12.808 10.376 10.255 10.815 10.991 10.219 10.64 12.483 10.798 10.311 12.223 12.249 9.492 10.245 
9.84 9.28 9.309 8.38 8.186 8.285 8.822 9.556 10.599 10.035 11.611 12.4 13.933 13.012 12.91 12.335 10.787 11.37 12.423 10.916 9.848 
10.172 10.059 9.218 10.34 10.903 10.424 11.317 10.608 10.669 11.053 9.988 9.536 9.788 8.008 7.532 6.72 6.539 6.234 6.288 6.183 6.823 
6.15 6.612 6.775 6.615 6.833 7.552 8.338 7.405 7.816 9.808 10.237 10.537 10.959 10.922 11.459 10.699 10.149 9.187 8.373 8.709 9.604 
8.133 8.573 8.993 9.284 8.526 9.271 9.679 8.172 8.494 10.617 9.579 11.495 10.716 9.78 9.179 9.192 10.605 9.972 9.586 9.917 9.602 
10.926 10.235 9.411 8.574 8.025 8.772 9.119 8.222 8.104 7.252 7.744 7.44 8.91 9.173 8.729 10.316 9.196 10.047 9.389 9.5 9.728 
9.911 9.036 9.853 11.095 9.741 9.612 10.544 10.771 9.767 9.821 9.904 9.187 8.868 7.945 8.471 8.98 9.631 
END



