PFRMAT QA
TARGET C1910
AUTHOR 9014-2981-5325
REMARK predict the lDDT of each residue
METHOD 3DCNN based method using profile-based features
METHOD -------------
MODEL 2
QMODE 2
C1910TS215_3 0.22118 0.1671 0.1338 0.5149 0.0795 0.1499 0.3853 0.0664 0.157 0.0215 0.1333 0.0966 0.182 0.2012 0.1301 0.1806 0.0433 0.2757 0.0737 0.0693 0.1415
0.3028 0.0861 0.1761 0.2457 0.3608 0.2219 0.2374 0.3853 0.5795 0.1657 0.4983 0.8147 0.3035 0.2988 0.1649 0.6166 0.2251 0.1077 0.078 0.2377
0.1185 0.0483 0.0341
C1910TS413_2 0.39601 0.0771 0.0205 0.0182 0.3078 0.0416 0.0214 0.1799 0.2027 0.3743 0.192 0.2468 0.0824 0.4441 0.3315 0.7385 0.5015 0.5808 0.567 0.3755 0.5707
0.5029 0.615 0.7651 0.57 0.6258 0.6443 0.2058 0.4128 0.571 0.3942 0.2295 0.9022 0.8707 0.1326 0.8654 0.6605 0.3914 0.416 0.5459 0.1712
0.4374 0.1725 0.052
C1910TS210_5 0.32543 0.072 0.0378 0.0072 0.0223 0.0461 0.0312 0.2495 0.2444 0.1798 0.2401 0.152 0.4148 0.182 0.3622 0.2546 0.2434 0.7167 0.3837 0.2045 0.5075
0.8565 0.4349 0.3307 0.6226 0.3453 0.3244 0.4625 0.4525 0.3674 0.1672 0.3778 0.6333 0.6429 0.1842 0.5632 0.588 0.6332 0.4273 0.5058 0.21
0.1428 0.0963 0.0726
C1910TS299_1 0.34149 0.0712 0.0382 0.0119 0.2366 0.183 0.0154 0.1585 0.1609 0.3948 0.21 0.2171 0.3919 0.2211 0.1624 0.4339 0.3338 0.3988 0.6062 0.3264 0.3047
0.5833 0.6236 0.6374 0.4035 0.3811 0.3523 0.4969 0.4642 0.397 0.4453 0.4112 0.3475 0.514 0.4454 0.4543 0.6595 0.5524 0.4219 0.3587 0.2221
0.3847 0.192 0.0589
C1910TS309_4 0.35876 0.0525 0.1 0.0151 0.5075 0.0809 0.1465 0.3012 0.178 0.0904 0.352 0.1415 0.2724 0.6242 0.2549 0.4393 0.3406 0.5503 0.2506 0.3093 0.6321
0.4759 0.6414 0.5202 0.5171 0.6097 0.8317 0.5916 0.4275 0.7453 0.7321 0.7406 0.8532 0.6471 0.472 0.1309 0.3342 0.0742 0.0777 0.0613 0.0562
0.1199 0.0651 0.0624
C1910TS414_5 0.29294 0.1585 0.0634 0.0251 0.0628 0.1204 0.1095 0.2094 0.2144 0.3783 0.1676 0.1659 0.1599 0.2441 0.2191 0.42 0.1385 0.4278 0.5034 0.1857 0.4411
0.4172 0.5987 0.333 0.4128 0.5408 0.3027 0.1635 0.2915 0.5582 0.1667 0.6919 0.792 0.3081 0.3329 0.649 0.5302 0.1589 0.443 0.3522 0.0134
0.0451 0.005 0.0746
C1910TS073_5 0.19286 0.285 0.093 0.1868 0.1495 0.3923 0.1282 0.0983 0.3762 0.0304 0.0569 0.0763 0.1226 0.1785 0.0959 0.0605 0.0806 0.1081 0.2442 0.0498 0.0316
0.1575 0.327 0.0754 0.1319 0.1841 0.292 0.1578 0.3618 0.2302 0.1446 0.1573 0.1673 0.2844 0.348 0.2938 0.7192 0.3669 0.4107 0.1181 0.214
0.058 0.0679 0.1801
C1910TS211_3 0.34889 0.0401 0.0173 0.0216 0.0046 0.1224 0.057 0.12 0.2785 0.2123 0.212 0.2417 0.3639 0.4131 0.3261 0.6749 0.6284 0.5521 0.5456 0.2334 0.862
0.7237 0.7681 0.6362 0.3797 0.4505 0.0417 0.5484 0.1157 0.0376 0.5233 0.5592 0.2552 0.5315 0.3445 0.339 0.361 0.7346 0.4077 0.2517 0.2108
0.2312 0.2846 0.3396
C1910TS278_1 0.34149 0.0712 0.0382 0.0119 0.2366 0.183 0.0154 0.1585 0.1609 0.3948 0.21 0.2171 0.3919 0.2211 0.1624 0.4339 0.3338 0.3988 0.6062 0.3264 0.3047
0.5833 0.6236 0.6374 0.4035 0.3811 0.3523 0.4969 0.4642 0.397 0.4453 0.4112 0.3475 0.514 0.4454 0.4543 0.6595 0.5524 0.4219 0.3587 0.2221
0.3847 0.192 0.0589
C1910TS067_4 0.21214 0.1121 0.0328 0.0468 0.0417 0.2359 0.2464 0.087 0.1102 0.3767 0.1577 0.0903 0.2609 0.6242 0.2229 0.2955 0.6027 0.4044 0.4301 0.3551 0.3929
0.4206 0.5994 0.821 0.8106 0.3598 0.2799 0.2055 0.2702 0.0436 0.0519 0.0144 0.0017 0.0003 0.0016 0.0016 0.0269 0.0275 0.0052 0.007 0.0024
0.0118 0.0063 0.0264
C1910TS213_5 0.49979 0.2548 0.5174 0.0858 0.2335 0.5629 0.7056 0.1841 0.3609 0.3332 0.6157 0.2387 0.3193 0.8618 0.2616 0.6456 0.6043 0.8778 0.5458 0.4278 0.0421
0.1597 0.3585 0.6112 0.1673 0.2187 0.7344 0.7082 0.4044 0.9378 0.9339 0.8844 0.782 0.9163 0.6529 0.4626 0.5609 0.7889 0.882 0.3178 0.2085
0.5865 0.0358
C1910TS123_1 0.3443 0.1476 0.1096 0.2225 0.0325 0.1114 0.1287 0.1037 0.1261 0.1899 0.2745 0.1568 0.3567 0.5726 0.3139 0.3511 0.389 0.7304 0.4664 0.2764 0.3465
0.4078 0.7915 0.2989 0.2129 0.4489 0.6698 0.1443 0.5106 0.5134 0.1223 0.2832 0.7979 0.871 0.2094 0.4216 0.4061 0.6277 0.336 0.5036 0.4176
0.2854 0.0364 0.0824
C1910TS413_1 0.38708 0.0617 0.0269 0.0111 0.2463 0.0764 0.0354 0.1743 0.2666 0.4211 0.1959 0.2524 0.2413 0.4466 0.3345 0.5232 0.2931 0.8256 0.8293 0.3914 0.45
0.3966 0.7722 0.5255 0.3463 0.4534 0.5387 0.4097 0.5295 0.5475 0.397 0.6716 0.7735 0.6585 0.2258 0.6598 0.5131 0.504 0.1912 0.5521 0.2207
0.3571 0.2368 0.0603
C1910TS230_1 0.39711 0.0915 0.165 0.4272 0.0747 0.2819 0.1833 0.0858 0.2931 0.4554 0.4046 0.1719 0.3137 0.3608 0.2956 0.5354 0.5229 0.4316 0.5065 0.4308 0.3691
0.217 0.5371 0.7313 0.535 0.6594 0.5082 0.3424 0.4119 0.4651 0.4659 0.7129 0.9346 0.7829 0.1845 0.8983 0.8303 0.2034 0.2045 0.3259 0.4148
0.1217 0.1099 0.0779
C1910TS258_3 0.28495 0.2589 0.2866 0.3048 0.2179 0.3216 0.2627 0.1497 0.186 0.2301 0.1998 0.3512 0.576 0.4239 0.1351 0.3684 0.2044 0.4571 0.2814 0.2114 0.5613
0.568 0.8417 0.5202 0.5206 0.3038 0.3272 0.475 0.3374 0.4061 0.5953 0.0319 0.0181 0.001 0.0079 0.0255 0.1461 0.2087 0.1758 0.1077 0.3597
0.1843 0.0591 0.0433
C1910TS405_1 0.32596 0.035 0.0181 0.006 0.0939 0.1323 0.0336 0.0782 0.2834 0.2989 0.0641 0.1846 0.4341 0.2552 0.1031 0.3894 0.333 0.1823 0.3827 0.2172 0.5001
0.5278 0.7554 0.6221 0.3684 0.4699 0.4701 0.2919 0.5265 0.5178 0.4623 0.6632 0.8498 0.6426 0.2628 0.5272 0.7222 0.2105 0.1539 0.3016 0.2444
0.2457 0.093 0.0616
C1910TS359_1 0.37677 0.172 0.1354 0.086 0.1831 0.435 0.5465 0.1792 0.2233 0.5718 0.407 0.1142 0.2381 0.2182 0.0951 0.3254 0.1774 0.4624 0.3686 0.2581 0.3826
0.6088 0.3868 0.8785 0.6428 0.2492 0.4582 0.4593 0.5172 0.4572 0.4123 0.547 0.6361 0.752 0.7282 0.4728 0.6969 0.4375 0.2692 0.2223 0.2832
0.2478 0.1588 0.0995
C1910TS369_2 0.37291 0.2879 0.2628 0.2101 0.3034 0.386 0.3186 0.1134 0.1694 0.0607 0.3791 0.1221 0.1497 0.1439 0.2268 0.6336 0.0778 0.1846 0.4294 0.2716 0.4326
0.6195 0.8508 0.3228 0.4423 0.7115 0.4152 0.1343 0.3766 0.4875 0.6929 0.7577 0.839 0.6433 0.7107 0.4844 0.5601 0.2038 0.19 0.3548 0.2668
0.3483 0.2522 0.2071
C1910TS247_5 0.32098 0.0651 0.278 0.3425 0.1249 0.4451 0.451 0.2292 0.2385 0.3283 0.2641 0.1711 0.0927 0.4597 0.1084 0.3245 0.2653 0.5153 0.2509 0.2027 0.3276
0.2237 0.3375 0.383 0.2897 0.287 0.626 0.1137 0.432 0.3787 0.1103 0.3759 0.8679 0.7949 0.188 0.7783 0.6772 0.2298 0.3648 0.1652 0.2323
0.2069 0.1116 0.143
C1910TS158_1 0.28459 0.1885 0.1379 0.0722 0.0578 0.0466 0.0659 0.1024 0.0485 0.029 0.3591 0.1159 0.1631 0.2168 0.2349 0.5917 0.3294 0.4146 0.6359 0.2856 0.3068
0.5973 0.413 0.3074 0.4783 0.4687 0.4555 0.1199 0.3472 0.5068 0.219 0.5551 0.4659 0.7397 0.1847 0.3592 0.3302 0.4365 0.0648 0.1012 0.2665
0.2244 0.0172 0.1763
C1910TS131_4 0.43572 0.3155 0.3814 0.1017 0.2389 0.4419 0.2259 0.2604 0.1297 0.2035 0.1941 0.2452 0.1935 0.8081 0.3353 0.3276 0.6253 0.7795 0.4987 0.4088 0.8096
0.3101 0.6737 0.7555 0.8198 0.3711 0.598 0.5281 0.6893 0.777 0.1433 0.6415 0.6765 0.6759 0.5554 0.5105 0.7827 0.2495 0.2411 0.3624 0.3944
0.3053 0.0884 0.0619
C1910TS438_1 0.36321 0.022 0.019 0.0282 0.0789 0.132 0.022 0.3134 0.1583 0.1491 0.0835 0.1951 0.1929 0.12 0.3654 0.22 0.2366 0.6698 0.4888 0.4727 0.4007
0.8135 0.6282 0.8367 0.5208 0.4625 0.6176 0.458 0.4599 0.7081 0.1394 0.4626 0.6234 0.8686 0.3854 0.7386 0.868 0.3685 0.3656 0.1977 0.1303
0.3494 0.1361 0.1107
C1910TS404_3 0.28566 0.0506 0.0614 0.5539 0.0682 0.1816 0.308 0.2454 0.1025 0.309 0.4525 0.1926 0.1831 0.3814 0.5918 0.583 0.2591 0.6392 0.6171 0.4907 0.3797
0.5221 0.9078 0.4135 0.2603 0.4643 0.3992 0.1562 0.4174 0.509 0.1776 0.4932 0.343 0.2527 0.0338 0.0661 0.0168 0.0039 0.0214 0.0275 0.0395
0.0255 0.0324 0.0494
C1910TS278_2 0.38459 0.0867 0.0327 0.0089 0.0559 0.1493 0.0179 0.1318 0.2324 0.298 0.3306 0.0844 0.3612 0.2798 0.4141 0.3937 0.2379 0.4429 0.7299 0.4047 0.5331
0.629 0.5431 0.5467 0.5578 0.5185 0.2431 0.4234 0.6835 0.3217 0.3683 0.4277 0.8143 0.4788 0.5619 0.7752 0.7402 0.7122 0.4979 0.6755 0.1561
0.3595 0.1836 0.0934
C1910TS299_4 0.31892 0.0482 0.039 0.0176 0.1943 0.1108 0.0326 0.1288 0.2993 0.3363 0.0488 0.1149 0.1727 0.4301 0.1253 0.5732 0.2276 0.1988 0.558 0.3277 0.321
0.3967 0.6016 0.6818 0.2541 0.4269 0.6967 0.2451 0.2719 0.4391 0.2816 0.6306 0.529 0.6878 0.1853 0.4356 0.6046 0.5247 0.4843 0.3975 0.295
0.1689 0.0969 0.0724
C1910TS010_5 0.26832 0.3259 0.3719 0.3447 0.2054 0.0926 0.0858 0.0408 0.4084 0.025 0.0806 0.105 0.1967 0.0719 0.1863 0.1103 0.2228 0.1818 0.4355 0.0101 0.0722
0.1815 0.0999 0.2293 0.3221 0.3986 0.7137 0.4505 0.4333 0.5618 0.583 0.6568 0.7297 0.4173 0.2694 0.3277 0.1683 0.1592 0.1388 0.1221 0.2346
0.0742 0.0751 0.6168
C1910TS158_2 0.35521 0.3109 0.1352 0.0995 0.1296 0.3046 0.1813 0.3157 0.2975 0.5657 0.1381 0.2575 0.2067 0.3664 0.3968 0.4436 0.3265 0.5878 0.7777 0.2618 0.7802
0.5327 0.6833 0.8326 0.57 0.3565 0.2518 0.7482 0.6383 0.2933 0.1648 0.2232 0.5718 0.2158 0.061 0.5345 0.4446 0.1233 0.161 0.2331 0.1806
0.3283 0.0933 0.1488
C1910TS438_2 0.42491 0.0264 0.0205 0.016 0.1541 0.1822 0.0141 0.2368 0.1727 0.3213 0.3617 0.2553 0.1086 0.1988 0.7072 0.4212 0.6574 0.7803 0.6522 0.3975 0.4631
0.551 0.6715 0.8513 0.4463 0.3883 0.7573 0.3668 0.4488 0.4473 0.1891 0.5576 0.6154 0.8259 0.5148 0.8901 0.906 0.7143 0.4891 0.4632 0.2127
0.5269 0.2101 0.0796
C1910TS182_5 0.35783 0.0421 0.1375 0.0134 0.0058 0.0588 0.046 0.1483 0.0979 0.5365 0.0586 0.2545 0.4715 0.2765 0.6538 0.7258 0.5161 0.4557 0.685 0.256 0.4978
0.6852 0.8879 0.6149 0.4374 0.7536 0.8061 0.3412 0.3351 0.7383 0.5633 0.4679 0.4147 0.5778 0.3749 0.4416 0.1407 0.0664 0.2068 0.142 0.0295
0.0306 0.0802 0.3128
C1910TS413_3 0.40378 0.1038 0.0155 0.0197 0.2501 0.2229 0.0105 0.1907 0.2692 0.3077 0.1641 0.3697 0.4608 0.39 0.3001 0.6048 0.2032 0.512 0.5707 0.2976 0.3704
0.59 0.8613 0.6896 0.6226 0.4823 0.6335 0.3572 0.6622 0.3143 0.454 0.4468 0.8054 0.7827 0.3623 0.7202 0.7915 0.4919 0.3012 0.5136 0.1953
0.3515 0.217 0.0829
C1910TS003_2 0.28242 0.1075 0.2023 0.1807 0.0429 0.2569 0.3143 0.0463 0.2533 0.1892 0.0876 0.0477 0.1404 0.3287 0.0641 0.4816 0.654 0.1103 0.4893 0.5848 0.2835
0.2075 0.4517 0.6954 0.3084 0.228 0.3115 0.34 0.707 0.6083 0.2717 0.4766 0.567 0.4477 0.4264 0.1483 0.1802 0.123 0.3131 0.2639 0.066
0.0392 0.0171 0.0805
C1910TS413_4 0.41067 0.0433 0.0185 0.0143 0.0458 0.0528 0.0205 0.3035 0.1426 0.1745 0.1889 0.2355 0.1639 0.3874 0.4833 0.5205 0.6143 0.7244 0.8417 0.3037 0.5187
0.7362 0.8125 0.7305 0.5464 0.5169 0.7321 0.2732 0.57 0.5337 0.4214 0.6072 0.6913 0.8681 0.2538 0.8472 0.6411 0.5221 0.3738 0.4515 0.1639
0.3437 0.1898 0.0343
C1910TS054_1 0.35987 0.1456 0.2189 0.2831 0.0405 0.1308 0.1913 0.2205 0.0591 0.2938 0.4559 0.1495 0.2472 0.4443 0.3185 0.4794 0.4289 0.4772 0.3529 0.2163 0.3209
0.4257 0.7725 0.6086 0.3486 0.3465 0.5325 0.1435 0.5112 0.5812 0.7843 0.6586 0.4801 0.8364 0.3246 0.5259 0.4223 0.2926 0.5032 0.6789 0.1152
0.0267 0.0138 0.0672
C1910TS438_3 0.3783 0.1385 0.0857 0.0096 0.0473 0.1318 0.0162 0.2268 0.2529 0.1116 0.2045 0.139 0.1589 0.2569 0.3314 0.5274 0.2684 0.6232 0.5895 0.2292 0.3709
0.486 0.5486 0.7707 0.4839 0.6334 0.6966 0.4982 0.4056 0.4385 0.3387 0.3356 0.7454 0.7216 0.6156 0.6387 0.8031 0.6737 0.5011 0.4387 0.2281
0.3092 0.1665 0.0697
C1910TS054_2 0.31837 0.1329 0.1465 0.1922 0.0582 0.1149 0.3318 0.2654 0.0841 0.1382 0.3593 0.263 0.2991 0.2335 0.2897 0.6451 0.3498 0.6063 0.3997 0.4238 0.2426
0.2423 0.6613 0.6047 0.5521 0.3383 0.5044 0.3369 0.6191 0.6325 0.3984 0.5816 0.6323 0.4316 0.1777 0.162 0.4476 0.0592 0.2082 0.2856 0.0918
0.035 0.0418 0.0699
C1910TS389_2 0.3331 0.0588 0.0323 0.0846 0.0171 0.2164 0.315 0.1406 0.0704 0.1422 0.1633 0.3621 0.2868 0.3322 0.4063 0.3981 0.2014 0.5165 0.1698 0.5234 0.5269
0.3949 0.5842 0.5957 0.3137 0.6024 0.5082 0.3602 0.5415 0.8157 0.4147 0.619 0.8449 0.5611 0.1738 0.4196 0.4607 0.1522 0.3907 0.2728 0.0945
0.0319 0.1118 0.095
C1910TS182_3 0.37678 0.0619 0.0342 0.0176 0.0688 0.1012 0.1576 0.1269 0.2118 0.7096 0.1336 0.103 0.3131 0.8411 0.2519 0.74 0.7063 0.8198 0.7059 0.3324 0.4547
0.5381 0.6755 0.713 0.701 0.4017 0.6586 0.309 0.3483 0.7712 0.0979 0.7362 0.7538 0.7664 0.3503 0.6654 0.1305 0.1675 0.3674 0.0262 0.0892
0.0089 0.0034 0.0309
C1910TS404_4 0.28651 0.0506 0.0614 0.5539 0.0658 0.1816 0.308 0.2553 0.1025 0.309 0.4525 0.1912 0.1831 0.3814 0.5918 0.583 0.2648 0.6392 0.6171 0.4933 0.3691
0.5186 0.9078 0.4172 0.26 0.4984 0.3976 0.1579 0.4014 0.5208 0.1711 0.4762 0.4301 0.2645 0.0403 0.0797 0.0118 0.0119 0.0224 0.0178 0.0104
0.0082 0.0062 0.0353
C1910TS213_3 0.45453 0.1846 0.4265 0.0836 0.2707 0.3857 0.4651 0.2137 0.2093 0.3437 0.3595 0.1851 0.2147 0.6296 0.3456 0.6339 0.4695 0.8115 0.1905 0.464 0.0377
0.2014 0.321 0.4571 0.1062 0.1756 0.8909 0.6932 0.6523 0.9014 0.9304 0.87 0.5012 0.903 0.686 0.4195 0.7157 0.6123 0.7447 0.3611 0.2677
0.6565 0.0985
C1910TS123_3 0.39215 0.2465 0.2723 0.0747 0.0912 0.1206 0.5808 0.4375 0.1108 0.5213 0.3049 0.1186 0.3032 0.8119 0.8136 0.4131 0.5667 0.3624 0.6153 0.396 0.4679
0.4427 0.5873 0.7709 0.5847 0.2616 0.4342 0.3951 0.1495 0.5909 0.3031 0.5504 0.6304 0.7084 0.3009 0.5885 0.5207 0.4485 0.2179 0.3714 0.1306
0.0331 0.0434 0.1688
C1910TS389_3 0.26106 0.0286 0.0342 0.016 0.0565 0.3505 0.1663 0.1715 0.1985 0.2594 0.1279 0.1579 0.2379 0.3218 0.1357 0.3497 0.3726 0.4321 0.2761 0.2602 0.6328
0.5757 0.5343 0.6911 0.391 0.3691 0.4241 0.2189 0.6178 0.7372 0.1998 0.2703 0.7433 0.2565 0.0951 0.1162 0.1671 0.0836 0.0592 0.0216 0.0145
0.0133 0.0194 0.0205
C1910TS404_5 0.29005 0.0506 0.0614 0.5539 0.0671 0.1816 0.308 0.2553 0.1025 0.309 0.4525 0.1912 0.1831 0.3814 0.587 0.583 0.2648 0.6392 0.6171 0.4933 0.3747
0.519 0.9078 0.4105 0.2595 0.4948 0.405 0.1606 0.3975 0.5356 0.1328 0.4344 0.4312 0.4063 0.0368 0.0921 0.0291 0.0295 0.0178 0.0535 0.0127
0.0018 0.0046 0.0424
C1910TS152_1 0.44539 0.1486 0.422 0.0839 0.1139 0.1928 0.221 0.1389 0.2619 0.4915 0.2237 0.2148 0.2149 0.484 0.6466 0.6675 0.698 0.7801 0.6354 0.3723 0.5601
0.9527 0.777 0.6245 0.4478 0.4444 0.6875 0.3451 0.5224 0.3557 0.739 0.6486 0.8518 0.8232 0.2382 0.876 0.7545 0.537 0.5078 0.2561 0.0527
0.0266 0.0494 0.0622
C1910TS240_5 0.2478 0.0673 0.0854 0.1732 0.0488 0.0912 0.1161 0.199 0.3883 0.1402 0.0402 0.2804 0.1956 0.1234 0.0917 0.4374 0.3628 0.2813 0.3911 0.3537 0.4424
0.4557 0.6748 0.4734 0.4838 0.3423 0.4403 0.3664 0.7465 0.5054 0.4167 0.6419 0.305 0.1628 0.0663 0.0068 0.0352 0.0038 0.0246 0.0297 0.0649
0.0178 0.0046 0.0773
C1910TS210_1 0.32938 0.0794 0.0402 0.0101 0.2228 0.0987 0.0138 0.0947 0.1139 0.272 0.1611 0.1728 0.3889 0.1815 0.1959 0.4564 0.2488 0.437 0.5033 0.3872 0.3913
0.6599 0.6363 0.5635 0.3636 0.3457 0.3697 0.3258 0.6339 0.4047 0.302 0.5702 0.6796 0.4 0.5471 0.3092 0.6472 0.4823 0.4821 0.3411 0.1353
0.3423 0.1003 0.0514
C1910TS158_5 0.30844 0.1419 0.1477 0.1267 0.0722 0.3495 0.3825 0.0646 0.1544 0.3626 0.1135 0.1416 0.2893 0.5011 0.119 0.5858 0.2085 0.3429 0.789 0.4207 0.3352
0.2686 0.8537 0.5391 0.297 0.406 0.6351 0.1934 0.6003 0.5802 0.4414 0.5745 0.4537 0.3858 0.1423 0.1293 0.1666 0.0125 0.2568 0.0885 0.261
0.1676 0.0813 0.0795
C1910TS087_1 0.31093 0.0781 0.0991 0.0206 0.0571 0.1235 0.0599 0.1807 0.1346 0.1933 0.1527 0.0845 0.1649 0.4499 0.1997 0.5181 0.598 0.4458 0.4664 0.3157 0.5003
0.3624 0.7331 0.5551 0.5772 0.3913 0.5554 0.4171 0.5969 0.381 0.1996 0.7319 0.6234 0.526 0.1316 0.441 0.2884 0.112 0.321 0.4159 0.0412
0.0136 0.0311 0.0806
C1910TS131_3 0.45188 0.2865 0.2156 0.1051 0.1775 0.2817 0.2035 0.2174 0.1639 0.3525 0.1486 0.2016 0.1123 0.6863 0.6395 0.5089 0.6747 0.8282 0.3958 0.512 0.8554
0.5716 0.8158 0.8855 0.7317 0.71 0.6847 0.2834 0.6253 0.6485 0.1973 0.4589 0.8706 0.8588 0.3788 0.7655 0.7866 0.2332 0.354 0.2857 0.271
0.2497 0.1211 0.0764
C1910TS258_1 0.29139 0.0743 0.0925 0.0249 0.1255 0.2833 0.3205 0.4413 0.2211 0.3133 0.4085 0.2794 0.1593 0.4915 0.4578 0.693 0.2757 0.6949 0.6925 0.3384 0.4188
0.3992 0.6904 0.3926 0.5348 0.5472 0.2652 0.4005 0.1665 0.6998 0.3635 0.0154 0.0366 0.0009 0.0366 0.012 0.1249 0.2384 0.0829 0.0686 0.2148
0.1617 0.0393 0.231
C1910TS247_1 0.32356 0.0814 0.2463 0.1563 0.182 0.4269 0.3789 0.0932 0.271 0.588 0.3525 0.0605 0.1108 0.1841 0.1758 0.303 0.2646 0.4408 0.2067 0.4626 0.5474
0.5183 0.5221 0.3352 0.4484 0.4097 0.3976 0.1732 0.2183 0.2105 0.2845 0.3875 0.9042 0.6461 0.1088 0.2794 0.7307 0.4814 0.1478 0.4728 0.2308
0.2526 0.1697 0.0511
C1910TS247_2 0.32848 0.0688 0.0287 0.0066 0.0428 0.0573 0.0345 0.248 0.0914 0.2268 0.0876 0.1411 0.2644 0.1948 0.2945 0.2893 0.2829 0.3391 0.4482 0.3009 0.3229
0.3067 0.4971 0.8501 0.3803 0.5564 0.5831 0.2743 0.6703 0.6709 0.6463 0.5931 0.7879 0.8102 0.1441 0.5922 0.6375 0.2176 0.1797 0.4406 0.0834
0.323 0.0834 0.0259
C1910TS003_3 0.22784 0.0648 0.1007 0.003 0.0021 0.0017 0.0214 0.1884 0.0202 0.0067 0.0148 0.0094 0.1186 0.3907 0.0515 0.4555 0.4651 0.3424 0.3011 0.2762 0.2702
0.3227 0.7945 0.8756 0.4858 0.3866 0.2898 0.4624 0.6781 0.2478 0.2509 0.627 0.4849 0.035 0.0123 0.1168 0.1909 0.0802 0.1016 0.1292 0.0559
0.0173 0.0152 0.032
C1910TS258_5 0.3333 0.283 0.2096 0.1648 0.1601 0.2781 0.2922 0.1671 0.1608 0.0901 0.1648 0.0535 0.3052 0.3879 0.0634 0.4592 0.1501 0.2787 0.2936 0.2641 0.4378
0.3255 0.7208 0.7212 0.4485 0.3408 0.5003 0.6133 0.3287 0.5097 0.3218 0.7753 0.8461 0.5947 0.2082 0.5866 0.5896 0.1946 0.1552 0.1744 0.1477
0.2758 0.2289 0.0601
C1910TS369_4 0.3663 0.4047 0.2455 0.1502 0.3064 0.4076 0.3956 0.153 0.2336 0.1266 0.3042 0.1372 0.1293 0.1406 0.2798 0.5988 0.0616 0.2429 0.4097 0.2802 0.3283
0.5642 0.7851 0.3502 0.425 0.7026 0.4201 0.1399 0.2827 0.5083 0.7275 0.6076 0.8149 0.7366 0.2764 0.6745 0.484 0.3046 0.2576 0.4147 0.2174
0.3196 0.1975 0.2043
C1910TS131_1 0.44827 0.373 0.2227 0.1036 0.2119 0.2571 0.239 0.3199 0.2243 0.2773 0.2803 0.2352 0.2284 0.659 0.3327 0.5884 0.7859 0.7788 0.5481 0.4315 0.8983
0.2358 0.501 0.9003 0.6797 0.3463 0.5911 0.6208 0.557 0.8116 0.1255 0.4176 0.8126 0.8713 0.541 0.6651 0.8215 0.3526 0.3276 0.2739 0.3203
0.3394 0.1038 0.0648
C1910TS182_2 0.38165 0.0306 0.0554 0.0057 0.0052 0.0462 0.049 0.1649 0.0943 0.1228 0.2405 0.2452 0.2848 0.4247 0.6163 0.6952 0.4439 0.5215 0.6177 0.3547 0.5455
0.7196 0.9026 0.7082 0.4965 0.7541 0.9257 0.5694 0.7005 0.8261 0.3552 0.5329 0.7075 0.5775 0.558 0.4669 0.1438 0.0229 0.1853 0.1998 0.1345
0.2114 0.0954 0.0531
C1910TS230_3 0.35649 0.3204 0.2748 0.1595 0.0909 0.4647 0.3423 0.2858 0.1467 0.3504 0.2682 0.1628 0.236 0.5201 0.3027 0.2645 0.1617 0.261 0.2251 0.3757 0.4795
0.5659 0.4472 0.5124 0.4308 0.4738 0.3699 0.3903 0.431 0.3931 0.5532 0.3725 0.8522 0.7834 0.468 0.3691 0.8007 0.3195 0.3405 0.2457 0.1146
0.1974 0.1377 0.0672
C1910TS309_1 0.38125 0.0382 0.0629 0.1643 0.1586 0.1428 0.0861 0.5263 0.2432 0.2704 0.3618 0.4044 0.1454 0.4494 0.6443 0.5671 0.2348 0.3992 0.2997 0.2964 0.2782
0.3944 0.5666 0.6368 0.7115 0.3638 0.5017 0.1436 0.4319 0.633 0.28 0.6103 0.5552 0.7566 0.746 0.5732 0.714 0.3453 0.5985 0.3428 0.1896
0.1643 0.1465 0.2148
C1910TS273_4 0.23177 0.0458 0.0223 0.0194 0.0032 0.0055 0.0097 0.0068 0.0291 0.0165 0.04 0.1298 0.2556 0.5056 0.2486 0.4788 0.2471 0.305 0.5377 0.5533 0.5061
0.3885 0.6969 0.6224 0.4357 0.4921 0.3024 0.5191 0.1212 0.3716 0.4171 0.3496 0.1706 0.6011 0.0164 0.0786 0.0769 0.121 0.0298 0.0487 0.0642
0.033 0.031 0.0126
C1910TS413_5 0.38422 0.0642 0.0215 0.0349 0.0432 0.0862 0.0398 0.3878 0.1984 0.091 0.1132 0.265 0.1688 0.1966 0.3783 0.5908 0.2439 0.5396 0.776 0.3608 0.44
0.6547 0.6659 0.7309 0.5044 0.5903 0.7607 0.1752 0.5629 0.572 0.371 0.4369 0.7224 0.8811 0.404 0.7627 0.7256 0.29 0.3586 0.4577 0.2184
0.4359 0.1675 0.0329
C1910TS258_4 0.32114 0.3674 0.3465 0.3636 0.5249 0.378 0.3309 0.1107 0.1212 0.4535 0.2043 0.1215 0.3479 0.6006 0.2659 0.3205 0.4845 0.4469 0.2746 0.5419 0.7434
0.4367 0.4065 0.8136 0.6584 0.7409 0.5354 0.416 0.3754 0.063 0.705 0.0016 0.001 0.0118 0.0291 0.0228 0.009 0.0378 0.2928 0.2795 0.3229
0.0861 0.109 0.1059
C1910TS405_3 0.3355 0.0371 0.0278 0.0067 0.0058 0.1105 0.0306 0.1157 0.0894 0.057 0.195 0.0669 0.2553 0.3843 0.5138 0.3536 0.2677 0.8727 0.2324 0.2966 0.4015
0.736 0.4165 0.6062 0.5472 0.4721 0.3103 0.3217 0.4972 0.2594 0.2188 0.5781 0.8074 0.7763 0.1173 0.6995 0.6049 0.666 0.352 0.4695 0.1749
0.2141 0.0826 0.1785
C1910TS215_1 0.37526 0.1178 0.1743 0.0965 0.2146 0.4904 0.297 0.2365 0.2595 0.41 0.3544 0.087 0.1559 0.3589 0.2512 0.4629 0.3816 0.7916 0.1874 0.3673 0.5559
0.4255 0.4313 0.6962 0.5443 0.4332 0.6045 0.4085 0.6687 0.6437 0.5843 0.6708 0.7109 0.8599 0.6168 0.2296 0.2427 0.1338 0.411 0.0115 0.2612
0.1664 0.0234 0.1074
C1910TS349_1 0.41314 0.1697 0.4119 0.4821 0.0341 0.2607 0.3772 0.198 0.0814 0.4801 0.4485 0.2017 0.2936 0.4312 0.5494 0.3913 0.4743 0.7429 0.5885 0.2414 0.3783
0.6945 0.4795 0.4443 0.6964 0.3811 0.3056 0.2133 0.5508 0.4402 0.2388 0.6861 0.5961 0.7393 0.684 0.5823 0.747 0.2521 0.4857 0.4772 0.2976
0.334 0.0962 0.1063
C1910TS345_3 0.37324 0.0988 0.0164 0.0731 0.0108 0.1162 0.2467 0.3892 0.6147 0.3762 0.8668 0.0823 0.2094 0.7596 0.8285 0.3385 0.1362 0.363 0.1167 0.0444 0.7456
0.0356 0.1963 0.2535 0.2575 0.5031 0.6455 0.1661 0.4482 0.7255 0.4308 0.9332 0.6354 0.5722 0.6095 0.6516 0.5058 0.3204 0.6662 0.5525 0.3304
0.1164 0.0163 0.0447
C1910TS247_4 0.32489 0.2469 0.3016 0.0542 0.1276 0.3908 0.5375 0.1491 0.2808 0.0571 0.1494 0.1325 0.3005 0.1702 0.1391 0.4667 0.0859 0.2385 0.4614 0.313 0.1498
0.2269 0.5935 0.7741 0.3339 0.3432 0.4315 0.2298 0.3184 0.7588 0.323 0.7644 0.5939 0.4687 0.2975 0.5067 0.7132 0.3679 0.6208 0.1309 0.111
0.1836 0.0605 0.0656
C1910TS087_3 0.2882 0.1273 0.0917 0.1558 0.0229 0.2101 0.369 0.2215 0.1079 0.4208 0.2441 0.1085 0.2717 0.3506 0.2716 0.5502 0.3478 0.3366 0.4266 0.3263 0.5084
0.4788 0.8978 0.4412 0.4393 0.4053 0.5637 0.1461 0.3689 0.5828 0.4292 0.626 0.7639 0.4407 0.0365 0.2058 0.0135 0.0127 0.0105 0.0085 0.0108
0.0067 0.0037 0.0308
C1910TS369_3 0.35569 0.3474 0.353 0.1583 0.2517 0.344 0.2161 0.2477 0.1796 0.0613 0.1991 0.1299 0.1838 0.0714 0.3138 0.6218 0.078 0.1133 0.5211 0.2577 0.2586
0.4386 0.7257 0.2422 0.3481 0.7715 0.2459 0.1386 0.3466 0.5124 0.5367 0.7626 0.8115 0.6344 0.4643 0.4187 0.6905 0.3257 0.3722 0.5741 0.3453
0.2892 0.2179 0.1742
C1910TS152_2 0.42387 0.5048 0.2544 0.2173 0.317 0.4294 0.455 0.4013 0.2353 0.4954 0.2471 0.1771 0.2837 0.3138 0.2558 0.6702 0.1294 0.3251 0.8012 0.3551 0.3154
0.5664 0.9067 0.7954 0.3925 0.4492 0.6345 0.485 0.3721 0.5372 0.3534 0.4063 0.6559 0.5456 0.3595 0.5551 0.7401 0.5183 0.5461 0.3062 0.1586
0.3427 0.1609 0.2549
C1910TS073_1 0.21393 0.4294 0.3401 0.2374 0.12 0.2283 0.1732 0.2071 0.1965 0.0654 0.6979 0.2543 0.2709 0.2775 0.8365 0.3705 0.0927 0.2544 0.5508 0.0322 0.0918
0.1471 0.2849 0.1241 0.1192 0.2662 0.3839 0.1404 0.244 0.3147 0.214 0.2276 0.0844 0.0396 0.028 0.1146 0.1723 0.1834 0.0617 0.0263 0.1239
0.0951 0.0534 0.0229
C1910TS389_4 0.27016 0.1374 0.3115 0.1642 0.2359 0.3814 0.3551 0.1485 0.1793 0.2866 0.2102 0.1272 0.3163 0.2759 0.1326 0.2924 0.2089 0.2111 0.2928 0.4033 0.7296
0.4446 0.7811 0.529 0.5195 0.3286 0.2443 0.3047 0.3712 0.5825 0.1238 0.7062 0.8586 0.1781 0.0548 0.089 0.0232 0.0019 0.0051 0.0202 0.0115
0.02 0.0036 0.0151
C1910TS211_1 0.40548 0.1656 0.3895 0.0836 0.1713 0.25 0.2309 0.2067 0.1655 0.2939 0.4634 0.2201 0.273 0.5011 0.3275 0.4023 0.6094 0.6695 0.5624 0.2774 0.3826
0.7632 0.8808 0.5012 0.4113 0.3811 0.6682 0.3192 0.3419 0.5061 0.538 0.6765 0.9228 0.8508 0.3736 0.6596 0.8319 0.3039 0.4405 0.2525 0.0342
0.0347 0.0453 0.0529
C1910TS278_4 0.31892 0.0482 0.039 0.0176 0.1943 0.1108 0.0326 0.1288 0.2993 0.3363 0.0488 0.1149 0.1727 0.4301 0.1253 0.5732 0.2276 0.1988 0.558 0.3277 0.321
0.3967 0.6016 0.6818 0.2541 0.4269 0.6967 0.2451 0.2719 0.4391 0.2816 0.6306 0.529 0.6878 0.1853 0.4356 0.6046 0.5247 0.4843 0.3975 0.295
0.1689 0.0969 0.0724
C1910TS215_4 0.39299 0.1918 0.3235 0.7911 0.3512 0.527 0.1755 0.6121 0.6274 0.2148 0.3478 0.3882 0.2099 0.1057 0.2411 0.1276 0.0737 0.2726 0.4999 0.0323 0.1023
0.3402 0.3991 0.2716 0.5267 0.603 0.4552 0.4586 0.8367 0.7965 0.8338 0.8685 0.8907 0.5436 0.2919 0.7247 0.3751 0.2168 0.3321 0.3609 0.3688
0.0457 0.0351 0.1075
C1910TS405_5 0.3053 0.0714 0.0692 0.0081 0.072 0.2952 0.0242 0.1459 0.2858 0.1771 0.1994 0.0401 0.1126 0.1854 0.5003 0.1162 0.2288 0.9234 0.0926 0.1075 0.1978
0.3531 0.2315 0.3532 0.3746 0.6174 0.3634 0.2547 0.5447 0.3579 0.4709 0.4125 0.8026 0.6099 0.4592 0.5277 0.7442 0.3579 0.3076 0.4765 0.1647
0.3394 0.0982 0.0526
C1910TS073_4 0.17943 0.254 0.1949 0.4687 0.237 0.2579 0.3413 0.1386 0.2724 0.1661 0.1244 0.0879 0.085 0.1467 0.2923 0.0762 0.0181 0.1024 0.2587 0.0632 0.0404
0.2224 0.322 0.1089 0.1996 0.2644 0.527 0.0918 0.1783 0.2875 0.1994 0.2002 0.1941 0.0233 0.076 0.0845 0.193 0.4631 0.1028 0.043 0.0952
0.0919 0.0224 0.0988
C1910TS211_4 0.31912 0.0469 0.0173 0.0234 0.0022 0.0828 0.1976 0.2034 0.2213 0.3302 0.2064 0.3065 0.2708 0.2943 0.4691 0.728 0.7223 0.5573 0.5252 0.2658 0.4709
0.5357 0.8273 0.6937 0.2695 0.3284 0.0478 0.4145 0.0857 0.0365 0.2773 0.3241 0.1686 0.5057 0.4068 0.3607 0.3625 0.5375 0.5267 0.1332 0.2121
0.2027 0.1886 0.3348
C1910TS240_3 0.24529 0.1088 0.062 0.0401 0.0677 0.0554 0.2411 0.09 0.1287 0.2399 0.1618 0.0468 0.1357 0.3629 0.1785 0.2876 0.3922 0.5952 0.5765 0.3324 0.4768
0.4367 0.4272 0.368 0.5221 0.2581 0.3608 0.2791 0.5123 0.5644 0.2364 0.6057 0.6079 0.5626 0.0443 0.0008 0.0209 0.0029 0.043 0.0124 0.0152
0.0055 0.0059 0.0751
C1910TS067_5 0.24902 0.0279 0.0249 0.0513 0.0275 0.0137 0.0513 0.0645 0.1474 0.1963 0.3809 0.0631 0.3591 0.709 0.1771 0.653 0.798 0.703 0.6751 0.5035 0.6202
0.3942 0.7577 0.8966 0.7466 0.4333 0.5466 0.3495 0.1537 0.0247 0.0662 0.016 0.0013 0.0003 0.0004 0.0043 0.0068 0.0035 0.0019 0.0152 0.0021
0.0108 0.0055 0.0239
C1910TS369_1 0.34964 0.3431 0.2821 0.1698 0.3262 0.3447 0.1516 0.1804 0.1517 0.0673 0.1651 0.1164 0.2219 0.0805 0.2599 0.5289 0.0887 0.1168 0.4366 0.2475 0.2409
0.3882 0.7915 0.2763 0.3641 0.7625 0.2695 0.1004 0.5162 0.3685 0.4638 0.6859 0.6927 0.7677 0.6588 0.4059 0.7083 0.3148 0.3656 0.585 0.373
0.2895 0.218 0.148
C1910TS349_3 0.41033 0.1697 0.4119 0.4694 0.0339 0.2687 0.383 0.198 0.0851 0.4804 0.4485 0.1961 0.286 0.4466 0.5178 0.3913 0.479 0.7174 0.5909 0.2345 0.3802
0.6775 0.4795 0.4382 0.7066 0.3809 0.2531 0.2015 0.5831 0.4481 0.25 0.6752 0.5791 0.7749 0.6271 0.58 0.7589 0.2525 0.4712 0.4809 0.3018
0.334 0.0965 0.1054
C1910TS123_2 0.3443 0.1476 0.1096 0.2225 0.0325 0.1114 0.1287 0.1037 0.1261 0.1899 0.2745 0.1568 0.3567 0.5726 0.3139 0.3511 0.389 0.7304 0.4664 0.2764 0.3465
0.4078 0.7915 0.2989 0.2129 0.4489 0.6698 0.1443 0.5106 0.5134 0.1223 0.2832 0.7979 0.871 0.2094 0.4216 0.4061 0.6277 0.336 0.5036 0.4176
0.2854 0.0364 0.0824
C1910TS345_1 0.52049 0.0422 0.1103 0.093 0.3598 0.558 0.3597 0.3297 0.2846 0.7019 0.3715 0.2265 0.7808 0.9679 0.818 0.371 0.9483 0.8831 0.8078 0.39 0.0612
0.3666 0.2739 0.717 0.6959 0.9684 0.9671 0.9748 0.9083 0.9956 0.9192 0.7519 0.9669 0.8314 0.2446 0.0973 0.3892 0.2712 0.2559 0.2955 0.2785
0.2967 0.1302 0.3198
C1910TS131_5 0.4224 0.2836 0.1989 0.1127 0.2962 0.2191 0.1859 0.1447 0.1942 0.4207 0.3324 0.2655 0.226 0.6929 0.4888 0.4439 0.5838 0.8685 0.4204 0.349 0.5198
0.6646 0.8129 0.5605 0.6536 0.3862 0.485 0.4114 0.6114 0.4336 0.2091 0.4682 0.8422 0.8172 0.2644 0.709 0.6204 0.5861 0.3648 0.3514 0.2572
0.2283 0.1233 0.0553
C1910TS210_2 0.33185 0.0674 0.0274 0.0075 0.0362 0.0979 0.0285 0.1517 0.2252 0.2359 0.0337 0.2148 0.1508 0.162 0.1631 0.5086 0.2748 0.3475 0.4882 0.2931 0.2994
0.7084 0.6612 0.7242 0.3179 0.4147 0.681 0.3397 0.2867 0.5315 0.6175 0.816 0.8234 0.7382 0.4945 0.494 0.5261 0.0888 0.2865 0.355 0.1627
0.2798 0.0405 0.0672
C1910TS405_4 0.35298 0.1051 0.047 0.009 0.0225 0.1215 0.0335 0.2554 0.3054 0.2136 0.2906 0.0983 0.2383 0.2018 0.4305 0.3072 0.1788 0.7713 0.4425 0.3411 0.4054
0.7467 0.4912 0.4032 0.4822 0.5004 0.3611 0.2025 0.4417 0.4002 0.3424 0.2662 0.8989 0.7013 0.7812 0.7148 0.7646 0.4733 0.1754 0.3885 0.379
0.2052 0.0966 0.1431
C1910TS240_2 0.27165 0.0587 0.1348 0.1553 0.0721 0.0576 0.1235 0.2532 0.5057 0.12 0.0757 0.1259 0.3909 0.0693 0.0778 0.331 0.3585 0.3133 0.4139 0.3139 0.2832
0.6194 0.6621 0.7057 0.3254 0.2121 0.5129 0.2183 0.7082 0.6722 0.6217 0.7092 0.468 0.6757 0.0976 0.016 0.0244 0.0062 0.0288 0.0395 0.0273
0.0187 0.0062 0.0711
C1910TS010_2 0.09841 0.1979 0.269 0.1885 0.0423 0.0178 0.001 0.0032 0.0171 0.0287 0.0026 0.0211 0.162 0.0317 0.0288 0.1002 0.2868 0.1271 0.1052 0.1085 0.1089
0.2205 0.2466 0.1986 0.2247 0.1333 0.0927 0.0925 0.2821 0.0395 0.0667 0.0943 0.098 0.0092 0.0107 0.0087 0.0786 0.0345 0.0756 0.0751 0.06
0.079 0.0503 0.1121
C1910TS131_2 0.43328 0.1632 0.1289 0.0757 0.2293 0.315 0.1996 0.1609 0.1642 0.246 0.1426 0.2333 0.2314 0.6736 0.5243 0.3902 0.797 0.865 0.5876 0.5066 0.512
0.4246 0.8504 0.7657 0.8292 0.4255 0.7664 0.4414 0.4863 0.5564 0.1505 0.6613 0.6707 0.8153 0.2709 0.8277 0.5974 0.4101 0.3832 0.3085 0.4
0.235 0.1448 0.0635
C1910TS158_3 0.40104 0.2745 0.4201 0.0529 0.1584 0.4856 0.8234 0.3295 0.2562 0.378 0.3102 0.071 0.6103 0.64 0.515 0.6325 0.2059 0.2297 0.3848 0.542 0.3912
0.2901 0.2941 0.7388 0.5759 0.3153 0.273 0.2914 0.2169 0.6722 0.527 0.5628 0.7753 0.8453 0.3654 0.5843 0.3245 0.4159 0.5184 0.2424 0.2575
0.194 0.0971 0.1562
C1910TS066_1 0.38814 0.1048 0.1156 0.5838 0.0336 0.1391 0.6783 0.2255 0.156 0.1954 0.2717 0.1343 0.3388 0.6722 0.4437 0.5928 0.3793 0.5024 0.3268 0.2661 0.6957
0.4455 0.7124 0.6437 0.7039 0.295 0.4676 0.4558 0.6325 0.2879 0.1233 0.4621 0.6538 0.8813 0.4921 0.7085 0.4564 0.1417 0.3454 0.2365 0.3939
0.1648 0.0734 0.0565
C1910TS240_1 0.23215 0.0676 0.1603 0.0837 0.0663 0.6078 0.1451 0.224 0.4281 0.1131 0.1248 0.09 0.2413 0.0447 0.2069 0.2026 0.2475 0.1221 0.2927 0.2433 0.2612
0.4621 0.3612 0.7408 0.3428 0.2263 0.4039 0.4284 0.3975 0.2712 0.394 0.4529 0.7522 0.432 0.1374 0.0124 0.0103 0.008 0.0429 0.0224 0.0798
0.0112 0.0052 0.0145
C1910TS073_3 0.10742 0.1879 0.0702 0.0792 0.0349 0.1498 0.0839 0.0248 0.0825 0.0115 0.0294 0.0564 0.0655 0.075 0.1152 0.0318 0.0856 0.1612 0.216 0.139 0.0158
0.1399 0.299 0.063 0.1457 0.1755 0.3416 0.0938 0.0815 0.1141 0.0996 0.1236 0.0948 0.1435 0.0587 0.1909 0.2756 0.0656 0.1233 0.0071 0.1409
0.074 0.0129 0.0389
C1910TS299_2 0.38459 0.0867 0.0327 0.0089 0.0559 0.1493 0.0179 0.1318 0.2324 0.298 0.3306 0.0844 0.3612 0.2798 0.4141 0.3937 0.2379 0.4429 0.7299 0.4047 0.5331
0.629 0.5431 0.5467 0.5578 0.5185 0.2431 0.4234 0.6835 0.3217 0.3683 0.4277 0.8143 0.4788 0.5619 0.7752 0.7402 0.7122 0.4979 0.6755 0.1561
0.3595 0.1836 0.0934
C1910TS213_1 0.48779 0.4183 0.6764 0.0826 0.145 0.4379 0.626 0.3813 0.3486 0.3548 0.4041 0.3094 0.2231 0.6243 0.5451 0.6878 0.6564 0.7225 0.3345 0.4076 0.0374
0.2281 0.2337 0.3336 0.1218 0.444 0.6998 0.8231 0.5907 0.9417 0.9326 0.7603 0.6007 0.9355 0.7343 0.4157 0.6137 0.803 0.7631 0.3131 0.1993
0.5167 0.0594
C1910TS123_5 0.3644 0.1537 0.1124 0.07 0.288 0.2883 0.1985 0.2131 0.1469 0.5572 0.2468 0.2407 0.3688 0.2826 0.3943 0.7578 0.3848 0.3645 0.5873 0.255 0.4427
0.4284 0.6087 0.6715 0.5074 0.5558 0.3743 0.2647 0.5978 0.6296 0.7002 0.3529 0.6189 0.449 0.112 0.182 0.5432 0.2095 0.2896 0.3538 0.2079
0.354 0.0965 0.208
C1910TS240_4 0.2359 0.0464 0.1339 0.1658 0.1004 0.1722 0.1661 0.109 0.2703 0.137 0.0322 0.2121 0.1989 0.2143 0.0694 0.2646 0.1713 0.3518 0.4119 0.2894 0.6016
0.3848 0.4051 0.4563 0.5327 0.217 0.7105 0.5926 0.7089 0.4377 0.4692 0.3844 0.1493 0.2623 0.1118 0.0037 0.0185 0.0088 0.0276 0.0099 0.0478
0.0261 0.0053 0.0547
C1910TS347_1 0.35401 0.2815 0.2232 0.0487 0.2225 0.3299 0.1666 0.211 0.2673 0.2014 0.4006 0.2906 0.1595 0.3986 0.506 0.6012 0.3591 0.3541 0.3992 0.4467 0.507
0.5294 0.6108 0.612 0.5749 0.414 0.4738 0.4451 0.4642 0.6894 0.136 0.5052 0.6065 0.4432 0.3867 0.6608 0.4028 0.1769 0.2447 0.2715 0.0464
0.077 0.0442 0.032
C1910TS301_1 0.3529 0.0362 0.0617 0.0848 0.104 0.0613 0.0174 0.2846 0.1626 0.1829 0.2437 0.1461 0.336 0.2873 0.1937 0.2912 0.5803 0.7137 0.3687 0.2135 0.5172
0.6601 0.63 0.5848 0.3417 0.4949 0.5347 0.5364 0.525 0.4014 0.3847 0.2434 0.8193 0.7464 0.4806 0.5765 0.597 0.4534 0.2694 0.4159 0.1209
0.303 0.133 0.0353
C1910TS273_5 0.27637 0.1134 0.0894 0.0563 0.0514 0.0682 0.001 0.0654 0.2927 0.0452 0.0173 0.0397 0.636 0.1299 0.1808 0.5069 0.1862 0.3575 0.2994 0.413 0.4626
0.5412 0.6492 0.8941 0.5084 0.4174 0.5983 0.8219 0.3502 0.3787 0.0631 0.2215 0.2111 0.2128 0.0883 0.1637 0.1288 0.0823 0.2425 0.3756 0.4636
0.0867 0.1667 0.2058
C1910TS215_2 0.24227 0.2337 0.0913 0.155 0.0552 0.1089 0.1559 0.0885 0.176 0.0531 0.262 0.1181 0.1343 0.0792 0.096 0.3713 0.2176 0.1436 0.0838 0.1135 0.1759
0.4041 0.0917 0.4078 0.2251 0.3986 0.1655 0.2468 0.4552 0.6406 0.2279 0.539 0.7982 0.3053 0.202 0.4187 0.4796 0.085 0.4865 0.1288 0.357
0.0926 0.1536 0.1951
C1910TS152_5 0.49411 0.4121 0.5483 0.59 0.3793 0.5608 0.6892 0.3056 0.1698 0.655 0.5354 0.1971 0.3526 0.7472 0.4775 0.5355 0.4525 0.1631 0.0936 0.6077 0.2901
0.1799 0.5322 0.94 0.7579 0.348 0.8268 0.7463 0.4829 0.5912 0.8611 0.9581 0.7662 0.7257 0.7396 0.6955 0.4465 0.3127 0.38 0.2647 0.3415
0.1992 0.0824 0.3053
C1910TS211_2 0.39056 0.2916 0.3685 0.1127 0.3322 0.3145 0.3515 0.1024 0.1848 0.4379 0.5541 0.1335 0.1832 0.3933 0.7938 0.3659 0.2993 0.4598 0.6619 0.3372 0.2378
0.2301 0.5872 0.3495 0.3557 0.5532 0.4735 0.0922 0.5508 0.7917 0.253 0.4361 0.8694 0.8037 0.3649 0.7093 0.6833 0.1139 0.3113 0.3944 0.504
0.1936 0.0682 0.1893
C1910TS278_5 0.33597 0.0665 0.0416 0.0058 0.142 0.276 0.0133 0.0934 0.1961 0.2874 0.1883 0.1665 0.4797 0.2104 0.1798 0.4873 0.268 0.3784 0.3657 0.3516 0.3571
0.6052 0.6144 0.5334 0.5086 0.2287 0.8 0.4516 0.5641 0.3206 0.4694 0.4015 0.7334 0.7505 0.3622 0.4815 0.5525 0.3634 0.1669 0.5155 0.1516
0.2414 0.0223 0.0535
C1910TS103_1 0.26065 0.047 0.076 0.0452 0.043 0.1121 0.1164 0.1721 0.081 0.1685 0.1146 0.1297 0.2186 0.3611 0.3112 0.2834 0.6969 0.6546 0.6459 0.3429 0.8321
0.7951 0.475 0.7108 0.5611 0.4981 0.486 0.4983 0.0641 0.6827 0.2051 0.433 0.0259 0.0319 0.003 0.0013 0.0388 0.0325 0.0301 0.0339 0.0423
0.0231 0.0162 0.0671
C1910TS404_2 0.28459 0.0496 0.0615 0.5539 0.0671 0.1816 0.308 0.2436 0.1012 0.2987 0.4525 0.1926 0.1831 0.3926 0.5918 0.5535 0.2572 0.6392 0.6204 0.4934 0.3797
0.5364 0.9074 0.4179 0.2603 0.4948 0.3787 0.1586 0.4174 0.509 0.1801 0.4763 0.3841 0.2895 0.0329 0.056 0.0121 0.0033 0.009 0.0144 0.0074
0.0119 0.0049 0.0536
C1910TS152_3 0.31781 0.0461 0.1196 0.4898 0.0218 0.2031 0.1317 0.1693 0.1477 0.2893 0.4546 0.1621 0.1943 0.7497 0.7888 0.5705 0.3747 0.6847 0.5396 0.4528 0.6922
0.5566 0.7998 0.4014 0.3784 0.586 0.5289 0.2125 0.266 0.5679 0.3161 0.4692 0.6489 0.3783 0.0498 0.1434 0.013 0.0067 0.0032 0.0035 0.0017
0.0027 0.0032 0.0462
C1910TS213_4 0.46856 0.1549 0.7117 0.1945 0.2249 0.2908 0.4253 0.3108 0.43 0.3892 0.3321 0.1532 0.5025 0.9071 0.116 0.7555 0.5385 0.4903 0.1995 0.2967 0.0583
0.0973 0.3876 0.8386 0.1828 0.2821 0.8111 0.6645 0.5913 0.9325 0.9159 0.9735 0.3408 0.7377 0.5225 0.3828 0.7932 0.5943 0.7929 0.3849 0.4192
0.3944 0.1575
C1910TS414_2 0.28778 0.0234 0.0244 0.0311 0.0798 0.0884 0.0268 0.1219 0.2223 0.2767 0.1112 0.1429 0.219 0.1617 0.1654 0.4739 0.1974 0.4511 0.5876 0.2511 0.4167
0.4356 0.7964 0.3374 0.3571 0.3776 0.3588 0.2253 0.6101 0.4849 0.2579 0.4551 0.8382 0.5484 0.1888 0.3387 0.2646 0.3448 0.5029 0.4317 0.0133
0.0478 0.0289 0.0572
C1910TS044_1 0.3529 0.0362 0.0617 0.0848 0.104 0.0613 0.0174 0.2846 0.1626 0.1829 0.2437 0.1461 0.336 0.2873 0.1937 0.2912 0.5803 0.7137 0.3687 0.2135 0.5172
0.6601 0.63 0.5848 0.3417 0.4949 0.5347 0.5364 0.525 0.4014 0.3847 0.2434 0.8193 0.7464 0.4806 0.5765 0.597 0.4534 0.2694 0.4159 0.1209
0.303 0.133 0.0353
C1910TS196_1 0.37504 0.1049 0.2398 0.131 0.1276 0.3182 0.2145 0.0981 0.4008 0.3392 0.4414 0.1178 0.1347 0.4301 0.389 0.261 0.2151 0.3972 0.3651 0.2432 0.6381
0.7832 0.4045 0.4503 0.3789 0.3535 0.4597 0.6151 0.3282 0.4103 0.4837 0.5453 0.8904 0.5629 0.5699 0.3354 0.5932 0.739 0.2696 0.5998 0.1824
0.3396 0.1871 0.0383
C1910TS158_4 0.39456 0.0454 0.0286 0.0086 0.3123 0.3511 0.1963 0.1422 0.2214 0.4495 0.4961 0.0877 0.3696 0.1445 0.5649 0.8853 0.1525 0.404 0.5322 0.2649 0.4172
0.6512 0.7271 0.8638 0.7284 0.6533 0.6925 0.3475 0.3819 0.6085 0.5004 0.7571 0.7727 0.7242 0.3475 0.5339 0.4464 0.3726 0.1891 0.2862 0.184
0.0337 0.0111 0.0788
C1910TS369_5 0.3522 0.2238 0.5271 0.1301 0.2485 0.372 0.3146 0.1023 0.2231 0.6216 0.2142 0.1037 0.4345 0.485 0.1101 0.5364 0.2184 0.3742 0.5375 0.2489 0.2452
0.4943 0.786 0.4368 0.4598 0.2114 0.6456 0.2352 0.371 0.1983 0.3038 0.4406 0.7081 0.4099 0.1769 0.4731 0.4752 0.4854 0.4677 0.4731 0.1867
0.1714 0.1667 0.0963
C1910TS073_2 0.21532 0.4261 0.6279 0.5342 0.0697 0.2793 0.0618 0.2616 0.2409 0.0162 0.0124 0.1017 0.0812 0.1057 0.3247 0.0758 0.0379 0.1383 0.2932 0.0166 0.0266
0.1424 0.3668 0.0901 0.412 0.326 0.4633 0.3151 0.2718 0.3336 0.3529 0.3692 0.1737 0.1639 0.0943 0.3455 0.6506 0.1712 0.1261 0.0487 0.1281
0.0543 0.0773 0.05
C1910TS054_4 0.29736 0.2127 0.1766 0.2771 0.0555 0.0687 0.2859 0.2738 0.0527 0.0473 0.4484 0.0954 0.1649 0.2171 0.1194 0.4562 0.328 0.346 0.6066 0.2923 0.4596
0.6288 0.8049 0.5237 0.2176 0.2954 0.5467 0.2199 0.4885 0.4872 0.6663 0.6696 0.5499 0.4779 0.1589 0.2384 0.2388 0.2326 0.1104 0.0057 0.0677
0.0111 0.0083 0.1539
C1910TS228_5 0.27785 0.2689 0.2592 0.1112 0.1792 0.4178 0.353 0.1342 0.3746 0.4315 0.3229 0.0783 0.1794 0.5067 0.1667 0.3802 0.241 0.4285 0.0647 0.0282 0.1512
0.5457 0.4579 0.2795 0.3521 0.3981 0.4944 0.3577 0.5045 0.3711 0.1485 0.4452 0.7426 0.0298 0.0235 0.0459 0.1474 0.2034 0.0882 0.3073 0.5155
0.0637 0.128 0.2202
C1910TS299_3 0.3313 0.0559 0.0711 0.0144 0.0898 0.138 0.0187 0.1162 0.2151 0.2772 0.1336 0.3147 0.1682 0.2306 0.186 0.6477 0.1723 0.3573 0.7032 0.2784 0.2827
0.5281 0.8286 0.3323 0.4321 0.4053 0.498 0.3081 0.4564 0.3317 0.2363 0.5838 0.7164 0.6467 0.1446 0.5289 0.4429 0.6331 0.5638 0.3454 0.3551
0.2431 0.1225 0.0917
C1910TS179_1 0.39711 0.0915 0.165 0.4272 0.0747 0.2819 0.1833 0.0858 0.2931 0.4554 0.4046 0.1719 0.3137 0.3608 0.2956 0.5354 0.5229 0.4316 0.5065 0.4308 0.3691
0.217 0.5371 0.7313 0.535 0.6594 0.5082 0.3424 0.4119 0.4651 0.4659 0.7129 0.9346 0.7829 0.1845 0.8983 0.8303 0.2034 0.2045 0.3259 0.4148
0.1217 0.1099 0.0779
C1910TS273_1 0.53033 0.3234 0.7355 0.2992 0.3427 0.3132 0.5639 0.3517 0.3182 0.3654 0.2989 0.1012 0.4259 0.8628 0.7139 0.785 0.8401 0.8094 0.4422 0.5885 0.0411
0.2191 0.2889 0.6398 0.3496 0.3003 0.8736 0.9427 0.5677 0.883 0.7255 0.851 0.4671 0.8457 0.8258 0.6614 0.8256 0.7495 0.6422 0.3868 0.3861
0.4281 0.2414 0.1812
C1910TS152_4 0.31838 0.0369 0.1101 0.486 0.0306 0.2053 0.1329 0.1718 0.1538 0.2989 0.3854 0.1634 0.1807 0.7503 0.8041 0.5672 0.3834 0.6846 0.5661 0.4614 0.6984
0.5583 0.7994 0.4047 0.3643 0.5959 0.5144 0.2263 0.2097 0.6426 0.2216 0.3577 0.5962 0.5536 0.0776 0.142 0.0333 0.0258 0.0138 0.0411 0.0075
0.0019 0.003 0.0289
C1910TS213_2 0.47486 0.2982 0.3467 0.1033 0.2731 0.4006 0.4051 0.3172 0.2555 0.4391 0.2981 0.1449 0.3182 0.7951 0.3711 0.659 0.5941 0.7768 0.2916 0.5068 0.0301
0.2313 0.2875 0.5068 0.1743 0.1917 0.9379 0.8198 0.7355 0.9153 0.9317 0.8748 0.5501 0.8354 0.606 0.3464 0.7794 0.6776 0.5989 0.2585 0.3874
0.5225 0.1504
C1910TS228_4 0.26675 0.2827 0.3942 0.1108 0.1894 0.429 0.402 0.1799 0.2704 0.5774 0.3263 0.0692 0.2264 0.4838 0.1643 0.3703 0.2752 0.343 0.0663 0.0253 0.1771
0.6451 0.4904 0.3435 0.2956 0.3371 0.3719 0.3546 0.3176 0.3971 0.376 0.314 0.5528 0.0557 0.0104 0.0668 0.1017 0.1864 0.1115 0.1957 0.2799
0.0806 0.0943 0.1289
C1910TS414_1 0.34639 0.0542 0.0387 0.0782 0.2381 0.1043 0.1093 0.213 0.3086 0.2388 0.1505 0.184 0.3174 0.164 0.2575 0.3361 0.4383 0.7006 0.5186 0.2722 0.4059
0.4644 0.5333 0.4835 0.278 0.3401 0.5441 0.3006 0.3564 0.4676 0.5876 0.3529 0.8485 0.6734 0.5683 0.7494 0.7227 0.2616 0.2646 0.3573 0.1751
0.2527 0.1299 0.0544
C1910TS349_5 0.41575 0.1697 0.4119 0.4675 0.0333 0.2894 0.3772 0.198 0.0814 0.478 0.4518 0.1893 0.3135 0.4516 0.5259 0.3806 0.4743 0.7359 0.5923 0.2394 0.3957
0.6945 0.4882 0.4561 0.6762 0.3811 0.3112 0.2145 0.5498 0.4433 0.2239 0.6902 0.5961 0.7595 0.6653 0.6612 0.7738 0.2497 0.4743 0.4772 0.2976
0.334 0.0962 0.1068
C1910TS389_1 0.28754 0.0358 0.0461 0.0239 0.0359 0.1623 0.1252 0.2757 0.1505 0.3313 0.0941 0.0798 0.1827 0.4019 0.2489 0.31 0.4927 0.6341 0.2891 0.4365 0.5779
0.4571 0.4425 0.6889 0.3443 0.3934 0.4006 0.3855 0.7417 0.7816 0.4522 0.3666 0.7406 0.6864 0.0468 0.0653 0.1554 0.0529 0.0687 0.0519 0.0438
0.0168 0.0105 0.0362
C1910TS228_3 0.24117 0.5118 0.1962 0.0952 0.1489 0.3564 0.4947 0.1475 0.2306 0.1869 0.0666 0.1079 0.2155 0.0928 0.1055 0.235 0.3404 0.2057 0.4379 0.2431 0.2982
0.6465 0.3646 0.6328 0.2964 0.2901 0.4278 0.2933 0.2035 0.4572 0.7021 0.6765 0.0174 0.0849 0.0114 0.0535 0.1212 0.0927 0.0895 0.0259 0.038
0.0337 0.0728 0.0218
C1910TS003_1 0.27651 0.1352 0.0682 0.0342 0.1956 0.2491 0.1422 0.0908 0.388 0.021 0.0135 0.0379 0.0667 0.0082 0.0187 0.0701 0.2264 0.6794 0.064 0.4796 0.0791
0.1351 0.3908 0.0675 0.2363 0.6461 0.4182 0.0987 0.4342 0.5109 0.154 0.3581 0.9234 0.8179 0.5679 0.6272 0.6722 0.3688 0.3649 0.2702 0.2842
0.2288 0.1062 0.1401
C1910TS438_4 0.37855 0.1843 0.0758 0.0084 0.0269 0.118 0.0247 0.2944 0.1367 0.1694 0.0554 0.1749 0.2372 0.2738 0.4634 0.7368 0.4928 0.5299 0.4087 0.3331 0.5
0.2407 0.4589 0.6175 0.5581 0.3488 0.5764 0.4027 0.6281 0.6597 0.4646 0.591 0.5081 0.775 0.549 0.53 0.8046 0.5476 0.4353 0.4986 0.2059
0.447 0.112 0.0734
C1910TS389_5 0.26422 0.2523 0.2786 0.1833 0.1929 0.3563 0.2541 0.2603 0.1778 0.4769 0.1351 0.2791 0.1342 0.6513 0.2158 0.5556 0.2854 0.8166 0.3377 0.2108 0.6011
0.283 0.3349 0.7193 0.3891 0.1851 0.4491 0.1759 0.3957 0.659 0.1324 0.7308 0.0314 0.001 0.0009 0.0069 0.0038 0.0079 0.0492 0.0235 0.0136
0.0069 0.0028 0.1043
C1910TS299_5 0.33597 0.0665 0.0416 0.0058 0.142 0.276 0.0133 0.0934 0.1961 0.2874 0.1883 0.1665 0.4797 0.2104 0.1798 0.4873 0.268 0.3784 0.3657 0.3516 0.3571
0.6052 0.6144 0.5334 0.5086 0.2287 0.8 0.4516 0.5641 0.3206 0.4694 0.4015 0.7334 0.7505 0.3622 0.4815 0.5525 0.3634 0.1669 0.5155 0.1516
0.2414 0.0223 0.0535
C1910TS182_4 0.36391 0.0478 0.0999 0.0174 0.0027 0.0662 0.065 0.0888 0.0788 0.1148 0.0877 0.1826 0.3174 0.1452 0.5283 0.6787 0.3882 0.4988 0.6596 0.4474 0.4487
0.816 0.9374 0.8427 0.5713 0.8434 0.8715 0.4952 0.5781 0.8842 0.474 0.6268 0.42 0.7208 0.5675 0.2702 0.1023 0.0275 0.0685 0.1625 0.1331
0.0817 0.1213 0.068
C1910TS414_4 0.38098 0.0245 0.0822 0.0556 0.2035 0.2651 0.0767 0.2051 0.2165 0.3083 0.101 0.327 0.4049 0.2139 0.0738 0.6543 0.3027 0.3092 0.4355 0.3419 0.5433
0.2626 0.6177 0.5723 0.4366 0.4723 0.6977 0.5053 0.2836 0.7618 0.4706 0.7235 0.8038 0.8519 0.2964 0.8006 0.8041 0.442 0.332 0.5832 0.1954
0.1462 0.0208 0.1571
C1910TS309_3 0.36495 0.107 0.0345 0.1068 0.0306 0.1739 0.1024 0.2914 0.3575 0.2879 0.2204 0.1273 0.163 0.2722 0.1482 0.693 0.5319 0.3037 0.3001 0.189 0.6148
0.3533 0.7928 0.6899 0.3231 0.3284 0.6675 0.3139 0.6452 0.6364 0.4024 0.6616 0.9597 0.6836 0.5174 0.7266 0.873 0.3393 0.3146 0.0927 0.1015
0.0625 0.0411 0.1109
C1910TS273_2 0.20644 0.1516 0.2135 0.398 0.0402 0.1993 0.1606 0.0251 0.1537 0.0456 0.0881 0.0737 0.1036 0.0755 0.0262 0.0665 0.0784 0.3906 0.3813 0.0858 0.0699
0.1989 0.5134 0.2167 0.3382 0.2458 0.6311 0.5603 0.1695 0.4431 0.2112 0.4559 0.329 0.5691 0.151 0.099 0.1138 0.0736 0.1696 0.0926 0.0763
0.1817 0.0606 0.1492
C1910TS067_2 0.24902 0.0279 0.0249 0.0513 0.0275 0.0137 0.0513 0.0645 0.1474 0.1963 0.3809 0.0631 0.3591 0.709 0.1771 0.653 0.798 0.703 0.6751 0.5035 0.6202
0.3942 0.7577 0.8966 0.7466 0.4333 0.5466 0.3495 0.1537 0.0247 0.0662 0.016 0.0013 0.0003 0.0004 0.0043 0.0068 0.0035 0.0019 0.0152 0.0021
0.0108 0.0055 0.0239
C1910TS345_5 0.29691 0.2098 0.0682 0.365 0.0863 0.1704 0.22 0.2174 0.091 0.1131 0.1743 0.035 0.1456 0.0443 0.3345 0.3779 0.2739 0.2096 0.3331 0.11 0.1339
0.4125 0.2941 0.2069 0.4802 0.4716 0.9047 0.5649 0.7879 0.8883 0.6323 0.7001 0.7255 0.798 0.0641 0.1085 0.2438 0.0506 0.1649 0.1005 0.096
0.1067 0.118 0.1338
C1910TS309_5 0.43188 0.2717 0.1326 0.2863 0.2481 0.1748 0.4747 0.235 0.1062 0.3865 0.4813 0.1483 0.0798 0.4333 0.1872 0.6082 0.4386 0.7423 0.5586 0.2097 0.7543
0.7099 0.7419 0.8703 0.6024 0.5946 0.8208 0.4525 0.586 0.437 0.7429 0.3943 0.5405 0.7328 0.7391 0.6073 0.5859 0.1413 0.2467 0.4983 0.3033
0.1362 0.0817 0.0475
C1910TS228_2 0.28202 0.5376 0.2502 0.0998 0.2637 0.4744 0.5929 0.2663 0.224 0.5257 0.5225 0.0463 0.2311 0.5118 0.3271 0.291 0.2385 0.3102 0.0781 0.0417 0.1584
0.3489 0.4893 0.4036 0.3237 0.4029 0.4231 0.2608 0.3051 0.4263 0.4006 0.3369 0.2637 0.0888 0.0038 0.0384 0.1614 0.1081 0.1192 0.3512 0.4064
0.1488 0.1202 0.2045
C1910TS230_2 0.38712 0.1654 0.1358 0.1142 0.2001 0.4529 0.5943 0.3182 0.1252 0.3051 0.1872 0.0738 0.2665 0.5027 0.4063 0.502 0.4499 0.4776 0.6342 0.3116 0.6387
0.4826 0.8254 0.8976 0.4256 0.4533 0.6541 0.3435 0.2968 0.7578 0.2659 0.2969 0.6423 0.7228 0.2153 0.7077 0.595 0.173 0.1353 0.1933 0.25
0.2816 0.1162 0.0525
C1910TS182_1 0.33287 0.0801 0.0635 0.0245 0.1477 0.0714 0.0889 0.0898 0.1092 0.7173 0.0709 0.0453 0.2095 0.4637 0.2959 0.4238 0.4907 0.4624 0.5253 0.2281 0.4421
0.5578 0.6283 0.8259 0.606 0.4077 0.6301 0.3415 0.4045 0.5131 0.1283 0.6796 0.9034 0.77 0.4989 0.5418 0.2714 0.0939 0.294 0.025 0.0887
0.0056 0.0035 0.0443
C1910TS230_5 0.47224 0.1158 0.5277 0.116 0.1685 0.4337 0.5024 0.3351 0.3105 0.321 0.374 0.2113 0.1369 0.7709 0.3676 0.6359 0.4436 0.7898 0.2345 0.3855 0.0346
0.1464 0.5406 0.5199 0.2628 0.1675 0.9142 0.7085 0.6486 0.8635 0.9443 0.8846 0.5228 0.8901 0.6543 0.3353 0.7759 0.7008 0.725 0.4119 0.4276
0.7528 0.1484 0.1448
C1910TS273_3 0.27894 0.341 0.3391 0.3618 0.2053 0.2135 0.3574 0.053 0.2775 0.0419 0.0274 0.1239 0.3316 0.1175 0.2724 0.0895 0.187 0.2323 0.6363 0.0308 0.0486
0.2304 0.2435 0.2323 0.3744 0.5677 0.6263 0.3315 0.499 0.4913 0.5502 0.3812 0.557 0.4203 0.3685 0.5115 0.1609 0.1252 0.1741 0.0414 0.1085
0.1036 0.0543 0.5534
C1910TS010_1 0.2166 0.1818 0.129 0.4026 0.1037 0.1818 0.0662 0.0892 0.1899 0.0521 0.2541 0.1122 0.0747 0.0953 0.2186 0.0503 0.0652 0.5477 0.278 0.0341 0.0229
0.2188 0.4335 0.1797 0.3856 0.2726 0.3296 0.4357 0.2801 0.4839 0.3145 0.8248 0.4624 0.3705 0.0467 0.0893 0.2523 0.13 0.137 0.159 0.0528
0.1366 0.0741 0.0951
C1910TS258_2 0.39958 0.5384 0.2662 0.326 0.1753 0.2594 0.2937 0.1559 0.3061 0.374 0.1278 0.3352 0.2862 0.7083 0.2734 0.506 0.6988 0.5594 0.8833 0.7085 0.8748
0.426 0.9394 0.9607 0.6315 0.8155 0.649 0.2882 0.2505 0.6804 0.2701 0.004 0.0691 0.0024 0.014 0.0203 0.0794 0.6328 0.2599 0.0896 0.3531
0.3462 0.3724 0.3709
C1910TS228_1 0.29253 0.3248 0.2792 0.1414 0.2333 0.5822 0.3469 0.1392 0.4177 0.3936 0.3225 0.085 0.1943 0.5242 0.1839 0.2874 0.197 0.4588 0.0687 0.0238 0.1397
0.4808 0.4341 0.3518 0.2958 0.4931 0.4723 0.2015 0.5794 0.6799 0.1995 0.459 0.6958 0.038 0.0057 0.0744 0.1164 0.2881 0.0975 0.2909 0.5075
0.1342 0.2009 0.1385
C1910TS067_1 0.21214 0.1121 0.0328 0.0468 0.0417 0.2359 0.2464 0.087 0.1102 0.3767 0.1577 0.0903 0.2609 0.6242 0.2229 0.2955 0.6027 0.4044 0.4301 0.3551 0.3929
0.4206 0.5994 0.821 0.8106 0.3598 0.2799 0.2055 0.2702 0.0436 0.0519 0.0144 0.0017 0.0003 0.0016 0.0016 0.0269 0.0275 0.0052 0.007 0.0024
0.0118 0.0063 0.0264
C1910TS010_4 0.15152 0.0805 0.0295 0.0095 0.0013 0.0223 0.0003 0.1124 0.4521 0.0954 0.0218 0.0338 0.1031 0.2621 0.2717 0.2291 0.2117 0.7179 0.3602 0.1299 0.3922
0.4486 0.4497 0.3001 0.1279 0.1157 0.4614 0.5973 0.0024 0.0016 0.0027 0.001 0.0001 0.0018 0.0104 0.0103 0.0306 0.0688 0.1426 0.0663 0.0256
0.0244 0.006 0.0831
C1910TS247_3 0.32686 0.1016 0.5174 0.1633 0.1747 0.2748 0.1867 0.1126 0.2252 0.1706 0.1426 0.1536 0.0758 0.1981 0.1838 0.2217 0.233 0.0658 0.3131 0.4842 0.7158
0.5136 0.66 0.5215 0.2803 0.6492 0.4988 0.3235 0.2521 0.7906 0.1924 0.4946 0.8751 0.4562 0.4418 0.6989 0.5946 0.1401 0.2846 0.195 0.2115
0.1176 0.0792 0.0697
C1910TS215_5 0.34711 0.0511 0.0711 0.1444 0.1787 0.1962 0.1863 0.4742 0.101 0.2353 0.2767 0.2519 0.3091 0.6435 0.3612 0.5971 0.711 0.7511 0.4082 0.2772 0.7135
0.6256 0.6353 0.7087 0.3408 0.5555 0.7664 0.165 0.2656 0.818 0.469 0.5747 0.4797 0.2278 0.3849 0.0611 0.2088 0.0161 0.061 0.12 0.0396
0.0383 0.0897 0.3351
C1910TS230_4 0.54695 0.2183 0.4261 0.629 0.5955 0.5658 0.8548 0.305 0.1752 0.7162 0.5994 0.4506 0.201 0.8762 0.6112 0.552 0.5392 0.0117 0.1821 0.7692 0.3451
0.4629 0.8079 0.9467 0.7373 0.8752 0.9148 0.8192 0.6394 0.7924 0.7738 0.9046 0.6034 0.9019 0.3759 0.6137 0.5062 0.6549 0.6202 0.4274 0.2132
0.1588 0.0949 0.0505
C1910TS211_5 0.31992 0.0474 0.0194 0.0291 0.003 0.0985 0.1079 0.1122 0.2306 0.1824 0.168 0.1976 0.4221 0.3118 0.3836 0.4484 0.661 0.3022 0.4584 0.1738 0.6666
0.3594 0.7712 0.6777 0.594 0.6003 0.0369 0.6244 0.047 0.0354 0.287 0.3784 0.2121 0.4735 0.4293 0.3203 0.4077 0.6088 0.5431 0.3268 0.2813
0.1457 0.2005 0.3718
C1910TS067_3 0.21603 0.0692 0.0193 0.0977 0.0126 0.032 0.1645 0.0358 0.1122 0.5074 0.1595 0.0654 0.1811 0.2987 0.4855 0.62 0.2335 0.289 0.5288 0.4706 0.2616
0.4531 0.6229 0.5536 0.5716 0.7638 0.7009 0.4106 0.3482 0.0174 0.0758 0.0337 0.0026 0.0004 0.0004 0.0143 0.0092 0.0121 0.0064 0.0032 0.0058
0.011 0.0071 0.0209
C1910TS278_3 0.3313 0.0559 0.0711 0.0144 0.0898 0.138 0.0187 0.1162 0.2151 0.2772 0.1336 0.3147 0.1682 0.2306 0.186 0.6477 0.1723 0.3573 0.7032 0.2784 0.2827
0.5281 0.8286 0.3323 0.4321 0.4053 0.498 0.3081 0.4564 0.3317 0.2363 0.5838 0.7164 0.6467 0.1446 0.5289 0.4429 0.6331 0.5638 0.3454 0.3551
0.2431 0.1225 0.0917
C1910TS438_5 0.39479 0.0244 0.0323 0.0226 0.1162 0.1057 0.0374 0.1561 0.1219 0.3321 0.1999 0.1163 0.3887 0.2754 0.4205 0.2677 0.4603 0.5854 0.4828 0.366 0.6615
0.5593 0.6621 0.7994 0.7604 0.7458 0.6605 0.2926 0.7 0.6894 0.1178 0.4989 0.9328 0.7979 0.2503 0.8775 0.7418 0.2169 0.3986 0.2988 0.2605
0.2042 0.1704 0.1669
C1910TS349_2 0.41275 0.1668 0.4139 0.4717 0.0325 0.2452 0.386 0.1625 0.0865 0.4617 0.4863 0.1635 0.295 0.4775 0.5364 0.4229 0.4423 0.7275 0.6121 0.2389 0.3747
0.6987 0.5293 0.4778 0.6719 0.3384 0.2535 0.256 0.4822 0.5298 0.2113 0.7289 0.5322 0.7174 0.6888 0.6366 0.7099 0.2031 0.4613 0.5044 0.302
0.3432 0.1187 0.1488
C1910TS123_4 0.3644 0.1537 0.1124 0.07 0.288 0.2883 0.1985 0.2131 0.1469 0.5572 0.2468 0.2407 0.3688 0.2826 0.3943 0.7578 0.3848 0.3645 0.5873 0.255 0.4427
0.4284 0.6087 0.6715 0.5074 0.5558 0.3743 0.2647 0.5978 0.6296 0.7002 0.3529 0.6189 0.449 0.112 0.182 0.5432 0.2095 0.2896 0.3538 0.2079
0.354 0.0965 0.208
C1910TS345_2 0.29201 0.2527 0.1901 0.4648 0.1087 0.1552 0.1161 0.2593 0.034 0.2678 0.3942 0.1574 0.2112 0.4075 0.1819 0.1428 0.2099 0.5377 0.0946 0.0911 0.6115
0.2221 0.187 0.0659 0.1962 0.3724 0.4546 0.2153 0.4268 0.3304 0.7175 0.5709 0.7017 0.2979 0.8729 0.5409 0.4453 0.2002 0.2195 0.28 0.122
0.0695 0.0213 0.1376
C1910TS404_1 0.28388 0.0496 0.0615 0.5766 0.0569 0.1816 0.2975 0.2436 0.1025 0.309 0.4525 0.1926 0.1831 0.3814 0.5989 0.5565 0.2572 0.6392 0.6204 0.4814 0.3831
0.5216 0.9031 0.4179 0.2603 0.4948 0.3976 0.1586 0.4199 0.5183 0.1756 0.4853 0.3866 0.267 0.0327 0.0637 0.012 0.0026 0.0032 0.0043 0.0023
0.0032 0.0032 0.0475
C1910TS010_3 0.20465 0.1758 0.111 0.1131 0.1302 0.13 0.0181 0.0039 0.2898 0.0409 0.0243 0.2002 0.2504 0.1771 0.2949 0.1464 0.1939 0.3325 0.2377 0.0108 0.0614
0.0976 0.1068 0.0922 0.0309 0.2728 0.4326 0.338 0.1639 0.3231 0.3799 0.5021 0.0218 0.2877 0.1016 0.1487 0.2699 0.3679 0.2839 0.4801 0.4456
0.2988 0.2658 0.146
C1910TS210_4 0.32631 0.0371 0.0151 0.0155 0.017 0.0892 0.0193 0.1713 0.1948 0.1136 0.1345 0.1665 0.3351 0.3454 0.3002 0.1618 0.2289 0.7457 0.2927 0.2037 0.7172
0.6113 0.4794 0.6113 0.5677 0.2785 0.2635 0.4808 0.3223 0.6592 0.2578 0.465 0.7746 0.6311 0.1175 0.6739 0.628 0.3272 0.4259 0.3883 0.3481
0.2433 0.0934 0.0785
C1910TS349_4 0.41858 0.1777 0.3348 0.5806 0.0407 0.2926 0.2983 0.1513 0.0879 0.5458 0.6873 0.2004 0.2242 0.4558 0.3945 0.4772 0.4533 0.6136 0.5726 0.2124 0.3327
0.5936 0.7576 0.3744 0.7344 0.3668 0.1958 0.2228 0.622 0.4318 0.2772 0.6071 0.7201 0.7823 0.726 0.5897 0.6651 0.3633 0.5459 0.5492 0.1633
0.3318 0.0985 0.1467
C1910TS210_3 0.29595 0.0469 0.016 0.0051 0.0158 0.1356 0.0123 0.1654 0.2279 0.104 0.125 0.2087 0.2022 0.3013 0.3634 0.2295 0.2562 0.3675 0.2465 0.2024 0.5436
0.4654 0.6181 0.541 0.4881 0.2953 0.3451 0.3202 0.3529 0.5928 0.1781 0.5246 0.7421 0.5366 0.2531 0.5563 0.4876 0.2425 0.2296 0.4808 0.2693
0.1576 0.1171 0.1563
C1910TS345_4 0.28568 0.2092 0.0623 0.0915 0.0721 0.1917 0.0141 0.0208 0.2568 0.0795 0.6162 0.0577 0.2548 0.8159 0.0896 0.1576 0.2287 0.5415 0.1815 0.0795 0.289
0.3748 0.4104 0.3305 0.4308 0.6351 0.6374 0.2855 0.4104 0.7405 0.3715 0.4231 0.5793 0.7829 0.1793 0.1627 0.1905 0.0605 0.2499 0.2117 0.1563
0.141 0.0665 0.1435
C1910TS414_3 0.37956 0.1482 0.2941 0.1284 0.0848 0.2671 0.3911 0.238 0.2921 0.3498 0.1033 0.2055 0.3626 0.5121 0.1518 0.3259 0.2415 0.3142 0.2877 0.2266 0.792
0.426 0.5197 0.7159 0.5112 0.4173 0.3333 0.3644 0.4849 0.7668 0.2623 0.7389 0.7977 0.7823 0.6266 0.7291 0.7539 0.463 0.1533 0.3092 0.117
0.1572 0.1333 0.0412
C1910TS087_2 0.24725 0.3671 0.458 0.522 0.1577 0.1898 0.1603 0.2208 0.2551 0.0406 0.3557 0.0621 0.0211 0.073 0.5984 0.057 0.0461 0.0896 0.3525 0.035 0.1328
0.1839 0.4676 0.3277 0.3332 0.4858 0.3838 0.1835 0.1639 0.6457 0.2065 0.4469 0.5388 0.6973 0.156 0.1776 0.4919 0.0207 0.0117 0.0527 0.1417
0.115 0.1595 0.0459
C1910TS054_5 0.39458 0.1454 0.225 0.3726 0.0463 0.1557 0.335 0.1376 0.0838 0.1951 0.5397 0.0663 0.1892 0.4539 0.2595 0.6288 0.6374 0.5296 0.524 0.4032 0.579
0.5339 0.7588 0.7406 0.416 0.3262 0.7453 0.4525 0.3721 0.68 0.4951 0.6567 0.9037 0.8257 0.4973 0.7792 0.4018 0.3564 0.2613 0.0396 0.1077
0.0493 0.0116 0.0494
C1910TS102_1 0.26065 0.047 0.076 0.0452 0.043 0.1121 0.1164 0.1721 0.081 0.1685 0.1146 0.1297 0.2186 0.3611 0.3112 0.2834 0.6969 0.6546 0.6459 0.3429 0.8321
0.7951 0.475 0.7108 0.5611 0.4981 0.486 0.4983 0.0641 0.6827 0.2051 0.433 0.0259 0.0319 0.003 0.0013 0.0388 0.0325 0.0301 0.0339 0.0423
0.0231 0.0162 0.0671
C1910TS405_2 0.37428 0.0311 0.0244 0.0062 0.0112 0.0762 0.0128 0.1309 0.2207 0.074 0.1182 0.1213 0.289 0.494 0.66 0.4325 0.6149 0.698 0.284 0.2367 0.6098
0.54 0.4661 0.8343 0.5923 0.6003 0.4317 0.3532 0.3929 0.6284 0.2456 0.5387 0.8749 0.8331 0.3136 0.6826 0.7111 0.4571 0.2482 0.4199 0.5025
0.1801 0.0581 0.0433
C1910TS054_3 0.32007 0.1649 0.0894 0.3172 0.0914 0.2663 0.1612 0.2612 0.1037 0.501 0.5109 0.2845 0.279 0.4348 0.18 0.3312 0.3743 0.3806 0.5093 0.2512 0.3226
0.2692 0.4996 0.4444 0.3129 0.3766 0.7859 0.2916 0.2721 0.525 0.4401 0.7108 0.5541 0.6566 0.1114 0.4315 0.4109 0.3009 0.1925 0.0682 0.1963
0.0267 0.0099 0.0613
C1910TS309_2 0.3286 0.3958 0.0993 0.0386 0.0368 0.1312 0.1397 0.2643 0.1488 0.2943 0.1396 0.1387 0.3027 0.2469 0.2321 0.3408 0.3624 0.4978 0.2912 0.2916 0.5285
0.277 0.549 0.6489 0.626 0.2123 0.5303 0.5925 0.5596 0.2595 0.1681 0.5709 0.7314 0.7887 0.2085 0.6976 0.4717 0.0446 0.455 0.2534 0.1744
0.2401 0.0875 0.0618
END



