PFRMAT QA
TARGET C1910
AUTHOR 2076-8082-3239
METHOD ProQ3D, lDDT, error is CA-CA distance from Sscore
METHOD -------------
MODEL 2
QMODE 2
C1910TS438_1 0.520161 15.000 15.000 9.523 8.805 6.210 3.420 3.302 3.263 3.279 3.247 3.225 3.152 3.141 3.081 3.002 3.009 2.983 2.944 3.030 3.012 2.970 2.997 2.980 2.941 2.853 2.799 2.794 2.584 2.528 2.581 2.523 2.988 3.001 3.014 3.020 3.060 3.115 3.228 3.266 3.244 3.446 3.772 3.886
C1910TS309_3 0.487653 8.876 11.287 5.786 4.889 3.391 3.251 3.205 3.128 3.174 3.129 2.483 2.280 2.312 2.300 2.133 2.246 2.419 2.285 2.505 2.666 2.501 2.342 2.350 2.237 2.333 2.393 2.349 2.112 2.159 2.099 2.276 2.778 2.771 2.997 3.047 3.167 3.125 3.341 4.192 4.563 7.258 9.559 11.727
C1910TS404_4 0.457874 9.990 5.175 3.683 3.502 3.410 3.283 3.315 3.207 3.453 3.438 3.372 3.415 3.384 3.204 3.259 3.412 3.464 3.383 2.224 2.494 2.464 2.874 2.828 2.903 2.941 2.997 3.060 3.057 3.136 3.170 3.160 3.478 3.506 4.490 6.034 12.379 13.797 15.000 15.000 15.000 15.000 15.000 15.000
C1910TS073_4 0.631403 4.998 3.414 2.774 3.027 3.075 2.969 2.903 2.545 2.969 2.683 2.442 2.668 2.445 2.727 3.570 3.236 4.004 4.560 3.792 3.878 3.586 3.044 2.901 2.484 2.271 2.009 1.606 1.533 1.459 1.611 2.132 2.306 3.610 4.316 5.039 5.409 5.592 5.543 6.174 6.712 7.578 6.455 9.348
C1910TS210_4 0.584668 6.452 5.163 5.295 4.450 4.142 4.216 4.813 4.147 4.407 4.258 4.067 3.875 3.858 3.664 3.496 3.690 3.706 3.416 3.417 3.679 3.593 3.263 3.176 2.130 2.043 2.092 1.934 1.575 1.510 1.519 1.512 1.866 1.896 1.896 1.751 1.793 1.740 1.751 2.050 2.263 3.243 3.294 3.810
C1910TS389_2 0.525354 7.531 6.052 4.196 3.476 2.977 2.845 2.415 2.118 2.214 2.231 2.346 2.252 2.135 2.083 2.090 2.025 2.194 2.340 2.220 2.358 2.898 2.925 2.880 2.917 2.894 2.021 2.090 1.931 1.864 2.126 2.033 2.440 2.462 2.436 2.500 2.780 3.057 3.629 4.418 4.513 5.092 5.751 10.257
C1910TS054_5 0.55957 5.223 6.285 3.878 3.320 3.105 2.960 3.022 2.812 2.912 2.850 2.335 2.241 2.124 2.106 2.126 2.225 2.454 2.395 2.492 2.546 2.471 2.349 2.234 2.082 2.039 2.111 2.175 1.890 1.885 1.953 1.820 2.422 2.294 2.333 2.456 3.058 3.356 3.950 4.762 4.704 8.522 8.906 12.616
C1910TS003_1 0.323235 11.441 14.163 8.594 10.223 9.261 8.574 9.166 11.306 13.415 15.000 14.826 14.251 13.686 11.985 12.650 10.260 13.538 9.148 8.865 7.862 5.874 4.534 4.042 3.691 3.341 2.929 2.845 2.229 2.145 1.482 1.282 1.667 1.589 1.612 1.454 1.418 1.470 1.461 1.823 2.169 4.119 3.668 5.260
C1910TS247_1 0.509276 6.714 7.119 4.611 3.859 3.339 3.255 3.266 3.224 3.266 3.240 3.223 3.189 3.187 3.206 3.194 3.206 3.190 3.201 3.239 3.224 3.209 3.195 3.156 3.147 3.131 3.097 3.072 2.877 2.932 2.807 2.729 3.183 3.128 3.203 3.198 3.223 3.261 3.291 3.330 3.358 3.772 4.000 4.739
C1910TS215_4 0.520184 3.736 4.351 3.829 3.472 3.401 3.454 3.283 3.413 3.660 3.216 3.232 3.383 3.524 2.877 2.992 3.169 3.125 3.793 2.908 2.831 2.978 3.011 3.162 2.619 2.784 3.005 2.905 2.884 2.979 2.658 2.671 3.216 3.309 3.088 3.257 3.482 3.309 3.476 3.715 5.384 4.989 4.066 6.269
C1910TS349_2 0.629397 8.666 4.703 3.268 2.951 2.943 2.741 2.491 2.306 2.517 2.420 2.546 2.513 2.422 2.420 2.482 2.659 2.566 2.791 2.898 2.962 3.143 3.041 2.992 2.994 2.892 2.844 2.820 2.483 2.519 2.411 2.273 2.970 2.978 3.018 3.018 3.041 3.221 3.251 3.264 3.256 3.420 3.523 3.764
C1910TS345_4 0.498624 3.289 2.580 1.702 1.862 3.056 2.945 3.463 3.612 3.458 3.513 3.015 3.141 3.064 3.156 3.145 3.429 3.866 3.856 3.509 3.201 3.263 3.126 2.507 2.661 2.513 2.575 2.106 2.157 2.565 2.653 2.751 3.303 3.686 3.748 4.538 4.847 4.845 4.398 4.833 5.722 6.490 5.630 3.791
C1910TS003_3 0.336576 15.000 15.000 12.067 12.531 10.876 9.187 9.159 7.281 6.314 4.598 3.615 3.441 3.453 3.303 3.425 3.575 3.432 3.354 3.108 3.120 3.129 3.060 3.013 3.047 3.313 3.332 3.134 3.008 3.051 3.127 3.277 3.531 3.576 3.863 3.921 3.811 3.881 3.828 4.640 4.867 11.263 10.794 10.767
C1910TS067_1 0.337709 11.332 11.715 6.396 4.890 3.400 3.222 3.193 2.981 3.066 2.982 3.570 3.304 3.213 2.838 3.156 2.922 2.956 2.970 3.199 3.287 3.300 3.685 4.260 4.895 6.088 5.478 7.436 10.139 15.000 15.000 15.000 15.000 15.000 15.000 15.000 15.000 15.000 15.000 15.000 15.000 15.000 15.000 15.000
C1910TS258_2 0.473699 4.424 6.176 3.766 3.319 3.162 3.165 3.170 2.937 4.095 3.923 3.489 3.393 3.407 3.352 3.183 3.070 2.843 2.864 3.133 3.022 3.234 3.600 3.526 3.388 3.466 3.389 3.127 3.083 3.049 3.295 3.558 4.224 4.099 3.548 3.485 3.520 3.676 3.585 3.897 4.440 4.462 4.399 7.414
C1910TS158_1 0.416188 12.406 7.075 5.878 4.695 5.351 4.806 3.815 3.498 3.470 3.325 3.444 3.308 3.366 3.313 3.582 3.705 3.454 3.408 3.419 3.401 3.436 3.224 2.949 2.801 2.798 2.840 2.874 2.801 2.537 2.503 2.338 3.153 3.046 3.776 3.896 5.345 6.075 10.383 15.000 15.000 15.000 15.000 15.000
C1910TS211_1 0.524045 3.628 4.845 3.386 3.197 3.112 3.092 3.099 2.873 3.050 3.000 2.929 2.897 2.832 2.846 2.760 2.926 2.897 2.941 3.068 3.006 2.996 2.987 2.930 2.945 2.844 2.864 2.854 2.754 2.891 3.047 2.949 3.250 3.302 3.295 3.271 3.392 3.924 5.703 8.809 12.215 12.884 12.742 15.000
C1910TS073_2 0.531422 6.015 4.097 3.903 4.087 4.126 4.006 3.764 3.907 4.145 3.808 3.855 3.994 3.971 4.137 4.331 4.564 4.712 4.839 4.688 4.774 4.785 4.185 3.666 2.569 2.400 2.752 2.946 2.745 2.166 2.380 2.657 2.542 3.380 3.805 4.646 4.809 4.645 4.979 5.166 5.179 5.701 4.861 4.995
C1910TS404_5 0.426069 10.152 5.202 3.778 3.546 3.427 3.302 3.356 3.256 3.497 3.470 3.394 3.449 3.446 3.248 3.324 3.485 3.542 3.461 2.260 2.537 2.734 3.824 3.790 3.763 3.820 3.937 4.096 4.376 4.609 5.274 5.613 11.941 15.000 15.000 15.000 15.000 15.000 15.000 15.000 15.000 15.000 15.000 15.000
C1910TS054_1 0.543933 6.108 7.108 4.224 3.534 3.201 3.120 3.114 2.964 3.105 3.074 3.004 2.949 2.923 2.927 2.874 2.948 2.886 2.933 3.057 3.012 2.991 2.994 2.951 2.974 2.901 2.889 2.935 2.779 2.830 2.923 2.820 3.196 3.209 3.227 3.233 3.253 3.288 3.488 4.118 4.438 6.843 8.164 11.712
C1910TS240_3 0.484683 13.685 13.470 7.634 6.428 5.043 3.305 3.278 3.088 3.153 3.079 3.058 2.930 2.867 2.834 2.771 2.795 2.778 2.775 2.949 2.911 2.894 2.891 2.858 2.219 2.265 2.324 2.376 2.290 2.311 2.413 2.181 2.773 3.108 3.797 4.199 4.277 3.807 4.766 5.792 6.576 9.073 14.545 15.000
C1910TS273_3 0.5858 4.695 3.942 3.484 3.252 3.213 2.579 3.101 3.330 3.106 2.176 1.993 1.589 2.381 2.122 2.614 2.729 3.239 3.310 4.364 4.539 4.078 3.364 1.795 1.288 1.369 1.140 1.073 1.169 1.208 1.662 1.383 1.952 2.475 2.717 2.647 2.911 3.464 3.964 4.107 4.845 5.357 3.972 5.297
C1910TS278_2 0.582168 5.191 4.729 4.974 4.251 4.263 4.446 4.801 4.184 4.478 4.315 4.204 3.882 3.740 3.572 3.222 3.527 3.494 3.208 3.604 3.480 3.323 3.323 3.055 2.595 2.418 2.383 2.378 2.115 2.164 2.180 2.141 2.681 2.636 2.717 2.641 2.707 2.759 2.896 3.034 2.977 3.262 3.426 3.360
C1910TS158_4 0.496346 12.625 15.000 9.122 6.835 3.755 3.300 3.280 3.203 3.249 3.208 2.422 2.458 2.363 2.397 2.547 2.523 2.508 2.698 2.557 2.734 2.756 2.511 2.407 2.204 2.253 2.322 2.373 2.191 2.303 2.558 2.571 3.096 3.342 3.648 5.270 6.008 7.940 9.837 12.083 13.352 15.000 15.000 15.000
C1910TS073_3 0.574426 5.228 4.549 3.276 3.524 3.415 3.066 3.581 3.543 2.382 3.064 2.892 3.192 2.824 2.879 3.831 3.558 4.610 5.074 4.732 4.492 4.390 3.947 3.902 3.362 4.121 3.827 2.987 2.486 1.986 2.463 2.748 2.728 3.101 3.544 3.893 4.244 4.656 4.490 5.042 6.231 5.384 4.516 5.107
C1910TS067_2 0.326906 15.000 15.000 10.873 9.179 5.187 3.346 3.275 3.054 3.112 3.057 3.964 3.686 3.565 2.949 3.026 2.890 2.869 2.911 3.168 3.205 3.235 3.514 3.843 4.458 5.387 5.106 6.994 8.330 15.000 15.000 15.000 15.000 15.000 15.000 15.000 15.000 15.000 15.000 15.000 15.000 15.000 15.000 15.000
C1910TS010_2 0.484937 8.759 8.858 5.670 5.883 6.435 7.192 5.675 5.166 4.970 3.954 3.671 3.642 3.496 2.998 2.860 3.505 2.886 3.138 2.787 2.710 2.702 2.887 2.988 2.731 2.803 2.325 2.856 2.458 2.524 1.996 2.479 3.098 3.304 3.359 3.688 2.935 2.689 3.556 4.325 5.609 6.795 5.577 5.638
C1910TS215_2 0.437786 12.312 12.679 5.251 4.752 3.735 3.131 3.076 2.672 2.601 2.527 2.974 2.640 2.780 3.079 2.739 2.656 3.258 3.326 3.269 3.330 3.485 3.395 3.626 3.527 3.210 3.120 2.948 2.896 2.956 2.855 2.708 3.071 3.148 3.193 3.176 3.244 3.301 4.039 5.230 7.411 8.897 9.306 10.863
C1910TS389_5 0.432355 3.962 6.208 3.565 3.205 3.103 3.051 3.074 2.775 3.026 2.928 2.906 2.768 2.718 2.766 2.615 2.825 2.871 2.883 3.064 3.118 3.122 1.312 1.461 1.699 2.145 2.639 3.954 5.392 7.773 10.810 11.478 12.992 15.000 15.000 15.000 15.000 15.000 15.000 15.000 15.000 15.000 15.000 15.000
C1910TS228_3 0.411582 1.617 2.065 1.876 1.462 1.283 1.220 1.129 1.084 1.188 1.261 1.408 1.461 1.296 1.372 1.568 1.582 1.603 2.264 2.887 2.979 3.120 3.229 3.256 3.199 3.291 3.275 3.330 3.462 3.540 4.513 4.112 5.620 5.943 6.721 6.770 6.149 6.707 5.662 7.335 6.993 9.512 10.809 13.110
C1910TS240_4 0.462488 9.856 8.910 6.255 5.383 3.679 3.306 3.211 3.077 3.201 3.108 2.954 2.930 2.978 2.779 2.604 2.740 2.614 2.640 2.788 2.775 2.750 2.685 2.635 2.291 2.275 2.305 2.456 2.408 2.470 2.703 2.510 3.389 3.919 5.321 6.994 9.881 12.530 15.000 15.000 15.000 15.000 15.000 15.000
C1910TS228_5 0.492804 2.472 3.116 2.840 2.519 2.321 2.243 2.196 2.196 2.280 2.409 2.380 2.398 2.209 3.086 3.121 3.386 3.171 2.958 3.145 3.118 3.056 3.100 3.149 2.969 2.999 2.644 2.415 1.857 2.063 2.083 2.232 2.881 3.132 3.242 2.978 2.985 2.900 3.094 3.357 3.483 3.814 4.029 4.795
C1910TS258_5 0.490705 3.094 4.151 3.360 3.148 3.114 3.113 3.132 2.938 3.072 3.025 2.923 2.907 2.885 2.902 2.893 2.945 2.997 3.007 3.180 3.186 3.199 3.206 3.223 3.215 3.186 3.185 3.225 3.117 3.146 3.174 3.159 3.258 3.252 3.292 3.282 3.297 3.401 3.439 3.533 3.445 4.031 3.967 4.367
C1910TS405_1 0.488787 5.755 5.093 4.857 4.169 4.093 4.181 4.590 4.270 4.356 4.347 4.265 4.136 4.033 4.012 3.823 3.751 3.870 3.343 3.237 3.487 3.409 3.268 3.193 1.953 1.893 2.015 1.892 1.627 1.532 1.498 1.450 2.009 2.007 2.009 1.851 1.939 1.926 2.019 2.470 2.472 3.840 3.920 4.686
C1910TS211_2 0.664069 3.213 3.656 3.158 2.974 2.873 2.727 2.495 2.373 2.524 2.569 2.649 2.624 2.567 2.533 2.548 2.722 2.823 3.038 3.147 3.129 3.235 3.061 2.800 2.725 2.468 2.432 2.357 1.969 2.735 2.738 2.603 3.086 3.011 3.102 3.008 3.042 3.143 3.191 3.308 3.460 3.516 4.241 5.724
C1910TS299_5 0.608311 4.674 3.941 4.241 3.980 3.975 4.132 4.276 3.747 4.064 3.875 3.579 3.518 3.415 3.264 2.905 3.229 3.045 2.994 3.217 3.441 3.438 3.554 3.306 2.663 2.590 2.483 2.487 2.284 2.328 2.203 2.116 2.710 2.709 2.764 2.735 2.766 2.843 2.981 3.211 3.316 3.449 3.617 4.744
C1910TS211_3 0.518182 9.405 6.890 6.338 4.870 3.606 3.158 2.519 2.247 1.916 1.835 1.899 1.965 2.345 1.878 1.996 2.059 2.534 2.250 2.729 3.502 3.377 3.521 3.600 3.277 3.039 3.520 4.598 4.055 2.989 2.860 2.556 2.994 3.185 2.988 3.144 3.081 2.866 2.848 2.945 2.927 3.528 3.702 3.807
C1910TS087_1 0.526585 9.755 9.400 6.787 6.507 4.701 3.301 3.286 3.109 3.196 3.164 2.590 2.395 2.356 2.443 2.344 2.422 2.578 2.447 2.516 2.664 2.525 2.500 2.441 2.203 2.207 2.185 2.052 1.784 1.749 1.837 1.807 2.393 2.366 2.431 2.487 2.686 2.855 3.509 4.120 4.422 12.535 10.637 15.000
C1910TS438_2 0.56627 5.935 4.879 4.959 4.022 4.048 4.274 4.733 4.296 4.533 4.281 4.365 4.195 3.942 4.085 3.985 3.928 4.135 3.986 4.109 4.267 3.960 4.029 3.699 2.849 2.787 2.775 2.744 2.487 2.539 2.531 2.344 2.911 2.904 2.903 2.920 2.945 3.073 3.192 3.241 3.246 3.398 3.622 3.764
C1910TS010_5 0.604628 3.730 3.524 3.173 3.190 2.848 2.331 3.022 2.358 2.006 2.255 2.040 1.761 2.444 2.300 2.665 2.855 3.201 3.390 4.276 4.664 4.106 3.519 2.084 1.467 1.423 1.388 1.144 1.282 1.330 1.662 1.586 2.007 2.507 2.450 2.420 2.669 3.242 3.788 3.766 4.294 4.982 4.193 5.224
C1910TS152_3 0.491587 10.029 5.466 3.675 3.438 3.378 3.397 3.410 3.131 3.358 3.328 3.277 3.265 3.195 3.075 3.139 3.433 3.360 3.256 2.085 2.255 2.360 2.902 2.869 2.915 2.980 3.035 3.091 3.102 3.169 3.216 3.228 3.537 3.532 4.010 5.258 9.394 15.000 15.000 15.000 15.000 15.000 15.000 15.000
C1910TS213_5 0.640315 3.173 3.189 2.594 2.680 2.157 2.349 2.058 1.728 2.054 2.631 2.477 2.676 2.746 2.628 2.927 3.261 3.564 3.495 3.796 3.011 3.130 3.284 2.861 1.913 2.033 1.379 1.093 0.960 0.648 0.915 0.809 1.157 1.327 1.100 1.041 0.887 0.927 0.891 1.326 1.695 2.053 3.186 3.517
C1910TS247_4 0.537919 4.249 5.699 3.737 3.449 3.250 3.242 3.253 3.175 3.218 3.207 3.201 3.120 3.097 3.111 3.032 3.067 3.075 3.083 3.176 3.167 3.137 3.123 3.087 3.096 3.038 2.983 3.017 2.852 2.784 2.823 2.571 3.034 3.019 3.083 3.037 3.075 3.195 3.237 3.304 3.389 3.559 3.683 4.448
C1910TS404_3 0.456676 10.720 5.380 3.714 3.539 3.431 3.309 3.339 3.263 3.441 3.402 3.318 3.375 3.328 3.160 3.170 3.374 3.423 3.366 2.176 2.408 2.422 2.877 2.822 2.903 2.956 2.994 3.060 3.058 3.120 3.160 3.130 3.477 3.514 4.313 5.883 11.721 12.867 15.000 15.000 15.000 15.000 15.000 15.000
C1910TS067_4 0.335352 11.601 11.921 6.468 4.944 3.419 3.232 3.202 3.002 3.091 3.008 3.645 3.346 3.218 2.826 3.150 2.931 2.944 2.988 3.234 3.269 3.310 3.798 4.401 5.061 6.239 5.492 7.444 9.998 15.000 15.000 15.000 15.000 15.000 15.000 15.000 15.000 15.000 15.000 15.000 15.000 15.000 15.000 15.000
C1910TS182_2 0.521972 6.850 4.755 4.284 4.156 3.303 3.233 3.070 2.924 2.789 2.679 2.713 2.624 2.741 2.748 2.671 2.636 2.431 2.160 2.295 2.112 2.086 2.443 2.344 2.192 2.240 2.191 2.015 2.693 2.764 2.787 2.371 2.817 2.881 3.046 3.192 3.270 3.846 4.557 4.948 5.550 7.166 5.285 6.373
C1910TS230_1 0.589952 3.018 3.858 3.340 3.176 3.138 3.160 3.116 3.040 3.133 3.125 2.627 2.711 2.436 2.502 2.647 2.814 2.871 2.893 3.048 3.038 3.157 2.893 2.674 2.559 2.454 2.397 2.335 2.021 1.855 1.887 1.782 2.105 2.174 2.237 2.202 2.209 2.201 2.300 2.960 3.354 3.570 3.781 5.080
C1910TS359_1 0.605735 3.780 3.890 3.315 3.155 2.956 2.922 2.868 2.641 2.889 2.797 2.680 2.548 2.632 2.648 2.664 2.844 2.777 2.817 2.945 2.897 2.853 2.819 2.781 2.737 2.610 2.683 2.682 2.414 2.490 2.486 2.447 2.925 2.886 2.991 2.918 2.948 3.055 3.183 3.223 3.330 3.493 3.359 3.838
C1910TS179_1 0.517598 3.176 4.079 3.433 3.222 3.188 3.207 3.176 3.098 3.195 3.182 2.471 2.528 2.220 2.315 2.393 2.565 2.582 2.755 2.689 2.829 2.992 2.702 2.526 2.407 2.340 2.249 2.250 1.958 1.853 1.837 1.762 2.082 2.139 2.217 2.171 2.218 2.200 2.400 3.030 3.654 3.923 4.273 6.480
C1910TS369_2 0.633369 3.000 3.495 3.170 2.838 2.790 2.772 2.680 2.358 2.717 2.612 2.547 2.478 2.471 2.506 2.488 2.618 2.636 2.681 2.840 2.824 2.768 2.716 2.696 2.684 2.624 2.593 2.509 2.241 2.275 2.257 2.200 2.777 2.729 2.776 2.691 2.762 2.846 2.955 3.092 3.098 3.295 3.394 3.342
C1910TS273_1 0.702642 3.159 3.323 2.718 2.573 2.212 2.009 1.804 1.296 1.706 2.066 1.681 1.944 1.765 1.836 1.793 2.059 2.589 2.077 2.856 2.276 2.128 2.666 2.384 1.531 1.678 0.943 0.764 0.663 0.398 0.571 0.540 0.960 1.142 0.953 1.035 1.002 1.088 1.131 1.482 1.735 2.216 3.273 3.277
C1910TS369_5 0.554954 3.314 4.157 3.308 3.154 3.086 3.050 3.019 2.783 3.019 2.940 2.896 2.744 2.793 2.836 2.794 2.952 2.905 2.934 3.078 3.049 3.030 3.057 3.008 3.036 2.999 2.941 2.914 2.716 2.725 2.686 2.694 3.145 3.117 3.139 3.189 3.207 3.266 3.272 3.341 3.323 3.539 3.774 4.231
C1910TS347_1 0.632988 3.202 4.173 3.272 3.036 2.956 2.927 2.914 2.747 2.940 2.867 2.035 1.879 1.783 1.852 1.929 2.035 2.193 2.251 2.400 2.501 2.320 2.312 2.205 2.064 1.959 1.907 1.834 1.565 1.483 1.498 1.374 1.815 1.883 1.917 1.840 1.882 1.978 2.555 3.294 3.541 5.114 5.156 6.434
C1910TS230_3 0.530148 10.618 9.659 5.642 4.461 3.543 3.281 3.312 3.227 3.271 3.242 3.239 3.212 3.210 3.232 3.190 3.203 3.174 3.185 3.230 3.194 3.171 3.198 3.183 3.132 3.080 3.116 3.113 3.013 3.031 3.036 2.971 3.192 3.213 3.203 3.226 3.213 3.236 3.253 3.291 3.408 3.532 3.632 4.654
C1910TS389_1 0.431221 11.473 11.294 7.729 7.506 4.165 3.315 3.305 3.232 3.270 3.242 3.183 3.077 3.071 3.041 2.877 2.901 2.828 2.812 2.944 2.950 2.933 2.975 2.937 3.016 3.121 3.155 3.220 3.229 3.246 3.269 3.265 3.769 3.716 4.365 5.444 8.099 11.498 15.000 15.000 15.000 15.000 15.000 15.000
C1910TS230_5 0.636944 3.034 3.163 2.376 2.112 1.573 1.601 1.498 1.166 1.862 2.179 2.005 2.136 2.358 2.307 2.295 2.220 2.712 4.017 3.715 3.010 3.072 3.180 2.813 1.845 1.882 1.135 0.898 0.867 0.542 0.705 0.629 1.025 1.061 0.995 0.912 0.855 0.853 0.869 1.224 1.418 2.126 3.169 3.224
C1910TS215_1 0.507139 3.960 4.148 3.371 3.269 3.199 3.193 3.197 3.106 3.186 3.178 3.149 3.080 3.099 3.121 3.072 3.114 3.106 3.093 3.216 2.864 2.821 2.812 2.997 2.894 2.872 2.768 2.839 2.771 2.699 2.473 2.473 2.991 2.885 2.949 3.094 3.095 3.121 3.277 3.499 3.963 3.983 3.904 6.394
C1910TS345_3 0.544275 7.145 5.347 4.939 4.342 3.485 3.110 2.934 2.043 2.121 2.195 2.349 2.230 1.895 2.036 1.901 2.209 2.339 2.431 2.186 2.913 3.603 3.866 3.300 2.361 2.207 2.185 2.059 1.424 1.430 1.812 1.649 1.622 2.017 1.987 2.186 2.053 2.161 2.021 2.324 2.667 3.627 4.178 4.479
C1910TS309_4 0.42436 4.773 4.037 4.219 3.615 3.524 3.720 3.542 3.595 3.850 3.833 3.599 3.591 3.506 3.528 3.494 3.627 3.584 3.399 2.495 2.613 2.558 2.676 2.870 2.872 2.814 2.837 2.970 2.760 2.765 3.102 3.119 3.984 4.131 4.568 4.644 6.354 7.370 12.208 13.614 13.915 11.082 9.127 10.679
C1910TS278_1 0.581831 5.025 4.521 4.726 4.093 4.169 4.405 4.629 3.955 4.252 4.075 3.836 3.563 3.501 3.405 3.014 3.496 3.383 3.097 3.440 3.359 3.286 3.234 2.966 2.539 2.364 2.304 2.313 2.021 2.040 2.041 2.003 2.642 2.608 2.685 2.639 2.676 2.789 2.898 3.029 3.023 3.295 3.467 3.363
C1910TS414_5 0.517022 8.194 9.687 6.967 6.389 4.057 3.271 3.180 2.944 3.099 3.005 2.981 2.844 2.843 2.785 2.547 2.667 2.600 2.673 2.853 2.806 2.799 2.704 2.592 2.541 2.690 2.625 2.661 2.565 2.641 2.792 2.478 3.107 3.093 3.104 3.025 3.176 3.300 3.370 3.712 4.526 5.483 5.577 6.774
C1910TS414_4 0.635394 4.108 4.388 4.247 3.920 3.931 4.013 4.242 3.696 3.812 3.834 3.677 3.729 3.541 3.578 3.182 3.472 3.443 3.342 3.515 3.568 3.504 3.685 3.366 2.711 2.633 2.623 2.570 2.281 2.344 2.288 2.066 2.635 2.613 2.662 2.568 2.589 2.682 2.862 3.122 3.227 3.431 3.369 4.094
C1910TS152_5 0.581311 7.817 4.998 3.731 3.528 3.687 3.515 3.632 3.815 3.999 3.981 3.974 3.920 3.684 4.106 4.130 3.956 4.028 4.215 4.145 4.110 4.121 3.873 3.809 3.613 3.729 3.503 2.800 2.590 1.920 2.212 2.437 2.782 2.534 2.514 2.555 2.607 2.674 2.637 2.466 2.617 3.001 4.093 4.397
C1910TS073_5 0.567242 5.406 4.420 3.298 4.141 3.384 3.322 4.014 3.301 3.805 2.706 2.661 2.843 3.178 2.943 3.744 3.347 4.108 4.680 4.046 4.051 4.253 3.978 4.272 2.785 3.316 2.638 2.736 2.464 2.148 2.668 2.891 3.675 3.906 4.620 5.164 5.561 5.959 7.206 7.496 6.875 7.210 5.738 8.813
C1910TS228_2 0.475657 3.786 5.836 3.866 3.453 3.239 3.281 3.351 3.300 3.337 3.315 1.942 1.945 1.799 2.005 2.450 2.912 2.773 3.058 3.076 3.040 2.986 2.992 3.012 2.901 2.869 2.794 2.656 2.469 2.296 2.321 2.255 2.746 2.804 2.943 2.872 2.839 2.775 3.011 3.118 3.338 3.426 3.658 5.572
C1910TS003_2 0.399235 15.000 10.175 6.842 6.970 6.133 7.109 9.690 10.211 7.588 5.066 3.993 3.764 3.808 3.727 3.662 3.717 3.242 3.147 2.825 2.951 2.808 2.641 2.610 2.444 2.418 2.207 2.139 1.803 1.697 2.175 2.513 2.317 2.566 2.471 2.427 2.728 2.783 3.279 4.988 5.746 7.774 13.927 15.000
C1910TS405_3 0.51471 8.175 6.198 5.590 4.568 4.097 3.944 4.549 4.096 4.397 4.312 4.258 4.159 4.030 4.024 3.802 3.993 4.035 3.557 3.687 3.908 3.902 3.667 3.630 2.275 2.138 2.167 2.055 1.741 1.687 1.730 1.676 2.062 2.093 2.103 1.884 1.973 1.989 2.016 2.397 2.573 3.439 3.372 4.355
C1910TS389_3 0.449054 8.844 10.371 6.898 6.802 3.590 3.268 3.262 3.120 3.176 3.172 3.106 3.006 3.023 2.951 2.808 2.839 2.770 2.793 2.943 2.959 2.938 2.918 2.916 2.969 2.976 3.044 3.173 3.155 3.214 3.252 3.246 3.605 3.521 3.973 4.511 6.363 9.456 15.000 15.000 15.000 15.000 15.000 15.000
C1910TS158_3 0.517298 5.079 6.788 3.852 3.548 3.298 3.251 3.262 3.190 3.247 3.218 3.198 3.129 3.111 3.129 3.069 3.124 3.109 3.111 3.219 3.188 3.141 3.125 3.120 3.104 3.048 3.023 3.078 2.861 2.922 2.989 2.910 3.219 3.247 3.283 3.256 3.300 3.345 3.415 3.466 3.588 3.907 3.927 6.906
C1910TS230_4 0.501728 15.000 5.694 3.976 3.855 3.603 3.941 4.114 4.004 4.045 4.227 4.350 4.307 4.028 4.368 4.203 4.428 4.617 4.510 3.839 3.868 3.987 3.775 3.826 3.730 3.817 3.820 3.518 3.011 2.521 2.683 2.306 2.630 2.483 2.445 2.418 2.375 2.543 2.471 2.647 2.790 3.171 3.246 3.678
C1910TS215_5 0.447795 3.749 3.537 3.616 3.528 3.661 3.609 3.691 3.502 3.732 3.774 3.745 3.484 3.139 3.310 2.791 2.167 2.259 2.355 2.750 2.766 2.576 2.421 2.589 2.520 2.564 2.151 2.216 2.516 2.721 3.162 2.924 3.134 3.207 3.275 3.394 3.671 4.116 4.837 5.608 5.376 7.167 5.749 9.125
C1910TS404_1 0.459937 10.652 5.375 3.746 3.528 3.428 3.309 3.343 3.248 3.408 3.386 3.292 3.363 3.329 3.150 3.203 3.385 3.418 3.377 2.185 2.402 2.429 2.876 2.832 2.912 2.962 3.014 3.067 3.076 3.132 3.178 3.181 3.502 3.565 4.473 6.167 12.741 14.404 15.000 15.000 15.000 15.000 15.000 15.000
C1910TS123_3 0.534621 15.000 15.000 7.605 5.853 5.455 4.303 4.665 4.700 5.026 5.412 4.979 4.523 4.437 4.339 4.417 4.375 4.283 4.296 4.343 4.469 4.491 4.296 4.120 3.105 3.039 3.019 3.042 2.878 2.831 2.873 2.735 3.141 3.149 3.183 3.192 3.242 3.263 3.390 3.663 3.871 5.268 7.294 9.076
C1910TS213_3 0.667936 3.090 3.136 2.523 2.627 2.305 2.445 2.435 1.952 2.204 2.854 2.386 2.776 2.574 2.741 2.564 2.712 2.671 3.807 3.631 2.498 2.636 2.765 2.311 1.575 1.779 1.244 0.944 0.940 0.520 0.706 0.686 1.138 1.210 1.061 1.054 0.930 0.912 0.875 1.162 1.567 2.071 3.008 3.272
C1910TS414_3 0.651144 3.416 3.421 3.229 3.134 2.928 2.945 2.930 2.732 2.906 2.871 2.057 1.929 1.876 1.850 1.880 2.064 2.194 2.194 2.325 2.527 2.472 2.388 2.226 2.052 1.973 1.995 1.887 1.602 1.503 1.452 1.478 1.868 1.936 1.977 1.809 1.846 1.847 1.863 2.122 2.125 3.356 3.396 3.504
C1910TS054_2 0.436167 5.553 7.030 4.115 3.483 3.169 3.042 3.009 2.856 2.958 2.927 2.898 2.818 2.802 2.785 2.712 2.839 2.821 2.871 3.199 3.135 3.080 3.426 3.457 3.461 3.460 3.477 3.718 4.121 4.876 6.667 6.701 11.037 9.781 12.103 12.904 15.000 15.000 15.000 15.000 15.000 15.000 15.000 15.000
C1910TS123_5 0.534782 5.046 5.446 3.865 3.454 3.206 3.195 3.200 3.110 3.185 3.143 3.111 3.052 3.063 3.075 3.033 3.062 3.048 3.086 3.196 3.138 3.128 3.136 3.091 3.055 3.048 3.027 3.065 2.827 2.839 2.883 2.808 3.218 3.234 3.272 3.246 3.300 3.338 3.366 3.380 3.404 3.683 3.926 4.333
C1910TS131_4 0.725202 3.433 3.963 3.254 3.129 3.067 3.050 3.031 2.896 3.044 3.027 2.528 2.443 2.302 2.329 2.419 2.575 2.867 2.736 3.093 3.139 3.132 3.003 2.854 2.690 2.564 2.581 2.354 2.021 1.902 1.879 1.757 2.212 2.209 2.253 2.052 2.134 2.139 2.136 2.442 2.645 3.408 3.271 3.480
C1910TS131_1 0.718021 3.357 3.827 3.237 3.104 3.065 3.045 3.037 2.896 3.051 3.031 2.496 2.425 2.316 2.356 2.374 2.543 2.816 2.764 3.019 3.082 3.033 2.900 2.794 2.605 2.475 2.467 2.291 2.006 1.865 1.860 1.752 2.179 2.175 2.245 2.053 2.126 2.107 2.165 2.428 2.651 3.412 3.291 3.548
C1910TS414_2 0.493269 4.242 5.015 5.139 4.353 3.625 3.137 2.976 2.823 2.987 2.948 2.759 2.745 2.867 2.621 2.446 2.716 2.507 2.487 2.645 4.054 4.026 3.930 3.474 2.621 2.675 2.664 2.686 2.549 2.691 2.945 2.702 3.170 3.157 3.206 3.151 3.274 3.352 3.761 4.454 4.874 6.560 6.291 6.668
C1910TS438_5 0.541376 14.769 14.916 9.963 8.338 5.485 3.354 3.300 3.213 3.275 3.235 3.213 3.135 3.122 3.096 2.994 3.034 3.006 2.999 3.076 3.028 3.018 3.015 2.973 2.959 2.891 2.859 2.799 2.459 2.479 2.425 2.229 2.905 2.916 2.951 2.943 2.969 3.082 3.216 3.238 3.219 3.398 3.524 3.608
C1910TS299_4 0.598007 4.260 4.432 4.675 3.952 4.101 4.182 4.321 3.694 4.018 3.802 3.477 3.265 3.340 3.216 2.838 3.167 3.108 2.963 3.214 3.369 3.286 3.357 3.107 2.459 2.285 2.223 2.259 1.984 2.008 1.979 1.954 2.609 2.565 2.634 2.567 2.642 2.730 2.864 2.973 2.991 3.246 3.522 3.390
C1910TS405_5 0.454786 6.630 5.314 5.730 5.164 4.340 3.962 3.908 4.381 4.718 4.910 5.322 5.191 5.048 4.248 4.301 3.572 4.534 4.770 4.376 3.412 3.564 3.343 3.266 2.453 2.487 2.264 2.208 1.820 1.612 1.608 1.558 1.847 1.831 1.856 1.666 1.733 1.735 1.816 2.114 2.285 3.705 3.592 4.644
C1910TS131_3 0.733113 3.454 3.818 3.245 3.133 3.064 3.053 3.035 2.887 3.033 3.008 2.497 2.410 2.345 2.359 2.370 2.623 2.879 2.794 3.110 3.176 3.163 2.986 2.842 2.637 2.531 2.557 2.328 2.016 1.887 1.894 1.766 2.215 2.222 2.255 2.082 2.171 2.166 2.159 2.472 2.657 3.485 3.318 3.546
C1910TS210_3 0.581953 7.090 5.805 5.743 4.539 4.336 4.548 5.006 4.262 4.538 4.387 4.275 3.918 3.906 3.695 3.229 3.446 3.493 3.066 3.400 3.266 3.275 3.427 3.069 2.705 2.682 2.549 2.507 2.316 2.362 2.408 2.364 2.825 2.774 2.835 2.760 2.798 2.846 2.871 3.039 3.229 3.369 3.443 4.501
C1910TS413_4 0.55964 5.197 4.584 5.082 4.205 4.089 4.290 4.746 4.359 4.570 4.431 4.443 4.261 4.187 4.282 4.179 4.411 4.358 4.224 4.431 4.668 4.393 4.381 4.066 2.930 2.872 2.820 2.794 2.473 2.430 2.332 2.190 2.863 2.870 2.887 2.885 2.927 3.072 3.162 3.244 3.245 3.431 3.664 3.938
C1910TS211_4 0.501169 7.013 5.589 5.386 4.677 3.140 2.410 1.779 1.643 1.577 1.390 1.231 1.261 1.682 1.011 1.076 1.224 1.626 1.376 1.734 2.434 2.468 2.959 3.373 2.801 2.349 3.351 4.305 3.803 3.037 3.118 2.838 2.940 3.052 3.081 3.220 3.191 3.171 3.180 3.181 3.176 3.889 4.019 4.003
C1910TS258_4 0.433232 3.403 3.905 3.195 2.834 2.575 2.205 2.017 1.915 1.916 1.957 2.060 1.902 1.879 1.940 2.867 3.072 3.085 2.923 3.234 3.452 3.404 3.518 3.230 3.248 3.295 3.292 3.359 3.417 3.359 3.778 5.354 3.857 4.304 4.073 4.561 6.750 5.993 7.066 6.524 5.472 6.321 6.270 9.090
C1910TS240_1 0.472205 14.405 15.000 15.000 12.091 9.156 4.474 3.792 3.427 3.500 3.373 3.230 3.134 3.053 2.929 2.926 3.016 2.949 2.952 3.094 2.780 2.753 2.745 2.687 2.311 2.304 2.375 2.486 2.305 2.243 2.399 2.255 2.801 3.267 3.870 4.399 4.515 3.823 4.750 5.889 6.652 10.367 15.000 15.000
C1910TS258_3 0.47984 3.311 4.341 3.415 3.183 3.124 3.139 3.154 2.959 3.139 3.112 3.032 2.967 2.149 2.260 2.209 2.307 2.283 2.406 2.538 2.673 2.923 2.860 2.913 2.873 2.885 2.802 2.705 2.375 2.599 2.670 2.932 3.270 3.345 3.069 2.953 3.212 2.483 2.821 2.858 3.212 3.262 3.187 3.826
C1910TS405_4 0.524165 7.571 5.937 5.793 4.697 4.302 4.139 4.694 4.349 4.589 4.488 4.281 4.154 4.199 4.263 3.939 4.201 4.187 3.748 3.762 3.874 3.881 3.584 3.632 2.343 2.233 2.279 2.159 1.858 1.717 1.693 1.632 2.079 2.080 2.032 1.919 1.983 1.903 2.050 2.399 2.548 3.482 3.408 4.235
C1910TS182_5 0.465516 8.217 6.320 5.697 5.488 3.527 3.341 3.244 3.155 3.167 3.106 3.087 2.992 3.002 2.895 2.920 2.915 2.821 2.066 2.102 1.938 2.267 2.339 2.152 1.824 2.021 1.925 1.541 2.548 2.546 2.668 2.216 2.738 2.841 3.025 3.216 3.355 4.102 5.192 5.726 7.001 8.158 6.750 7.933
C1910TS345_5 0.485433 8.082 6.092 4.599 4.792 5.209 5.346 5.931 5.203 5.359 5.953 5.292 5.591 5.112 5.335 5.085 4.958 4.758 4.948 4.630 4.262 3.450 3.383 2.958 2.810 2.675 2.823 2.455 2.772 2.511 2.631 2.518 3.486 3.415 3.503 4.110 4.158 3.881 4.214 4.572 5.872 6.597 8.522 14.403
C1910TS152_4 0.453417 9.460 5.237 3.713 3.457 3.382 3.380 3.408 3.125 3.391 3.350 3.360 3.366 3.308 3.152 3.203 3.523 3.431 3.247 2.158 2.333 2.622 3.726 3.762 3.750 3.864 3.927 4.108 4.275 4.527 5.282 5.513 8.250 13.428 15.000 15.000 15.000 15.000 15.000 15.000 15.000 15.000 15.000 15.000
C1910TS349_5 0.645321 8.628 4.436 3.194 2.854 2.858 2.663 2.428 2.276 2.461 2.389 2.507 2.490 2.414 2.405 2.464 2.649 2.522 2.742 2.858 2.959 3.136 3.030 2.974 2.975 2.921 2.904 2.888 2.537 2.561 2.467 2.320 3.003 2.974 3.035 3.011 3.042 3.206 3.234 3.257 3.266 3.431 3.602 3.948
C1910TS123_1 0.622626 14.436 6.889 3.409 3.250 3.139 2.772 2.494 2.189 2.388 2.346 2.538 2.525 2.262 2.170 2.413 2.341 2.459 2.743 2.872 2.951 2.920 3.143 3.123 3.101 3.032 3.008 3.034 2.866 2.869 2.897 2.780 3.177 3.088 3.171 3.161 3.218 3.253 3.361 3.699 4.268 5.679 7.408 8.866
C1910TS240_2 0.442126 13.905 15.000 15.000 12.326 10.343 5.187 4.155 3.508 3.604 3.473 3.348 3.246 3.147 3.025 2.990 3.049 2.963 2.963 3.121 2.812 2.798 2.784 2.761 2.323 2.374 2.407 2.595 2.489 2.536 2.850 2.634 3.539 4.109 5.422 7.603 11.639 13.446 15.000 15.000 15.000 15.000 15.000 15.000
C1910TS010_1 0.59947 6.124 4.801 3.802 4.519 4.005 3.573 3.940 3.585 3.862 3.980 3.408 3.580 3.321 3.391 3.796 3.994 3.792 4.079 3.200 2.247 2.148 1.578 1.566 1.272 1.281 1.110 1.091 1.142 1.076 1.111 1.076 1.725 1.742 1.802 2.583 2.803 3.197 2.986 3.595 4.312 5.960 4.449 5.368
C1910TS131_5 0.689535 3.298 3.770 3.255 3.136 3.074 3.019 3.008 2.873 3.027 2.991 2.408 2.314 2.266 2.288 2.363 2.542 2.825 2.735 2.970 3.070 2.959 2.848 2.808 2.568 2.465 2.503 2.313 2.003 1.859 1.846 1.753 2.159 2.135 2.154 2.058 2.064 2.061 2.095 2.299 2.327 3.411 3.300 3.548
C1910TS389_4 0.434554 5.027 7.820 4.085 3.356 3.221 3.207 3.174 3.018 3.146 3.099 3.029 2.960 2.907 2.930 2.781 2.890 2.923 2.899 3.056 3.065 3.065 3.064 3.061 3.112 3.114 3.169 3.251 3.226 3.259 3.297 3.301 3.838 3.992 4.851 7.056 11.353 15.000 15.000 15.000 15.000 15.000 15.000 15.000
C1910TS182_3 0.45076 12.512 9.505 8.630 6.269 4.574 3.578 3.384 3.300 3.332 3.300 3.289 3.254 3.290 3.158 2.999 3.019 2.982 2.993 3.122 3.099 3.774 3.700 3.662 3.693 3.639 3.669 3.749 3.609 3.677 3.645 3.638 4.237 4.002 4.457 5.587 10.144 13.095 15.000 15.000 15.000 15.000 15.000 15.000
C1910TS299_1 0.581831 5.025 4.521 4.726 4.093 4.169 4.405 4.629 3.955 4.252 4.075 3.836 3.563 3.501 3.405 3.014 3.496 3.383 3.097 3.440 3.359 3.286 3.234 2.966 2.539 2.364 2.304 2.313 2.021 2.040 2.041 2.003 2.642 2.608 2.685 2.639 2.676 2.789 2.898 3.029 3.023 3.295 3.467 3.363
C1910TS182_4 0.52239 7.431 4.965 4.425 4.218 3.355 3.290 3.146 3.010 2.920 2.827 2.891 2.791 2.877 2.874 2.971 2.934 2.676 2.081 2.197 1.976 2.061 2.272 2.264 1.785 1.921 1.999 1.715 2.541 2.522 2.782 2.395 2.915 2.838 3.028 3.183 3.245 3.799 4.457 4.847 5.459 6.853 5.234 6.229
C1910TS230_2 0.516296 8.006 7.537 4.577 4.037 3.322 3.223 3.239 3.173 3.226 3.197 3.149 3.064 3.085 3.046 3.033 3.071 3.054 3.071 3.142 3.112 3.113 3.135 3.107 3.113 3.087 3.021 3.037 2.868 2.847 2.867 2.770 3.155 3.169 3.198 3.177 3.207 3.250 3.265 3.334 3.283 3.564 3.613 3.849
C1910TS215_3 0.595199 3.926 3.304 3.049 3.071 2.844 2.646 2.723 2.761 2.532 2.644 2.792 2.786 2.740 3.043 2.922 3.095 3.489 3.476 3.468 3.448 3.751 3.334 2.902 2.878 2.913 2.457 2.095 2.077 1.877 2.211 2.176 2.570 2.420 2.349 2.476 2.567 2.483 2.675 2.969 3.058 3.168 3.347 4.025
C1910TS010_3 0.490496 4.704 3.990 3.739 4.498 4.241 3.553 3.762 3.697 2.962 3.306 2.957 3.268 3.638 3.436 3.245 3.471 4.134 4.256 5.638 5.688 5.067 4.128 3.136 2.638 2.716 2.318 2.250 2.625 2.035 2.363 3.270 4.297 4.617 4.679 5.257 5.452 6.040 6.841 8.827 8.543 10.667 9.150 13.793
C1910TS213_1 0.644384 3.062 3.143 2.429 2.367 2.212 1.946 1.894 1.492 1.789 2.360 2.043 2.315 2.445 2.595 2.756 3.014 3.562 3.444 3.776 3.183 3.369 3.460 3.116 2.030 2.247 1.476 1.176 1.119 0.745 0.960 0.986 1.477 1.595 1.423 1.435 1.283 1.309 1.319 1.589 1.867 2.698 3.221 3.390
C1910TS102_1 0.377434 15.000 15.000 15.000 15.000 15.000 9.111 7.256 5.203 5.426 5.055 4.903 3.171 2.527 2.501 2.247 2.292 2.455 2.458 2.362 2.575 2.689 2.438 2.680 2.549 2.407 3.037 3.468 2.322 2.704 2.878 2.871 4.031 4.570 5.283 7.523 8.105 10.463 11.163 12.913 11.499 12.823 15.000 15.000
C1910TS247_2 0.515379 6.582 5.135 5.684 4.385 3.792 3.860 4.246 4.021 4.246 4.077 4.219 4.142 3.877 4.048 3.983 4.110 4.213 4.300 4.178 4.498 4.450 4.415 4.181 3.077 3.002 2.991 2.949 2.682 2.781 2.697 2.498 3.084 3.094 3.114 3.124 3.154 3.227 3.263 3.344 3.309 3.722 4.014 4.581
C1910TS228_4 0.473889 3.520 5.132 3.565 3.259 3.219 3.255 3.331 3.275 3.323 3.308 2.398 2.439 2.213 3.045 2.989 3.197 3.047 2.995 3.145 3.080 3.053 3.087 3.110 3.019 3.074 2.769 2.577 2.192 2.209 2.278 2.445 3.042 3.149 3.250 3.003 3.029 2.970 3.156 3.314 3.467 3.981 4.693 6.154
C1910TS345_1 0.587168 5.795 3.474 3.176 2.722 2.447 1.916 2.058 1.576 1.685 1.897 1.603 1.696 2.022 2.330 2.389 2.703 3.113 2.913 3.567 3.573 3.712 2.866 2.013 1.370 1.468 0.981 1.045 1.236 1.022 1.049 1.170 1.574 1.280 1.930 1.765 2.043 2.591 2.588 2.782 3.489 3.751 3.597 4.591
C1910TS152_1 0.541032 3.545 4.716 3.397 3.179 3.098 3.085 3.093 2.905 3.035 2.980 2.975 2.913 2.829 2.857 2.838 2.921 2.924 2.870 3.013 2.959 2.902 2.913 2.897 2.866 2.792 2.824 2.800 2.701 2.887 3.047 2.906 3.202 3.241 3.261 3.259 3.354 3.637 4.733 7.841 11.391 12.888 11.304 15.000
C1910TS210_2 0.601341 5.519 4.987 5.067 4.078 4.135 4.460 4.846 4.158 4.297 4.131 3.966 3.667 3.776 3.444 3.085 3.499 3.498 3.060 3.406 3.319 3.316 3.185 2.937 2.725 2.659 2.603 2.551 2.358 2.339 2.390 2.264 2.730 2.669 2.769 2.640 2.667 2.724 2.777 3.122 3.200 3.225 3.346 4.071
C1910TS210_1 0.611944 5.430 4.837 5.072 4.326 4.326 4.551 4.954 4.354 4.553 4.348 4.366 4.202 4.006 3.870 3.628 3.893 3.882 3.664 3.964 3.909 3.958 3.854 3.423 2.698 2.587 2.482 2.437 2.212 2.231 2.149 2.017 2.593 2.537 2.597 2.535 2.580 2.609 2.764 2.849 3.022 3.108 3.049 3.332
C1910TS158_2 0.501121 4.353 6.234 3.729 3.357 3.210 3.181 3.205 3.099 3.152 3.126 3.094 3.021 3.045 3.059 2.987 2.556 2.583 2.535 2.590 2.661 2.628 2.571 2.712 2.805 2.693 2.634 2.678 2.552 2.420 2.443 2.465 2.766 2.546 2.816 2.820 2.896 2.890 2.884 3.299 3.312 4.095 4.786 4.186
C1910TS301_1 0.559388 15.000 7.919 5.064 4.729 4.376 3.748 3.852 4.009 4.266 4.424 4.066 3.864 3.665 3.921 3.866 3.429 3.514 3.273 3.276 3.422 3.573 3.320 3.228 2.156 2.146 2.145 1.952 1.765 1.645 1.600 1.473 1.928 1.892 1.939 1.803 1.829 1.841 1.829 2.175 2.205 3.459 3.560 3.719
C1910TS273_2 0.622769 5.752 4.750 3.713 4.480 3.759 3.453 3.847 3.785 4.142 4.332 3.835 3.983 3.555 3.996 4.314 4.265 4.227 4.233 3.391 2.228 2.206 1.711 1.745 1.322 1.157 1.126 1.055 1.173 1.213 1.194 1.052 1.684 1.993 1.903 2.622 2.507 2.644 2.773 3.129 3.648 5.498 4.921 6.544
C1910TS349_1 0.645486 8.631 4.436 3.194 2.854 2.857 2.662 2.426 2.274 2.459 2.386 2.505 2.489 2.414 2.406 2.464 2.651 2.525 2.741 2.850 2.958 3.141 3.032 2.975 2.975 2.923 2.908 2.892 2.539 2.562 2.467 2.322 3.003 2.973 3.034 3.012 3.040 3.201 3.231 3.257 3.266 3.431 3.600 3.949
C1910TS211_5 0.455364 11.967 7.853 7.200 5.911 4.200 3.319 3.050 2.577 2.232 2.098 1.984 1.928 2.091 1.535 1.674 1.682 2.137 2.092 2.523 3.251 3.352 3.633 3.408 3.329 3.731 3.974 5.111 3.944 3.173 3.144 3.057 3.223 3.336 3.283 3.428 3.372 3.314 3.205 3.294 3.305 4.189 4.208 4.160
C1910TS240_5 0.454804 9.670 9.522 6.403 5.211 3.788 3.305 3.276 3.149 3.249 3.173 3.036 2.967 3.003 2.817 2.619 2.738 2.594 2.641 2.786 2.751 2.739 2.709 2.684 2.403 2.400 2.460 2.627 2.493 2.641 2.907 2.753 3.776 4.309 6.088 8.171 12.018 14.762 15.000 15.000 15.000 15.000 15.000 15.000
C1910TS349_3 0.645814 8.631 4.436 3.194 2.855 2.859 2.664 2.428 2.276 2.461 2.390 2.509 2.492 2.419 2.414 2.471 2.657 2.531 2.750 2.862 2.967 3.147 3.036 2.979 2.978 2.931 2.919 2.901 2.550 2.577 2.486 2.343 3.004 2.975 3.042 3.016 3.041 3.200 3.231 3.256 3.266 3.431 3.598 3.945
C1910TS067_5 0.326906 15.000 15.000 10.873 9.179 5.187 3.346 3.275 3.054 3.112 3.057 3.964 3.686 3.565 2.949 3.026 2.890 2.869 2.911 3.168 3.205 3.235 3.514 3.843 4.458 5.387 5.106 6.994 8.330 15.000 15.000 15.000 15.000 15.000 15.000 15.000 15.000 15.000 15.000 15.000 15.000 15.000 15.000 15.000
C1910TS044_1 0.554661 15.000 9.505 5.089 4.823 4.469 3.844 3.989 4.205 4.453 4.618 4.160 3.982 3.788 4.072 3.991 3.563 3.671 3.377 3.369 3.548 3.672 3.407 3.321 2.263 2.218 2.202 2.019 1.817 1.683 1.651 1.502 1.964 1.932 1.964 1.827 1.859 1.864 1.857 2.207 2.229 3.464 3.563 3.737
C1910TS158_5 0.402297 10.269 7.440 5.807 5.016 3.793 3.349 3.252 3.122 3.094 3.044 3.014 2.938 2.826 2.937 2.673 2.634 2.666 2.815 2.851 2.824 3.235 3.305 3.300 3.235 3.323 3.378 3.745 4.500 4.769 5.914 5.575 8.935 9.171 11.588 11.726 15.000 15.000 15.000 15.000 15.000 15.000 15.000 15.000
C1910TS309_1 0.541978 4.031 3.829 3.770 3.567 3.754 3.670 3.803 3.599 4.010 3.901 3.636 3.616 3.628 3.567 3.562 3.606 3.719 3.377 2.690 2.767 2.622 2.464 2.472 2.200 2.115 2.226 2.068 1.859 1.762 1.692 1.712 2.124 2.089 2.081 1.944 2.028 2.000 2.077 2.500 2.440 3.469 3.574 4.048
C1910TS273_4 0.348315 14.153 10.756 11.143 8.689 8.521 6.270 6.112 5.689 4.538 4.033 4.110 4.752 4.604 4.405 4.328 4.022 4.142 3.139 3.101 3.045 3.172 3.140 3.124 3.058 3.179 2.945 3.158 2.899 3.155 3.161 3.181 3.328 3.426 3.868 4.364 5.409 6.549 7.422 8.113 7.915 8.098 9.089 13.903
C1910TS413_1 0.578296 5.432 4.778 4.887 3.985 3.996 4.226 4.658 4.165 4.375 4.147 4.196 4.126 3.941 3.959 3.790 3.866 3.939 3.863 3.882 4.162 4.186 4.058 3.796 2.917 2.827 2.818 2.765 2.463 2.511 2.472 2.265 2.976 2.963 3.029 3.012 3.076 3.226 3.244 3.296 3.305 3.524 3.805 3.818
C1910TS258_1 0.429952 4.999 3.691 3.492 3.169 2.908 2.443 2.261 2.135 2.370 2.555 2.703 2.735 2.785 2.809 2.836 2.210 2.292 2.205 2.413 2.818 2.865 2.830 3.061 3.090 3.014 3.074 3.151 3.097 3.369 3.350 4.016 3.941 4.759 3.906 4.003 4.143 4.446 5.350 7.151 6.396 6.491 7.132 15.000
C1910TS405_2 0.473409 6.226 5.353 5.210 4.461 4.109 3.952 4.451 4.190 4.456 4.414 4.210 3.997 4.073 4.120 3.943 4.034 4.129 3.580 3.466 3.722 3.577 3.280 3.300 1.984 1.876 1.929 1.790 1.566 1.418 1.451 1.439 1.794 1.866 1.856 1.765 1.812 1.867 2.001 2.380 2.681 3.973 3.993 6.082
C1910TS103_1 0.377434 15.000 15.000 15.000 15.000 15.000 9.111 7.256 5.203 5.426 5.055 4.903 3.171 2.527 2.501 2.247 2.292 2.455 2.458 2.362 2.575 2.689 2.438 2.680 2.549 2.407 3.037 3.468 2.322 2.704 2.878 2.871 4.031 4.570 5.283 7.523 8.105 10.463 11.163 12.913 11.499 12.823 15.000 15.000
C1910TS369_1 0.629777 3.062 3.602 3.217 2.911 2.828 2.819 2.760 2.465 2.792 2.654 2.550 2.446 2.499 2.490 2.448 2.650 2.631 2.697 2.842 2.841 2.786 2.736 2.698 2.676 2.608 2.570 2.485 2.194 2.228 2.188 2.145 2.782 2.763 2.773 2.714 2.771 2.829 2.953 3.098 3.136 3.301 3.419 3.392
C1910TS010_4 0.402028 5.590 5.280 4.484 4.298 4.598 4.186 3.855 4.042 3.993 3.910 3.722 3.378 3.273 3.471 3.508 3.122 3.461 3.472 3.690 4.003 4.706 4.340 4.280 4.419 4.303 5.226 6.097 6.316 4.966 4.331 4.025 3.489 3.543 3.827 4.583 4.340 4.871 5.494 5.304 5.585 4.205 4.191 3.745
C1910TS273_5 0.343434 15.000 15.000 14.351 13.977 11.043 11.964 10.404 8.697 8.146 4.630 3.496 3.281 3.310 3.261 3.217 3.070 2.901 2.895 3.010 2.920 2.899 2.788 2.810 2.748 2.844 2.674 3.063 2.914 3.101 2.805 2.730 3.490 3.474 4.074 4.961 6.715 7.680 9.756 13.166 11.865 11.896 11.124 15.000
C1910TS345_2 0.560659 3.484 3.512 3.346 3.184 2.602 2.176 1.970 1.583 1.356 1.702 1.904 1.652 1.862 1.999 2.335 2.698 2.477 2.459 1.976 3.117 3.441 3.789 3.028 2.067 2.122 2.111 2.136 1.478 1.568 1.564 1.700 2.255 2.401 2.640 3.018 3.079 3.252 3.615 3.763 4.004 7.896 9.112 9.180
C1910TS299_2 0.582168 5.191 4.729 4.974 4.251 4.263 4.446 4.801 4.184 4.478 4.315 4.204 3.882 3.740 3.572 3.222 3.527 3.494 3.208 3.604 3.480 3.323 3.323 3.055 2.595 2.418 2.383 2.378 2.115 2.164 2.180 2.141 2.681 2.636 2.717 2.641 2.707 2.759 2.896 3.034 2.977 3.262 3.426 3.360
C1910TS278_4 0.596468 4.259 4.427 4.671 3.951 4.100 4.181 4.317 3.686 4.017 3.801 3.472 3.260 3.341 3.224 2.843 3.180 3.114 2.969 3.222 3.369 3.307 3.374 3.127 2.496 2.316 2.266 2.293 2.023 2.056 2.047 1.982 2.644 2.620 2.687 2.617 2.677 2.784 2.924 3.025 3.045 3.295 3.543 3.401
C1910TS067_3 0.328097 15.000 15.000 10.209 9.038 5.070 3.314 3.282 3.087 3.112 3.045 3.884 3.702 3.676 2.992 3.016 2.834 2.871 2.859 3.090 3.195 3.204 3.356 3.603 4.216 5.518 4.992 6.217 7.301 14.412 15.000 15.000 15.000 15.000 15.000 15.000 15.000 15.000 15.000 15.000 15.000 15.000 15.000 15.000
C1910TS414_1 0.532762 15.000 8.385 5.382 4.805 4.147 3.742 3.775 3.913 4.049 4.109 3.865 3.732 3.624 3.908 3.675 3.224 3.261 3.124 2.961 3.138 3.438 3.219 3.185 1.998 2.064 2.043 1.939 1.707 1.594 1.552 1.497 1.881 1.884 1.871 1.791 1.803 1.765 1.894 2.242 2.492 3.464 3.405 4.373
C1910TS369_4 0.617705 2.986 3.498 3.158 2.782 2.709 2.659 2.630 2.277 2.657 2.578 2.503 2.448 2.492 2.511 2.584 2.722 2.702 2.764 2.928 2.865 2.855 2.835 2.800 2.763 2.699 2.683 2.634 2.349 2.378 2.408 2.328 2.896 2.836 2.874 2.815 2.863 2.924 3.051 3.187 3.147 3.354 3.423 3.405
C1910TS413_3 0.564696 5.906 5.473 5.583 4.417 4.080 4.340 4.892 4.394 4.591 4.471 4.448 4.431 4.040 4.114 3.762 3.932 4.036 3.821 3.786 4.022 4.158 4.115 3.866 2.809 2.728 2.691 2.645 2.344 2.319 2.293 2.151 2.842 2.803 2.869 2.841 2.878 2.996 3.095 3.209 3.236 3.414 3.679 3.709
C1910TS087_3 0.508139 3.712 3.643 3.828 3.604 3.711 3.522 3.661 3.424 3.630 3.541 3.267 3.258 3.065 2.953 2.979 3.294 3.239 3.044 2.167 2.398 2.393 2.202 2.193 2.031 2.001 2.092 2.096 1.993 2.029 2.209 2.054 2.638 2.895 3.531 3.959 4.555 5.927 7.482 8.790 8.212 15.000 15.000 15.000
C1910TS131_2 0.71352 3.264 3.793 3.259 3.136 3.068 3.027 3.056 2.931 3.062 3.033 2.433 2.334 2.305 2.326 2.344 2.564 2.869 2.766 2.910 3.103 2.973 2.820 2.702 2.486 2.386 2.466 2.258 1.990 1.887 1.803 1.729 2.163 2.117 2.212 2.037 2.024 2.078 2.024 2.188 2.313 3.270 3.199 3.382
C1910TS210_5 0.581563 6.099 5.390 5.724 4.413 4.211 4.369 4.874 4.271 4.424 4.283 4.067 3.901 3.940 3.743 3.270 3.681 3.521 3.408 3.584 3.422 3.414 3.509 3.211 2.756 2.675 2.575 2.541 2.288 2.276 2.334 2.273 2.731 2.755 2.786 2.713 2.737 2.811 2.877 3.020 3.166 3.253 3.298 3.724
C1910TS309_5 0.519119 4.808 4.422 4.818 4.125 4.050 3.969 4.347 3.921 4.221 4.037 4.056 3.973 3.824 3.982 3.963 3.974 4.169 4.139 3.089 3.048 3.026 3.007 2.931 2.966 2.829 2.853 2.869 2.546 2.573 2.597 2.472 3.028 3.054 3.078 3.075 3.091 3.211 3.227 3.228 3.217 3.577 3.537 4.117
C1910TS438_4 0.576431 14.845 13.417 8.794 7.762 5.525 3.427 3.300 3.245 3.285 3.260 3.055 2.804 2.717 2.655 2.442 2.484 2.662 2.541 2.602 2.661 2.579 2.493 2.437 2.237 2.065 2.200 2.097 1.749 1.636 1.681 1.608 2.178 2.157 2.163 2.051 2.110 2.132 2.122 2.522 2.552 3.444 3.674 3.680
C1910TS247_5 0.534035 4.117 4.319 3.518 3.344 3.183 3.189 3.216 3.145 3.228 3.211 3.162 3.105 3.166 3.174 3.141 3.200 3.162 3.183 3.249 3.241 3.238 3.226 3.190 3.236 3.175 3.132 3.150 3.098 3.056 3.053 2.957 3.199 3.195 3.223 3.216 3.224 3.247 3.258 3.280 3.385 3.517 3.484 4.456
C1910TS413_2 0.566069 5.418 4.749 4.944 4.161 4.045 4.299 4.758 4.296 4.466 4.346 4.409 4.371 4.105 4.311 4.141 4.357 4.372 4.208 4.284 4.517 4.509 4.534 4.182 2.950 2.922 2.901 2.854 2.513 2.579 2.490 2.350 2.913 2.922 2.927 2.943 2.949 3.056 3.166 3.239 3.235 3.411 3.634 3.797
C1910TS213_2 0.693355 3.078 3.124 2.368 2.421 2.098 1.930 1.862 1.355 1.715 2.188 1.843 2.181 2.282 2.384 2.256 2.541 3.367 2.925 3.609 2.819 2.805 3.150 2.718 1.700 2.012 1.212 1.031 1.000 0.631 0.875 0.800 1.252 1.353 1.111 1.043 0.892 0.837 0.826 1.155 1.519 2.101 3.146 3.404
C1910TS182_1 0.450597 13.997 13.640 8.924 7.487 4.730 3.306 3.273 3.110 3.177 3.154 3.079 3.027 3.044 3.006 2.817 2.838 2.859 2.861 2.999 2.980 2.943 2.951 2.900 2.884 2.805 2.903 3.018 2.944 3.101 3.150 3.073 3.349 3.368 3.552 3.707 5.175 7.070 13.943 15.000 15.000 15.000 15.000 15.000
C1910TS054_4 0.562484 5.617 6.758 3.958 3.413 3.180 3.045 2.972 2.836 2.974 2.877 2.238 2.139 2.054 2.014 2.061 2.097 2.190 2.331 2.413 2.516 2.634 2.424 2.310 2.211 2.209 2.181 2.292 2.051 1.916 2.035 1.993 2.396 2.505 2.421 2.636 3.004 3.247 3.278 3.326 3.638 3.837 4.137 6.994
C1910TS228_1 0.495978 2.805 3.437 2.997 2.738 2.599 2.471 2.425 2.417 2.472 2.559 2.574 2.560 2.324 3.222 3.116 3.368 3.108 3.104 3.110 3.073 2.999 3.085 3.096 3.086 3.139 2.945 2.759 2.319 2.342 2.282 2.206 3.004 3.061 3.153 2.960 2.998 2.828 3.059 3.303 3.349 4.052 4.213 4.973
C1910TS123_2 0.634171 14.532 6.925 3.408 3.267 3.162 2.808 2.516 2.216 2.409 2.380 2.552 2.553 2.301 2.224 2.465 2.390 2.521 2.801 2.909 2.962 2.935 3.105 3.086 3.060 3.023 2.999 3.016 2.890 2.889 2.906 2.804 3.194 3.133 3.245 3.191 3.216 3.285 3.354 3.638 4.099 5.175 7.076 9.066
C1910TS438_3 0.548483 5.735 4.453 4.884 4.329 4.314 4.500 4.897 4.346 4.545 4.384 4.456 4.270 4.066 4.133 3.783 4.164 4.171 3.940 3.895 4.285 4.251 4.238 4.011 2.971 2.937 2.861 2.827 2.610 2.600 2.533 2.496 2.972 2.949 2.960 2.953 2.992 3.079 3.170 3.234 3.236 3.412 3.634 3.704
C1910TS349_4 0.631113 8.446 4.646 3.260 2.947 2.933 2.753 2.505 2.351 2.510 2.412 2.528 2.526 2.414 2.413 2.407 2.600 2.568 2.758 2.887 2.953 3.120 3.077 3.023 3.016 2.956 2.931 2.918 2.572 2.617 2.513 2.352 3.008 2.968 3.047 3.010 3.029 3.197 3.231 3.257 3.245 3.385 3.497 3.753
C1910TS123_4 0.534782 5.046 5.446 3.865 3.454 3.206 3.195 3.200 3.110 3.185 3.143 3.111 3.052 3.063 3.075 3.033 3.062 3.048 3.086 3.196 3.138 3.128 3.136 3.091 3.055 3.048 3.027 3.065 2.827 2.839 2.883 2.808 3.218 3.234 3.272 3.246 3.300 3.338 3.366 3.380 3.404 3.683 3.926 4.333
C1910TS213_4 0.701895 3.065 3.165 2.202 2.185 1.809 2.098 2.127 1.310 1.678 1.957 1.901 2.021 2.141 2.233 2.128 2.674 3.252 2.807 3.541 2.903 2.777 3.002 2.628 1.778 2.028 1.383 1.043 1.237 0.650 0.810 0.742 1.063 1.118 0.966 0.871 0.752 0.821 0.796 0.928 1.248 1.780 3.012 3.298
C1910TS369_3 0.641407 3.156 3.774 3.244 3.003 2.941 2.908 2.844 2.570 2.863 2.766 2.684 2.576 2.579 2.562 2.547 2.719 2.703 2.752 2.899 2.849 2.815 2.768 2.676 2.634 2.510 2.472 2.397 2.076 2.143 2.156 2.089 2.724 2.686 2.738 2.663 2.750 2.850 2.970 3.093 3.139 3.360 3.474 3.477
C1910TS247_3 0.588385 8.701 8.943 5.593 4.338 3.377 3.260 3.259 3.207 3.250 3.222 2.751 2.586 2.343 2.269 2.300 2.469 2.639 2.613 2.872 2.869 2.824 2.736 2.569 2.335 2.279 2.278 2.208 1.897 1.826 1.852 1.746 2.223 2.195 2.209 2.135 2.248 2.310 2.325 2.653 2.914 3.836 4.209 5.534
C1910TS196_1 0.624679 5.161 5.428 3.813 3.328 3.158 2.981 3.005 2.794 2.945 2.883 2.797 2.645 2.584 2.578 2.497 2.674 2.614 2.720 2.900 2.861 2.830 2.743 2.669 2.658 2.514 2.419 2.383 2.053 2.145 2.127 2.097 2.592 2.549 2.567 2.495 2.535 2.558 2.660 2.768 2.899 2.908 2.860 3.257
C1910TS054_3 0.502317 6.154 7.413 4.203 3.615 3.226 3.098 3.105 2.948 3.098 3.040 2.999 2.855 2.784 2.769 2.699 2.838 2.798 2.879 3.027 3.000 2.956 2.920 2.859 2.911 2.833 2.807 2.892 2.722 2.845 2.957 2.883 3.203 3.214 3.249 3.303 3.432 4.190 5.595 7.169 6.503 7.136 6.995 9.085
C1910TS278_5 0.608311 4.674 3.941 4.241 3.980 3.975 4.132 4.276 3.747 4.064 3.875 3.579 3.518 3.415 3.264 2.905 3.229 3.045 2.994 3.217 3.441 3.438 3.554 3.306 2.663 2.590 2.483 2.487 2.284 2.328 2.203 2.116 2.710 2.709 2.764 2.735 2.766 2.843 2.981 3.211 3.316 3.449 3.617 4.744
C1910TS413_5 0.50927 7.326 7.478 7.510 5.926 4.327 3.331 3.229 3.158 3.221 3.191 3.029 2.931 2.982 2.883 2.498 2.741 2.800 2.664 2.785 4.528 4.435 4.321 4.110 2.892 2.886 2.787 2.752 2.538 2.541 2.517 2.408 2.985 2.970 3.038 3.011 3.053 3.160 3.238 3.265 3.273 3.431 3.778 3.778
C1910TS404_2 0.462532 12.238 5.397 3.640 3.425 3.374 3.391 3.392 3.190 3.161 3.347 3.341 3.362 3.182 3.162 3.184 3.332 3.489 3.389 2.205 2.416 2.403 2.858 2.822 2.890 2.929 2.989 3.051 3.045 3.129 3.149 3.137 3.461 3.537 4.433 6.047 12.617 14.276 15.000 15.000 15.000 15.000 15.000 15.000
C1910TS087_2 0.683333 4.710 3.600 1.872 2.371 1.951 1.580 2.221 1.743 1.965 1.949 2.106 2.685 2.452 2.453 3.242 3.557 3.553 3.711 2.861 1.841 2.263 1.667 1.520 1.147 0.951 1.006 0.704 0.984 0.804 0.875 0.733 1.191 1.611 1.909 1.888 2.726 2.609 2.221 2.676 2.995 4.139 4.910 5.575
C1910TS278_3 0.601746 4.347 4.531 4.580 3.873 3.987 4.097 4.292 3.714 4.028 3.842 3.595 3.359 3.357 3.356 2.989 3.309 3.107 2.984 3.199 3.388 3.327 3.398 3.106 2.441 2.258 2.207 2.245 1.957 1.981 1.972 1.935 2.592 2.532 2.612 2.536 2.607 2.691 2.827 2.936 2.939 3.218 3.447 3.345
C1910TS309_2 0.50209 11.667 8.072 5.911 5.943 4.404 3.413 3.414 3.216 3.286 3.335 3.251 3.107 3.215 3.104 2.909 3.056 2.951 2.884 3.037 4.526 4.403 4.272 3.919 3.015 2.912 2.896 2.881 2.557 2.571 2.469 2.341 2.954 2.946 3.003 2.993 3.025 3.092 3.190 3.217 3.170 3.520 3.563 3.974
C1910TS073_1 0.522031 3.823 3.321 2.521 3.238 2.996 2.334 2.460 2.386 2.736 2.216 2.441 2.592 3.063 2.798 3.260 3.758 3.806 4.386 4.359 4.955 4.695 4.517 4.917 3.836 3.904 3.695 2.923 3.055 3.002 2.928 3.512 3.828 4.188 3.794 4.820 4.892 5.570 5.444 5.063 4.423 6.063 4.937 5.993
C1910TS152_2 0.611746 3.879 4.536 3.301 3.199 3.104 3.088 3.103 2.909 3.047 3.027 2.947 2.844 2.763 2.849 2.760 2.879 2.869 2.929 2.991 2.964 2.959 2.962 2.897 2.894 2.858 2.797 2.770 2.578 2.565 2.482 2.348 2.983 2.965 2.987 3.009 3.036 3.113 3.202 3.254 3.232 3.374 3.530 3.582
C1910TS299_3 0.601446 4.347 4.526 4.580 3.873 3.988 4.099 4.293 3.716 4.027 3.842 3.592 3.359 3.359 3.361 2.991 3.324 3.116 2.989 3.203 3.385 3.354 3.436 3.151 2.496 2.303 2.290 2.314 2.036 2.084 2.100 2.018 2.655 2.617 2.698 2.628 2.681 2.789 2.931 3.049 3.046 3.329 3.545 3.418
C1910TS066_1 0.63906 5.947 6.663 4.321 3.751 3.300 3.202 3.221 3.138 3.183 3.147 2.670 2.604 2.468 2.475 2.503 2.572 2.665 2.819 2.863 3.068 2.952 2.653 2.572 2.365 2.365 2.346 2.289 1.977 1.790 1.803 1.702 2.075 2.046 2.062 1.949 1.995 2.077 2.068 2.371 2.553 3.430 3.375 4.165
END



