PFRMAT QA
TARGET C1910_0406
AUTHOR 9748-1420-9970
METHOD Ornate (trained on all from CASP5-10)
METHOD -------------
MODEL 2
QMODE 2
C1910TS258_4 0.441  6.39  5.21  5.52  5.98  3.04  4.29  3.37  2.02  4.48  3.75  2.72  2.24  4.05  2.76  2.14  3.37  2.61  3.39  3.69  2.65   2.3  3.02  2.46  3.34  3.81  3.87  3.66  8.32  6.27  10.3  9.29   4.2  3.48  3.05  2.98  3.75  4.01   6.4  5.39  3.45   4.8  4.41  29.8
C1910TS345_4 0.445  4.02  7.25  3.44  2.61  1.38  4.04  4.67  2.76  4.46  6.98   3.8  3.08  5.11  10.0  4.11  10.3  9.26  4.86  4.95  4.01  1.73  2.04  2.24  2.44  2.73  4.05  3.07  2.86  3.76  5.32  2.88  3.76  4.16  8.81   5.7   3.8  5.78  3.33  3.35  2.56  2.93  3.95  3.31
C1910TS247_3 0.425  5.08  8.57  5.64  16.8  3.28  6.98  5.13  2.94  6.14  6.83   3.6   3.3  5.19  3.68  1.89  3.69  3.12  3.79   3.6  2.88  2.92  2.88   2.4  3.83  3.66  3.89  3.76  4.37  5.21   7.2  2.88  3.62  3.28  4.15  3.45  2.64  3.56  3.66  3.54  4.16  10.1  9.46  29.8
C1910TS179_1 0.445  4.76  9.32  6.82  7.77   3.1  5.15  3.53  1.92  4.35  3.61  3.05  3.88  4.38  3.36  2.71  5.08  3.73  5.41   7.6  4.37  2.86  3.53  2.54  2.88  3.14  3.09  2.66  2.87  2.76  5.25  2.84  2.88   2.7  3.66  3.58  2.94  4.43  3.63  3.43  3.46   6.6  4.79  7.25
C1910TS278_1 0.464  7.67  29.8  7.05  6.83   0.0  4.94  3.46  1.73  3.55  4.06  2.26  2.86  3.74  3.41  2.78  4.37  2.64  3.37  3.96  2.93  2.37  2.69   2.6  3.71  3.77  4.31  3.43  4.28  4.64  5.12  2.69  2.86  2.82  3.44  2.48  2.06   3.4  4.07  3.38  3.86  4.76  4.52  4.27
C1910TS247_2 0.435  29.8  29.8  7.89   7.0  1.21  6.87   3.2  2.02  4.26  3.66  2.64  2.92  4.05   3.5  2.83   4.4  3.81   3.8  5.46   3.4  2.36  2.88  3.07   3.3  4.82  3.99  3.65   4.0  3.64  5.92  2.42  3.21  2.82  5.03  3.49  2.29  4.67  3.88  3.55  4.18  6.84  5.76  15.3
C1910TS345_5 0.447   8.6  27.0   3.4  3.47 0.502  3.25   1.7  1.32  1.74  3.46  5.83  4.31  12.9  4.01  3.84  9.16  8.76  6.23  4.43  5.76  3.31   2.4  2.02  3.82  2.63  2.26  3.36  2.69  2.57  4.02  2.12  3.46  3.45  3.58   3.8  3.22  5.71  4.42  4.11  5.36  10.0  7.44  10.7
C1910TS414_1 0.468  6.45  29.8  7.77  8.23   0.0  4.94  2.53  1.63  3.51  3.69  2.76  3.11  4.14   2.9  2.62  4.81  2.56   3.0  3.99  3.28  2.13  3.28  2.61  3.14  3.27  3.52  2.78  3.48   3.3  4.58  2.68  3.55  2.77  4.12  3.16  2.06  3.86  3.75  3.24  3.42  5.38  4.23  5.85
C1910TS258_5 0.448  4.74  6.83  4.95  6.42  2.72  5.29  4.01  2.12   5.3  4.34  2.65  2.68  3.86  2.86  2.38  3.54  2.24  3.22  3.34  2.92  2.35   2.8  2.92  3.82  3.44  4.15  3.47  6.23  4.21  5.97  4.16  6.86  3.98  3.76  3.91  2.33  3.78  3.63  3.15   3.6   4.7  4.82  6.22
C1910TS182_4 0.437  8.16  29.8  5.94  29.8   2.8  22.4  3.33   1.8  5.15  4.54   2.3  2.28  3.71  2.76  2.14  3.21  2.48  3.36  3.86  2.68  2.23  2.52  2.39  3.17  3.09  3.62   2.6  3.31  3.22  4.21  2.61   3.8  4.16  5.49  3.29  3.43  29.8  6.07  5.56  6.18  8.85  5.26  24.1
C1910TS414_3 0.464  6.35  16.4  5.73  6.89   3.2  4.34  3.65  2.15  4.09  3.99  2.38  2.58  3.88  2.82  1.89  3.68  2.45  3.53  3.75  2.65  2.22  2.98  2.16  3.26  3.58  3.55  3.35  3.45   4.0  5.56  2.82  3.36  2.78  3.62  3.07  2.21  3.68  3.47  3.61  3.57  5.88  5.12  4.58
C1910TS123_5 0.406  10.4  8.89  6.03  29.8  4.93  5.43  5.17  3.17  8.54  6.82  3.36  3.92   5.4  4.32  3.46  5.71  3.19  4.16  4.15  3.65   2.5  3.45  3.64  4.99  4.32  5.24  4.67  10.3  5.41  5.92  3.12  4.46  3.58  4.26  3.35  2.74   4.7  4.24  3.37  3.73  4.63   5.1  4.41
C1910TS278_2 0.468  11.4  29.8  7.88  6.74   0.0  4.85  3.42   1.7  3.52  4.05  2.16  2.49  3.79  3.29  2.13  3.67  2.55  3.38  3.67  2.72   2.2  2.58  2.44   3.7  3.77  4.24  3.39  4.31  4.64   5.1   2.7  2.87  2.82  3.46  2.45  2.08  3.36  4.05  3.37  3.73  4.36  4.36  5.34
C1910TS066_1 0.467  4.85  29.8  3.09  5.79  2.17  5.72  2.86  1.81  3.51  3.51  2.32  2.79  3.72  2.57  2.55  4.19  2.87  4.16  4.17  3.05  2.63   3.2  1.98  2.83  3.29  3.14  3.04   3.3  4.84  5.19  3.21  3.18  3.11   3.6  2.94  2.26  3.73  3.65  3.74  3.51  4.82  5.14  5.84
C1910TS278_3  0.46  29.8  29.8  8.07  6.72   0.0  4.91  3.37  1.66  3.67  3.95  2.34  3.49   3.7  3.45  2.94  4.84  2.84  3.48  3.72  3.05  2.36  2.69  2.57  3.71   3.8  4.28  3.38  4.29  4.72  5.08   2.5  2.77  2.88  3.55  2.53  2.14  3.46  4.15  3.46  3.99  4.83  4.12   4.0
C1910TS123_4 0.406  10.4  8.89  6.03  29.8  4.93  5.43  5.17  3.17  8.54  6.82  3.36  3.92   5.4  4.32  3.46  5.71  3.19  4.16  4.15  3.65   2.5  3.45  3.64  4.99  4.32  5.24  4.67  10.3  5.41  5.92  3.12  4.46  3.58  4.26  3.35  2.74   4.7  4.24  3.37  3.73  4.63   5.1  4.41
C1910TS103_1  0.35  9.78  29.8  29.8  29.8  4.71  10.8   6.0  2.65  5.36  4.19  2.65  3.17  4.85  3.63  2.74  4.19  2.67  3.46  4.09  3.58  2.39  3.07  3.83  5.17  6.76  8.31  5.23  10.9  29.8  8.37  4.65  29.8  9.67  29.8  8.82  5.11  10.8  5.56  23.1  29.8  29.8  6.92  29.8
C1910TS247_1 0.427  18.4  29.8   4.4  7.51  4.57  7.36   3.7  2.47  3.47  4.84  3.39  2.84  4.21  3.58   2.5  4.71  3.77  4.84  3.59  4.94   2.3  3.11  3.26  3.73  5.13  4.26  3.66  3.82  4.55  5.26  2.54  3.86  2.78  3.69  3.49  3.08  3.59  3.51  3.51  3.92  8.52  8.64  7.04
C1910TS414_2 0.454  8.43  29.8  7.37  5.39   1.5  5.97   3.7  1.85  3.94  3.95  2.29  2.51  3.86  3.24  2.19  3.77  2.52  3.43   3.6  2.64  2.31  2.55  2.39  3.79  4.01  3.88  3.44  4.26  4.41  5.05   2.7  2.95   3.0  3.56  3.04  2.73  3.54  4.02  3.78   4.1  13.8  6.76  6.32
C1910TS182_5 0.406  10.2  29.8  5.74  29.8  7.48  11.2  3.77  2.07  4.97  4.51  3.09  2.79  4.23  2.53  2.35  4.36   2.6  3.29  4.27  3.62   2.6  3.25  2.88  3.74  3.42   3.3  3.95  4.19  4.32  6.09  3.36  4.32  4.71  8.05  4.51  3.52  16.0  14.9  5.41  14.4  12.2  5.05  7.11
C1910TS182_1 0.419  29.8  29.8  6.28  29.8   3.9  6.47  5.15  2.06  3.44  3.84  2.45  2.38  3.99  3.22   1.8  3.82  2.72  2.98  3.55  2.46  1.97  2.76  2.26  3.08  3.64  3.76  3.14  3.26  4.19  5.06  2.96  4.05  3.26  5.46  4.07  3.35  5.94  4.26  29.8  29.8  29.8  29.8  29.8
C1910TS258_2  0.45  4.29  8.01  4.49   4.2  2.27  4.65   3.3  1.63  3.54  3.42  2.35  1.98  3.52  2.93  1.84  3.63  2.49  2.91  3.32  2.51  2.04  3.09   2.1  3.48   3.3  3.67  3.57  6.19  6.03  12.6  8.51  29.8  4.92  5.54  4.52   3.5  3.76  3.51  3.41  3.15  3.92  8.15  7.73
C1910TS247_5 0.421  7.02  29.8  8.88  13.7  3.85  6.61  4.18  2.82   4.2  4.86  3.44  3.37  4.61  3.87  3.68  4.19  3.02  4.74  5.38  3.72  2.25  3.52  3.23  3.38  4.64  4.55  3.27  4.03   4.9  7.96   2.4  3.79  3.07  4.35  3.79  2.39  3.87  4.33  3.36  4.04  5.32  6.21  5.76
C1910TS345_2 0.458  29.8  6.68  1.92  4.18  2.36  4.43  2.94  1.95   4.0   2.6  2.07  1.63   3.2  1.75  1.75  2.62  1.08  3.62  5.54  4.45  29.8  4.93  3.99  5.36  4.13  2.16  2.02  2.72  2.69  3.79  2.95  4.96  4.28  3.85  4.87  4.05  3.97  4.63  5.07   5.2  5.77  5.58  7.75
C1910TS123_1  0.43  10.2  6.95  2.95  4.13  2.29  5.43  2.93  2.53  5.14  3.84  3.63   3.2  4.88  3.78  2.48  4.51  3.25  3.48  3.71  4.29  2.65   3.2  3.31  4.06  3.85  3.56  3.98  5.08  4.39  4.79  3.02  2.87  3.63  5.39  3.65  2.93  4.93   5.4  4.34  5.32  5.19  29.8  12.9
C1910TS345_3 0.471  5.31  29.8  3.88  5.44  2.26  4.65  2.77   1.5  2.42  2.54  1.89  1.63  2.72  1.59  1.57  2.84   1.5  3.69  6.06  5.31  29.8  5.23  3.95  5.42  3.78  3.19  3.04  11.0  5.15  2.72   2.5   3.1  2.46  3.35  3.08  2.65  3.05  3.13  3.36  2.82  8.71  4.11  4.21
C1910TS247_4 0.425  5.46  7.63  5.37  7.02  3.15   5.3  4.01   3.0  6.77   4.5  3.99  3.13  4.66  3.55  3.26  4.21  4.18   3.9  4.05  3.49  3.38  3.38  3.36  4.74  4.29  3.64   3.7  4.87  4.72   4.9  2.82  3.45  2.92  4.94  2.94  2.39  3.63  3.83  3.11  4.92  8.59  10.9  5.55
C1910TS003_1 0.357  6.28  8.48  5.72  5.62  3.93  29.8  29.8  3.69  8.63   8.4  12.7  9.26  10.7  29.8  5.88  29.8  29.8  29.8  29.8  29.8  29.8  21.9  12.6  5.65  5.49  3.13  2.86  3.53  3.65  3.73  2.78  3.08  2.75  3.59  2.99  2.29  3.83  4.03  3.98  3.77  4.63  4.89  11.3
C1910TS258_3 0.453   6.6  6.04  4.93  4.39  2.76   4.1  2.74  1.67  3.73  3.17  2.38  2.31  3.49  2.67  2.19  3.59  2.45  3.08  4.28  2.98   2.2  2.65  2.65  3.09  3.68  3.41  2.78  6.44  3.83  5.65  5.04  5.72  4.88  7.12  4.87  3.02  4.59  3.07  3.14   4.4  6.63  5.09  8.41
C1910TS347_1 0.408  4.05  8.15  5.52  4.92  2.94  4.12  4.15  2.45  4.75   6.1   4.0  3.79  5.61  4.42  2.45  6.24  6.48  3.92   4.7   4.0  2.95  3.44  3.37  3.78  3.85  4.35  3.42  4.38  5.04   5.5  2.68  3.83  4.14  4.04  4.06  3.22  4.73  4.33  3.64  5.96  9.06  29.8  29.8
C1910TS414_5 0.447  4.48  29.8  7.27  17.7  1.64  6.49   3.7   1.9  4.01  3.97  2.41  2.87   3.8   3.3   2.9  4.46  2.53  3.43  3.85  2.87  2.43  2.67  2.44  3.79  3.99  3.94  3.47  4.29  4.38  5.07  2.62  3.16  2.92  3.58  3.47  2.92  3.87  3.99  3.01  3.57  9.11  7.72  29.8
C1910TS182_2 0.436  7.78  29.8  5.86  29.8  2.92  23.0  3.35  1.82  5.06  4.47  2.25  2.33  3.63  2.76  2.18  3.22  2.45   3.4  3.92  2.63  2.25  2.44  2.35  3.26  3.32  3.63  2.83  3.38   3.2  4.08  2.71  3.49  4.25  5.32  3.28  3.38  29.8  6.12  4.94  7.74  15.1  6.15  13.8
C1910TS003_3 0.356  29.8  29.8  4.87  29.8  11.0  29.8  13.3  5.97  15.7  5.37  4.82  3.63  5.29  2.91   2.5  3.67  2.66  3.64  3.78  2.51  2.64  3.96  4.74  9.14  29.8  15.7  7.75  10.2  9.08  9.44  5.57  29.8  4.13  12.6  5.15  3.98   3.9  4.22  4.18  6.42  12.9   9.2   5.6
C1910TS258_1  0.42  5.82  7.59  5.91  9.72   3.7  4.28  3.55  1.78  3.66  3.91  2.69  2.93  3.98  3.62  2.57  4.54  2.62  2.93  3.61  3.22  1.92  2.39  2.45  3.33  3.69  3.45  2.94  6.46  9.01  9.02  4.54  9.45   7.2  29.8  5.62   3.4  4.54  4.51  3.07  3.67  7.67  29.8  29.8
C1910TS345_1 0.464  6.14  17.9  4.04  2.75  1.16  2.81  2.18  1.66  1.65  2.06  2.21  1.87  2.62  2.62  2.36  6.39  5.03  6.33  29.8  29.8  5.12   8.0  5.68  4.78  2.84  2.97  2.58  2.25  2.66  3.58  1.68  2.49  2.58  4.26  3.39  3.51  4.41  3.89  3.25  3.84  5.81  4.86  6.25
C1910TS044_1 0.482  7.26  29.8  5.48  4.29   0.0  4.68  2.94  1.72  3.66  3.79  2.39   2.4  3.93  2.87   2.2  3.46  2.45  3.06  3.76  2.54  2.17  2.79  2.23  3.05  3.15  2.94  2.78  3.43  3.09  4.67  2.63  3.13  2.76  3.46  2.88   2.0  3.46  3.87  3.36  3.95  4.79  5.23  5.55
C1910TS123_3 0.418  29.8  29.8  6.81  16.3  2.47  5.39  4.01  2.58  4.81  3.43  3.23  3.02  5.52  4.78  2.91  5.39  4.09  3.79  4.29  3.86  2.53  3.71  4.67  3.13  5.85  4.14  3.06  4.11  6.17  5.43  2.59   3.3  3.87  4.81  2.93  2.21   4.0  4.32  3.66  4.21  6.22  10.2  8.82
C1910TS278_4  0.46  29.8  29.8  7.95   6.7   0.0  4.91  3.35  1.66  3.67  3.94  2.33  3.48   3.7  3.45  2.93  4.84  2.83  3.48  3.72  3.04  2.35  2.67  2.57  3.71  3.76  4.28  3.43  4.29  4.64  5.12  2.69  2.87  2.85  3.48  2.51  2.13  3.43   4.1  3.47  3.93  4.68  4.04  4.04
C1910TS278_5 0.448  10.1  29.8  29.8  8.53   0.0  4.75   3.3  1.62  3.61  3.84  2.26  3.44  3.67  3.39  2.87  4.79  2.76  3.43   3.7  3.02  2.28  2.65  2.54  3.68  3.72  4.23  3.38  4.32  4.59  5.05  2.69  2.83  2.86  3.57  2.47  2.35  3.67  3.84  3.67  3.95  7.22  29.8  29.8
C1910TS123_2  0.43  10.2  6.95  2.95  4.13  2.29  5.43  2.93  2.53  5.14  3.84  3.63   3.2  4.88  3.78  2.48  4.51  3.25  3.48  3.71  4.29  2.65   3.2  3.31  4.06  3.85  3.56  3.98  5.08  4.39  4.79  3.02  2.87  3.63  5.39  3.65  2.93  4.93   5.4  4.34  5.32  5.19  29.8  12.9
C1910TS003_2 0.376  5.05  9.03  6.14  15.6  5.52  9.82  29.8  4.66   7.5  7.71  6.26   4.8  7.93  19.0  7.19  6.36  5.34  6.92  4.71  3.21  2.73  3.15  2.32  3.41   3.5  3.37  3.83  7.65  6.57  8.86  3.83  6.15  3.63  4.28  3.89  2.36  4.48  4.58  3.34  4.57  29.8  10.7  29.8
C1910TS182_3 0.417  29.8  29.8  14.8  29.8  4.22  7.68  5.98  1.95  3.38  3.79  2.53  2.88  3.85  3.21  2.31  3.38  2.58   3.3  3.93  2.52  2.11   2.4  2.39  3.06  3.76  3.87  3.14  3.09  5.03  6.51  3.02  3.82  3.07  4.78  3.72  3.08  4.44  4.15  29.8  29.8  29.8  29.8  29.8
C1910TS414_4 0.447  19.8  29.8  29.8  10.8  1.92  5.11  3.13  1.91  3.78  3.88  2.42  2.97  3.79  3.27  2.89  4.49  2.55  3.41  3.86   2.8  2.27  2.58  2.46  3.22  3.86  4.45  3.32  3.33  4.07  5.97  2.68  3.61  2.93   4.0  2.93  2.12  4.01  3.67  3.29  4.23  6.17  5.39  29.8
C1910TS413_5 0.433  15.4  29.8  7.47  6.34  1.16  7.73  3.94  2.27  4.34  4.78  3.19  3.41  4.43  4.36  2.78  4.63  3.87   4.0  3.66  4.14   2.6  3.21  2.96   3.9   3.9  3.58  3.38   4.5  4.34  4.71   2.7  3.45  2.96  3.92  2.78  2.15  4.69  3.71  3.34  4.58  9.76  7.23  4.01
C1910TS102_1  0.35  9.78  29.8  29.8  29.8  4.71  10.8   6.0  2.65  5.36  4.19  2.65  3.17  4.85  3.63  2.74  4.19  2.67  3.46  4.09  3.58  2.39  3.07  3.83  5.17  6.76  8.31  5.23  10.9  29.8  8.37  4.65  29.8  9.67  29.8  8.82  5.11  10.8  5.56  23.1  29.8  29.8  6.92  29.8
C1910TS413_4 0.445  7.02  29.8   6.7  5.61 0.392  6.82  3.19  1.57  4.33  3.71  2.25  2.97  4.96   3.6  2.99  5.33  4.07  3.68  3.66  3.83  2.71  3.23  2.99  4.13  3.81  3.91  3.62  4.85  4.44  5.05  2.51  3.37  2.84  3.93  2.77  1.96  4.34  3.42  3.29  4.55  9.23  6.98  4.32
C1910TS067_1 0.371  29.8  29.8  19.8  29.8  4.53  7.27  5.25  2.17   4.9  4.03  2.85  2.41   4.6  3.05  2.09  3.53   2.7   3.3   3.3  2.74  2.25  3.36  3.14  3.81  4.22  4.94  5.14  7.71  29.8   9.5  4.27  29.8  5.82  29.8  10.3  3.23  14.5  10.6  11.2  29.8  29.8  29.8  29.8
C1910TS067_3 0.376  29.8  29.8  23.8  29.8   5.0  9.46  4.36  2.17   5.1  3.85  2.56  2.45  4.37  3.14  2.22  4.72  2.82  3.55  3.49  3.36  2.32  3.07  2.79  3.81  3.67  4.85  5.67  9.22  29.8  10.6  4.62  29.8   5.5  29.8  7.07  2.98  12.2  9.02  6.66  29.8  29.8  11.4  20.5
C1910TS299_4  0.46  29.8  29.8  7.95   6.7   0.0  4.91  3.35  1.66  3.67  3.94  2.33  3.48   3.7  3.45  2.93  4.84  2.83  3.48  3.72  3.04  2.35  2.67  2.57  3.71  3.76  4.28  3.43  4.29  4.64  5.12  2.69  2.87  2.85  3.48  2.51  2.13  3.43   4.1  3.47  3.93  4.68  4.04  4.04
C1910TS240_5 0.409  4.72  29.8  6.39  11.3  3.98  4.46  5.22  2.28  6.35  4.83  2.64  2.83   4.6  3.38  3.03  4.63  2.57  3.48  3.84  2.88  2.45  2.68  2.57  3.66  3.93  4.33  3.46  4.52  4.52  5.61  3.69  8.74   3.2  6.01  7.61   4.6  4.66   4.7  3.14  10.2  29.8  29.8  29.8
C1910TS359_1 0.443  18.3  8.56   5.7  8.15  3.64  5.35  3.52  2.12  7.67  4.16  2.63   3.4  4.57  3.03  2.97  4.93  2.95  3.52  3.71   3.1  2.44  2.66  2.64  3.72  3.87  4.23  3.35  4.16  4.72  5.23  2.43  2.85  2.93   3.8  2.84  2.12  3.75  3.92  3.68  6.96  4.51  4.51  5.42
C1910TS158_4  0.37  29.8  29.8  9.04  29.8  4.26  29.8  5.65  2.86  4.31  5.52  3.14  4.14  7.61  11.9  3.64  6.44  3.06  4.08  3.79  3.72  2.59  3.13  2.73  3.98  4.47  3.88  4.08  6.99  5.41  5.07  3.14  5.92  5.34  26.1  5.51   3.4  6.22  3.19  13.1  8.26  29.8  29.8  29.8
C1910TS158_5 0.418  8.81  26.1  4.04  8.01  11.1  12.8  9.96  2.05  4.42  3.48  2.36  2.53  3.89  2.63  2.52  3.85  2.92  3.43  4.32  3.44  2.56  3.01  2.72   3.4   3.6  3.61  3.58  4.99  4.73  5.03  3.08  4.31  4.04  6.52  3.53  2.78  4.52  3.79  5.14  8.77  29.8  8.22  29.8
C1910TS240_4 0.405  5.67  29.8  6.45  7.18  3.92  4.28  4.54  2.23  7.26   4.6  2.76  3.57  4.79  3.49  3.25  5.05  3.03  3.56  3.72  3.14  2.48  2.65  2.45  3.77  3.98  3.97  3.23  4.45  4.55  6.03  3.74  9.24  3.23  6.94  11.0  4.51  4.69  5.19  2.93  9.91  29.8  29.8  29.8
C1910TS299_5 0.448  10.1  29.8  29.8  8.53   0.0  4.75   3.3  1.62  3.61  3.84  2.26  3.44  3.67  3.39  2.87  4.79  2.76  3.43   3.7  3.02  2.28  2.65  2.54  3.68  3.72  4.23  3.38  4.32  4.59  5.05  2.69  2.83  2.86  3.57  2.47  2.35  3.67  3.84  3.67  3.95  7.22  29.8  29.8
C1910TS067_2 0.369  29.8  29.8  16.9  29.8  10.9  11.6  4.26  2.93   7.1  4.46  2.92  2.82  4.39  2.73  1.95  3.89  2.61  3.35  3.46   3.1  2.33   2.9   2.9  3.61  3.71  5.04  5.82  7.54  29.8  10.0   4.7  29.8  5.41  29.8  5.78  3.04  8.68  9.26  29.8  29.8  12.8  10.6  29.8
C1910TS299_1 0.464  7.67  29.8  7.05  6.83   0.0  4.94  3.46  1.73  3.55  4.06  2.26  2.86  3.74  3.41  2.78  4.37  2.64  3.37  3.96  2.93  2.37  2.69   2.6  3.71  3.77  4.31  3.43  4.28  4.64  5.12  2.69  2.86  2.82  3.44  2.48  2.06   3.4  4.07  3.38  3.86  4.76  4.52  4.27
C1910TS413_3 0.439  17.3  29.8  7.95  7.84   0.0  6.95  2.96  1.84  4.06  5.16  2.82  3.31  4.72  4.09  2.76  4.97  3.37  3.79  3.63  3.82  2.47  2.89   2.8   3.6  3.74  3.73  3.74  4.92  4.23  5.37  2.63  3.21  2.84  3.85  3.15  2.11  4.27  3.71  3.57  4.46   8.6  8.58  4.56
C1910TS087_3 0.437  4.63  21.7  2.91  3.73  2.04  5.24  2.53  1.62  4.09  3.76  2.47  2.66  3.36  2.54  2.39   4.1  2.45   3.2  4.09  2.81  2.31  2.93  2.42  3.27  3.62  4.24   3.6  4.64  4.72   5.0  2.85  5.39   3.0  4.14  4.12  6.74  9.26  8.87   6.4  14.2  29.8  8.68  29.8
C1910TS301_1 0.482  7.26  29.8  5.48  4.29   0.0  4.68  2.94  1.72  3.66  3.79  2.39   2.4  3.93  2.87   2.2  3.46  2.45  3.06  3.76  2.54  2.17  2.79  2.23  3.05  3.15  2.94  2.78  3.43  3.09  4.67  2.63  3.13  2.76  3.46  2.88   2.0  3.46  3.87  3.36  3.95  4.79  5.23  5.55
C1910TS158_1 0.433  5.51  3.78  2.57  6.38  8.13  29.8  29.8  3.92  4.94  5.01  3.65  3.79  4.48   3.4  2.26   3.8  3.64  3.43  4.08  3.58  2.26  3.14  2.66   3.1  3.59  3.19  3.13  3.71  3.85  3.98  2.95  3.59  2.34  4.09  3.28  1.58  3.58  3.43  4.59   6.7  7.92  7.33  29.8
C1910TS240_1 0.414  4.21  12.8   5.5  11.3  4.53  4.45  4.35  2.29  7.82  4.29  2.62  3.48  4.57  2.99  3.22  5.02  2.86  3.54   3.7  3.16  2.47  2.67  2.55   3.7  3.97  4.31  3.48  4.52  4.52  5.68  3.78  6.68  3.05  5.01  6.71  4.02  5.07  4.74  3.39  5.42  22.3  29.8  29.8
C1910TS413_2 0.439   6.8  29.8  8.02  6.73   0.0  5.82  2.51  2.18  4.23  4.26   3.0  3.24  4.22  3.44  2.64  4.98  3.91  3.93  4.05  4.48  2.59  3.18  3.17  4.06  3.91  3.49  3.73  4.63  4.23  4.47  2.51  3.39   2.8  4.33  2.75  2.06  4.45  3.98  3.68  4.84  9.42   9.5  6.37
C1910TS087_2 0.472  4.31  2.35  1.04  2.53  1.83  3.97  2.12  2.51  3.02  2.83  2.69  5.57  6.05  4.56  4.92  27.7  5.89  7.26  8.36  3.95   3.5  2.74   1.8  3.18  2.21  1.99  2.65  2.95  2.37  3.79  2.36  3.08  3.45  3.56  3.66  3.56  6.97  3.37  4.06  3.88  3.79   3.8  3.49
C1910TS299_2 0.468  11.4  29.8  7.88  6.74   0.0  4.85  3.42   1.7  3.52  4.05  2.16  2.49  3.79  3.29  2.13  3.67  2.55  3.38  3.67  2.72   2.2  2.58  2.44   3.7  3.77  4.24  3.39  4.31  4.64   5.1   2.7  2.87  2.82  3.46  2.45  2.08  3.36  4.05  3.37  3.73  4.36  4.36  5.34
C1910TS067_5 0.369  29.8  29.8  16.9  29.8  10.9  11.6  4.26  2.93   7.1  4.46  2.92  2.82  4.39  2.73  1.95  3.89  2.61  3.35  3.46   3.1  2.33   2.9   2.9  3.61  3.71  5.04  5.82  7.54  29.8  10.0   4.7  29.8  5.41  29.8  5.78  3.04  8.68  9.26  29.8  29.8  12.8  10.6  29.8
C1910TS240_3 0.411  5.31  29.8  3.77  29.8  3.91  6.67  5.24  2.04   4.8  3.44  2.54  3.28  3.88  2.84   2.9  4.57  2.72  3.12   3.8  3.25  2.53  2.99  2.43  3.81  3.96  3.93  3.25  4.38  4.57  5.99  3.62  8.27  3.24  29.8  10.7  3.88  4.36  3.89  3.52  5.78  29.8  29.8  29.8
C1910TS158_2 0.392  8.46  13.7  9.48  12.8  4.61  29.8  5.68   2.2  4.15  4.81  2.53  2.28  4.73  3.87   2.2  4.34  3.41  3.57  4.02  3.74  2.67   2.9  3.61  6.65  5.26  5.12  5.82  29.8  10.9  29.8  9.88  6.33  4.83  10.3  3.15   2.7  5.04  3.97  4.02  4.43  8.24  12.9  8.85
C1910TS158_3 0.396  8.93  13.4   6.7  6.61  2.76   5.3  4.05  2.87  5.13  4.83  4.78  4.06  6.55  4.16  2.87  8.36   3.5  4.26  5.47  7.31  4.52  4.62  4.88   3.5   4.7  4.99  3.22  4.78  4.66   6.5  3.57   3.7  3.92  4.91  4.02  3.25  4.95  4.53  3.93  4.28  6.36  5.51  29.8
C1910TS240_2  0.41   4.2  10.7  5.66  12.9  4.53   4.7  4.41  2.35  8.82  4.53  2.49   2.8  4.38  2.98  2.99  4.64  2.62  3.43  3.87  2.89  2.46  2.68  2.57  3.75   4.0  4.44  3.53  4.48  4.63  5.48  3.72  10.1  3.02  4.82  8.05  4.19  5.42  7.07   3.4  10.0  29.8  29.8  29.8
C1910TS067_4 0.371  29.8  29.8  19.8  29.8  4.53  7.27  5.25  2.17   4.9  4.03  2.85  2.41   4.6  3.05  2.09  3.53   2.7   3.3   3.3  2.74  2.25  3.36  3.14  3.81  4.22  4.94  5.14  7.71  29.8   9.5  4.27  29.8  5.82  29.8  10.3  3.23  14.5  10.6  11.2  29.8  29.8  29.8  29.8
C1910TS299_3  0.46  29.8  29.8  8.07  6.72   0.0  4.91  3.37  1.66  3.67  3.95  2.34  3.49   3.7  3.45  2.94  4.84  2.84  3.48  3.72  3.05  2.36  2.69  2.57  3.71   3.8  4.28  3.38  4.29  4.72  5.08   2.5  2.77  2.88  3.55  2.53  2.14  3.46  4.15  3.46  3.99  4.83  4.12   4.0
C1910TS087_1 0.451  29.8  29.8  6.65  8.87 0.695  5.27   3.3   2.0  5.16  3.64  2.31  2.38  3.32  2.32  2.06  3.31   2.5  3.35  3.61  2.65  2.18  2.99  2.38  3.62  3.93  3.31  3.29   3.2  3.43  4.66  2.86   3.4  2.98  3.61  3.34  2.73  3.41  4.02  3.52  8.52  29.8  16.9  29.8
C1910TS413_1  0.45  8.83  29.8  6.08  5.09 0.248  5.85  2.59  1.71  4.19  3.52  2.72  3.25  4.41  3.38  2.78  4.74   3.5  3.29  3.88  4.28  2.33   3.1  3.02  4.11  3.71  4.07  3.27  5.85   4.7  5.21  2.72  3.31  2.94  3.62  2.99  1.93  4.09  3.48  3.23  4.32  7.32  5.65  3.79
C1910TS196_1 0.458  13.8  29.8  4.19  6.82  2.94  4.44  3.49  1.82  3.76  4.09  2.32  2.79  3.76  3.38  2.72  4.38  2.65  3.37  3.94   2.9  2.35  2.69  2.57  3.71  3.79  4.26  3.38  4.29  4.73  5.07   2.5  2.77  2.83  3.53  2.48  2.13  3.37  4.05   3.4  3.76  4.47  4.33  5.25
C1910TS152_5  0.42  5.67  6.23  4.55  29.8  4.53  5.96  3.96   3.9  29.8  4.98  4.36  4.19  4.99  11.3  4.15  6.78  10.1   7.0  6.75  3.62  2.35  3.79  3.28  2.98  3.34  2.97  2.96  3.56  3.32  4.07   3.0  3.25   2.5  3.78  3.04  1.98  3.65  3.68  3.22  3.99   5.3  5.44  5.25
C1910TS210_3 0.457  10.2  29.8  8.49  4.81   0.0  6.11  3.67  1.75  3.81  3.99  2.52  2.57  4.04  3.22  2.06   3.8  2.58  3.57   3.6  2.75  2.64  3.03  3.34  3.64  3.89   4.5  3.76  4.15  4.44  5.32  2.61  2.83  2.83  3.57  2.65   2.1  3.53  3.91  3.35  3.75   5.8  5.99  5.15
C1910TS404_2 0.422  8.52  29.8  2.81  5.13  1.94  5.81   3.1  1.93  4.39  3.81  2.53  2.39  3.72  2.49  2.14  4.18  2.47  3.05   4.1  3.09  2.36  3.28  2.36  3.29  3.58  3.54  3.42  4.41  4.17   6.9  2.75  5.15  3.58  4.91  4.39  7.04  16.1  7.76  8.84  12.9  29.8  29.8  29.8
C1910TS404_3 0.424   8.6  29.8  2.81  5.14  1.94  5.82   3.1  1.93  4.39   3.8  2.53  2.39  3.72  2.49  2.14  4.17  2.47  3.05   4.1  3.09  2.36  3.28  2.35  3.29  3.58  3.55  3.42  4.41  4.17   6.9  2.74  5.15  3.55  5.06  4.39  6.45  9.05  8.61  10.3  5.49  29.8  29.8  29.8
C1910TS273_1 0.397  5.65  7.71  6.87  8.25  3.45  4.21  3.57  2.83  7.09  4.05  3.79  4.52  4.59  4.56   3.0  5.63  6.15  29.8  16.2  17.8  10.3  9.13   6.3  7.93  6.51  3.63  2.49  3.68  6.32  4.47  3.03  3.91  3.45  4.65   3.0  1.96  3.69  3.83  3.92  4.25  4.78  6.72  4.34
C1910TS210_2 0.457  8.39  29.8  9.93  5.85   0.0  5.71   3.7  1.75  3.66  4.06   2.6  2.59   4.1  3.27  2.08  3.87  2.58   3.6  3.59  2.75  2.66  3.15  3.46  3.63  3.88  4.55  3.83  4.16  4.44  5.42  2.58  2.86  2.83  3.54  2.59  2.09   3.4  3.79  3.18  3.89  5.35  5.24  7.52
C1910TS152_4 0.424  8.69  29.8  3.05  5.05  2.03  5.85   2.9  1.82  4.04  3.81  2.38  2.55  3.72  2.53  2.12  4.14  2.52  2.96  4.31  3.08  2.32  3.28  2.46  3.47  3.68  3.62  3.48  4.43  4.35  6.62  2.87  5.61  3.44  5.16  4.47  4.55  6.99  9.49  10.6  29.8  29.8  10.7  29.8
C1910TS230_5 0.425   3.8  5.26  5.54  5.08  3.28  4.33  3.84  2.34  4.49  3.73  3.13  3.79  3.93  3.52   2.7  4.77  5.74  29.8  19.6  7.82  5.61  6.55  4.34  6.83   5.6  3.94  2.41  3.17  4.94  4.81  3.04  3.61  2.86  3.79  2.92  2.11  3.69  2.87  2.85  4.08  5.33   5.8  5.43
C1910TS309_4 0.435  5.59  29.8  8.55  17.6  4.32  23.7  3.74  1.95   4.1  4.26  2.45  2.18  3.93   2.4  1.94  3.16  2.54  3.26  3.83  2.93  2.15  2.68  2.53  3.48  3.87  3.68  2.91  3.71  3.97  4.34  2.77  3.57  3.61  5.63  3.37  3.03  3.93  5.67  6.15  4.94  8.22  29.8  13.4
C1910TS131_5 0.473  7.03  7.22  5.28  4.81  2.75  4.74  3.43  2.09  5.72  4.22  2.15  2.18  4.27  2.51  1.92  3.46   2.5  3.11  3.37  2.66  2.28  2.89  2.11  3.22  3.82  3.71  3.22  3.28  4.44  4.78  2.97  2.86  2.95   3.4  2.66  1.99  3.53  3.87  3.29  3.68  5.66  4.77  3.31
C1910TS273_3 0.413  5.56  6.55  5.64  4.52  3.79  6.21  29.8  2.95  3.56  4.61  3.27  2.56  3.79  4.77  2.64  4.75  13.5  5.92  16.1  29.8  5.59   6.7  5.56  7.63  4.39   3.2  3.59  4.83   3.5   4.9  2.69  3.18  2.52  3.07   2.7  2.49  3.08   3.2  4.74  4.01  2.83  4.32  29.8
C1910TS404_1 0.419  8.53  29.8  2.81  5.13  1.94  5.81   3.1  1.93  4.39   3.8  2.53  2.39  3.72  2.49  2.14  4.18  2.47  3.05   4.1  3.09  2.36  3.28  2.36  3.29  3.58  3.54  3.42  4.41  4.17  6.91  2.75  5.16  3.58  4.91  4.39  7.02  14.3  12.9  11.6  29.8  29.8  29.8  29.8
C1910TS054_5 0.458  29.8  12.5  3.05  4.59  2.56  5.98  3.23  2.06  4.21   4.0  2.57  2.34  4.24  2.78  1.67  3.35  2.81  2.93  3.48  2.56  2.06  2.59  2.09  3.08  3.65  3.22  3.05  3.17  3.73  4.06  3.11  2.98  2.69  4.94  3.51  2.12  2.28  3.68  4.86  9.36  29.8  15.5  29.8
C1910TS054_4 0.451  29.8  26.6   3.0  4.39  2.23  5.32  3.31  2.18  3.84  3.69  2.57  2.52  3.72   2.9  2.42  3.95  2.56  2.81  3.88   3.1  2.13  2.54  2.44  3.22  3.66  3.21  2.99   3.5  3.79  3.82  3.34  3.64  3.43   6.1  3.86  2.56  3.67  4.43   6.5  5.38  6.61  5.22  29.8
C1910TS210_1 0.464  13.6  29.8  6.84   8.2   0.0  5.01  3.47  1.75  3.53  4.08  2.41  2.75  3.72  3.04  2.59  4.16  2.62  3.43  4.08  3.01  2.45  2.99  2.49   3.8  3.84  3.93  3.38  4.12  4.63  5.02  2.54  2.51  2.88  3.37   2.5  2.04  3.37   4.0  3.37  3.66   4.6  4.27  4.91
C1910TS273_2 0.456  6.79  13.8  1.62  3.62   2.3  3.49   2.1  2.23  3.62  3.44  2.38  2.54  4.83  2.44  5.34  29.8  29.8  29.8  6.23  9.31  3.82  2.91  1.74  3.99  2.25  2.04  2.61  2.24  2.45  4.21  2.08  3.57  2.96  4.03  4.16  2.06  3.87  3.89  3.07  3.42  14.7  3.82  5.69
C1910TS131_4 0.474  5.04  8.74  5.15   4.7  2.73  4.63  3.43  2.09  5.86   4.2  2.15  2.17  4.26  2.48  1.91  3.44  2.49  3.11  3.37  2.66  2.28   2.9  2.12  3.22  3.81  3.72  3.21  3.29  4.48  4.79  2.99  2.88  2.96  3.41  2.66  1.99  3.53  3.88  3.29  3.67  5.65  4.75  3.35
C1910TS309_5 0.452  7.92  29.8  4.28  11.9  14.2  5.82  3.68  2.18  3.88  4.07  2.63  2.31  4.11  2.96  2.11  3.82   2.4  2.96  3.19   2.7  2.01   2.6  2.39  3.45  3.77  3.51  3.08  3.18  4.06   4.4  3.05  3.26  3.41  3.58  3.31  2.38  3.84  3.86  3.42  3.47  6.26  5.41  29.8
C1910TS230_4 0.413  4.68  29.8  6.12  6.42  3.67  4.59   4.1  2.98  11.7  4.13  3.59  3.97  4.64  8.74   3.4   7.0  29.8  29.8   6.1  3.81  2.63  3.94   3.4  2.98  3.89  4.55  4.27  3.34   4.3  5.14  3.48  2.99  2.81  3.69   2.9  2.17  3.63  3.43  3.24  3.67  6.26  4.94  7.69
C1910TS152_3 0.424  8.54  29.8  3.03  5.06  2.03  5.88   2.9  1.84  4.05  3.81  2.38  2.55  3.72  2.53  2.12  4.14  2.52  2.97  4.31  3.07  2.33  3.29  2.47  3.47  3.68  3.62  3.44  4.41  4.01   6.2  2.65  4.78  3.56   4.8  4.15   6.6  12.3  11.7  11.3  29.8  29.8  10.0  29.8
C1910TS309_1  0.46  4.73  29.8  3.89  6.52   3.4  7.94  3.32   2.3   4.9  4.19  2.65  2.97  3.59  2.82  2.26  4.45  3.16  3.26  3.32  3.26  2.08  2.77  2.47  3.28  3.48  3.74  2.68  3.36  3.85   4.2  2.45  3.09  2.85  3.38  2.85  2.49  3.47  3.66  3.67  4.21  6.05  4.74   6.9
C1910TS210_5 0.459  13.7  29.8  5.57  4.87 0.266  5.76  3.86  1.72  3.81  4.14  2.65  2.92  4.07  3.37  2.71  4.44  2.64  3.48  3.71  2.96   2.6   2.9  2.61   3.3  3.62  4.59  3.66  3.23  4.05  6.03  2.86  3.12  2.82  3.55   2.6   2.1  3.51  3.76  3.38  3.92   5.0  4.89  4.65
C1910TS404_4 0.422   8.6  29.8  2.81  5.13  1.94  5.82   3.1  1.93  4.39   3.8  2.53  2.39  3.72  2.49  2.14  4.17  2.47  3.05   4.1  3.09  2.36  3.28  2.36  3.29  3.57  3.55  3.42  4.41  4.15   6.9  2.75  5.17  3.59  4.87  4.39  7.42  6.52  6.95  13.3  29.8  29.8  29.8  29.8
C1910TS054_1 0.447  12.7  12.2  3.27  5.19  2.53  5.69  3.27  2.16   4.4  3.62  2.56   2.6  3.95  3.33  2.24  3.82  2.31  3.34  3.82  2.57  2.01  2.84  2.55  3.25  3.53  3.15  3.08  3.13  3.34  3.79  2.95  3.43  3.39  5.42   4.3  3.08  3.69  3.99  4.66  5.42  29.8  11.7  29.8
C1910TS404_5 0.421  8.61  29.8  2.81  5.14  1.94  5.82   3.1  1.93  4.39   3.8  2.53  2.39  3.72  2.49  2.14  4.17  2.47  3.05   4.1  3.09  2.36  3.27  2.36  3.29  3.57  3.55  3.47  4.43  4.47   7.4  2.84  5.77  3.45   5.2  4.45  4.77  6.53  9.84  10.6  29.8  29.8  29.8  29.8
C1910TS210_4 0.464  8.36  29.8  8.24  5.11 0.779  6.35  3.43  1.74  3.89  3.17  2.53  2.15  4.09   2.9  1.76  3.29  2.53  2.88  3.36   2.9  2.43  3.42  2.76  3.14  3.56  4.23  3.54  3.22  3.96  6.09  2.88  3.25  2.88  3.75  2.66  2.01  3.76   3.8  3.48  4.06  7.11  5.29  6.16
C1910TS131_1 0.472  5.04  8.77  5.15   4.7  2.73  4.63  3.43  2.09  5.84   4.2  2.15  2.17  4.26  2.49  1.92  3.45   2.5  3.11  3.37  2.65  2.28   2.9  2.11   3.2  3.79  3.72  3.09  3.26  4.87  5.14   2.8  3.12  3.05  3.63  2.68  1.88  3.75  3.75  3.41  3.85  6.39  4.79  3.34
C1910TS152_2  0.45  7.63  29.8   6.7  12.0  3.21  8.75  3.63  2.22  4.89  4.28  2.61  2.39  3.81  3.31  2.48  4.47  2.83  3.59  4.26  3.37  2.34  3.07  2.52  2.84  3.42  3.23  2.83  3.49  3.53   5.3  2.54  3.62   2.8  3.71  2.94  2.16  3.88  3.79   3.3  3.98  6.25  6.99   5.1
C1910TS230_1 0.445  4.76  9.32  6.82  7.77   3.1  5.15  3.53  1.92  4.35  3.61  3.05  3.88  4.38  3.36  2.71  5.08  3.73  5.41   7.6  4.37  2.86  3.53  2.54  2.88  3.14  3.09  2.66  2.87  2.76  5.25  2.84  2.88   2.7  3.66  3.58  2.94  4.43  3.63  3.43  3.46   6.6  4.79  7.25
C1910TS230_3 0.445  8.27  29.8  4.47  7.82  6.71  5.61  3.32  2.47  4.19  3.99  3.32  4.13  5.65  4.47  2.48  3.75  3.11  3.53  3.96  3.06  2.37  2.82  2.51  3.59  3.46  3.42  2.86  3.14  2.97  4.76  2.82  4.01  3.36  3.69  3.16  1.78   3.9  3.18   3.1  3.48  6.21  4.84   7.3
C1910TS309_2 0.455  29.8  29.8  4.92  15.8  3.44  5.76  4.12  2.06  4.08  3.94  2.69  2.28  4.07  3.18  1.92  3.62  2.67   3.0  3.32  2.82  2.11  2.61  2.34  3.26  3.76  3.49   2.9  3.22  3.96  4.34  2.71  3.26  3.49  3.38  3.46  2.53  3.49  3.98  3.14  3.53  5.49  4.86  17.2
C1910TS131_3 0.474  5.04  8.81  5.16  4.71  2.73  4.64  3.43  2.09  5.87   4.2  2.15  2.17  4.26  2.48  1.91  3.44  2.49  3.11  3.36  2.66  2.27  2.89  2.12  3.22  3.81  3.72  3.21  3.29  4.48  4.79  2.99  2.88  2.96  3.41  2.65  1.99  3.53  3.88  3.29  3.67  5.64  4.76  3.35
C1910TS273_5 0.375  29.8  29.8  8.78  24.0  4.85  29.8  29.8  4.42  29.8  29.8  10.6  5.34  5.57  4.42  3.28  3.96  2.62  3.66  4.33  3.23  2.11   4.3  3.58  3.03  4.02  4.15  3.63  5.63   5.3  6.17  8.19  5.23  5.24  5.71  3.48  4.41  5.39  2.77  2.34  3.02  5.63  9.66  16.6
C1910TS054_3 0.452  29.8  13.4  3.08  5.53  2.57  5.97   2.8  1.99   4.4  3.63  2.35  2.46  4.62   2.9   3.8  3.39  2.52  2.89   3.4  3.04  2.08  2.65  2.26   3.3  3.28  3.32  3.51  3.65  3.84  4.28  3.42  2.85  2.97  4.33  3.52  2.32  2.71  3.62  5.64  5.01  29.8  10.9  29.8
C1910TS054_2 0.459  29.8  11.3  3.08  4.34   2.2  5.26  2.86  2.09  3.61  3.18  2.29  2.38  4.01  2.74  1.92  4.39   2.3  3.04  3.89  2.83   2.0  2.86  2.23  3.11  3.74  3.23  3.04  3.19  3.67  4.54  2.88  3.75  3.73  5.77  3.68  2.15  2.88  3.46  3.53  6.69  29.8  15.2  29.8
C1910TS273_4 0.333  11.9  29.8  29.8  29.8  6.83  29.8  9.35  6.45  29.8  12.0  29.8  4.06  6.06   5.1  3.01  3.98  3.37  3.87  4.14  3.22  3.13  3.77  5.93  29.8  10.3  29.8   6.1  8.37  5.42  8.72  5.25  6.45   4.9  14.6   8.2  3.81  6.58  29.8  7.97  5.61  7.57  5.94  6.47
C1910TS152_1 0.458  4.46  6.55  5.35  4.43  2.24  4.04  3.01  1.85  4.34  4.21  2.42  2.51  4.08  2.85  2.43  3.81  2.69  3.26  4.21  3.04   2.2  2.88  2.54  3.19  3.47  3.62  2.76  3.47  3.81  4.77  2.13  3.04  2.54  3.26  3.37  2.53  3.68  4.29  12.9  4.61  24.8  29.8  11.4
C1910TS131_2 0.471  7.09  8.41  5.29  4.88  2.75  4.62  3.45  2.11  5.77  4.22  2.14  2.19   4.2  2.49  1.85  3.27  2.53  3.13  3.71  2.67  2.24  2.88  2.24  3.21  3.87  3.74  3.23  3.37  4.27  4.77  3.29  3.28  2.94   3.5  2.83  1.95   3.6  3.78  3.02  3.56  5.41  4.83  3.46
C1910TS309_3 0.439  11.2  5.96  8.69  7.07   4.4  29.8  4.09  2.41  4.15  3.66  2.35  2.68  3.76  2.72  2.37  4.09  2.96  3.34  3.63  3.21  2.11   2.9  2.44  3.19  3.76  3.64  2.75  3.65  3.75  5.29  2.37  3.67  3.16  4.33  4.03  3.53  3.25  4.32  4.12  3.83  7.89  8.19  29.8
C1910TS230_2 0.438  5.45  18.8  8.36  4.16  3.04  6.02  3.51  2.37  6.99   4.3  3.15  2.66  4.92  3.47   2.4   3.5  2.68  2.98  3.58  3.04  2.89   4.6  3.76  4.23  4.11  4.58   3.6  4.21  4.45  5.66  3.32  3.87   2.9  4.76  3.13  2.05  4.09  3.61  2.96  3.89  6.44  5.77  5.36
C1910TS213_2 0.428  3.74  4.44   5.5  4.62  3.04  4.27  3.93  2.23  4.47  3.63  2.95  3.78  3.89   3.4   2.6  4.66  5.65  15.7  19.4  7.28  5.33   6.8  4.33  6.45  5.53  3.93  2.35   3.2  5.36  4.39  2.92  3.19  2.83  3.65   3.0  1.94  3.71  3.02  3.11  4.39  5.24  5.58  10.4
C1910TS228_4 0.407   5.6  5.84  6.76  7.03   2.9  4.62  3.18  1.87  4.76  3.79  2.89  3.63  6.03  5.84  5.05  29.8  29.8  6.17  5.93   4.4  2.33  3.67  2.39  2.67   3.7  3.28  3.13  3.35  3.85  13.7  3.26  4.35  6.46  5.81  4.57  3.03   5.6  5.04  3.15  3.27  8.06  11.8   7.4
C1910TS010_5 0.421  6.63  5.05  4.86  4.57  3.71  6.05  29.8  2.99  3.22   4.4  3.16  2.96  3.58  3.73  2.57  3.88  8.22  6.99  25.2  29.8  9.54  6.01  4.39  9.92  4.05  2.98  3.33  4.19  3.22  4.25  2.52   2.9  2.43  3.08  3.09  3.09  2.88  2.77  4.57  3.62   2.8  5.96  29.8
C1910TS405_1 0.462  7.19  29.8  5.61  5.54   0.0  6.42  3.34  1.62  3.46  3.86  2.46  2.26  4.11  3.32  2.05  3.61  2.54  3.39  3.71  2.93  2.64  3.01  2.64  3.93  4.07  4.62  3.95  4.67  4.38  5.27  2.63  2.75  2.86  3.62   2.6  1.91  3.23  3.54   2.9  3.53  6.65   5.1  11.3
C1910TS438_1 0.441  5.78  29.8  9.82  7.75 0.617  6.32   3.3  2.14  4.55  5.09  2.91  3.39  5.19  4.45  2.98  4.72  3.47  3.54  3.82  3.79  2.46  3.05  2.82  4.04  3.84  3.51  3.22  4.23  4.56   5.1  2.52  3.15  2.75  3.87  3.14   2.0  4.01  3.79  3.57  4.52  7.41  7.16  4.17
C1910TS215_4 0.421  9.87  5.07  4.98  4.89  2.93  5.39  3.55  2.94  3.11   3.2  3.12  3.14  5.24  2.88  3.19  18.9  6.96  29.8  6.33  5.66  4.75   3.4   2.8  3.85  3.24  3.24  3.17  3.33  4.14  4.68  2.82  4.02  3.44  4.32  3.83  2.72  3.59  4.01  4.35   5.6  7.58  7.43  6.92
C1910TS369_5 0.462   4.4  6.71  4.73   4.1  2.39  4.09  2.83  1.91  5.18  3.54   2.5   3.2  4.07  2.59  2.71  4.66  2.71   3.1  3.81  3.67  2.32  2.91  2.91  3.67  3.57  3.62  3.27  4.32  4.11   5.5   2.4  3.17  3.05  3.62  2.64  2.71  3.99   3.3  3.13  3.92  6.98  6.53  5.39
C1910TS369_4 0.437  4.67  6.82  4.98  5.21  3.03  4.74  3.58  2.28  6.98  4.44  3.06  3.71  4.58   3.9  3.36  4.81  3.39   3.7  3.72  3.56  2.72  2.89  2.99  3.74  3.81  4.91  4.22  4.33  5.02  5.55  3.39  3.75  3.46  4.85  3.22  2.17  3.52  4.07  3.33  3.77   4.9  4.58  4.52
C1910TS389_1 0.391  6.27  29.8  6.68  11.3  5.85  29.8  7.04  2.51  5.68  3.94  2.58  2.48  3.79  2.81  2.56  3.81  2.64  3.53  3.61  2.95  2.33  3.19  2.66   4.0  4.02  3.59  4.99  4.51  4.75  5.94  3.68  5.09  4.24  8.13  6.32  3.62  4.45  29.8  29.8  29.8  29.8  29.8  29.8
C1910TS215_5 0.444  5.56  29.8  4.16  5.96  2.62  5.39  3.53  1.86   4.5  4.12  2.15  2.58  3.32  2.38  2.44  3.43  3.35   5.8  4.52   4.5  2.82  4.19   3.5  3.91  4.65  3.28  2.54  3.35   3.1  4.11  2.66  3.86  2.65  5.75  4.21  1.51  3.65  2.82   3.2  5.66  5.82  17.9  29.8
C1910TS211_1 0.463   4.1  6.11  4.74  4.14  2.23  4.42  3.36  1.92  3.55  3.96  2.54  2.43  3.75  2.75  2.07   3.3  2.44  3.19  3.27  2.74  2.15   2.8  2.45   3.3  3.84  3.58  2.73  3.41  3.64  4.77  2.04  3.35  2.47  3.41  3.65  2.63  3.63  4.38  15.4  4.38  29.8  29.8  15.7
C1910TS010_4 0.453  7.68  17.1   5.0  8.87  4.53  6.11  4.02  2.15   2.8  4.39  2.76  2.27  2.96  2.41  1.69  2.15   1.6  2.89  3.11  2.95  2.25  2.65  1.58  3.12  5.34  6.35  5.51  29.8  29.8  29.8  19.8  5.52  2.84  2.49  2.73  4.15  4.09  3.32  2.88  2.25  3.16  2.44  3.49
C1910TS228_5 0.403  5.61  5.79   7.2  7.31  2.93  4.82   3.2  1.89  4.83  3.83  2.92  3.64   6.0  5.87  5.05  29.8  29.8  6.33  5.57  4.92  2.41  3.78  2.48   2.7  3.73   3.3  3.15  3.36  3.58  12.3  3.36  4.49  6.25  6.19  5.37  3.29  5.75  5.24  3.09  3.43  8.42  12.1   9.4
C1910TS349_1 0.469  9.73  12.6   2.1  3.76  1.58  5.48  2.88  1.77  3.55  3.78  2.45  3.05  4.05  3.39  2.93  4.32  2.83  3.42  3.92  3.04  2.29   2.6   2.4  3.61  3.72  3.52  3.35  3.49   4.3  4.79  3.18   3.1  3.06  3.65  2.54  2.04   3.4  3.54  3.02  3.68  5.78  5.79  5.55
C1910TS213_3 0.428  3.77  4.48  5.53  4.53  3.04   4.3  3.86  2.28  4.52  3.67  2.96  3.78  3.89  3.44  2.64  4.67  5.69  16.0  20.2  7.69  5.34  6.92  4.32  6.46  5.52  3.92   2.4  3.17  5.35  4.12  2.93  3.21  2.91  3.68  2.94  1.94  3.69  2.96  2.94  4.32  5.21   5.5  12.8
C1910TS213_1 0.414  4.36  5.79  5.32  5.13  3.08   4.4  4.03  2.69  5.84   3.5  3.08  3.86  3.72  3.55  2.58  4.27   5.9  29.8  10.5  6.34  5.82  7.76   3.8  11.1  11.0  4.06  2.44  3.55  5.22  4.09   3.2  6.71  2.82   3.6  2.89  2.44  3.75   3.0  2.91  3.92   5.2  7.64  15.9
C1910TS073_5  0.43  4.99   6.9  1.97  4.75  2.48  3.31  2.89  5.79  9.47  3.35  2.31   4.5  3.74  2.49  3.54  19.3  16.9  11.1  4.67  4.54  2.72  2.93   3.5  8.88  4.12  3.24  4.41  4.41  4.46  4.68  2.51  4.43  3.25  3.51  3.79  2.34  2.66  3.73  4.53  5.06  4.59  5.26  5.18
C1910TS349_3 0.469  9.69  12.6   2.1  3.76  1.58  5.47  2.88  1.77  3.55  3.78  2.45  3.04  4.05  3.39  2.93  4.32  2.83  3.42  3.92  3.04  2.29   2.6   2.4  3.61  3.72  3.52  3.36  3.49  4.29  4.79  3.19   3.1  3.06  3.65  2.54  2.04  3.41  3.54  3.02  3.68  5.78  5.78  5.54
C1910TS211_3 0.455  4.18  29.8  3.59   8.0  3.39  8.12  2.96  1.71  3.32  2.84  2.56  2.49  3.44  3.48   2.5  3.26  2.76  3.53  2.78  2.55  2.18  2.85  5.61  6.38  5.59  29.8  10.4  21.6  3.62  3.58  3.14  2.67  2.37   2.8  2.13  2.39  3.41  3.09  2.74  3.61  3.67  4.71  4.48
C1910TS405_2 0.458   7.5  29.8   6.1  6.26   0.0  6.15  3.39  1.69  3.66  4.04  2.57  2.41  3.83  3.26  2.06  3.62  2.53  3.42  3.73  2.82   2.5   2.9  2.61  3.98  3.95  4.18  3.84  4.54  4.36  5.02   2.7  3.19  2.94  3.76  2.57  2.03  3.59  3.81  3.17  3.73  5.58  5.76  9.26
C1910TS438_2 0.439  9.14  29.8   7.3  5.71  0.77  8.09  3.18  2.02  4.47  4.48  2.94  3.61  4.52  3.65  2.69  4.59  3.22  3.84  3.78  3.97  2.43  3.14  3.17  3.73  4.06   3.6  3.44  4.41  4.18  4.94  2.76  3.55  2.86  4.07  2.84  2.05  4.58  3.88  3.47  4.93   7.7  7.18  4.13
C1910TS389_3 0.392  10.1  29.8  6.13  12.5  5.42  29.8   7.8  2.65  7.65  3.83  3.02  2.79  4.43  3.05  2.43  4.97   2.6  3.55  3.98  3.09  2.51  3.07  3.14   4.3  3.89  3.94  3.88  5.45  4.34  6.65  2.86  4.97  3.27  6.02  4.85  3.29   4.8  14.9  15.5  29.8  29.8  29.8  29.8
C1910TS389_2 0.411  29.8  29.8  10.8  29.8  3.61  6.97   5.1  2.53  8.37   3.3  2.63  3.03  3.73  2.89  3.06  4.42  2.87  3.89  4.06  3.62  2.25  3.24  2.93  3.44  3.91  4.01  3.37  4.93  4.55  6.16  2.55  4.21  3.85  5.75  4.47  3.81  5.55  5.83  3.92  4.78   7.1  7.51  11.3
C1910TS438_3 0.445  29.8  29.8  5.73   5.4   0.0  5.84  2.79  1.85  4.43  4.45  2.57  3.25  6.39  4.11  2.61  4.86  4.11  3.73  3.63  3.64  2.61  3.23  2.95  4.02  3.98  3.82  3.25  4.68  4.33  4.67  2.55  3.26  2.81  3.72  3.08  2.05  3.89   3.8   3.6  4.26  6.21  5.97  4.64
C1910TS405_3 0.464  9.98  29.8   6.9  4.56  1.13  5.49  3.25  1.73  3.74  3.32  2.51  1.97  4.06   2.8  1.96  3.42  2.68  3.12  3.47  2.97  2.33  3.24   2.4  3.38  3.77  4.05  3.52  3.47  3.72  5.95  2.84  3.25  2.92  4.05  2.77  1.98  3.43  3.49  3.15  3.85  6.21  4.73  15.4
C1910TS211_2 0.434  4.31  6.89  4.77  4.47  2.39  4.36  2.77  2.14  4.24   3.9  3.05  3.42  4.04  4.85   4.1  16.1  9.23  4.73  4.86   3.9  2.89  2.94  2.65  3.85  3.81  3.92  3.57  4.77  4.25   5.3  2.57  3.01   3.0  3.72  2.97  2.46  4.18  3.77  3.33  4.13  5.97  29.3  9.14
C1910TS349_2 0.468  9.79  12.9  2.09  3.77  1.58  5.47   2.9  1.77  3.54  3.77  2.45  3.05  4.03  3.37  2.93  4.33  2.83   3.4  3.91  3.05  2.28   2.6   2.4  3.62   3.7  3.53  3.35  3.55  4.35  4.79  3.13  3.28  3.07  3.55  2.84  2.02  3.36  3.62  3.11  3.68  5.75  5.82  5.59
C1910TS073_4 0.465  4.45  5.02  1.77  3.12  2.24  4.81  2.46  4.63  5.34   6.1  2.61  3.88  4.77  2.33  3.25  29.8  9.73  12.2  5.37  12.9   5.1  2.91  1.78  3.19   1.8  2.12  2.02  3.08   2.3  2.83  1.99  3.18  2.27  2.43  2.77  2.57  2.72  3.03   4.2  4.74  5.75  3.83  6.51
C1910TS213_4 0.419   4.2   6.8  6.52  5.43  3.24  4.92  3.49  2.42  5.73   3.3  2.58  3.76  3.86  3.27  3.05   5.1  5.39  29.8  27.5  9.96  6.31  6.61  3.38  8.56  5.24  3.73  2.27  3.76  5.17  4.23  2.88  4.07  3.06  3.75  2.93  2.22   3.7  2.66  3.39  4.11  5.42  5.15  15.8
C1910TS228_2  0.42   4.3  5.08  5.75  5.62  2.62  4.23  3.14  1.84   4.4  3.72  2.77  3.57  6.13  5.81  4.94  29.8  29.8  5.92  5.72  4.12  2.25   3.4  2.04  2.82  3.64  3.25  3.05  3.15  5.53  9.34   2.6  4.84  5.41  4.04  4.35  3.38  5.57  4.32  3.16  3.08  6.64  7.06  5.24
C1910TS010_3 0.446  5.14  3.92  1.47  3.13  1.74  4.39   3.3  2.18  3.41  3.45   3.2   1.9  2.92  2.26  2.19  3.78  10.9  10.1  29.8  29.8  29.8  7.52  8.09  3.41  2.71  3.81  3.11  3.78  3.44  4.35  2.42  3.85  3.71  6.51  3.37  2.82  3.26  3.32  2.67  5.08  3.81   3.3  4.29
C1910TS215_2 0.433  11.9  29.8  2.56  4.36  2.58  4.63  2.98  2.23  3.79  3.34  2.68  3.02  4.62  2.84  2.51  4.31  2.67  4.45  5.17  3.02  5.88  29.8  6.01  29.8  5.89  5.02  4.11  2.06  2.44  2.93  2.56  3.57  3.44   3.2  4.13  3.19  2.64  3.16  4.32  4.22  4.22  29.8  29.8
C1910TS369_3 0.438  4.36  6.37  4.86  4.65  2.96  4.85   3.5  2.31  6.98  4.55  3.05  3.74  4.82  4.05  3.42  4.79  3.63  3.76  3.65  3.58   2.8  2.97  3.08   4.0   4.3  4.78  3.73   3.9  4.63  5.66  2.53  3.78  3.25  4.74  3.45  2.33  3.76  3.96  3.49  3.88  5.99  4.29  4.44
C1910TS369_2 0.437  4.46  6.39  5.13  5.39  2.99  4.95   3.6  2.31  6.64  4.36  3.23  3.66  5.53  4.37  3.33  5.66  3.73  3.67  3.52  3.39  2.46   2.9  2.99  3.39  4.09  5.09  3.86  4.37  4.97  6.02  2.79  3.61  3.47  4.89  3.25  2.19  3.52  4.06   3.4  3.65   4.7  4.39  4.62
C1910TS215_3 0.455  15.7  6.24 0.961  2.02  2.13  4.29  2.21  2.61  4.65  2.86  2.81  2.14  4.07  2.19   4.2  5.62  3.72  5.26  29.8  12.2  11.8  21.8  4.98  4.77  3.08  4.54   3.1  2.77  2.65  3.52  1.74  2.55  3.31  3.56  2.05  2.43  3.49  3.94   2.7  3.24  4.16  6.28  7.94
C1910TS010_2 0.428  6.19   5.3  3.46  7.73  3.51  29.8  2.85  2.36  4.21  5.46   2.4  4.05  4.02  3.03  2.71  11.1  8.84  29.8  5.52  11.6  3.67  2.72  2.15  5.61  2.83  1.89  2.87  5.84  5.58  5.75  2.97  5.26  4.14  4.69  4.45  2.16  4.92  3.11  2.55  4.08  2.66  5.47   3.9
C1910TS228_3 0.418  3.45  5.97  5.16   5.2  2.99  4.51  3.62  2.31  8.14  4.61  2.78   3.7   4.8  4.54  3.86  5.46  7.63  5.23  4.25  4.58  3.36  6.06  2.78   3.4  4.04  4.81  3.97  3.73  4.77  5.05  3.73  10.2  3.81  6.15  3.98   2.4  4.04  2.14  4.72  6.61   8.0  3.81  3.79
C1910TS073_1  0.45  5.44  11.1  1.97  3.59  2.08  4.33  2.57  2.16  2.96  3.95  2.26  2.96  4.74  2.41  2.83  8.06  8.26  10.4   5.7  5.91  2.78  2.23  3.06  19.6  3.62  3.66  8.62  6.85  3.42  3.95  1.69  3.23  3.28  4.01  3.77  3.31  4.52  2.68  3.06  2.85  3.75  3.19  6.28
C1910TS213_5 0.416  4.08  4.54  5.89  4.61  3.34   4.8  4.02  2.65  4.97  3.59  2.87  3.73  4.06   3.6  2.88  4.68  6.94  29.8  19.1  8.71  5.46  8.46  4.51  6.83  6.61  3.95  2.55  3.61  4.83  4.11  3.11  4.35  2.83  3.48  3.31  2.48  3.83  3.09  2.68  4.16  4.62  5.59  29.8
C1910TS349_5 0.469  9.73  12.6   2.1  3.76  1.58  5.47  2.89  1.77  3.55  3.78  2.45  3.05  4.05  3.39  2.93  4.32  2.83  3.42  3.92  3.04  2.29   2.6   2.4  3.61  3.72  3.52  3.35  3.49   4.3  4.79  3.19  3.09  3.06  3.65  2.54  2.04   3.4  3.54  3.02  3.68  5.78  5.78  5.55
C1910TS228_1   0.4  5.22  5.89  7.45  7.34  2.91  4.95  3.23  1.88  4.97  3.83  2.94  3.67   6.0  5.89  5.16  29.8  29.8  6.46  5.31  5.49  2.51  3.97  2.57  2.71  3.88  3.32  3.06  3.53   3.6  11.5  3.36  4.46  6.28  5.98   4.9  3.59  5.83  4.99  3.56  3.69  7.87  11.2  29.8
C1910TS073_3 0.432  3.79   4.6  2.02  5.35  3.64  5.14  3.96  3.23  4.61  3.17  2.13  3.73  7.89  2.44  3.94  29.8  10.4  29.8  5.99  12.4  3.27  3.32  4.04   8.0  3.11   5.5  9.08  2.02  3.52   3.9  1.59  5.02  2.65  3.49  6.68  2.59   2.6  2.43  5.34   2.9  6.28  4.59  3.25
C1910TS211_5 0.456  4.43  29.0  3.87  6.24   3.1  6.43  2.68  1.61  3.19  2.91  2.47  2.56  3.36  2.84  2.56   3.4  2.74   3.5   2.9  2.57  2.21  2.86  4.74  6.65  5.67  29.8  9.52  14.9  3.99  4.08  3.61  2.89  2.56  2.88  2.21  2.38  3.81  3.09  2.68   3.4  3.31  5.04  4.83
C1910TS405_4 0.457  7.95  29.8  7.81  4.42 0.833  6.85  3.65  1.79  3.79  3.88  2.62  2.89  4.03  3.26  2.59  4.17  2.52  3.46  3.98   3.0  2.48  3.01  2.61  3.58  3.65  4.41  3.42  3.34  3.95  5.82  2.78  3.16   2.9  3.68  2.71   2.1  3.43  3.54  3.12  3.68  5.81  4.84  8.09
C1910TS438_4 0.441  11.1  29.8  6.42  29.8 0.887  5.34  3.51  1.84  3.94  3.52  2.63  3.36  4.65  4.28  2.72  6.69  3.85   3.8  4.54  3.43  2.39  3.07  2.41  3.22  3.27  3.55   2.7  3.92  4.14  5.07  2.97  3.96  3.32  3.64  3.09  2.05  4.17  3.95  3.52  4.56  6.32  7.79  4.02
C1910TS215_1 0.452  5.33  6.46  4.47   7.3  3.07  4.91  3.34  2.18  3.67  3.84  2.67  2.62  4.19  2.83  2.45   4.9  2.64  3.44  3.63  3.28   2.2  3.22  2.88   3.4  4.75  3.68  2.96  3.75  4.09  4.01  3.45  5.24  3.34  3.83  3.84  2.82  4.54  2.84  4.66  3.18  5.07  5.55  4.51
C1910TS389_5  0.41  7.02   8.1  5.14  4.79  2.26  4.46  2.99  2.09   4.0  3.53  2.74  2.59  4.19  2.96  2.27  3.76  2.55  3.22  4.11  3.35  2.28  3.14   2.5  2.91  3.62   3.5   3.4  4.25  9.56  10.3  3.38  11.0  29.8  29.8  7.22  4.94  5.77  4.91  12.4  9.84  29.8  29.8  29.8
C1910TS389_4 0.396  6.54  8.63  6.89   6.7  3.21  4.88  3.37  1.92  4.27  4.06  2.62  3.13  3.82  3.67  2.46  4.61  2.76   3.8  3.69  3.56  2.19  2.87   2.7  3.52  4.81  3.27  4.14  3.48  4.34  7.05  3.23  6.64  4.16  4.92  4.82  16.9  29.8  29.8  8.95  29.8  29.8  29.8  29.8
C1910TS369_1 0.441  4.32  6.28  4.81  4.64  2.91  4.78  3.52  2.28   7.2  4.47  3.02  3.64  4.66  4.08   3.3  5.54  3.79   3.7  3.66   3.5  2.72  2.86  2.88  3.48   4.1  4.58  3.62  4.42  5.17  5.98  2.52  3.74  3.31  4.48  3.32  2.11  3.48  4.04  3.32  3.74  5.16  4.29  4.49
C1910TS438_5 0.445  6.97  29.8  9.03  8.19   0.0   6.1  2.78  1.86  4.19  3.96   2.7   3.4  5.06  3.79  2.67  5.48  3.73  3.97  4.67   4.1  2.37  3.37  2.72  3.85  3.38  3.34  3.38  5.37  3.99  5.58  2.66  3.13  2.78  3.64  3.15   2.0  4.18  3.85  3.64  4.27  8.03  5.87  3.83
C1910TS405_5  0.42  6.26  29.8   6.4  29.8  29.8  12.7  6.18  2.43  4.16  3.59  2.43  2.48   3.7  3.71  2.77  5.59   5.5  29.8  8.41  6.34  5.15  4.49  2.45  3.03  3.36  3.85  3.32  2.95  3.91  5.84  2.68  2.99  2.87   3.5  2.64  1.93   3.4  3.63  2.89  3.63  5.37  4.89  10.2
C1910TS211_4 0.454  4.21  29.8  4.51  10.7  4.15  8.12  2.69  1.84  3.05   2.8  2.34  2.32  2.73   2.3  2.36  2.91   2.5  3.48  2.82  2.91  2.22  2.97   6.1   7.0  5.66  29.8  23.5  29.8  4.52  3.63  3.41  2.67  2.48   2.9  2.08  2.22  3.12  3.06  2.77  3.97  3.86  4.89  4.83
C1910TS073_2 0.426  4.73  10.9   1.8  3.65   3.7  8.81  3.12  3.22  6.26  4.74  3.02  4.47  5.36  3.74  3.13  17.7  10.9  10.4  6.22  29.8  4.88  4.11  12.8  5.07  2.43  3.03  3.95   3.7   3.2  3.64  2.14  3.37  2.37   3.1  3.79  2.63  2.22  4.16  7.31   4.5  2.69   3.6  4.75
C1910TS349_4 0.468  9.52  12.5  2.07  3.76  1.56  5.46  2.88  1.77  3.56  3.79  2.45  3.05  4.03  3.38  2.93   4.3  2.84  3.43  3.93  3.07  2.32  2.62   2.4  3.69  3.69  3.47  3.36  3.54  4.32  4.78  3.14  3.27  3.07  3.55  2.83  2.02  3.38  3.62   3.1  3.67  5.76  5.79  5.57
C1910TS010_1 0.467  6.96  22.8   1.5  2.96  2.14  3.43  2.11  1.92  3.19  3.56  2.47  2.51  4.26  2.11  3.98  29.8  18.1  9.57  5.29  11.6  3.69  2.39  1.47  3.58  2.14  1.72  2.29  2.02  2.25  4.32  1.94  3.28  3.04  4.63  4.05  2.03  3.85  3.53  3.65  4.97  29.8  4.62  5.42
END



