PFRMAT QA
TARGET C1910
AUTHOR 5316-8559-7172
REMARK Error estimate is l-DDT
METHOD DeepAcuracyNetwork
METHOD -------------
MODEL 2
QMODE QMODE1
C1910TS152_4 0.758 0.398 0.471 0.628 0.693 0.749 0.796 0.786 0.851 0.839 0.874 0.908 0.934 0.943 0.939 0.949 0.966 0.966 0.968 0.959 0.974 0.967 0.965 0.966 0.956 0.941 0.936 0.925 0.892 0.851 0.782 0.777 0.708 0.647 0.583 0.592 0.357 0.47 0.505 0.503 0.509 0.429 0.408 0.336
C1910TS309_1 0.9 0.412 0.636 0.678 0.734 0.784 0.834 0.825 0.88 0.875 0.9 0.922 0.935 0.959 0.969 0.977 0.983 0.977 0.98 0.98 0.977 0.986 0.983 0.988 0.991 0.984 0.983 0.979 0.98 0.98 0.968 0.971 0.967 0.962 0.944 0.934 0.907 0.919 0.908 0.885 0.868 0.862 0.801 0.714
C1910TS347_1 0.82 0.609 0.766 0.771 0.745 0.766 0.838 0.804 0.848 0.869 0.863 0.882 0.884 0.915 0.907 0.913 0.861 0.931 0.914 0.897 0.938 0.936 0.908 0.924 0.937 0.952 0.933 0.945 0.928 0.918 0.89 0.887 0.86 0.831 0.854 0.761 0.74 0.74 0.656 0.635 0.602 0.481 0.527 0.497
C1910TS152_3 0.718 0.41 0.483 0.625 0.702 0.748 0.795 0.784 0.85 0.846 0.881 0.914 0.941 0.948 0.943 0.951 0.968 0.964 0.962 0.953 0.966 0.942 0.924 0.917 0.876 0.844 0.831 0.808 0.773 0.739 0.679 0.683 0.642 0.557 0.532 0.535 0.46 0.535 0.447 0.393 0.372 0.269 0.267 0.232
C1910TS131_3 0.94 0.614 0.845 0.9 0.856 0.88 0.939 0.925 0.914 0.944 0.97 0.972 0.96 0.98 0.989 0.985 0.979 0.989 0.992 0.985 0.992 0.991 0.991 0.992 0.993 0.985 0.989 0.99 0.987 0.981 0.98 0.98 0.975 0.96 0.957 0.942 0.944 0.944 0.928 0.92 0.916 0.902 0.861 0.706
C1910TS103_1 0.624 0.392 0.489 0.522 0.464 0.627 0.626 0.726 0.748 0.733 0.782 0.794 0.796 0.836 0.855 0.854 0.865 0.865 0.86 0.866 0.813 0.809 0.752 0.795 0.7 0.717 0.694 0.657 0.46 0.441 0.49 0.482 0.405 0.452 0.452 0.485 0.513 0.493 0.447 0.431 0.414 0.389 0.42 0.421
C1910TS215_3 0.726 0.591 0.6 0.774 0.781 0.811 0.835 0.822 0.856 0.825 0.839 0.868 0.836 0.804 0.843 0.797 0.653 0.745 0.661 0.563 0.638 0.651 0.686 0.679 0.656 0.703 0.743 0.749 0.759 0.756 0.766 0.781 0.797 0.766 0.775 0.779 0.723 0.734 0.734 0.628 0.628 0.573 0.573 0.451
C1910TS413_4 0.773 0.583 0.588 0.705 0.628 0.778 0.788 0.764 0.761 0.764 0.775 0.766 0.724 0.717 0.73 0.715 0.674 0.672 0.713 0.718 0.729 0.767 0.794 0.806 0.803 0.836 0.844 0.868 0.868 0.889 0.893 0.892 0.872 0.879 0.874 0.844 0.84 0.84 0.842 0.815 0.738 0.779 0.725 0.629
C1910TS182_4 0.766 0.471 0.473 0.448 0.549 0.76 0.817 0.8 0.764 0.767 0.824 0.859 0.866 0.912 0.944 0.936 0.95 0.952 0.969 0.976 0.966 0.974 0.959 0.959 0.961 0.937 0.953 0.953 0.9 0.896 0.838 0.808 0.721 0.708 0.703 0.675 0.572 0.466 0.492 0.546 0.497 0.483 0.49 0.459
C1910TS413_3 0.794 0.568 0.568 0.711 0.65 0.792 0.822 0.797 0.81 0.839 0.851 0.829 0.771 0.822 0.829 0.825 0.767 0.795 0.792 0.802 0.779 0.79 0.826 0.854 0.834 0.839 0.858 0.87 0.859 0.865 0.863 0.872 0.848 0.827 0.846 0.856 0.837 0.793 0.792 0.787 0.727 0.758 0.701 0.625
C1910TS182_3 0.788 0.454 0.534 0.615 0.479 0.716 0.772 0.799 0.807 0.818 0.888 0.888 0.891 0.917 0.937 0.945 0.941 0.976 0.979 0.979 0.981 0.984 0.975 0.975 0.972 0.961 0.948 0.938 0.9 0.868 0.825 0.851 0.818 0.766 0.755 0.767 0.757 0.625 0.592 0.426 0.612 0.411 0.422 0.422
C1910TS131_4 0.94 0.612 0.844 0.9 0.856 0.879 0.939 0.925 0.913 0.944 0.97 0.972 0.96 0.981 0.989 0.985 0.979 0.989 0.992 0.985 0.992 0.991 0.991 0.992 0.993 0.985 0.989 0.99 0.987 0.981 0.98 0.979 0.975 0.96 0.957 0.942 0.944 0.944 0.927 0.919 0.916 0.902 0.861 0.706
C1910TS215_4 0.751 0.519 0.688 0.752 0.78 0.774 0.823 0.828 0.858 0.854 0.835 0.861 0.807 0.766 0.732 0.676 0.662 0.679 0.743 0.707 0.666 0.697 0.754 0.803 0.853 0.88 0.928 0.909 0.913 0.897 0.89 0.85 0.827 0.806 0.762 0.734 0.75 0.732 0.616 0.553 0.526 0.574 0.569 0.467
C1910TS278_2 0.901 0.573 0.657 0.732 0.639 0.848 0.868 0.863 0.884 0.883 0.931 0.925 0.904 0.945 0.96 0.958 0.96 0.979 0.979 0.975 0.977 0.984 0.982 0.976 0.985 0.98 0.979 0.976 0.979 0.973 0.962 0.956 0.955 0.945 0.934 0.925 0.922 0.906 0.889 0.881 0.866 0.859 0.807 0.7
C1910TS054_1 0.837 0.531 0.567 0.674 0.801 0.774 0.855 0.854 0.907 0.903 0.918 0.947 0.947 0.969 0.977 0.964 0.98 0.982 0.966 0.972 0.985 0.971 0.968 0.971 0.964 0.968 0.941 0.947 0.944 0.931 0.903 0.875 0.863 0.838 0.804 0.805 0.811 0.718 0.596 0.605 0.656 0.437 0.535 0.473
C1910TS273_1 0.634 0.442 0.54 0.593 0.559 0.617 0.619 0.616 0.678 0.637 0.648 0.656 0.671 0.631 0.611 0.613 0.539 0.533 0.528 0.537 0.485 0.493 0.496 0.576 0.562 0.621 0.636 0.731 0.751 0.752 0.716 0.752 0.724 0.774 0.75 0.695 0.717 0.751 0.677 0.693 0.71 0.703 0.642 0.565
C1910TS278_5 0.875 0.65 0.708 0.771 0.724 0.894 0.903 0.906 0.903 0.907 0.951 0.94 0.92 0.95 0.967 0.959 0.95 0.983 0.985 0.984 0.984 0.983 0.983 0.982 0.982 0.975 0.972 0.974 0.964 0.946 0.927 0.916 0.912 0.89 0.875 0.86 0.833 0.802 0.775 0.734 0.708 0.672 0.516 0.508
C1910TS210_1 0.898 0.608 0.684 0.745 0.663 0.865 0.881 0.874 0.881 0.878 0.927 0.928 0.915 0.947 0.962 0.964 0.964 0.976 0.978 0.976 0.981 0.981 0.978 0.975 0.976 0.965 0.965 0.97 0.965 0.961 0.952 0.948 0.939 0.929 0.917 0.912 0.908 0.898 0.882 0.866 0.851 0.838 0.783 0.672
C1910TS405_3 0.893 0.637 0.667 0.699 0.617 0.826 0.879 0.855 0.861 0.877 0.911 0.894 0.886 0.934 0.954 0.951 0.965 0.974 0.969 0.971 0.961 0.961 0.983 0.982 0.965 0.952 0.978 0.983 0.961 0.961 0.969 0.964 0.953 0.944 0.939 0.928 0.916 0.891 0.88 0.872 0.852 0.813 0.764 0.69
C1910TS405_4 0.887 0.6 0.671 0.696 0.62 0.808 0.865 0.83 0.848 0.88 0.903 0.897 0.889 0.931 0.945 0.951 0.964 0.973 0.969 0.97 0.954 0.95 0.974 0.975 0.958 0.948 0.975 0.97 0.955 0.956 0.961 0.955 0.948 0.94 0.932 0.921 0.912 0.894 0.885 0.866 0.84 0.822 0.766 0.677
C1910TS299_1 0.902 0.602 0.662 0.729 0.62 0.855 0.873 0.871 0.876 0.876 0.934 0.927 0.902 0.946 0.963 0.958 0.961 0.979 0.982 0.975 0.983 0.986 0.983 0.977 0.986 0.98 0.979 0.977 0.979 0.974 0.96 0.955 0.957 0.943 0.935 0.926 0.918 0.908 0.886 0.882 0.867 0.858 0.79 0.701
C1910TS389_4 0.727 0.468 0.559 0.623 0.675 0.742 0.741 0.783 0.841 0.829 0.851 0.875 0.892 0.907 0.926 0.927 0.907 0.9 0.933 0.921 0.919 0.897 0.921 0.886 0.848 0.85 0.857 0.817 0.782 0.75 0.694 0.681 0.66 0.588 0.606 0.569 0.529 0.425 0.52 0.505 0.423 0.426 0.437 0.387
C1910TS389_3 0.762 0.533 0.645 0.682 0.727 0.784 0.729 0.83 0.849 0.825 0.862 0.876 0.902 0.898 0.892 0.916 0.901 0.867 0.891 0.902 0.904 0.879 0.872 0.905 0.897 0.885 0.867 0.872 0.836 0.764 0.753 0.732 0.672 0.688 0.656 0.643 0.608 0.46 0.498 0.543 0.556 0.515 0.488
C1910TS102_1 0.624 0.392 0.489 0.522 0.464 0.627 0.626 0.726 0.748 0.733 0.782 0.794 0.796 0.836 0.855 0.854 0.865 0.865 0.86 0.866 0.813 0.809 0.752 0.795 0.7 0.717 0.694 0.657 0.46 0.441 0.49 0.482 0.405 0.452 0.452 0.485 0.513 0.493 0.447 0.431 0.414 0.389 0.42 0.421
C1910TS123_1 0.76 0.57 0.586 0.712 0.779 0.749 0.787 0.802 0.826 0.791 0.819 0.852 0.875 0.844 0.874 0.887 0.881 0.854 0.83 0.886 0.861 0.836 0.734 0.79 0.801 0.837 0.723 0.798 0.768 0.658 0.757 0.77 0.774 0.742 0.692 0.706 0.708 0.706 0.691 0.663 0.65 0.655 0.581 0.582
C1910TS258_5 0.824 0.611 0.747 0.817 0.8 0.786 0.854 0.834 0.864 0.879 0.901 0.906 0.915 0.913 0.937 0.948 0.944 0.941 0.961 0.956 0.93 0.942 0.969 0.917 0.877 0.896 0.901 0.844 0.793 0.785 0.82 0.73 0.753 0.708 0.711 0.709 0.763 0.782 0.741 0.75 0.706 0.707 0.655 0.536
C1910TS067_4 0.601 0.476 0.496 0.573 0.42 0.652 0.751 0.748 0.786 0.798 0.824 0.818 0.808 0.827 0.855 0.855 0.853 0.874 0.859 0.791 0.811 0.776 0.722 0.698 0.683 0.628 0.586 0.642 0.615 0.493 0.303 0.357 0.393 0.394 0.326 0.414 0.42 0.439 0.407 0.395 0.338 0.343 0.311 0.307
C1910TS010_5 0.517 0.28 0.372 0.421 0.363 0.326 0.393 0.433 0.537 0.573 0.639 0.576 0.54 0.545 0.567 0.535 0.556 0.611 0.615 0.552 0.464 0.55 0.55 0.67 0.574 0.557 0.565 0.64 0.602 0.519 0.563 0.561 0.517 0.516 0.492 0.515 0.521 0.417 0.501 0.514 0.542 0.517 0.505 0.432
C1910TS240_4 0.791 0.484 0.534 0.604 0.65 0.748 0.795 0.815 0.857 0.849 0.894 0.923 0.912 0.944 0.964 0.963 0.967 0.976 0.978 0.977 0.977 0.976 0.973 0.965 0.962 0.94 0.934 0.908 0.879 0.828 0.794 0.772 0.767 0.738 0.691 0.577 0.607 0.572 0.534 0.622 0.552 0.548 0.539 0.509
C1910TS010_2 0.549 0.377 0.351 0.399 0.443 0.437 0.38 0.439 0.555 0.526 0.544 0.505 0.494 0.552 0.521 0.552 0.529 0.639 0.662 0.659 0.613 0.702 0.69 0.682 0.653 0.635 0.639 0.699 0.664 0.576 0.584 0.548 0.484 0.45 0.387 0.481 0.522 0.553 0.577 0.598 0.574 0.597 0.587 0.542
C1910TS240_3 0.764 0.475 0.494 0.645 0.505 0.748 0.772 0.791 0.825 0.876 0.905 0.892 0.909 0.936 0.951 0.953 0.96 0.967 0.967 0.963 0.96 0.943 0.939 0.937 0.933 0.911 0.906 0.88 0.854 0.785 0.767 0.743 0.707 0.66 0.662 0.571 0.571 0.478 0.535 0.595 0.544 0.495 0.472 0.459
C1910TS258_2 0.761 0.581 0.661 0.756 0.757 0.775 0.838 0.828 0.867 0.877 0.894 0.921 0.92 0.935 0.937 0.962 0.959 0.945 0.95 0.955 0.932 0.928 0.932 0.864 0.855 0.883 0.829 0.738 0.762 0.706 0.596 0.512 0.498 0.483 0.485 0.519 0.513 0.596 0.651 0.648 0.657 0.656 0.597 0.547
C1910TS067_3 0.601 0.48 0.509 0.577 0.519 0.617 0.744 0.749 0.777 0.801 0.805 0.802 0.801 0.836 0.842 0.843 0.859 0.812 0.783 0.768 0.765 0.732 0.67 0.663 0.641 0.579 0.531 0.532 0.555 0.472 0.335 0.384 0.421 0.439 0.396 0.442 0.461 0.46 0.43 0.442 0.4 0.426 0.408 0.348
C1910TS404_3 0.749 0.426 0.48 0.644 0.712 0.721 0.806 0.795 0.85 0.856 0.892 0.926 0.938 0.957 0.964 0.954 0.973 0.971 0.97 0.956 0.962 0.94 0.913 0.884 0.874 0.853 0.853 0.823 0.807 0.774 0.716 0.717 0.714 0.629 0.606 0.643 0.514 0.605 0.42 0.334 0.487 0.449 0.473 0.426
C1910TS211_1 0.887 0.75 0.896 0.93 0.929 0.917 0.95 0.952 0.954 0.96 0.977 0.977 0.981 0.985 0.986 0.988 0.986 0.986 0.988 0.989 0.988 0.992 0.991 0.992 0.989 0.986 0.99 0.985 0.973 0.965 0.952 0.936 0.91 0.877 0.839 0.807 0.792 0.774 0.724 0.471 0.637 0.422 0.495 0.581
C1910TS073_2 0.514 0.421 0.362 0.529 0.527 0.517 0.51 0.469 0.505 0.572 0.55 0.479 0.604 0.604 0.525 0.529 0.604 0.632 0.61 0.661 0.621 0.541 0.568 0.603 0.606 0.541 0.583 0.597 0.574 0.477 0.512 0.581 0.487 0.466 0.354 0.405 0.463 0.462 0.427 0.4 0.421 0.371 0.418 0.413
C1910TS404_4 0.762 0.429 0.486 0.65 0.708 0.723 0.804 0.796 0.85 0.855 0.89 0.924 0.936 0.955 0.963 0.956 0.975 0.977 0.979 0.97 0.98 0.966 0.948 0.94 0.917 0.891 0.903 0.871 0.836 0.807 0.727 0.731 0.723 0.642 0.605 0.642 0.509 0.555 0.413 0.461 0.544 0.435 0.487 0.399
C1910TS073_5 0.513 0.391 0.338 0.499 0.549 0.59 0.467 0.422 0.475 0.569 0.557 0.448 0.547 0.6 0.544 0.541 0.544 0.657 0.613 0.663 0.608 0.605 0.592 0.657 0.611 0.604 0.644 0.539 0.527 0.434 0.513 0.522 0.475 0.452 0.364 0.432 0.46 0.421 0.429 0.443 0.465 0.421 0.433 0.412
C1910TS230_1 0.87 0.599 0.706 0.755 0.808 0.842 0.843 0.889 0.905 0.882 0.899 0.952 0.937 0.923 0.915 0.954 0.926 0.88 0.874 0.906 0.898 0.87 0.869 0.88 0.936 0.936 0.953 0.964 0.965 0.938 0.948 0.938 0.94 0.919 0.897 0.855 0.836 0.864 0.864 0.809 0.745 0.749 0.776 0.674
C1910TS345_1 0.539 0.314 0.335 0.458 0.419 0.57 0.603 0.698 0.622 0.575 0.647 0.674 0.635 0.635 0.704 0.666 0.642 0.694 0.67 0.526 0.545 0.562 0.621 0.542 0.517 0.61 0.622 0.555 0.513 0.58 0.528 0.479 0.537 0.525 0.491 0.488 0.414 0.394 0.456 0.496 0.427 0.392 0.414 0.391
C1910TS405_5 0.839 0.505 0.54 0.596 0.482 0.58 0.73 0.754 0.783 0.772 0.842 0.86 0.841 0.86 0.886 0.88 0.893 0.859 0.835 0.713 0.778 0.827 0.941 0.954 0.891 0.923 0.97 0.968 0.932 0.963 0.97 0.962 0.961 0.956 0.95 0.94 0.933 0.918 0.918 0.901 0.892 0.879 0.817 0.707
C1910TS405_2 0.885 0.627 0.652 0.664 0.574 0.776 0.841 0.832 0.862 0.862 0.892 0.891 0.889 0.936 0.949 0.944 0.967 0.974 0.963 0.973 0.952 0.944 0.979 0.976 0.954 0.939 0.974 0.972 0.947 0.959 0.966 0.963 0.957 0.946 0.934 0.925 0.918 0.904 0.894 0.872 0.857 0.826 0.757 0.684
C1910TS278_4 0.899 0.631 0.693 0.783 0.721 0.882 0.899 0.885 0.894 0.904 0.946 0.937 0.916 0.953 0.969 0.958 0.962 0.983 0.985 0.98 0.983 0.984 0.981 0.976 0.979 0.977 0.977 0.974 0.973 0.965 0.949 0.938 0.94 0.924 0.919 0.903 0.892 0.873 0.852 0.826 0.803 0.787 0.739 0.649
C1910TS278_3 0.893 0.631 0.693 0.784 0.723 0.882 0.899 0.884 0.894 0.903 0.946 0.938 0.914 0.952 0.969 0.958 0.962 0.982 0.984 0.98 0.982 0.979 0.975 0.971 0.975 0.972 0.972 0.969 0.968 0.959 0.94 0.935 0.931 0.915 0.91 0.891 0.881 0.861 0.839 0.813 0.786 0.768 0.722 0.625
C1910TS349_1 0.905 0.626 0.528 0.721 0.836 0.797 0.854 0.861 0.915 0.906 0.88 0.926 0.953 0.953 0.968 0.953 0.978 0.985 0.962 0.957 0.981 0.978 0.947 0.957 0.976 0.965 0.961 0.967 0.97 0.966 0.947 0.955 0.951 0.949 0.945 0.927 0.931 0.937 0.919 0.914 0.901 0.881 0.828 0.704
C1910TS413_2 0.758 0.476 0.605 0.665 0.616 0.751 0.818 0.772 0.787 0.804 0.818 0.803 0.779 0.768 0.785 0.738 0.687 0.717 0.746 0.734 0.722 0.766 0.788 0.775 0.789 0.846 0.843 0.839 0.817 0.839 0.844 0.839 0.804 0.803 0.814 0.817 0.797 0.78 0.749 0.757 0.708 0.741 0.673 0.594
C1910TS182_2 0.764 0.474 0.476 0.45 0.564 0.755 0.807 0.793 0.766 0.767 0.819 0.872 0.88 0.913 0.942 0.941 0.952 0.956 0.972 0.978 0.966 0.97 0.962 0.96 0.947 0.926 0.945 0.942 0.9 0.884 0.831 0.791 0.706 0.687 0.694 0.672 0.563 0.454 0.493 0.542 0.499 0.506 0.485 0.46
C1910TS131_5 0.936 0.637 0.847 0.847 0.838 0.879 0.933 0.92 0.923 0.94 0.963 0.965 0.952 0.979 0.988 0.983 0.977 0.988 0.991 0.982 0.991 0.989 0.989 0.99 0.992 0.984 0.988 0.989 0.986 0.978 0.977 0.977 0.974 0.959 0.955 0.939 0.941 0.942 0.923 0.914 0.908 0.897 0.854 0.688
C1910TS215_5 0.748 0.435 0.556 0.706 0.738 0.768 0.819 0.803 0.858 0.858 0.875 0.903 0.899 0.915 0.931 0.889 0.891 0.905 0.896 0.903 0.861 0.84 0.912 0.876 0.809 0.865 0.868 0.807 0.842 0.822 0.749 0.716 0.667 0.612 0.553 0.594 0.52 0.532 0.512 0.604 0.582 0.51 0.508 0.446
C1910TS131_2 0.941 0.653 0.863 0.855 0.85 0.89 0.935 0.923 0.931 0.946 0.965 0.969 0.957 0.978 0.989 0.983 0.977 0.989 0.992 0.99 0.99 0.99 0.992 0.991 0.992 0.985 0.989 0.99 0.987 0.982 0.983 0.981 0.977 0.965 0.96 0.943 0.946 0.952 0.933 0.927 0.918 0.908 0.861 0.69
C1910TS215_2 0.666 0.523 0.478 0.575 0.614 0.685 0.705 0.655 0.759 0.749 0.741 0.789 0.721 0.807 0.809 0.77 0.793 0.744 0.727 0.725 0.713 0.651 0.595 0.64 0.603 0.656 0.628 0.649 0.643 0.721 0.751 0.733 0.73 0.74 0.74 0.668 0.653 0.667 0.627 0.583 0.527 0.444 0.473 0.415
C1910TS413_5 0.769 0.513 0.595 0.68 0.612 0.743 0.743 0.751 0.765 0.798 0.799 0.78 0.75 0.766 0.791 0.803 0.735 0.752 0.803 0.787 0.767 0.832 0.86 0.825 0.843 0.878 0.873 0.862 0.868 0.884 0.87 0.839 0.813 0.805 0.803 0.8 0.771 0.751 0.744 0.725 0.669 0.734 0.706 0.584
C1910TS182_5 0.744 0.492 0.472 0.486 0.592 0.722 0.779 0.745 0.786 0.786 0.829 0.875 0.867 0.89 0.919 0.918 0.914 0.89 0.925 0.927 0.898 0.92 0.939 0.9 0.906 0.91 0.895 0.893 0.866 0.839 0.829 0.747 0.657 0.674 0.667 0.638 0.562 0.484 0.5 0.515 0.496 0.512 0.485 0.429
C1910TS414_1 0.889 0.468 0.62 0.591 0.768 0.849 0.825 0.862 0.864 0.901 0.911 0.905 0.94 0.953 0.968 0.973 0.978 0.984 0.979 0.983 0.982 0.98 0.976 0.979 0.974 0.967 0.971 0.962 0.956 0.95 0.944 0.94 0.923 0.92 0.912 0.902 0.89 0.874 0.878 0.845 0.822 0.793 0.672
C1910TS152_2 0.871 0.559 0.749 0.759 0.731 0.821 0.807 0.839 0.861 0.888 0.905 0.894 0.888 0.92 0.92 0.901 0.911 0.922 0.912 0.889 0.888 0.922 0.936 0.93 0.958 0.971 0.971 0.967 0.974 0.97 0.942 0.952 0.939 0.916 0.91 0.899 0.892 0.873 0.865 0.851 0.756 0.772 0.716 0.602
C1910TS152_5 0.705 0.504 0.507 0.599 0.546 0.542 0.609 0.563 0.609 0.65 0.619 0.612 0.605 0.546 0.576 0.638 0.641 0.678 0.677 0.701 0.745 0.806 0.816 0.81 0.871 0.91 0.885 0.888 0.892 0.914 0.863 0.877 0.878 0.868 0.818 0.824 0.823 0.771 0.728 0.681 0.627 0.608 0.551 0.433
C1910TS404_5 0.763 0.413 0.478 0.651 0.71 0.725 0.812 0.797 0.857 0.851 0.89 0.924 0.936 0.953 0.959 0.954 0.972 0.976 0.979 0.969 0.982 0.975 0.965 0.96 0.959 0.947 0.949 0.922 0.882 0.858 0.789 0.768 0.71 0.647 0.576 0.593 0.362 0.463 0.495 0.493 0.512 0.431 0.411 0.352
C1910TS228_1 0.75 0.621 0.778 0.85 0.861 0.88 0.91 0.882 0.883 0.895 0.902 0.893 0.896 0.856 0.815 0.823 0.764 0.706 0.81 0.785 0.815 0.866 0.816 0.83 0.883 0.85 0.831 0.845 0.821 0.733 0.691 0.72 0.729 0.572 0.544 0.589 0.524 0.536 0.595 0.605 0.572 0.525 0.488 0.448
C1910TS247_1 0.823 0.534 0.658 0.748 0.813 0.798 0.8 0.836 0.842 0.876 0.88 0.877 0.92 0.911 0.908 0.869 0.888 0.884 0.877 0.858 0.842 0.879 0.872 0.877 0.881 0.896 0.884 0.87 0.905 0.865 0.88 0.896 0.861 0.808 0.813 0.815 0.812 0.798 0.724 0.708 0.682 0.732 0.705 0.608
C1910TS073_4 0.576 0.448 0.439 0.623 0.611 0.612 0.57 0.533 0.583 0.631 0.53 0.528 0.586 0.613 0.546 0.551 0.6 0.653 0.617 0.701 0.665 0.682 0.683 0.749 0.716 0.634 0.684 0.716 0.63 0.513 0.554 0.631 0.528 0.516 0.373 0.481 0.528 0.495 0.506 0.539 0.523 0.491 0.497 0.445
C1910TS404_2 0.735 0.425 0.488 0.661 0.736 0.73 0.81 0.8 0.857 0.864 0.892 0.927 0.942 0.956 0.958 0.95 0.969 0.969 0.964 0.957 0.958 0.928 0.926 0.901 0.883 0.857 0.839 0.818 0.773 0.743 0.687 0.679 0.662 0.581 0.559 0.592 0.514 0.555 0.477 0.41 0.404 0.328 0.352 0.306
C1910TS073_3 0.532 0.43 0.403 0.491 0.492 0.53 0.483 0.508 0.572 0.582 0.515 0.529 0.578 0.614 0.614 0.577 0.608 0.676 0.645 0.651 0.657 0.7 0.668 0.632 0.629 0.639 0.56 0.549 0.585 0.487 0.497 0.508 0.494 0.434 0.377 0.443 0.503 0.476 0.436 0.432 0.444 0.378 0.402 0.436
C1910TS010_3 0.462 0.389 0.344 0.464 0.397 0.54 0.554 0.423 0.56 0.482 0.545 0.516 0.49 0.524 0.552 0.47 0.436 0.588 0.527 0.489 0.465 0.535 0.528 0.535 0.414 0.425 0.47 0.43 0.384 0.39 0.428 0.407 0.365 0.389 0.355 0.401 0.492 0.555 0.568 0.515 0.448 0.37 0.392 0.323
C1910TS240_2 0.803 0.536 0.607 0.663 0.672 0.753 0.832 0.804 0.875 0.87 0.891 0.914 0.922 0.945 0.959 0.961 0.965 0.975 0.975 0.976 0.979 0.974 0.977 0.969 0.964 0.948 0.943 0.915 0.903 0.853 0.815 0.782 0.775 0.729 0.655 0.563 0.592 0.581 0.556 0.645 0.579 0.565 0.593 0.564
C1910TS369_1 0.916 0.707 0.843 0.892 0.894 0.891 0.926 0.918 0.928 0.942 0.96 0.964 0.964 0.969 0.974 0.97 0.97 0.971 0.968 0.964 0.973 0.964 0.962 0.96 0.963 0.957 0.958 0.963 0.962 0.95 0.944 0.941 0.931 0.919 0.91 0.9 0.89 0.887 0.875 0.86 0.817 0.813 0.789 0.669
C1910TS258_3 0.757 0.564 0.669 0.74 0.703 0.741 0.831 0.819 0.859 0.863 0.9 0.903 0.915 0.939 0.955 0.954 0.974 0.975 0.968 0.965 0.967 0.954 0.947 0.916 0.887 0.876 0.836 0.78 0.747 0.659 0.613 0.494 0.465 0.498 0.461 0.483 0.504 0.635 0.621 0.648 0.628 0.644 0.562 0.479
C1910TS067_2 0.588 0.45 0.532 0.542 0.532 0.621 0.65 0.677 0.708 0.721 0.723 0.716 0.777 0.763 0.764 0.804 0.776 0.826 0.789 0.769 0.793 0.76 0.711 0.704 0.675 0.624 0.581 0.639 0.607 0.482 0.31 0.369 0.401 0.423 0.33 0.411 0.456 0.453 0.431 0.436 0.403 0.396 0.376 0.363
C1910TS258_4 0.69 0.547 0.618 0.729 0.679 0.722 0.797 0.774 0.809 0.805 0.842 0.844 0.852 0.86 0.879 0.89 0.879 0.881 0.871 0.857 0.836 0.843 0.832 0.787 0.769 0.822 0.739 0.705 0.755 0.707 0.647 0.559 0.554 0.546 0.487 0.515 0.49 0.463 0.478 0.466 0.402 0.382 0.381 0.352
C1910TS067_5 0.588 0.45 0.532 0.542 0.532 0.621 0.65 0.677 0.708 0.721 0.723 0.716 0.777 0.763 0.764 0.804 0.776 0.826 0.789 0.769 0.793 0.76 0.711 0.704 0.675 0.624 0.581 0.639 0.607 0.482 0.31 0.369 0.401 0.423 0.33 0.411 0.456 0.453 0.431 0.436 0.403 0.396 0.376 0.363
C1910TS003_1 0.659 0.375 0.524 0.569 0.559 0.527 0.514 0.553 0.556 0.451 0.442 0.503 0.49 0.475 0.474 0.451 0.461 0.483 0.46 0.483 0.449 0.505 0.599 0.729 0.708 0.785 0.769 0.843 0.864 0.859 0.887 0.909 0.901 0.891 0.89 0.883 0.882 0.878 0.86 0.853 0.823 0.815 0.785 0.639
C1910TS010_4 0.519 0.426 0.371 0.433 0.379 0.413 0.385 0.45 0.589 0.564 0.604 0.558 0.571 0.619 0.687 0.6 0.644 0.72 0.722 0.592 0.664 0.712 0.689 0.604 0.662 0.716 0.625 0.56 0.582 0.519 0.446 0.484 0.443 0.452 0.414 0.401 0.394 0.416 0.373 0.358 0.349 0.337 0.422 0.381
C1910TS240_5 0.796 0.487 0.534 0.607 0.655 0.763 0.807 0.823 0.863 0.857 0.893 0.929 0.926 0.952 0.965 0.968 0.973 0.981 0.981 0.982 0.984 0.978 0.978 0.972 0.967 0.944 0.939 0.913 0.879 0.829 0.795 0.778 0.776 0.738 0.698 0.578 0.612 0.582 0.542 0.624 0.575 0.546 0.542 0.509
C1910TS438_1 0.803 0.576 0.61 0.699 0.643 0.706 0.841 0.819 0.779 0.792 0.841 0.808 0.77 0.819 0.848 0.84 0.795 0.798 0.865 0.848 0.822 0.809 0.877 0.854 0.855 0.883 0.911 0.898 0.901 0.912 0.911 0.907 0.895 0.87 0.839 0.849 0.835 0.841 0.782 0.735 0.69 0.726 0.667 0.577
C1910TS389_2 0.748 0.496 0.594 0.597 0.689 0.713 0.708 0.761 0.76 0.773 0.782 0.789 0.824 0.809 0.832 0.869 0.87 0.855 0.891 0.898 0.92 0.908 0.901 0.914 0.907 0.901 0.884 0.853 0.835 0.802 0.76 0.75 0.752 0.664 0.623 0.637 0.606 0.564 0.618 0.565 0.543 0.54 0.468
C1910TS179_1 0.87 0.599 0.706 0.755 0.808 0.842 0.843 0.889 0.905 0.882 0.899 0.952 0.937 0.923 0.915 0.954 0.926 0.88 0.874 0.906 0.898 0.87 0.869 0.88 0.936 0.936 0.953 0.964 0.965 0.938 0.948 0.938 0.94 0.919 0.897 0.855 0.836 0.864 0.864 0.809 0.745 0.749 0.776 0.674
C1910TS389_5 0.739 0.592 0.75 0.811 0.847 0.84 0.863 0.818 0.872 0.871 0.896 0.868 0.906 0.941 0.9 0.921 0.942 0.931 0.949 0.933 0.93 0.9 0.875 0.861 0.846 0.79 0.799 0.759 0.741 0.735 0.677 0.65 0.607 0.527 0.508 0.504 0.49 0.457 0.462 0.539 0.496 0.371 0.408 0.392
C1910TS158_1 0.738 0.553 0.51 0.535 0.492 0.53 0.517 0.563 0.62 0.643 0.676 0.758 0.787 0.821 0.866 0.873 0.915 0.907 0.903 0.902 0.937 0.93 0.929 0.91 0.938 0.945 0.915 0.916 0.89 0.867 0.838 0.833 0.793 0.731 0.738 0.71 0.657 0.6 0.561 0.547 0.556 0.585 0.56 0.499
C1910TS213_1 0.681 0.445 0.569 0.567 0.709 0.739 0.721 0.765 0.724 0.776 0.756 0.766 0.707 0.719 0.719 0.648 0.664 0.723 0.699 0.573 0.627 0.524 0.652 0.632 0.67 0.591 0.677 0.689 0.723 0.702 0.738 0.698 0.797 0.779 0.723 0.682 0.762 0.756 0.732 0.696 0.671 0.606 0.5
C1910TS230_4 0.742 0.539 0.654 0.718 0.649 0.67 0.738 0.628 0.716 0.702 0.735 0.691 0.686 0.639 0.647 0.67 0.731 0.592 0.675 0.726 0.743 0.764 0.852 0.797 0.854 0.879 0.844 0.892 0.911 0.896 0.845 0.875 0.878 0.86 0.841 0.837 0.812 0.804 0.717 0.748 0.701 0.629 0.617 0.502
C1910TS228_5 0.746 0.602 0.78 0.85 0.855 0.878 0.903 0.873 0.876 0.887 0.89 0.879 0.882 0.842 0.791 0.799 0.746 0.693 0.803 0.765 0.811 0.861 0.815 0.83 0.891 0.864 0.835 0.846 0.817 0.733 0.711 0.744 0.731 0.562 0.5 0.589 0.509 0.529 0.599 0.605 0.589 0.528 0.507 0.461
C1910TS404_1 0.728 0.432 0.494 0.674 0.746 0.732 0.814 0.806 0.862 0.868 0.896 0.931 0.946 0.96 0.963 0.954 0.974 0.975 0.974 0.965 0.973 0.939 0.925 0.906 0.893 0.856 0.846 0.815 0.775 0.741 0.685 0.672 0.642 0.555 0.522 0.534 0.479 0.55 0.456 0.406 0.388 0.28 0.277 0.237
C1910TS211_3 0.679 0.411 0.472 0.449 0.547 0.653 0.721 0.715 0.711 0.759 0.794 0.8 0.808 0.767 0.906 0.872 0.893 0.785 0.806 0.766 0.774 0.758 0.682 0.701 0.65 0.641 0.517 0.423 0.467 0.417 0.567 0.642 0.694 0.691 0.725 0.755 0.745 0.725 0.748 0.765 0.759 0.665 0.564 0.499
C1910TS247_5 0.826 0.555 0.652 0.813 0.797 0.834 0.874 0.889 0.853 0.872 0.864 0.891 0.899 0.894 0.839 0.894 0.89 0.909 0.872 0.895 0.912 0.868 0.914 0.906 0.925 0.909 0.916 0.906 0.865 0.879 0.842 0.869 0.866 0.826 0.834 0.812 0.818 0.758 0.752 0.72 0.674 0.66 0.618 0.495
C1910TS228_2 0.753 0.596 0.75 0.838 0.854 0.854 0.897 0.877 0.878 0.874 0.875 0.862 0.876 0.815 0.739 0.77 0.728 0.663 0.796 0.741 0.807 0.878 0.823 0.848 0.907 0.894 0.861 0.878 0.84 0.722 0.719 0.74 0.718 0.555 0.442 0.58 0.55 0.603 0.664 0.667 0.64 0.617 0.606 0.535
C1910TS211_4 0.692 0.419 0.458 0.439 0.551 0.681 0.714 0.704 0.703 0.73 0.771 0.804 0.826 0.806 0.901 0.874 0.914 0.838 0.839 0.769 0.793 0.768 0.695 0.73 0.651 0.654 0.518 0.446 0.492 0.447 0.565 0.647 0.684 0.692 0.754 0.769 0.781 0.758 0.771 0.779 0.782 0.705 0.594 0.537
C1910TS301_1 0.904 0.55 0.566 0.535 0.825 0.859 0.848 0.88 0.87 0.908 0.916 0.896 0.942 0.956 0.973 0.969 0.985 0.99 0.988 0.99 0.991 0.991 0.987 0.987 0.985 0.984 0.974 0.972 0.971 0.963 0.953 0.95 0.947 0.924 0.928 0.927 0.913 0.914 0.911 0.884 0.887 0.851 0.74
C1910TS247_2 0.781 0.465 0.61 0.624 0.615 0.764 0.799 0.765 0.824 0.815 0.826 0.821 0.815 0.83 0.849 0.852 0.841 0.86 0.788 0.786 0.864 0.879 0.851 0.881 0.894 0.91 0.889 0.869 0.889 0.903 0.852 0.839 0.827 0.808 0.776 0.759 0.742 0.731 0.689 0.709 0.585 0.648 0.634 0.587
C1910TS230_3 0.875 0.625 0.756 0.815 0.823 0.78 0.869 0.848 0.815 0.913 0.887 0.835 0.845 0.924 0.916 0.843 0.872 0.914 0.932 0.942 0.938 0.927 0.936 0.961 0.952 0.912 0.925 0.95 0.959 0.91 0.914 0.934 0.925 0.936 0.89 0.882 0.893 0.892 0.863 0.843 0.833 0.842 0.769 0.692
C1910TS003_2 0.65 0.476 0.507 0.608 0.54 0.561 0.563 0.535 0.522 0.589 0.605 0.612 0.64 0.723 0.657 0.647 0.632 0.768 0.677 0.82 0.854 0.843 0.834 0.856 0.849 0.815 0.8 0.785 0.728 0.715 0.662 0.681 0.597 0.588 0.58 0.609 0.65 0.632 0.582 0.638 0.564 0.476 0.454 0.462
C1910TS369_5 0.891 0.762 0.859 0.886 0.872 0.881 0.918 0.904 0.913 0.903 0.92 0.93 0.935 0.938 0.934 0.946 0.956 0.958 0.949 0.958 0.942 0.955 0.966 0.953 0.948 0.939 0.968 0.968 0.941 0.935 0.944 0.926 0.904 0.894 0.891 0.857 0.809 0.81 0.827 0.812 0.738 0.761 0.71 0.578
C1910TS240_1 0.79 0.475 0.563 0.621 0.641 0.727 0.803 0.788 0.864 0.858 0.888 0.915 0.919 0.947 0.962 0.961 0.961 0.978 0.979 0.979 0.98 0.978 0.976 0.97 0.968 0.948 0.933 0.904 0.883 0.83 0.808 0.779 0.742 0.714 0.701 0.54 0.595 0.575 0.553 0.645 0.579 0.523 0.528 0.509
C1910TS369_2 0.911 0.702 0.811 0.873 0.882 0.876 0.911 0.9 0.93 0.942 0.958 0.961 0.959 0.967 0.975 0.974 0.97 0.973 0.976 0.971 0.971 0.962 0.959 0.959 0.954 0.949 0.957 0.956 0.953 0.946 0.941 0.931 0.93 0.92 0.918 0.901 0.894 0.893 0.883 0.876 0.833 0.797 0.759 0.63
C1910TS067_1 0.601 0.476 0.496 0.573 0.42 0.652 0.751 0.748 0.786 0.798 0.824 0.818 0.808 0.827 0.855 0.855 0.853 0.874 0.859 0.791 0.811 0.776 0.722 0.698 0.683 0.628 0.586 0.642 0.615 0.493 0.303 0.357 0.393 0.394 0.326 0.414 0.42 0.439 0.407 0.395 0.338 0.343 0.311 0.307
C1910TS123_4 0.741 0.414 0.43 0.644 0.636 0.62 0.676 0.695 0.707 0.775 0.772 0.82 0.807 0.818 0.791 0.857 0.856 0.861 0.837 0.822 0.87 0.83 0.817 0.826 0.834 0.81 0.787 0.82 0.754 0.807 0.759 0.767 0.744 0.785 0.791 0.71 0.635 0.734 0.722 0.713 0.671 0.649 0.644 0.552
C1910TS438_5 0.811 0.545 0.579 0.719 0.697 0.826 0.876 0.826 0.817 0.816 0.863 0.849 0.791 0.787 0.829 0.839 0.791 0.766 0.789 0.821 0.826 0.829 0.862 0.878 0.889 0.865 0.917 0.925 0.901 0.903 0.907 0.892 0.878 0.868 0.863 0.827 0.811 0.807 0.784 0.784 0.705 0.759 0.732 0.648
C1910TS359_1 0.899 0.553 0.703 0.835 0.795 0.827 0.897 0.89 0.892 0.928 0.951 0.949 0.94 0.963 0.973 0.971 0.965 0.982 0.981 0.972 0.978 0.986 0.979 0.973 0.979 0.977 0.976 0.972 0.967 0.963 0.952 0.939 0.928 0.913 0.913 0.894 0.876 0.865 0.848 0.809 0.79 0.795 0.75 0.651
C1910TS438_2 0.77 0.478 0.55 0.692 0.654 0.783 0.838 0.788 0.808 0.833 0.852 0.831 0.799 0.837 0.85 0.859 0.83 0.788 0.803 0.824 0.845 0.817 0.813 0.815 0.816 0.857 0.834 0.856 0.857 0.863 0.838 0.818 0.817 0.812 0.807 0.767 0.754 0.722 0.68 0.659 0.609 0.616 0.608 0.517
C1910TS123_3 0.683 0.476 0.415 0.559 0.486 0.581 0.588 0.585 0.601 0.635 0.671 0.732 0.682 0.796 0.753 0.843 0.775 0.898 0.886 0.853 0.868 0.901 0.879 0.803 0.816 0.803 0.851 0.757 0.714 0.675 0.664 0.667 0.661 0.667 0.655 0.636 0.621 0.63 0.615 0.583 0.544 0.565 0.51 0.483
C1910TS299_3 0.893 0.631 0.693 0.784 0.723 0.882 0.899 0.884 0.894 0.903 0.946 0.938 0.914 0.952 0.969 0.958 0.962 0.982 0.984 0.98 0.982 0.979 0.975 0.971 0.975 0.972 0.972 0.969 0.968 0.959 0.94 0.935 0.931 0.915 0.91 0.891 0.881 0.861 0.839 0.813 0.786 0.768 0.722 0.625
C1910TS158_2 0.748 0.461 0.633 0.617 0.663 0.682 0.685 0.696 0.762 0.772 0.845 0.853 0.883 0.85 0.881 0.895 0.886 0.92 0.9 0.88 0.881 0.902 0.859 0.821 0.81 0.842 0.789 0.721 0.703 0.739 0.731 0.585 0.649 0.673 0.692 0.681 0.7 0.721 0.687 0.693 0.672 0.648 0.64 0.549
C1910TS213_2 0.708 0.521 0.601 0.558 0.737 0.788 0.739 0.806 0.787 0.814 0.789 0.791 0.737 0.726 0.727 0.622 0.66 0.693 0.665 0.586 0.569 0.547 0.614 0.647 0.683 0.668 0.748 0.762 0.784 0.744 0.764 0.752 0.818 0.805 0.765 0.767 0.788 0.784 0.734 0.729 0.702 0.657 0.562
C1910TS158_5 0.744 0.407 0.44 0.44 0.551 0.656 0.724 0.755 0.771 0.737 0.82 0.848 0.84 0.878 0.922 0.929 0.924 0.939 0.946 0.934 0.929 0.949 0.957 0.934 0.915 0.917 0.925 0.905 0.861 0.815 0.805 0.777 0.725 0.701 0.713 0.675 0.583 0.552 0.545 0.505 0.516 0.438 0.476 0.402
C1910TS213_5 0.718 0.538 0.649 0.671 0.756 0.798 0.741 0.844 0.819 0.834 0.825 0.826 0.765 0.735 0.717 0.663 0.666 0.658 0.653 0.553 0.585 0.53 0.617 0.617 0.674 0.704 0.779 0.76 0.8 0.751 0.761 0.727 0.803 0.808 0.739 0.758 0.778 0.779 0.753 0.723 0.74 0.694 0.573
C1910TS299_4 0.899 0.631 0.693 0.783 0.721 0.882 0.899 0.885 0.894 0.904 0.946 0.937 0.916 0.953 0.969 0.958 0.962 0.983 0.985 0.98 0.983 0.984 0.981 0.976 0.979 0.977 0.977 0.974 0.973 0.965 0.949 0.938 0.94 0.924 0.919 0.903 0.892 0.873 0.852 0.826 0.803 0.787 0.739 0.649
C1910TS389_1 0.763 0.536 0.65 0.675 0.73 0.781 0.756 0.833 0.851 0.857 0.874 0.896 0.914 0.913 0.91 0.923 0.896 0.89 0.922 0.929 0.917 0.896 0.917 0.909 0.886 0.894 0.861 0.855 0.821 0.763 0.739 0.708 0.667 0.685 0.643 0.599 0.597 0.486 0.472 0.535 0.508 0.504 0.46
C1910TS210_3 0.882 0.604 0.658 0.684 0.615 0.8 0.854 0.834 0.869 0.874 0.905 0.906 0.901 0.943 0.945 0.947 0.961 0.966 0.968 0.966 0.94 0.942 0.975 0.971 0.939 0.937 0.972 0.979 0.945 0.959 0.966 0.959 0.95 0.944 0.935 0.915 0.908 0.899 0.875 0.841 0.827 0.813 0.739 0.59
C1910TS405_1 0.879 0.574 0.639 0.63 0.535 0.735 0.851 0.828 0.833 0.867 0.892 0.877 0.869 0.931 0.936 0.929 0.969 0.974 0.963 0.964 0.962 0.945 0.975 0.978 0.959 0.944 0.972 0.978 0.936 0.96 0.967 0.955 0.95 0.938 0.933 0.926 0.911 0.903 0.896 0.874 0.852 0.817 0.777 0.682
C1910TS345_5 0.556 0.399 0.349 0.449 0.452 0.534 0.532 0.661 0.642 0.526 0.578 0.666 0.636 0.62 0.473 0.38 0.561 0.637 0.606 0.675 0.671 0.554 0.564 0.697 0.683 0.582 0.678 0.7 0.661 0.64 0.688 0.601 0.619 0.648 0.611 0.531 0.426 0.453 0.468 0.464 0.421 0.424 0.393 0.348
C1910TS345_2 0.605 0.408 0.32 0.498 0.57 0.508 0.595 0.609 0.693 0.67 0.63 0.717 0.733 0.724 0.713 0.802 0.793 0.714 0.737 0.786 0.776 0.757 0.728 0.71 0.74 0.701 0.63 0.675 0.688 0.533 0.519 0.591 0.577 0.47 0.478 0.461 0.522 0.563 0.5 0.491 0.481 0.413 0.425 0.376
C1910TS210_4 0.886 0.593 0.634 0.701 0.671 0.824 0.877 0.862 0.872 0.881 0.916 0.904 0.892 0.938 0.958 0.953 0.965 0.97 0.968 0.962 0.945 0.955 0.977 0.964 0.949 0.944 0.972 0.977 0.962 0.962 0.965 0.957 0.956 0.946 0.936 0.922 0.91 0.888 0.87 0.848 0.818 0.801 0.743 0.578
C1910TS273_4 0.486 0.494 0.476 0.511 0.482 0.467 0.454 0.511 0.485 0.535 0.58 0.552 0.602 0.632 0.585 0.578 0.598 0.605 0.563 0.508 0.531 0.542 0.451 0.417 0.467 0.495 0.428 0.407 0.387 0.403 0.421 0.451 0.465 0.461 0.423 0.441 0.484 0.444 0.427 0.464 0.439 0.427 0.426 0.397
C1910TS349_2 0.901 0.62 0.526 0.721 0.83 0.795 0.851 0.858 0.912 0.905 0.879 0.924 0.952 0.952 0.967 0.952 0.978 0.985 0.961 0.955 0.98 0.972 0.938 0.95 0.974 0.963 0.957 0.963 0.97 0.962 0.943 0.951 0.947 0.944 0.942 0.923 0.928 0.933 0.916 0.909 0.892 0.86 0.815 0.687
C1910TS054_4 0.826 0.519 0.58 0.717 0.818 0.786 0.867 0.872 0.907 0.892 0.915 0.939 0.95 0.965 0.977 0.968 0.968 0.98 0.978 0.973 0.988 0.99 0.981 0.978 0.98 0.978 0.968 0.958 0.941 0.913 0.866 0.845 0.804 0.789 0.76 0.704 0.714 0.694 0.439 0.517 0.466 0.546 0.616 0.52
C1910TS066_1 0.904 0.513 0.62 0.707 0.822 0.794 0.879 0.872 0.897 0.92 0.922 0.935 0.94 0.959 0.972 0.954 0.97 0.977 0.971 0.959 0.978 0.975 0.959 0.984 0.985 0.977 0.979 0.982 0.979 0.973 0.965 0.968 0.954 0.945 0.942 0.926 0.91 0.919 0.905 0.9 0.845 0.839 0.791 0.716
C1910TS349_5 0.905 0.626 0.528 0.721 0.836 0.797 0.854 0.861 0.915 0.906 0.88 0.926 0.953 0.953 0.969 0.953 0.978 0.985 0.962 0.957 0.981 0.978 0.947 0.957 0.976 0.965 0.961 0.967 0.97 0.965 0.946 0.955 0.951 0.949 0.945 0.927 0.931 0.937 0.919 0.914 0.901 0.881 0.827 0.704
C1910TS054_3 0.83 0.512 0.566 0.657 0.765 0.737 0.845 0.823 0.877 0.89 0.906 0.901 0.932 0.959 0.972 0.971 0.983 0.985 0.982 0.977 0.987 0.987 0.983 0.978 0.97 0.973 0.969 0.953 0.955 0.94 0.903 0.872 0.863 0.829 0.787 0.785 0.753 0.709 0.572 0.589 0.584 0.517 0.514 0.492
C1910TS273_3 0.475 0.306 0.376 0.405 0.361 0.329 0.396 0.398 0.512 0.541 0.57 0.534 0.518 0.535 0.559 0.512 0.531 0.593 0.568 0.493 0.466 0.494 0.462 0.54 0.507 0.515 0.518 0.536 0.514 0.459 0.49 0.499 0.445 0.461 0.476 0.467 0.477 0.387 0.449 0.469 0.505 0.432 0.447 0.374
C1910TS131_1 0.94 0.614 0.844 0.9 0.857 0.881 0.94 0.926 0.912 0.944 0.97 0.972 0.96 0.981 0.989 0.984 0.979 0.989 0.992 0.985 0.993 0.99 0.991 0.992 0.992 0.986 0.989 0.99 0.986 0.98 0.981 0.981 0.974 0.959 0.96 0.945 0.944 0.937 0.935 0.918 0.908 0.902 0.86 0.694
C1910TS215_1 0.832 0.519 0.642 0.766 0.756 0.78 0.832 0.841 0.842 0.876 0.914 0.929 0.913 0.947 0.96 0.953 0.966 0.971 0.955 0.91 0.968 0.96 0.954 0.932 0.957 0.962 0.955 0.944 0.911 0.931 0.92 0.89 0.828 0.83 0.824 0.744 0.627 0.687 0.686 0.648 0.666 0.575 0.572 0.546
C1910TS413_1 0.816 0.444 0.566 0.643 0.571 0.772 0.82 0.794 0.81 0.826 0.861 0.851 0.818 0.88 0.895 0.872 0.872 0.889 0.905 0.913 0.876 0.894 0.887 0.876 0.901 0.868 0.876 0.899 0.89 0.885 0.884 0.871 0.852 0.852 0.864 0.843 0.795 0.785 0.819 0.814 0.74 0.73 0.727 0.638
C1910TS182_1 0.799 0.477 0.555 0.598 0.558 0.719 0.774 0.796 0.812 0.85 0.905 0.906 0.904 0.944 0.959 0.959 0.964 0.983 0.987 0.982 0.989 0.985 0.986 0.985 0.98 0.973 0.965 0.957 0.932 0.888 0.855 0.858 0.822 0.768 0.738 0.751 0.725 0.548 0.583 0.434 0.616 0.457 0.464 0.45
C1910TS309_3 0.84 0.545 0.581 0.645 0.643 0.767 0.792 0.809 0.816 0.885 0.904 0.906 0.924 0.955 0.97 0.978 0.986 0.987 0.988 0.992 0.99 0.988 0.987 0.987 0.981 0.973 0.97 0.968 0.942 0.931 0.917 0.904 0.875 0.862 0.827 0.832 0.773 0.752 0.669 0.71 0.639 0.582 0.501 0.5
C1910TS414_5 0.848 0.339 0.579 0.632 0.645 0.809 0.83 0.838 0.867 0.874 0.938 0.938 0.928 0.958 0.974 0.972 0.973 0.984 0.983 0.982 0.985 0.984 0.984 0.985 0.981 0.974 0.976 0.973 0.961 0.943 0.935 0.924 0.905 0.896 0.876 0.869 0.818 0.803 0.731 0.721 0.658 0.545 0.513 0.464
C1910TS414_2 0.856 0.351 0.609 0.678 0.633 0.82 0.858 0.838 0.867 0.88 0.926 0.924 0.914 0.95 0.97 0.971 0.97 0.98 0.981 0.983 0.981 0.981 0.983 0.984 0.98 0.975 0.982 0.978 0.971 0.967 0.961 0.952 0.932 0.909 0.888 0.882 0.84 0.824 0.761 0.748 0.627 0.555 0.533 0.513
C1910TS152_1 0.875 0.789 0.899 0.926 0.916 0.92 0.951 0.945 0.946 0.952 0.965 0.961 0.964 0.963 0.976 0.975 0.97 0.966 0.977 0.973 0.976 0.977 0.984 0.982 0.978 0.967 0.972 0.967 0.948 0.933 0.92 0.911 0.885 0.849 0.812 0.785 0.773 0.767 0.715 0.487 0.629 0.422 0.488 0.544
C1910TS309_4 0.791 0.484 0.557 0.545 0.642 0.723 0.742 0.792 0.845 0.882 0.901 0.906 0.93 0.957 0.968 0.975 0.979 0.986 0.971 0.981 0.983 0.979 0.969 0.966 0.96 0.935 0.928 0.911 0.9 0.871 0.854 0.838 0.806 0.725 0.691 0.686 0.64 0.576 0.532 0.465 0.521 0.548 0.484 0.465
C1910TS158_4 0.685 0.568 0.559 0.561 0.615 0.694 0.708 0.703 0.74 0.745 0.762 0.781 0.79 0.711 0.817 0.798 0.715 0.746 0.81 0.813 0.783 0.79 0.782 0.748 0.8 0.831 0.796 0.772 0.803 0.795 0.72 0.6 0.658 0.649 0.551 0.565 0.561 0.558 0.539 0.536 0.539 0.499 0.523 0.441
C1910TS213_4 0.713 0.533 0.665 0.631 0.764 0.775 0.756 0.811 0.811 0.815 0.828 0.798 0.763 0.731 0.69 0.635 0.658 0.604 0.662 0.54 0.56 0.531 0.608 0.621 0.67 0.67 0.731 0.741 0.793 0.741 0.763 0.757 0.828 0.807 0.803 0.77 0.818 0.829 0.776 0.751 0.706 0.653 0.568
C1910TS299_5 0.875 0.65 0.708 0.771 0.724 0.894 0.903 0.906 0.903 0.907 0.951 0.94 0.92 0.95 0.967 0.959 0.95 0.983 0.985 0.984 0.984 0.983 0.983 0.982 0.982 0.975 0.972 0.974 0.964 0.946 0.927 0.916 0.912 0.89 0.875 0.86 0.833 0.802 0.775 0.734 0.708 0.672 0.516 0.508
C1910TS299_2 0.901 0.573 0.657 0.732 0.639 0.848 0.868 0.863 0.884 0.883 0.931 0.925 0.904 0.945 0.96 0.958 0.96 0.979 0.979 0.975 0.977 0.984 0.982 0.976 0.985 0.98 0.979 0.976 0.979 0.973 0.962 0.956 0.955 0.945 0.934 0.925 0.922 0.906 0.889 0.881 0.866 0.859 0.807 0.7
C1910TS158_3 0.764 0.531 0.714 0.744 0.708 0.739 0.778 0.75 0.768 0.784 0.814 0.809 0.777 0.813 0.801 0.865 0.78 0.857 0.807 0.734 0.837 0.85 0.82 0.771 0.851 0.825 0.822 0.782 0.837 0.821 0.828 0.799 0.798 0.793 0.821 0.777 0.774 0.769 0.706 0.677 0.644 0.612 0.598 0.463
C1910TS213_3 0.703 0.51 0.593 0.561 0.735 0.784 0.735 0.8 0.773 0.807 0.778 0.782 0.732 0.723 0.721 0.618 0.661 0.685 0.667 0.577 0.561 0.554 0.616 0.649 0.671 0.659 0.738 0.749 0.772 0.743 0.759 0.749 0.821 0.811 0.773 0.765 0.786 0.785 0.74 0.717 0.685 0.644 0.551
C1910TS438_3 0.821 0.583 0.667 0.728 0.668 0.837 0.873 0.874 0.841 0.816 0.836 0.859 0.799 0.831 0.82 0.832 0.763 0.794 0.813 0.854 0.828 0.85 0.862 0.873 0.848 0.895 0.932 0.919 0.914 0.933 0.916 0.911 0.887 0.887 0.873 0.851 0.852 0.822 0.813 0.752 0.711 0.767 0.686 0.629
C1910TS123_2 0.76 0.57 0.586 0.712 0.779 0.749 0.787 0.802 0.826 0.791 0.819 0.852 0.875 0.844 0.874 0.887 0.881 0.854 0.83 0.886 0.861 0.836 0.734 0.79 0.801 0.837 0.723 0.798 0.768 0.658 0.757 0.77 0.774 0.742 0.692 0.706 0.708 0.706 0.691 0.663 0.65 0.655 0.581 0.582
C1910TS123_5 0.741 0.414 0.43 0.644 0.636 0.62 0.676 0.695 0.707 0.775 0.772 0.82 0.807 0.818 0.791 0.857 0.856 0.861 0.837 0.822 0.87 0.83 0.817 0.826 0.834 0.81 0.787 0.82 0.754 0.807 0.759 0.767 0.744 0.785 0.791 0.71 0.635 0.734 0.722 0.713 0.671 0.649 0.644 0.552
C1910TS044_1 0.904 0.55 0.566 0.535 0.825 0.859 0.848 0.88 0.87 0.908 0.916 0.896 0.942 0.956 0.973 0.969 0.985 0.99 0.988 0.99 0.991 0.991 0.987 0.987 0.985 0.984 0.974 0.972 0.971 0.963 0.953 0.95 0.947 0.924 0.928 0.927 0.913 0.914 0.911 0.884 0.887 0.851 0.74
C1910TS438_4 0.819 0.586 0.593 0.671 0.616 0.769 0.791 0.828 0.827 0.796 0.832 0.847 0.782 0.801 0.847 0.806 0.794 0.814 0.862 0.858 0.857 0.864 0.908 0.924 0.93 0.91 0.936 0.931 0.927 0.911 0.922 0.915 0.913 0.892 0.867 0.854 0.854 0.849 0.831 0.79 0.76 0.761 0.665 0.542
C1910TS010_1 0.559 0.297 0.283 0.466 0.464 0.492 0.569 0.548 0.621 0.626 0.548 0.552 0.684 0.661 0.569 0.653 0.683 0.716 0.674 0.697 0.645 0.7 0.661 0.762 0.73 0.656 0.719 0.729 0.588 0.585 0.587 0.522 0.5 0.569 0.572 0.525 0.371 0.413 0.417 0.419 0.431 0.366 0.34 0.41
C1910TS369_3 0.904 0.703 0.842 0.88 0.884 0.88 0.921 0.91 0.921 0.937 0.956 0.956 0.955 0.959 0.962 0.956 0.95 0.951 0.952 0.946 0.95 0.937 0.94 0.946 0.943 0.932 0.943 0.951 0.94 0.935 0.932 0.929 0.918 0.895 0.899 0.892 0.886 0.865 0.86 0.849 0.814 0.824 0.787 0.672
C1910TS258_1 0.705 0.455 0.567 0.642 0.646 0.712 0.762 0.734 0.814 0.803 0.825 0.853 0.865 0.871 0.889 0.922 0.906 0.915 0.929 0.92 0.897 0.928 0.915 0.857 0.827 0.878 0.81 0.725 0.734 0.726 0.652 0.546 0.45 0.442 0.409 0.44 0.478 0.561 0.532 0.547 0.549 0.522 0.463 0.417
C1910TS003_3 0.626 0.439 0.47 0.489 0.503 0.476 0.419 0.488 0.494 0.516 0.569 0.685 0.686 0.769 0.793 0.819 0.841 0.855 0.845 0.827 0.815 0.842 0.79 0.749 0.667 0.742 0.583 0.514 0.635 0.612 0.571 0.578 0.609 0.578 0.573 0.593 0.592 0.607 0.611 0.573 0.613 0.515 0.508 0.47
C1910TS369_4 0.882 0.684 0.789 0.844 0.838 0.843 0.905 0.887 0.903 0.926 0.944 0.941 0.936 0.948 0.954 0.947 0.92 0.917 0.935 0.927 0.928 0.913 0.912 0.921 0.915 0.911 0.933 0.942 0.933 0.931 0.922 0.92 0.912 0.903 0.905 0.886 0.871 0.879 0.862 0.854 0.803 0.713 0.699 0.573
C1910TS228_3 0.797 0.578 0.705 0.802 0.773 0.808 0.878 0.852 0.876 0.897 0.923 0.935 0.937 0.945 0.954 0.956 0.952 0.958 0.96 0.959 0.963 0.963 0.948 0.949 0.947 0.933 0.905 0.895 0.86 0.793 0.749 0.7 0.664 0.521 0.575 0.551 0.554 0.587 0.575 0.597 0.567 0.617 0.629 0.561
C1910TS211_5 0.682 0.42 0.46 0.45 0.562 0.658 0.688 0.674 0.709 0.758 0.764 0.782 0.818 0.79 0.905 0.877 0.896 0.806 0.829 0.769 0.778 0.769 0.683 0.688 0.615 0.616 0.481 0.427 0.469 0.43 0.567 0.635 0.665 0.688 0.745 0.751 0.761 0.746 0.768 0.775 0.78 0.706 0.621 0.549
C1910TS247_3 0.807 0.562 0.697 0.762 0.777 0.804 0.783 0.842 0.841 0.787 0.887 0.887 0.871 0.906 0.941 0.914 0.901 0.941 0.946 0.959 0.912 0.905 0.89 0.915 0.886 0.923 0.901 0.884 0.774 0.818 0.804 0.779 0.767 0.747 0.769 0.67 0.685 0.734 0.704 0.654 0.667 0.662 0.636 0.595
C1910TS230_2 0.867 0.572 0.74 0.803 0.853 0.848 0.891 0.887 0.881 0.889 0.904 0.913 0.916 0.925 0.94 0.923 0.927 0.948 0.963 0.934 0.92 0.916 0.921 0.913 0.898 0.885 0.907 0.903 0.93 0.926 0.887 0.851 0.892 0.896 0.828 0.818 0.875 0.873 0.848 0.832 0.793 0.783 0.744 0.599
C1910TS230_5 0.731 0.536 0.662 0.719 0.626 0.784 0.831 0.766 0.822 0.798 0.821 0.797 0.817 0.753 0.731 0.72 0.615 0.665 0.68 0.663 0.578 0.571 0.562 0.631 0.659 0.683 0.676 0.75 0.775 0.802 0.76 0.772 0.761 0.841 0.823 0.805 0.803 0.836 0.84 0.793 0.779 0.763 0.741 0.64
C1910TS228_4 0.746 0.6 0.79 0.861 0.857 0.88 0.908 0.879 0.877 0.884 0.885 0.873 0.876 0.834 0.781 0.786 0.743 0.689 0.799 0.754 0.804 0.863 0.822 0.824 0.888 0.87 0.843 0.855 0.829 0.751 0.718 0.733 0.719 0.564 0.488 0.588 0.519 0.542 0.606 0.605 0.597 0.534 0.512 0.458
C1910TS211_2 0.841 0.781 0.87 0.875 0.868 0.87 0.885 0.866 0.833 0.803 0.821 0.808 0.749 0.747 0.76 0.712 0.65 0.685 0.761 0.789 0.75 0.838 0.915 0.927 0.933 0.957 0.978 0.979 0.973 0.972 0.967 0.958 0.946 0.937 0.927 0.906 0.888 0.861 0.85 0.859 0.803 0.784 0.603 0.54
C1910TS247_4 0.824 0.579 0.738 0.77 0.751 0.748 0.801 0.781 0.832 0.825 0.881 0.829 0.887 0.882 0.882 0.902 0.914 0.909 0.901 0.909 0.895 0.875 0.857 0.883 0.891 0.904 0.844 0.855 0.844 0.855 0.878 0.874 0.855 0.866 0.878 0.852 0.809 0.813 0.808 0.777 0.73 0.726 0.636 0.521
C1910TS073_1 0.576 0.458 0.446 0.652 0.666 0.712 0.654 0.591 0.737 0.714 0.625 0.645 0.657 0.695 0.593 0.62 0.652 0.683 0.646 0.646 0.636 0.635 0.568 0.673 0.623 0.642 0.681 0.549 0.535 0.476 0.509 0.513 0.524 0.413 0.421 0.427 0.483 0.485 0.497 0.533 0.533 0.433 0.447 0.433
C1910TS414_3 0.926 0.592 0.692 0.887 0.855 0.869 0.908 0.936 0.929 0.945 0.953 0.963 0.971 0.981 0.979 0.986 0.986 0.982 0.98 0.986 0.984 0.987 0.983 0.985 0.986 0.983 0.984 0.984 0.982 0.973 0.969 0.965 0.962 0.957 0.947 0.932 0.923 0.911 0.899 0.899 0.869 0.857 0.817 0.696
C1910TS309_5 0.903 0.589 0.572 0.705 0.805 0.741 0.85 0.863 0.862 0.899 0.906 0.909 0.934 0.955 0.972 0.966 0.967 0.986 0.988 0.989 0.992 0.993 0.991 0.99 0.992 0.992 0.99 0.988 0.986 0.977 0.975 0.976 0.969 0.956 0.953 0.931 0.895 0.904 0.894 0.895 0.851 0.791 0.805 0.707
C1910TS196_1 0.913 0.598 0.755 0.824 0.82 0.847 0.906 0.902 0.895 0.926 0.949 0.946 0.952 0.967 0.975 0.975 0.976 0.978 0.98 0.97 0.982 0.982 0.978 0.972 0.98 0.972 0.975 0.972 0.976 0.971 0.958 0.951 0.947 0.938 0.929 0.917 0.908 0.899 0.885 0.867 0.845 0.837 0.788 0.683
C1910TS309_2 0.875 0.451 0.481 0.542 0.626 0.708 0.793 0.799 0.787 0.814 0.889 0.891 0.908 0.937 0.963 0.97 0.968 0.976 0.983 0.982 0.987 0.984 0.989 0.989 0.987 0.986 0.985 0.985 0.98 0.973 0.959 0.965 0.952 0.936 0.929 0.919 0.899 0.9 0.882 0.845 0.824 0.834 0.799 0.685
C1910TS414_4 0.882 0.455 0.54 0.619 0.595 0.787 0.82 0.828 0.872 0.868 0.918 0.925 0.903 0.944 0.964 0.97 0.973 0.984 0.983 0.983 0.984 0.986 0.985 0.986 0.986 0.981 0.983 0.979 0.978 0.97 0.966 0.963 0.953 0.943 0.935 0.919 0.905 0.892 0.886 0.878 0.841 0.79 0.726 0.585
C1910TS349_4 0.903 0.632 0.538 0.722 0.837 0.802 0.855 0.863 0.913 0.906 0.882 0.925 0.952 0.954 0.967 0.952 0.977 0.983 0.96 0.955 0.98 0.973 0.939 0.953 0.975 0.957 0.958 0.964 0.969 0.963 0.943 0.952 0.947 0.945 0.942 0.924 0.931 0.934 0.917 0.911 0.895 0.873 0.823 0.696
C1910TS054_2 0.817 0.545 0.587 0.699 0.796 0.775 0.848 0.857 0.876 0.877 0.908 0.938 0.937 0.955 0.969 0.966 0.972 0.968 0.968 0.978 0.982 0.979 0.967 0.972 0.981 0.951 0.957 0.963 0.955 0.905 0.869 0.88 0.795 0.728 0.734 0.752 0.695 0.563 0.46 0.535 0.566 0.487 0.565 0.463
C1910TS273_2 0.509 0.281 0.281 0.43 0.408 0.442 0.518 0.483 0.553 0.557 0.494 0.519 0.587 0.602 0.568 0.604 0.583 0.622 0.576 0.637 0.599 0.637 0.611 0.657 0.625 0.606 0.648 0.633 0.575 0.552 0.531 0.516 0.484 0.505 0.498 0.474 0.345 0.383 0.377 0.394 0.411 0.354 0.338 0.402
C1910TS273_5 0.538 0.364 0.393 0.444 0.443 0.405 0.411 0.472 0.397 0.468 0.501 0.544 0.575 0.584 0.61 0.68 0.661 0.667 0.703 0.704 0.705 0.67 0.668 0.678 0.693 0.657 0.607 0.563 0.6 0.59 0.422 0.465 0.504 0.504 0.473 0.496 0.496 0.504 0.46 0.507 0.494 0.472 0.447 0.425
C1910TS278_1 0.902 0.602 0.662 0.729 0.62 0.855 0.873 0.871 0.876 0.876 0.934 0.927 0.902 0.946 0.963 0.958 0.961 0.979 0.982 0.975 0.983 0.986 0.983 0.977 0.986 0.98 0.979 0.977 0.979 0.974 0.96 0.955 0.957 0.943 0.935 0.926 0.918 0.908 0.886 0.882 0.867 0.858 0.79 0.701
C1910TS349_3 0.905 0.626 0.529 0.721 0.837 0.797 0.854 0.862 0.916 0.906 0.881 0.926 0.953 0.953 0.968 0.953 0.978 0.985 0.963 0.958 0.981 0.978 0.947 0.957 0.976 0.965 0.962 0.968 0.97 0.966 0.947 0.956 0.951 0.95 0.945 0.927 0.931 0.937 0.919 0.914 0.901 0.882 0.828 0.704
C1910TS054_5 0.843 0.532 0.585 0.719 0.794 0.786 0.87 0.853 0.903 0.903 0.922 0.948 0.961 0.971 0.978 0.981 0.98 0.984 0.985 0.988 0.99 0.986 0.99 0.989 0.988 0.987 0.981 0.972 0.97 0.943 0.909 0.895 0.871 0.854 0.788 0.789 0.764 0.749 0.479 0.585 0.585 0.517 0.527 0.481
C1910TS345_3 0.588 0.402 0.388 0.318 0.382 0.617 0.557 0.624 0.699 0.615 0.614 0.728 0.709 0.635 0.681 0.76 0.695 0.631 0.716 0.7 0.651 0.629 0.539 0.596 0.612 0.462 0.472 0.567 0.625 0.563 0.454 0.575 0.679 0.586 0.581 0.655 0.656 0.598 0.581 0.62 0.632 0.55 0.508 0.438
C1910TS210_5 0.882 0.531 0.625 0.694 0.651 0.801 0.845 0.839 0.86 0.864 0.897 0.904 0.903 0.935 0.954 0.958 0.968 0.974 0.972 0.963 0.953 0.958 0.976 0.971 0.951 0.948 0.971 0.973 0.955 0.958 0.962 0.951 0.951 0.944 0.933 0.918 0.912 0.897 0.884 0.853 0.841 0.818 0.742 0.586
C1910TS210_2 0.885 0.542 0.659 0.699 0.657 0.834 0.86 0.84 0.872 0.879 0.917 0.92 0.908 0.944 0.953 0.955 0.962 0.969 0.966 0.966 0.94 0.938 0.974 0.968 0.94 0.931 0.968 0.974 0.939 0.954 0.961 0.957 0.947 0.942 0.93 0.916 0.912 0.898 0.88 0.85 0.844 0.831 0.752 0.605
C1910TS345_4 0.558 0.42 0.433 0.448 0.474 0.506 0.491 0.556 0.541 0.547 0.629 0.609 0.568 0.579 0.633 0.579 0.597 0.65 0.688 0.679 0.649 0.648 0.712 0.712 0.651 0.679 0.702 0.68 0.616 0.634 0.61 0.552 0.549 0.519 0.42 0.401 0.376 0.448 0.447 0.452 0.476 0.47 0.514 0.463
END



