PFRMAT QA
TARGET C1910
AUTHOR 8518-5217-3649
METHOD VoroMQA
METHOD -------------
MODEL 2
QMODE 2
C1910TS003_1 0.305 29.850 29.850 29.850 29.850 29.850 29.850 29.850 29.850 29.850 29.850 29.850 29.850 29.850 29.850 29.850 29.850 29.850 29.850 29.850 29.850 29.850 29.850 29.850 29.850 29.850 11.814 14.210 6.839 6.230 4.770 5.001 4.352 4.046 3.706 3.023 2.964 2.953 2.818 2.646 2.754 2.748 2.662 2.669
C1910TS003_2 0.329 17.059 22.613 28.762 29.850 29.850 29.850 29.850 29.850 29.850 27.216 29.850 29.850 29.850 29.850 29.850 24.769 20.548 10.711 15.336 13.362 12.902 11.603 12.871 14.113 13.545 11.039 9.610 9.449 10.501 9.074 7.396 7.769 5.305 5.630 4.145 4.450 4.090 3.790 3.667 2.301 1.437 1.155 0.000
C1910TS003_3 0.287 29.850 29.850 29.850 29.850 25.478 29.850 18.217 21.518 18.456 29.850 13.685 18.926 9.835 13.404 15.085 15.173 10.704 13.323 19.841 9.952 16.763 29.850 18.240 29.850 29.850 18.186 21.880 13.525 23.282 10.867 12.028 12.538 7.601 5.924 6.356 6.579 5.474 6.274 5.071 4.846 5.169 4.745 5.137
C1910TS010_1 0.454 3.563 3.427 3.194 3.130 3.007 3.165 3.243 2.967 3.382 3.331 3.353 3.463 4.291 4.411 5.119 4.163 5.615 4.318 4.600 4.257 5.204 4.519 4.310 3.754 3.760 3.730 3.755 3.242 3.430 3.452 3.556 3.365 3.358 3.293 3.177 3.244 3.161 2.959 3.234 3.243 3.635 3.509 3.405
C1910TS010_2 0.380 5.474 5.686 4.683 5.585 5.634 4.957 5.046 4.635 4.587 4.604 5.354 5.686 4.507 4.953 6.557 5.004 5.673 4.143 5.542 5.132 5.062 5.464 5.678 5.836 4.865 5.640 5.947 5.205 5.201 5.818 6.141 6.193 5.676 4.948 4.734 4.210 4.324 4.476 4.629 4.646 4.506 4.067 4.434
C1910TS010_3 0.357 6.585 7.663 7.033 7.112 6.496 7.695 7.344 5.997 5.222 6.389 6.278 5.750 5.265 6.245 7.702 5.383 5.931 6.220 8.361 7.099 6.706 7.534 7.355 8.106 8.448 7.153 6.929 6.293 6.309 6.119 5.375 4.894 4.717 4.261 4.469 3.603 4.012 3.746 3.989 4.599 5.452 4.299 5.305
C1910TS010_4 0.332 7.215 8.044 7.298 6.095 6.088 5.481 6.479 5.890 5.765 5.495 5.151 5.951 5.137 5.000 6.412 6.019 5.231 6.107 6.593 6.116 7.411 7.375 8.598 10.015 7.475 13.814 22.654 29.850 29.850 12.680 7.917 6.644 6.404 5.472 6.306 6.104 5.719 7.598 6.322 6.687 6.561 6.067 7.505
C1910TS010_5 0.358 6.611 8.006 6.725 6.742 6.593 6.384 5.649 6.201 4.947 5.545 6.139 5.179 4.702 5.850 6.611 5.205 5.816 5.230 6.956 5.802 6.635 6.276 6.638 6.583 7.495 6.909 6.309 5.728 5.947 4.952 5.307 5.425 4.657 4.743 5.550 5.280 5.552 5.109 5.014 5.479 4.862 4.517 5.265
C1910TS044_1 0.362 5.126 7.446 6.476 5.760 6.141 5.670 6.001 5.729 6.161 6.339 5.851 7.129 6.320 6.279 7.966 9.089 8.407 9.262 10.571 9.063 8.696 10.070 9.952 8.840 8.166 7.231 6.681 6.116 5.262 5.326 4.885 4.640 4.786 3.809 3.867 3.883 3.656 3.698 3.537 3.613 3.584 3.353 3.650
C1910TS054_1 0.346 8.384 11.023 8.914 8.229 7.862 7.780 6.802 7.721 6.284 6.376 6.439 7.010 6.133 5.713 8.258 7.713 6.767 10.002 10.210 8.940 8.550 8.913 9.526 8.911 7.561 6.923 6.510 5.292 4.791 4.539 4.348 4.417 4.153 4.271 3.627 4.432 4.269 4.740 3.798 5.792 5.037 8.350 5.443
C1910TS054_2 0.300 18.782 20.060 14.243 18.905 12.675 15.576 11.387 15.827 20.535 14.729 10.323 11.966 11.141 11.452 13.523 29.850 11.777 29.850 19.490 18.358 12.387 29.850 18.591 10.463 12.827 9.519 9.354 6.860 7.295 6.094 5.706 5.692 5.126 5.567 4.522 4.565 4.726 5.601 5.537 6.230 7.905 17.631 29.850
C1910TS054_3 0.331 23.124 17.426 13.030 16.928 11.310 13.462 9.391 12.293 11.490 9.459 9.750 10.028 9.446 8.327 10.171 10.166 8.155 11.986 10.813 8.344 9.979 8.114 7.999 7.775 6.689 6.160 5.313 4.043 4.601 4.207 4.242 4.004 3.906 4.776 3.654 4.022 3.736 4.780 3.849 5.416 11.354 13.164 29.850
C1910TS054_4 0.333 9.620 9.847 9.780 10.758 8.075 9.256 8.141 8.597 10.330 8.130 7.658 8.594 8.338 8.166 9.898 9.706 9.181 9.724 11.184 9.189 9.483 8.871 8.437 8.850 7.597 6.925 6.442 5.053 4.890 4.498 4.462 4.417 4.110 4.563 3.910 4.214 4.812 5.397 5.938 6.449 5.796 6.217 5.992
C1910TS054_5 0.341 15.920 16.001 14.818 13.494 12.172 16.260 10.615 11.284 10.064 9.486 8.947 9.443 9.556 8.146 12.688 9.137 8.363 11.142 10.761 8.766 8.262 7.130 7.103 5.892 5.709 5.847 5.040 4.337 3.737 3.616 3.529 3.252 3.285 3.843 3.093 3.259 3.994 4.423 4.218 5.530 12.508 25.621 29.850
C1910TS066_1 0.354 29.850 21.232 29.850 29.850 13.716 29.850 12.955 19.064 14.917 12.379 11.741 13.993 14.712 10.122 26.042 18.977 13.850 16.590 15.454 14.067 12.058 11.069 9.690 8.733 8.049 7.448 6.241 5.507 6.033 4.392 4.228 3.967 3.444 3.218 2.825 2.694 2.657 2.602 2.456 2.553 2.517 2.424 2.432
C1910TS067_1 0.240 29.850 29.850 29.850 29.850 29.850 29.850 29.850 29.850 29.850 21.639 18.620 27.700 22.795 23.216 23.502 29.850 14.362 29.850 29.850 23.378 29.850 29.850 29.850 29.850 29.850 29.850 29.850 29.850 29.850 29.850 29.850 29.850 29.850 29.850 21.715 29.850 29.850 29.850 29.850 15.171 29.850 8.134 29.850
C1910TS067_2 0.232 29.850 29.850 29.850 29.850 29.850 29.850 29.850 29.850 29.850 29.850 29.850 29.850 29.850 29.850 29.850 29.850 17.462 29.850 29.850 20.307 29.850 29.850 29.850 29.850 29.850 29.850 29.850 29.850 29.850 29.850 29.850 29.850 29.850 29.850 29.850 29.850 29.850 29.850 29.850 29.850 29.850 29.850 29.850
C1910TS067_3 0.255 29.850 29.850 29.850 29.850 29.850 29.850 29.850 29.850 29.754 24.380 13.991 18.170 18.044 8.695 13.263 8.634 9.684 8.032 8.683 9.505 7.238 8.747 8.305 10.798 16.677 15.664 22.730 12.225 29.850 19.982 29.850 29.850 29.850 29.850 29.850 29.850 29.850 18.915 29.850 14.455 29.850 29.850 29.850
C1910TS067_4 0.240 29.850 29.850 29.850 29.850 29.850 29.850 29.850 29.850 29.850 21.639 18.620 27.700 22.795 23.216 23.502 29.850 14.362 29.850 29.850 23.378 29.850 29.850 29.850 29.850 29.850 29.850 29.850 29.850 29.850 29.850 29.850 29.850 29.850 29.850 21.715 29.850 29.850 29.850 29.850 15.171 29.850 8.134 29.850
C1910TS067_5 0.232 29.850 29.850 29.850 29.850 29.850 29.850 29.850 29.850 29.850 29.850 29.850 29.850 29.850 29.850 29.850 29.850 17.462 29.850 29.850 20.307 29.850 29.850 29.850 29.850 29.850 29.850 29.850 29.850 29.850 29.850 29.850 29.850 29.850 29.850 29.850 29.850 29.850 29.850 29.850 29.850 29.850 29.850 29.850
C1910TS073_1 0.431 3.701 3.983 3.472 3.560 3.504 3.744 3.665 3.513 4.081 3.869 3.669 3.837 4.445 4.676 4.811 4.561 5.264 5.157 5.673 5.064 5.533 4.487 4.725 5.425 4.243 4.431 3.867 4.041 4.290 3.507 3.774 3.666 3.340 3.538 3.699 3.562 3.623 3.569 3.180 3.379 3.344 3.475 3.398
C1910TS073_2 0.352 4.889 5.812 4.510 6.093 4.697 5.620 6.193 5.644 6.403 5.780 6.631 6.634 4.984 6.824 7.696 5.070 7.412 5.163 6.092 6.623 6.504 6.468 6.193 5.883 6.010 5.935 5.238 5.170 6.139 5.660 5.621 5.624 5.932 6.372 5.780 6.804 6.065 6.356 5.985 6.706 6.111 6.002 6.202
C1910TS073_3 0.361 5.407 5.215 4.021 4.280 3.623 4.126 4.403 5.266 4.660 5.529 5.784 5.705 5.163 5.796 7.463 5.075 6.511 5.889 7.663 9.747 7.145 7.281 8.951 8.011 6.452 7.681 6.565 5.617 5.737 5.727 4.842 5.036 5.411 5.498 5.553 5.134 5.147 5.457 5.305 5.520 6.789 6.058 6.714
C1910TS073_4 0.422 3.446 3.682 3.000 3.339 2.846 2.907 3.557 3.686 3.640 3.631 4.298 4.534 4.621 4.892 5.130 4.772 5.932 5.556 6.124 5.077 5.092 4.986 5.482 4.223 4.380 4.954 4.288 3.651 4.003 3.864 4.027 3.357 3.910 3.497 3.739 4.659 3.856 4.610 3.860 4.895 3.825 4.976 4.347
C1910TS073_5 0.390 4.414 4.319 3.973 4.573 4.184 3.784 4.499 4.473 4.190 4.339 5.076 4.823 4.194 4.490 5.543 4.846 4.854 4.444 5.058 4.768 4.985 5.344 4.817 4.728 4.726 4.969 5.170 5.029 5.080 5.102 5.014 4.902 5.361 5.388 5.242 6.167 5.074 5.514 4.499 5.334 4.683 4.898 5.281
C1910TS087_1 0.318 29.850 29.850 29.850 29.850 20.081 29.850 24.599 29.850 29.850 19.846 17.569 16.517 14.301 12.244 15.499 12.681 12.194 12.171 13.720 11.319 11.536 11.473 9.623 9.563 7.301 8.271 6.927 6.165 5.936 4.684 5.135 4.513 4.469 4.101 3.744 4.119 3.314 3.541 3.590 4.971 4.910 4.456 9.535
C1910TS087_2 0.414 4.017 4.452 3.678 3.582 3.676 3.931 4.066 3.691 4.137 4.639 4.397 4.440 4.269 5.323 6.113 5.032 5.522 5.601 5.943 5.861 5.938 5.185 5.745 5.057 4.672 5.185 4.428 4.284 3.831 3.819 4.203 3.732 3.570 4.088 3.841 3.910 3.572 3.619 3.573 3.621 3.542 3.680 3.723
C1910TS087_3 0.291 8.458 5.340 6.948 6.423 6.857 6.561 6.304 9.969 7.429 8.041 8.664 8.439 10.617 7.314 13.996 14.050 10.708 14.652 11.161 12.828 15.049 21.704 16.277 12.492 12.999 10.023 11.717 11.697 9.652 8.991 9.548 9.146 7.578 8.942 8.687 9.746 9.452 11.394 29.850 29.850 29.850 29.850 29.850
C1910TS102_1 0.267 29.850 29.850 29.850 19.725 25.512 10.357 12.428 10.444 10.661 7.674 8.791 8.213 8.758 7.808 8.612 8.077 7.606 9.025 10.332 10.237 11.360 12.207 16.334 29.850 19.254 29.850 29.850 29.850 29.850 29.850 29.850 29.850 29.850 29.850 19.882 17.474 17.752 18.994 21.072 23.887 29.850 29.850 27.910
C1910TS103_1 0.267 29.850 29.850 29.850 19.725 25.512 10.357 12.428 10.444 10.661 7.674 8.791 8.213 8.758 7.808 8.612 8.077 7.606 9.025 10.332 10.237 11.360 12.207 16.334 29.850 19.254 29.850 29.850 29.850 29.850 29.850 29.850 29.850 29.850 29.850 19.882 17.474 17.752 18.994 21.072 23.887 29.850 29.850 27.910
C1910TS123_1 0.337 12.215 10.124 14.122 9.714 8.911 9.183 7.927 6.832 6.640 5.943 6.470 6.606 5.211 5.210 6.147 4.973 5.042 4.825 5.088 5.013 4.893 4.822 4.695 4.921 5.524 5.072 5.490 5.762 5.452 5.621 5.670 6.259 6.169 6.620 7.017 7.445 8.693 9.142 9.841 8.409 13.627 15.022 29.850
C1910TS123_2 0.337 12.215 10.124 14.122 9.714 8.911 9.183 7.927 6.832 6.640 5.943 6.470 6.606 5.211 5.210 6.147 4.973 5.042 4.825 5.088 5.013 4.893 4.822 4.695 4.921 5.524 5.072 5.490 5.762 5.452 5.621 5.670 6.259 6.169 6.620 7.017 7.445 8.693 9.142 9.841 8.409 13.627 15.022 29.850
C1910TS123_3 0.330 10.881 8.933 11.055 10.239 10.437 8.856 8.922 9.138 10.303 10.091 8.162 8.510 7.884 9.523 7.505 9.893 9.153 8.003 11.592 9.480 11.491 11.519 10.668 8.850 8.105 7.026 7.150 6.195 5.450 5.214 5.159 4.825 4.659 4.374 4.177 4.494 4.707 4.258 4.494 5.723 4.942 5.960 5.988
C1910TS123_4 0.325 29.850 29.850 22.175 29.850 29.850 29.850 15.776 13.360 13.506 9.552 11.350 7.934 6.591 7.771 8.324 7.389 6.351 7.116 7.798 6.223 6.678 7.506 7.612 7.202 9.891 7.097 9.107 7.514 5.925 6.987 5.892 6.492 6.573 4.555 5.633 4.860 4.575 5.200 4.690 4.887 4.254 4.417 4.842
C1910TS123_5 0.325 29.850 29.850 22.175 29.850 29.850 29.850 15.776 13.360 13.506 9.552 11.350 7.934 6.591 7.771 8.324 7.389 6.351 7.116 7.798 6.223 6.678 7.506 7.612 7.202 9.891 7.097 9.107 7.514 5.925 6.987 5.892 6.492 6.573 4.555 5.633 4.860 4.575 5.200 4.690 4.887 4.254 4.417 4.842
C1910TS131_1 0.368 6.657 4.821 7.209 5.260 6.616 6.223 5.962 6.201 5.778 6.204 6.227 6.378 7.053 5.936 7.877 9.586 7.642 9.995 11.726 10.436 10.743 9.927 10.529 9.623 7.561 7.131 7.109 5.540 6.316 4.527 4.703 4.573 3.757 3.912 3.499 3.436 3.271 3.155 3.095 3.438 3.362 2.976 3.583
C1910TS131_2 0.364 5.902 4.572 6.126 4.973 6.210 5.763 5.648 6.097 5.428 6.058 6.275 6.253 7.237 6.233 8.165 9.895 8.102 11.797 14.805 11.770 25.717 15.106 14.666 13.449 8.712 9.557 7.656 6.579 7.090 5.019 5.258 4.726 4.523 4.115 3.386 3.713 3.147 3.249 3.172 3.109 3.381 2.761 3.354
C1910TS131_3 0.374 6.665 4.811 7.203 5.251 6.609 6.227 5.952 6.187 5.776 6.201 6.221 6.360 7.014 5.933 7.825 9.556 7.600 9.963 11.921 10.435 10.837 9.733 10.346 9.422 7.284 6.881 6.613 5.431 5.934 4.469 4.417 4.322 3.775 3.663 3.300 3.296 3.026 3.007 2.869 3.003 3.139 2.717 3.125
C1910TS131_4 0.375 6.653 4.804 7.179 5.240 6.596 6.216 5.940 6.172 5.766 6.189 6.213 6.343 7.008 5.924 7.818 9.521 7.588 9.935 11.905 10.441 10.812 9.725 10.327 9.414 7.281 6.875 6.610 5.429 5.931 4.465 4.414 4.319 3.772 3.659 3.297 3.293 3.024 3.006 2.867 3.000 3.139 2.714 3.127
C1910TS131_5 0.377 6.109 4.834 6.351 5.244 6.413 5.836 5.912 6.025 5.411 5.866 5.963 6.114 6.930 5.684 7.692 9.279 7.451 9.864 11.619 10.360 10.828 9.681 10.275 9.373 7.235 6.848 6.589 5.422 5.922 4.454 4.411 4.307 3.773 3.674 3.296 3.315 3.030 3.031 2.893 3.021 3.187 2.727 3.179
C1910TS152_1 0.352 9.859 6.004 8.915 7.724 8.862 8.783 8.643 11.396 11.800 11.778 11.095 13.532 12.875 9.425 29.850 29.850 29.850 19.504 18.418 14.387 15.846 13.573 9.506 9.665 7.481 6.468 5.785 4.355 4.306 3.483 3.838 3.223 2.937 3.190 2.911 2.988 3.070 3.185 3.377 4.315 4.307 4.576 4.368
C1910TS152_2 0.339 12.394 18.628 13.791 16.494 12.492 13.237 14.514 12.517 10.143 12.223 9.057 11.183 8.277 7.612 12.542 7.166 10.239 8.082 7.306 11.904 6.723 8.889 6.158 6.338 6.321 5.137 6.043 4.446 5.268 4.423 4.724 4.207 4.001 4.532 4.036 4.426 4.161 4.311 4.752 4.710 4.790 4.732 5.765
C1910TS152_3 0.312 5.821 8.269 5.775 7.056 7.156 6.009 7.847 6.798 8.180 8.442 7.700 9.981 9.881 8.603 13.947 16.382 19.916 21.892 21.081 21.881 29.850 29.850 29.850 29.850 14.356 14.400 15.132 9.293 15.316 6.761 9.131 9.008 6.214 10.164 6.839 7.604 8.875 6.329 7.244 4.961 3.619 4.673 2.364
C1910TS152_4 0.307 5.996 8.428 5.922 7.262 7.249 6.152 7.980 6.934 8.308 8.538 7.815 10.063 9.989 8.621 13.999 16.428 20.072 21.985 21.103 22.718 29.850 29.850 29.850 28.567 15.350 18.039 13.627 11.027 12.968 7.958 10.210 8.539 7.335 9.389 7.836 7.928 8.613 7.030 7.775 5.345 4.047 5.746 2.777
C1910TS152_5 0.303 8.788 10.137 29.850 29.850 29.850 29.850 29.850 29.850 29.850 29.850 29.850 29.850 29.850 29.850 29.850 29.850 29.850 29.850 29.850 29.850 13.658 14.182 29.850 8.249 7.289 7.280 8.208 5.781 4.903 6.389 5.461 4.376 5.308 4.303 4.731 4.809 4.841 4.771 4.538 5.290 4.887 5.864 5.208
C1910TS158_1 0.282 29.850 29.850 29.850 29.850 22.431 29.850 29.850 29.850 29.850 26.322 29.850 19.883 15.940 17.586 29.850 29.850 18.460 29.850 20.529 18.015 14.464 11.481 11.831 12.389 13.180 9.733 9.336 7.316 7.689 7.392 7.393 6.873 6.620 6.942 6.628 6.918 6.897 6.841 8.189 7.483 7.873 7.232 9.999
C1910TS158_2 0.313 29.850 29.850 29.850 29.850 29.850 17.349 29.850 24.940 19.420 13.448 11.624 12.848 9.096 13.040 13.726 11.045 12.609 12.101 18.486 12.913 14.219 19.780 14.699 14.020 11.977 11.392 10.642 7.713 8.158 6.662 4.991 5.423 4.608 4.925 4.362 4.257 4.222 3.919 4.453 4.017 4.313 4.081 4.365
C1910TS158_3 0.316 6.862 7.611 7.440 6.427 6.785 6.327 7.292 6.446 8.803 6.523 5.941 11.772 5.708 7.633 7.787 8.827 14.795 6.863 10.396 11.102 7.032 15.402 8.720 7.707 13.235 7.621 11.864 6.879 6.773 8.491 7.134 7.339 7.163 7.108 7.132 6.930 7.365 7.904 8.128 7.709 6.790 9.879 6.370
C1910TS158_4 0.310 10.631 14.620 10.567 14.580 10.098 10.308 7.907 8.190 6.980 6.938 7.676 8.375 6.992 6.441 8.952 7.148 7.094 7.525 8.059 9.113 7.362 7.159 7.412 7.633 7.197 7.090 6.857 7.403 6.595 6.834 5.725 6.464 5.949 6.086 6.037 6.176 6.148 6.850 8.126 9.882 29.850 29.850 29.850
C1910TS158_5 0.265 29.850 29.850 29.850 29.850 29.850 29.850 29.850 29.850 29.850 29.850 29.850 29.850 29.850 29.850 29.850 29.850 29.850 29.850 29.850 29.850 29.850 29.850 29.850 29.850 29.850 29.850 17.915 13.165 8.896 7.934 10.161 7.787 7.426 8.987 7.119 7.770 6.985 7.706 7.408 7.154 7.369 6.828 8.018
C1910TS179_1 0.297 7.205 6.334 8.017 7.343 8.602 8.815 7.233 8.892 7.606 8.375 8.797 8.551 12.545 8.517 10.800 9.889 11.787 23.085 29.850 16.622 23.232 29.850 29.850 29.850 29.850 29.850 16.472 25.249 17.174 10.885 12.692 11.214 9.711 7.952 7.442 7.708 6.906 6.368 6.611 6.899 5.820 5.810 4.925
C1910TS182_1 0.283 29.850 29.517 29.850 29.850 9.475 10.500 10.109 11.598 11.065 9.507 9.962 8.887 10.737 11.065 11.739 15.425 11.869 17.435 15.532 12.087 17.249 16.424 18.792 16.052 12.854 11.294 11.182 8.405 10.397 6.841 7.538 7.703 6.595 6.627 6.365 6.934 6.430 6.069 9.886 10.962 29.850 29.850 29.850
C1910TS182_2 0.288 13.021 29.850 29.850 29.850 18.261 14.130 17.464 18.715 18.543 9.841 11.793 16.740 11.666 11.217 12.279 16.530 10.303 11.619 11.323 9.643 12.634 10.897 9.838 11.776 20.872 9.497 8.104 8.493 9.924 5.694 7.358 7.767 6.449 7.786 5.970 7.423 6.999 6.970 9.906 10.220 10.526 19.044 15.741
C1910TS182_3 0.307 29.850 29.850 29.850 29.850 29.850 29.850 18.825 17.668 27.629 14.132 11.534 11.168 11.079 13.647 12.863 13.716 11.007 11.587 11.009 9.376 10.664 9.322 10.417 9.086 7.394 7.373 6.115 5.375 5.830 4.503 4.612 4.402 3.833 3.967 4.049 4.284 4.005 4.025 6.843 7.498 29.850 29.850 29.850
C1910TS182_4 0.285 12.600 29.850 26.785 29.850 15.445 13.021 15.764 16.952 16.847 9.549 11.340 15.034 10.756 10.449 12.091 15.360 10.107 11.120 10.698 9.614 13.039 11.564 10.764 11.621 29.850 10.693 8.725 10.315 10.846 6.877 7.710 8.337 7.194 7.242 6.968 7.327 6.715 8.190 10.976 15.306 15.145 17.969 29.465
C1910TS182_5 0.261 29.850 29.850 29.850 29.850 29.850 29.850 29.850 29.850 29.850 29.850 29.850 29.850 29.850 21.533 19.470 20.361 15.242 10.065 13.285 13.387 15.096 12.930 13.485 19.136 16.697 17.409 12.352 12.987 25.899 7.086 12.171 10.673 7.666 29.850 7.285 13.902 9.701 9.680 12.699 29.850 27.202 26.485 29.850
C1910TS196_1 0.349 8.031 5.729 6.070 5.554 6.336 5.577 5.674 6.169 6.435 6.073 6.055 7.549 8.153 7.508 10.361 12.149 10.301 13.097 20.088 14.027 21.786 23.549 13.413 10.571 9.269 8.004 7.990 7.485 6.718 5.773 5.201 4.837 4.555 4.137 4.020 3.983 3.745 3.476 3.557 4.276 3.833 3.637 3.732
C1910TS210_1 0.343 11.853 16.212 23.473 8.000 8.640 6.451 7.674 7.665 8.909 7.828 7.500 8.671 8.656 9.533 13.686 18.732 19.712 18.935 29.850 21.353 18.201 24.053 15.550 11.037 9.385 9.533 8.203 7.362 6.819 4.799 5.034 4.567 4.213 4.054 3.519 3.477 3.199 3.101 3.110 3.429 3.288 3.024 3.147
C1910TS210_2 0.339 19.347 14.100 18.495 9.271 8.829 6.575 8.466 7.775 8.772 8.571 7.363 8.408 8.449 8.285 12.387 10.844 11.757 14.567 25.727 12.723 29.850 19.287 15.699 11.279 9.297 8.530 8.621 8.320 7.575 6.071 5.302 5.014 4.680 3.948 3.860 3.678 3.394 3.354 3.237 3.439 3.555 3.070 3.550
C1910TS210_3 0.342 21.094 29.850 20.360 10.312 8.982 7.071 8.812 8.214 9.147 9.146 7.618 8.389 8.704 8.426 12.212 10.621 11.146 13.282 19.327 11.474 20.131 14.863 12.499 9.767 8.399 7.619 7.886 7.525 6.921 5.713 5.065 4.728 4.502 3.791 3.686 3.506 3.387 3.176 3.137 3.544 3.365 3.189 3.248
C1910TS210_4 0.378 5.246 6.284 6.490 5.967 6.368 5.957 6.306 5.912 6.407 6.221 5.860 6.726 7.194 6.717 9.240 7.902 8.998 9.827 9.700 9.707 8.339 7.819 7.123 7.248 6.345 5.450 5.735 4.908 4.984 4.654 4.280 4.053 3.758 3.386 3.245 3.036 3.104 3.023 3.077 3.334 3.216 2.916 3.297
C1910TS210_5 0.351 7.390 9.489 10.488 7.225 7.686 5.832 7.509 6.883 8.329 7.547 7.179 8.008 8.690 8.126 12.886 13.090 18.756 17.069 24.501 14.249 13.256 17.351 10.909 11.687 8.288 6.928 7.539 5.956 6.411 5.553 4.877 4.874 4.527 3.839 3.634 3.650 3.268 3.191 2.967 3.214 3.294 2.853 3.219
C1910TS211_1 0.352 7.710 5.308 7.470 5.950 7.431 6.286 6.637 7.035 6.634 6.749 7.396 6.497 8.282 6.530 10.054 10.220 8.499 13.482 15.782 13.632 14.614 13.732 11.786 10.485 8.644 7.302 6.777 5.015 5.396 4.228 4.855 4.225 3.499 3.998 3.517 3.698 3.590 3.612 3.497 4.640 4.623 5.229 4.807
C1910TS211_2 0.316 7.389 5.068 7.931 6.595 8.258 8.103 8.368 14.007 15.730 12.774 29.850 24.755 29.850 17.139 29.850 29.850 29.850 29.850 29.850 29.850 29.850 29.850 29.850 12.687 9.276 7.864 7.475 7.733 6.186 5.545 5.278 4.953 4.764 4.374 4.067 4.710 4.334 4.852 4.222 4.125 5.679 5.357 5.843
C1910TS211_3 0.365 5.051 6.775 5.795 7.430 8.110 8.527 7.710 6.998 5.770 7.015 6.319 5.339 5.705 6.222 5.270 5.929 5.999 6.331 5.563 5.572 7.553 7.753 6.360 10.944 7.972 8.690 6.238 5.365 4.756 5.441 4.173 3.800 4.523 4.167 3.541 3.877 4.514 4.053 3.874 5.134 5.237 4.086 4.061
C1910TS211_4 0.423 3.692 4.684 3.683 4.814 4.493 4.977 4.721 4.854 3.844 4.605 4.392 3.775 4.023 4.181 4.207 4.165 4.378 4.847 4.360 4.679 5.349 7.346 4.774 9.744 5.672 8.395 5.457 4.860 4.197 4.480 3.357 3.224 3.535 3.254 2.716 2.862 3.249 2.946 2.763 3.424 3.897 2.915 3.230
C1910TS211_5 0.405 3.532 4.160 3.122 4.470 3.805 4.641 4.002 4.697 3.495 4.568 4.313 4.046 4.633 4.332 4.498 4.622 5.065 5.655 5.173 5.623 6.985 7.764 6.504 10.206 7.554 8.124 6.092 5.356 4.842 5.141 4.254 3.608 4.127 4.109 3.314 3.296 3.931 3.747 3.320 3.805 4.183 3.504 3.682
C1910TS213_1 0.350 5.666 6.049 7.038 6.592 5.698 6.360 6.067 6.400 5.168 6.572 7.000 6.350 6.933 7.271 7.301 7.738 7.398 8.029 9.501 9.516 10.406 9.977 11.378 11.260 9.459 8.444 6.670 6.136 5.583 5.552 5.052 4.926 4.949 4.351 4.301 4.130 4.591 4.793 4.112 4.168 4.676 4.108 4.715
C1910TS213_2 0.351 5.147 5.328 5.511 5.809 5.041 6.344 5.254 5.737 5.517 6.033 7.186 6.314 7.136 7.036 7.614 7.844 7.697 8.243 8.507 8.781 8.264 9.265 10.338 9.507 7.798 7.954 6.858 5.609 5.317 5.528 5.488 5.162 5.282 4.419 4.759 4.993 4.848 4.803 4.636 4.539 4.988 4.158 5.310
C1910TS213_3 0.349 5.152 5.288 5.506 5.788 5.030 6.306 5.225 5.730 5.546 6.028 7.132 6.295 7.151 6.976 7.642 7.926 7.738 8.320 8.620 8.926 8.570 9.381 10.621 9.793 8.025 8.158 6.965 5.740 5.448 5.648 5.667 5.324 5.453 4.512 4.880 5.209 4.962 4.939 4.783 4.643 5.126 4.168 5.537
C1910TS213_4 0.329 6.421 6.806 7.207 7.401 6.153 7.886 6.744 7.527 6.640 7.116 8.044 6.478 7.675 7.442 7.244 8.901 7.530 8.849 9.175 11.193 10.128 9.468 11.529 12.606 10.033 11.153 8.083 7.523 6.331 6.685 6.303 5.963 6.294 5.470 5.505 5.752 5.497 5.916 4.868 5.177 5.889 4.658 5.788
C1910TS213_5 0.327 8.034 7.220 7.627 7.301 6.566 7.892 5.743 6.925 6.167 6.210 6.664 5.619 6.707 6.244 5.610 7.012 6.130 6.425 6.153 8.340 8.099 7.431 9.290 8.627 7.976 8.324 7.244 7.548 6.181 6.954 7.256 7.541 7.513 5.846 7.520 8.164 7.922 7.978 7.244 7.027 7.311 7.497 7.757
C1910TS215_1 0.349 5.678 5.468 5.581 5.181 5.837 4.984 5.372 5.257 5.180 5.430 5.340 5.323 6.083 5.259 6.646 8.387 7.432 10.500 10.016 13.591 10.916 14.263 29.446 10.742 13.652 10.370 9.065 8.218 7.194 6.940 6.162 6.129 5.067 4.683 4.954 4.431 4.912 4.329 4.163 4.474 4.514 4.697 3.875
C1910TS215_2 0.361 8.236 5.155 6.869 5.708 5.452 5.464 6.075 5.166 5.019 6.070 5.494 5.401 5.518 6.068 7.679 7.202 6.006 6.981 9.780 7.966 7.606 11.214 13.210 8.033 6.684 6.330 6.459 6.503 5.195 4.770 5.056 4.906 4.125 3.654 4.441 3.812 3.396 3.828 3.739 4.312 5.552 4.987 10.563
C1910TS215_3 0.435 2.596 2.705 2.653 2.656 2.778 2.990 2.943 3.029 3.480 3.928 3.652 4.095 5.260 5.152 6.431 8.148 7.747 9.185 10.013 21.263 10.579 14.750 8.846 8.122 6.914 5.460 5.569 4.792 4.168 3.512 3.557 2.997 2.626 2.647 2.700 2.668 2.553 2.669 2.827 2.767 2.895 2.945 2.825
C1910TS215_4 0.352 5.722 6.988 7.698 5.832 6.529 6.666 6.860 7.007 8.605 9.770 7.486 9.304 7.623 8.618 13.868 12.822 20.756 10.047 12.297 10.805 11.245 9.899 7.501 8.850 7.039 6.097 5.118 5.315 5.479 4.367 4.410 4.509 3.821 3.719 3.784 3.665 3.541 3.687 4.136 3.965 4.248 4.208 5.129
C1910TS215_5 0.329 4.605 4.557 4.856 5.469 4.729 4.725 4.786 5.208 5.352 5.525 5.477 5.764 7.115 5.728 7.717 10.103 9.579 10.016 10.452 10.837 19.910 14.222 13.297 13.576 11.545 9.869 9.938 8.912 8.459 7.309 7.646 7.713 6.902 6.896 6.462 6.380 6.494 5.980 6.883 6.496 7.395 9.559 7.041
C1910TS228_1 0.258 11.917 11.673 9.841 15.951 12.237 18.227 12.988 18.017 23.046 20.722 14.368 29.850 28.893 13.850 20.439 29.850 29.850 29.850 29.850 29.850 29.850 29.850 29.850 29.850 29.850 29.850 29.850 29.850 29.850 21.910 20.196 24.684 29.850 22.686 15.534 17.493 11.989 13.572 14.780 15.418 13.330 14.383 17.634
C1910TS228_2 0.274 12.317 10.133 10.822 13.057 12.429 15.993 12.726 14.895 29.850 20.004 14.354 24.661 29.850 13.080 16.443 29.850 29.850 29.850 29.850 29.850 29.850 29.850 29.850 29.850 16.548 27.639 16.927 10.481 13.313 9.341 10.184 9.388 8.790 8.640 9.402 8.274 9.603 7.651 8.287 10.038 8.743 10.672 7.820
C1910TS228_3 0.321 6.309 5.035 6.528 5.348 6.910 6.337 6.775 6.460 6.825 6.486 6.915 6.632 8.502 7.144 8.264 8.449 9.336 11.970 13.695 10.615 19.550 12.625 17.404 15.988 24.416 11.836 12.084 11.966 9.862 8.178 8.366 8.493 6.206 5.853 5.814 6.034 4.939 5.409 6.326 5.367 5.371 5.813 5.993
C1910TS228_4 0.272 10.468 8.975 8.301 11.315 9.548 15.218 11.010 15.321 14.797 16.547 12.182 27.178 26.789 11.260 22.092 29.850 29.850 29.850 29.850 29.850 29.850 29.850 29.850 29.850 29.850 29.850 18.859 12.640 15.059 10.960 10.837 10.161 10.919 8.883 9.839 10.528 8.783 9.375 8.860 11.204 8.825 11.045 10.549
C1910TS228_5 0.267 9.126 8.248 7.514 9.832 8.968 12.106 10.261 11.798 13.822 14.571 11.500 23.337 20.444 11.423 18.732 29.850 29.850 29.850 29.850 29.850 29.850 29.850 29.850 29.850 29.850 29.850 29.850 24.790 29.850 16.321 22.341 15.456 22.051 15.581 11.030 17.902 10.097 13.998 9.961 13.664 10.627 13.671 11.331
C1910TS230_1 0.297 7.205 6.334 8.017 7.343 8.602 8.815 7.233 8.892 7.606 8.375 8.797 8.551 12.545 8.517 10.800 9.889 11.787 23.085 29.850 16.622 23.232 29.850 29.850 29.850 29.850 29.850 16.472 25.249 17.174 10.885 12.692 11.214 9.711 7.952 7.442 7.708 6.906 6.368 6.611 6.899 5.820 5.810 4.925
C1910TS230_2 0.323 7.980 9.413 7.679 7.206 8.152 6.016 6.872 7.067 6.353 6.210 5.718 6.270 6.878 5.363 7.850 6.846 7.686 9.334 14.109 12.309 9.969 14.243 13.444 13.184 12.387 10.110 13.604 10.964 9.963 9.063 8.250 7.891 7.067 6.190 5.224 6.102 5.228 5.442 5.633 5.314 5.354 4.876 5.859
C1910TS230_3 0.363 6.499 6.399 7.913 6.997 6.312 7.685 7.736 7.643 8.957 8.898 8.793 9.710 7.681 11.036 12.227 10.139 18.849 9.438 12.386 13.267 9.508 14.933 11.538 8.014 8.795 6.856 6.148 6.082 4.792 4.995 3.910 4.116 4.299 3.440 3.451 2.955 3.058 3.119 2.688 2.728 2.945 2.511 3.285
C1910TS230_4 0.335 6.900 5.581 15.526 7.946 11.444 9.676 10.090 29.850 16.928 29.850 29.850 29.850 29.850 29.850 29.850 29.850 29.850 29.850 29.850 29.850 29.850 27.134 21.682 13.054 8.201 8.893 7.517 5.185 5.137 4.765 5.509 4.122 3.964 4.203 3.273 3.306 3.218 3.022 2.996 3.264 3.114 3.031 3.057
C1910TS230_5 0.353 4.242 4.291 4.556 5.032 4.419 5.621 4.867 5.422 5.385 5.964 7.305 6.538 7.621 7.935 8.800 8.896 9.172 9.200 11.021 10.839 10.186 11.408 13.194 12.933 9.357 9.381 7.815 6.609 5.946 6.213 6.179 5.749 5.442 4.593 4.870 4.681 4.670 4.544 3.979 4.087 3.998 3.545 4.324
C1910TS240_1 0.287 29.850 29.850 29.850 29.850 29.850 29.850 29.850 29.850 29.850 29.850 29.850 29.850 29.850 29.850 29.850 29.850 29.850 29.850 29.850 29.850 29.850 29.850 29.850 29.850 29.850 29.850 29.850 29.850 29.850 29.850 29.850 29.850 14.228 9.591 5.961 4.877 5.263 4.941 4.385 3.370 3.262 1.638 2.010
C1910TS240_2 0.280 29.687 16.991 17.786 14.960 19.523 13.167 19.827 13.637 16.315 13.313 11.702 19.007 15.713 12.829 20.543 29.850 28.066 18.990 29.850 23.746 29.850 29.850 29.850 29.850 29.850 29.850 29.850 29.850 29.850 29.850 29.850 29.850 19.728 12.047 7.981 7.368 6.129 7.630 6.089 4.608 4.497 4.233 3.475
C1910TS240_3 0.303 29.834 29.850 29.850 29.850 29.850 25.578 29.850 29.850 29.850 29.850 29.850 29.850 29.850 29.850 29.850 29.850 29.850 29.850 29.850 29.850 29.850 29.850 29.850 29.850 29.850 29.850 29.850 29.850 29.850 29.850 23.862 29.850 11.142 7.227 5.272 4.295 3.582 3.887 3.279 2.552 2.468 0.905 1.490
C1910TS240_4 0.290 16.146 19.445 13.256 19.187 14.082 11.555 17.697 12.654 14.328 11.241 10.152 10.275 15.177 14.711 13.449 16.992 19.478 27.196 29.850 24.058 29.850 29.850 29.850 29.850 29.850 29.850 29.850 29.850 25.820 12.760 13.726 15.045 11.219 8.355 6.908 5.918 4.789 6.631 4.973 4.413 4.423 4.787 3.460
C1910TS240_5 0.282 29.850 29.850 17.300 29.850 13.277 14.611 19.040 15.022 17.082 10.866 10.807 11.936 13.195 14.071 14.429 24.857 21.822 16.810 29.850 19.174 29.850 29.850 29.850 29.850 29.850 29.850 29.850 29.850 29.850 19.492 16.733 16.719 14.238 10.450 6.696 6.016 3.887 6.149 4.607 5.496 5.462 6.965 5.380
C1910TS247_1 0.364 4.857 5.667 5.421 5.793 5.298 4.861 5.139 5.819 5.715 5.859 6.331 6.015 8.034 6.170 9.846 8.929 10.641 11.318 13.306 29.850 10.395 13.186 22.429 10.670 12.146 9.722 6.662 6.437 4.754 5.149 4.301 4.703 4.925 3.680 3.776 3.448 3.529 3.394 3.405 3.461 3.601 3.002 3.951
C1910TS247_2 0.323 29.850 29.850 29.850 29.850 12.726 14.491 12.709 18.708 21.678 11.625 10.972 16.028 11.895 12.678 25.257 16.382 22.079 17.821 25.238 24.900 13.833 16.738 13.948 12.204 9.735 9.359 7.078 5.610 5.190 4.715 5.127 4.312 4.112 4.221 3.795 4.079 3.654 3.872 3.867 3.989 3.861 3.739 4.410
C1910TS247_3 0.345 11.564 7.602 12.370 8.641 9.525 8.894 7.670 9.322 8.867 7.134 8.104 8.378 7.847 7.350 8.052 8.885 8.267 8.282 11.088 10.309 10.023 13.399 12.164 12.743 10.192 10.937 7.609 6.460 7.377 5.801 4.923 4.466 5.536 3.880 3.990 3.662 3.525 3.624 3.488 3.322 3.472 3.284 3.613
C1910TS247_4 0.333 6.090 3.565 5.956 4.097 5.875 6.383 4.223 6.876 4.994 6.627 5.182 7.925 8.104 5.824 9.000 9.244 11.353 13.448 19.267 23.676 29.850 29.850 29.850 18.474 12.752 12.227 10.383 8.661 8.180 6.297 6.169 6.544 5.765 5.204 5.084 6.607 4.995 4.750 5.580 4.771 6.060 4.173 8.241
C1910TS247_5 0.329 9.204 7.778 8.458 10.181 7.910 7.920 8.104 8.136 9.214 8.050 9.426 9.420 10.166 8.467 12.954 29.850 14.376 17.888 29.850 29.850 29.850 19.792 29.850 18.541 27.806 18.473 8.299 6.604 5.138 6.293 5.041 4.454 5.700 4.116 4.369 4.182 4.007 3.904 3.908 3.908 4.172 3.620 4.158
C1910TS258_1 0.335 6.411 6.541 6.234 6.853 6.680 6.050 6.237 6.601 6.520 6.669 6.392 6.653 6.395 6.810 8.216 7.822 6.980 11.376 8.500 8.035 8.676 12.609 9.325 8.078 20.452 8.145 7.280 11.853 9.513 9.678 7.769 6.628 6.548 5.425 3.620 4.531 4.597 4.571 4.033 4.899 6.430 4.840 6.562
C1910TS258_2 0.343 4.725 3.988 4.522 4.508 5.186 4.361 4.608 4.877 4.570 4.535 4.619 4.748 5.078 4.695 5.437 5.836 5.652 5.890 7.098 6.803 8.249 8.658 8.716 9.109 10.855 14.335 9.291 16.649 22.807 29.850 21.525 16.580 9.650 8.799 4.919 7.251 6.090 6.432 6.176 5.966 7.207 5.697 6.098
C1910TS258_3 0.308 4.569 4.357 4.697 5.241 5.099 5.386 4.998 6.172 5.632 6.154 5.950 6.831 7.358 6.166 10.146 8.849 8.309 9.524 9.237 11.746 14.388 24.993 15.824 14.479 21.670 18.586 15.228 16.199 29.850 21.977 13.121 13.798 10.767 9.577 11.464 9.776 10.955 9.424 10.781 10.440 12.020 10.345 8.118
C1910TS258_4 0.271 9.200 10.711 12.405 10.227 10.238 8.863 9.373 9.246 8.639 8.556 7.458 8.058 7.415 7.911 8.499 10.531 8.181 9.139 11.058 8.946 10.665 14.412 19.140 15.694 25.533 29.850 29.850 29.850 29.850 29.850 29.850 29.850 29.850 29.850 23.504 29.850 10.142 29.850 12.515 29.850 29.850 29.850 29.850
C1910TS258_5 0.363 5.530 4.792 5.158 5.710 5.660 5.929 4.762 6.556 5.076 5.662 5.256 6.126 5.935 5.742 6.707 7.601 6.928 8.282 8.842 8.327 10.391 10.297 9.154 8.360 10.502 8.940 7.795 8.000 6.017 6.948 5.879 5.383 5.831 4.699 3.991 4.470 3.904 3.578 3.521 3.731 3.425 3.174 3.184
C1910TS273_1 0.319 7.506 7.150 8.658 7.312 6.635 7.951 6.666 7.146 6.567 7.378 7.050 6.611 7.228 7.224 6.759 10.060 7.035 7.571 10.743 11.175 16.963 10.857 12.230 14.221 12.498 11.034 9.087 8.974 7.593 7.358 6.802 6.725 6.640 5.825 6.198 6.209 6.597 6.235 5.972 6.116 6.682 6.154 6.175
C1910TS273_2 0.418 4.241 3.939 3.468 3.662 3.015 3.178 3.594 2.963 3.108 3.474 3.403 3.368 4.103 4.386 4.798 4.152 4.974 4.732 4.931 4.939 5.385 4.679 5.060 4.728 4.239 4.382 4.864 4.278 3.943 4.733 5.189 3.993 4.211 4.198 4.489 4.912 5.423 4.936 5.158 4.951 4.902 4.260 4.173
C1910TS273_3 0.339 5.447 7.585 5.388 6.189 5.739 6.612 5.020 5.292 5.023 5.449 6.055 5.904 5.879 7.166 8.565 8.187 6.937 7.499 7.993 8.640 7.596 8.300 7.525 7.386 8.420 8.928 6.827 6.225 7.374 6.013 6.300 5.818 6.200 5.574 6.646 5.976 5.688 6.087 5.740 6.130 5.773 6.071 6.985
C1910TS273_4 0.273 29.850 29.850 29.850 29.850 29.850 29.850 29.850 29.850 29.850 14.909 19.589 29.850 16.652 19.722 16.313 27.204 10.009 14.419 19.586 9.735 16.573 17.025 12.448 15.152 13.119 17.612 11.942 12.158 9.046 10.233 9.873 13.182 10.525 17.362 9.960 11.685 10.277 6.269 7.260 5.918 6.944 6.778 6.592
C1910TS273_5 0.278 29.850 14.247 29.850 29.850 29.850 29.850 29.850 29.850 29.850 29.850 9.642 13.652 27.148 10.730 7.864 9.528 9.596 7.236 7.128 7.460 7.652 6.663 8.117 8.068 8.128 8.623 12.607 8.533 9.380 14.313 12.690 11.156 12.880 16.715 13.135 13.343 13.185 9.745 11.703 8.945 12.330 11.556 13.172
C1910TS278_1 0.337 18.209 12.920 26.377 7.835 8.351 6.262 7.613 7.660 9.176 7.451 7.067 8.769 8.146 9.315 12.202 15.150 16.604 15.709 29.850 17.027 26.780 29.850 16.470 12.351 10.456 8.818 8.799 7.968 7.400 6.057 5.062 4.968 4.711 4.081 4.031 3.827 3.567 3.289 3.280 3.738 3.415 3.321 3.307
C1910TS278_2 0.341 13.605 13.361 18.642 7.530 7.886 6.201 7.262 7.117 7.766 6.956 6.499 7.633 7.177 8.100 9.370 11.424 11.023 11.610 16.091 10.370 15.942 14.220 12.298 10.528 8.866 7.925 7.885 7.218 6.859 5.823 4.929 4.905 4.676 4.137 4.174 4.041 3.797 3.509 3.608 4.158 3.762 3.613 3.652
C1910TS278_3 0.337 19.032 29.850 18.069 8.906 9.150 7.106 8.018 8.363 8.878 7.995 7.505 9.292 9.263 10.539 12.662 12.846 17.276 21.890 29.850 17.616 27.492 20.517 14.325 10.521 8.869 7.837 7.860 7.410 6.714 5.791 5.119 4.788 4.541 4.037 3.752 3.728 3.443 3.282 3.403 3.648 3.574 3.219 3.473
C1910TS278_4 0.331 17.714 29.850 17.279 8.594 9.056 6.885 7.850 8.121 8.684 7.822 7.366 9.164 9.106 10.312 12.591 12.683 17.198 22.639 29.850 20.345 29.850 29.026 19.271 12.142 9.832 8.515 8.493 7.785 7.286 6.032 5.028 4.970 4.771 4.164 4.076 4.039 3.665 3.576 3.763 3.914 3.829 3.455 3.757
C1910TS278_5 0.360 8.296 9.345 10.023 8.724 9.260 7.364 9.090 8.129 9.605 8.974 7.940 9.420 9.981 10.361 13.253 12.495 15.866 21.224 29.850 18.297 29.850 21.468 16.218 11.404 9.372 8.396 8.505 7.756 7.274 6.098 5.273 5.121 4.591 3.634 3.688 3.274 2.703 2.791 2.366 2.189 1.846 1.166 0.903
C1910TS299_1 0.337 18.209 12.920 26.377 7.835 8.351 6.262 7.613 7.660 9.176 7.451 7.067 8.769 8.146 9.315 12.202 15.150 16.604 15.709 29.850 17.027 26.780 29.850 16.470 12.351 10.456 8.818 8.799 7.968 7.400 6.057 5.062 4.968 4.711 4.081 4.031 3.827 3.567 3.289 3.280 3.738 3.415 3.321 3.307
C1910TS299_2 0.341 13.605 13.361 18.642 7.530 7.886 6.201 7.262 7.117 7.766 6.956 6.499 7.633 7.177 8.100 9.370 11.424 11.023 11.610 16.091 10.370 15.942 14.220 12.298 10.528 8.866 7.925 7.885 7.218 6.859 5.823 4.929 4.905 4.676 4.137 4.174 4.041 3.797 3.509 3.608 4.158 3.762 3.613 3.652
C1910TS299_3 0.337 19.032 29.850 18.069 8.906 9.150 7.106 8.018 8.363 8.878 7.995 7.505 9.292 9.263 10.539 12.662 12.846 17.276 21.890 29.850 17.616 27.492 20.517 14.325 10.521 8.869 7.837 7.860 7.410 6.714 5.791 5.119 4.788 4.541 4.037 3.752 3.728 3.443 3.282 3.403 3.648 3.574 3.219 3.473
C1910TS299_4 0.331 17.714 29.850 17.279 8.594 9.056 6.885 7.850 8.121 8.684 7.822 7.366 9.164 9.106 10.312 12.591 12.683 17.198 22.639 29.850 20.345 29.850 29.026 19.271 12.142 9.832 8.515 8.493 7.785 7.286 6.032 5.028 4.970 4.771 4.164 4.076 4.039 3.665 3.576 3.763 3.914 3.829 3.455 3.757
C1910TS299_5 0.360 8.296 9.345 10.023 8.724 9.260 7.364 9.090 8.129 9.605 8.974 7.940 9.420 9.981 10.361 13.253 12.495 15.866 21.224 29.850 18.297 29.850 21.468 16.218 11.404 9.372 8.396 8.505 7.756 7.274 6.098 5.273 5.121 4.591 3.634 3.688 3.274 2.703 2.791 2.366 2.189 1.846 1.166 0.903
C1910TS301_1 0.362 5.126 7.446 6.476 5.760 6.141 5.670 6.001 5.729 6.161 6.339 5.851 7.129 6.320 6.279 7.966 9.089 8.407 9.262 10.571 9.063 8.696 10.070 9.952 8.840 8.166 7.231 6.681 6.116 5.262 5.326 4.885 4.640 4.786 3.809 3.867 3.883 3.656 3.698 3.537 3.613 3.584 3.353 3.650
C1910TS309_1 0.368 9.654 11.016 10.545 10.039 10.573 10.000 8.753 10.299 8.417 8.683 7.763 8.830 7.319 7.832 11.170 9.269 10.045 11.299 12.728 10.459 11.492 10.875 8.238 7.717 6.912 5.169 5.793 4.382 4.326 3.395 3.744 3.377 2.992 2.915 3.017 2.856 2.755 2.992 3.321 3.166 3.283 3.107 3.232
C1910TS309_2 0.320 29.850 29.850 29.850 29.850 29.850 29.850 29.850 29.850 29.850 22.718 13.626 29.850 9.508 12.525 25.415 24.431 12.351 12.858 18.563 15.046 9.366 11.801 11.821 7.938 7.958 6.609 6.501 5.523 5.568 5.119 4.956 4.746 4.360 4.217 3.934 4.381 3.581 4.160 4.262 3.770 4.475 3.562 4.009
C1910TS309_3 0.304 29.850 29.850 29.850 29.850 29.850 14.779 29.850 17.870 12.350 11.407 11.313 15.664 11.276 9.539 14.260 9.006 9.591 9.224 9.026 9.525 10.596 7.565 7.859 8.226 6.805 7.537 6.113 6.923 5.299 5.850 6.543 5.284 6.142 4.982 5.424 6.367 5.428 6.773 5.467 6.745 9.328 26.928 12.907
C1910TS309_4 0.351 29.850 29.850 29.850 29.850 29.850 29.850 29.850 29.850 29.850 28.559 23.979 17.621 12.456 14.176 16.297 22.099 11.830 16.720 13.126 9.697 11.342 9.224 8.208 8.232 7.380 6.706 5.620 5.314 5.215 4.298 4.262 4.266 3.793 3.623 3.567 2.958 2.457 2.407 2.287 2.232 2.743 2.185 2.274
C1910TS309_5 0.339 29.850 29.850 29.850 29.850 13.765 14.799 17.178 17.400 11.571 9.467 10.300 12.147 7.953 8.215 10.909 11.741 10.071 9.666 11.850 10.503 10.381 10.338 8.471 8.523 7.333 6.765 5.950 5.032 4.893 4.119 4.472 4.131 3.838 3.614 3.675 3.861 3.731 3.907 3.841 3.891 4.006 3.799 3.966
C1910TS345_1 0.395 3.649 5.402 4.097 4.257 3.485 3.640 3.630 3.705 3.901 4.145 4.245 4.586 4.875 5.030 6.220 5.634 6.306 6.682 9.705 7.329 7.715 5.959 7.199 5.609 6.750 5.759 5.134 4.565 4.585 4.599 4.372 4.241 4.115 4.461 4.220 4.646 4.074 4.376 4.026 4.264 4.117 3.997 3.967
C1910TS345_2 0.367 4.609 4.623 4.779 4.871 4.578 5.028 4.111 5.257 4.484 4.854 4.402 5.002 5.553 5.448 5.941 6.317 6.741 6.178 6.025 7.532 8.637 7.083 8.319 7.629 7.186 6.966 6.292 5.925 4.587 5.388 4.905 4.469 4.618 4.811 4.957 4.832 5.151 5.349 5.548 4.962 5.364 5.812 6.482
C1910TS345_3 0.451 3.153 4.078 3.720 3.783 4.056 3.301 3.501 3.379 3.235 2.788 2.733 3.111 3.284 3.327 3.794 3.931 4.223 4.317 4.170 4.893 5.342 4.836 6.479 4.917 5.489 4.696 4.500 5.368 3.365 3.222 3.309 2.959 2.833 2.806 2.642 2.846 3.508 3.329 3.021 3.366 3.604 3.762 3.695
C1910TS345_4 0.285 15.408 28.935 13.148 10.514 9.460 8.426 10.493 9.349 11.053 7.866 9.362 12.712 14.062 11.914 9.284 15.346 14.254 26.590 29.850 13.622 15.895 11.743 12.015 13.762 12.991 14.469 10.575 8.741 9.858 8.146 10.306 8.962 7.793 10.397 7.906 12.695 11.051 10.902 9.905 9.289 10.202 11.016 12.078
C1910TS345_5 0.338 5.588 5.880 5.113 4.493 4.822 4.962 4.270 4.337 5.502 5.480 4.256 5.089 5.845 5.937 7.196 7.396 9.746 7.127 9.333 7.401 7.004 6.294 7.351 7.074 5.425 6.554 7.087 7.192 5.222 6.141 8.789 5.990 6.114 8.014 7.600 8.114 10.189 10.675 11.844 9.844 12.015 10.004 12.610
C1910TS347_1 0.328 10.634 7.442 8.021 8.789 8.883 7.039 6.397 6.934 6.119 6.016 6.395 6.233 5.634 6.540 6.768 7.177 7.285 7.860 8.978 7.440 8.105 7.569 7.843 7.664 6.608 6.956 6.194 5.698 5.274 5.294 5.333 5.037 5.345 5.796 6.090 6.764 7.037 6.023 7.535 7.101 25.323 29.850 29.850
C1910TS349_1 0.388 5.442 3.881 4.877 4.057 4.584 4.257 5.002 4.642 5.067 5.379 4.997 5.752 6.077 6.327 8.359 8.092 7.898 8.854 10.237 9.550 11.689 10.917 8.203 8.474 6.987 7.619 5.955 4.749 5.212 4.258 4.634 3.878 3.749 3.650 3.150 3.284 3.030 3.130 3.115 3.242 3.326 2.887 3.272
C1910TS349_2 0.380 5.360 3.820 4.808 4.003 4.514 4.210 4.934 4.578 5.031 5.324 4.944 5.705 6.034 6.283 8.279 8.052 7.855 8.805 10.213 9.559 12.076 11.548 8.815 8.944 7.471 8.221 6.348 5.150 5.581 4.590 5.014 4.285 4.174 4.053 3.404 3.775 3.238 3.332 3.379 3.579 3.662 3.080 3.594
C1910TS349_3 0.388 5.444 3.884 4.882 4.061 4.591 4.260 5.009 4.645 5.061 5.382 4.995 5.741 6.064 6.300 8.320 8.061 7.857 8.777 10.132 9.479 11.555 10.804 8.140 8.425 6.962 7.585 5.941 4.740 5.206 4.254 4.628 3.874 3.747 3.646 3.147 3.282 3.028 3.130 3.116 3.240 3.327 2.885 3.274
C1910TS349_4 0.376 5.794 4.123 5.145 4.287 4.835 4.433 5.258 4.850 5.261 5.563 5.158 5.919 6.188 6.460 8.417 8.059 7.903 8.734 10.085 9.497 12.042 11.434 8.746 8.811 7.399 8.150 6.360 5.157 5.604 4.589 5.042 4.313 4.198 4.080 3.434 3.842 3.250 3.347 3.413 3.602 3.705 3.088 3.631
C1910TS349_5 0.387 5.442 3.880 4.878 4.057 4.584 4.258 5.004 4.644 5.071 5.382 5.001 5.758 6.085 6.336 8.376 8.109 7.912 8.870 10.262 9.572 11.716 10.936 8.213 8.488 6.991 7.617 5.955 4.752 5.212 4.266 4.644 3.889 3.758 3.661 3.175 3.315 3.053 3.157 3.145 3.281 3.361 2.918 3.304
C1910TS359_1 0.325 6.798 8.855 7.511 8.652 9.084 7.614 8.603 9.104 8.370 8.685 8.884 10.137 10.842 8.914 13.970 14.496 12.723 24.778 21.038 18.349 29.850 26.135 16.055 11.186 9.075 7.639 8.012 7.534 7.153 6.056 5.511 5.099 4.834 4.520 4.364 4.469 4.173 4.236 4.420 4.851 5.364 4.308 5.033
C1910TS369_1 0.329 6.097 4.515 6.001 5.037 6.389 5.737 6.508 6.652 6.592 6.126 6.748 7.106 9.008 8.082 9.861 10.828 9.893 29.850 19.738 29.850 29.850 29.850 29.850 22.934 20.684 14.814 12.306 12.933 10.457 8.487 7.326 6.181 6.093 5.004 4.812 5.214 4.711 4.028 4.363 4.862 4.394 4.115 4.097
C1910TS369_2 0.334 5.926 4.325 5.828 4.903 6.244 5.518 6.278 6.492 6.267 5.846 6.610 6.910 7.933 7.522 9.236 10.312 11.308 29.850 15.461 29.850 29.850 29.850 29.850 16.897 15.053 11.872 10.392 10.522 8.754 7.573 6.675 5.600 5.831 4.799 4.765 5.043 4.620 4.019 4.367 5.066 4.400 4.406 4.226
C1910TS369_3 0.339 6.192 4.603 6.135 5.116 6.580 5.833 6.658 6.762 6.670 6.231 6.875 7.280 9.047 8.171 9.797 11.297 10.378 24.441 19.347 20.964 29.850 29.850 29.850 19.810 13.603 10.226 10.306 9.523 8.404 6.821 6.318 5.501 5.202 4.375 4.232 4.344 4.081 3.585 3.896 4.346 3.809 3.605 3.640
C1910TS369_4 0.327 7.750 5.367 7.390 6.071 7.600 6.823 7.939 7.731 8.081 7.091 7.728 8.412 10.401 8.610 10.677 12.451 11.208 29.850 20.443 21.867 29.850 29.850 29.850 29.850 18.496 16.327 11.544 11.286 9.574 7.628 6.489 5.570 5.685 4.743 4.448 4.653 4.241 3.712 4.029 4.568 4.030 3.821 3.802
C1910TS369_5 0.353 7.021 5.176 6.342 6.654 7.119 6.665 6.598 7.735 6.524 7.141 7.638 8.115 8.158 7.481 10.168 11.508 13.177 17.140 14.943 27.316 26.954 29.850 29.850 17.146 29.850 14.067 9.887 10.959 5.743 6.213 5.457 5.105 4.845 4.007 4.113 3.493 3.314 2.902 2.930 2.646 2.541 2.385 2.553
C1910TS389_1 0.298 29.850 29.850 23.436 15.188 16.392 10.147 11.460 12.190 12.043 9.325 9.150 11.681 9.272 9.533 9.030 10.472 12.040 8.784 11.241 9.988 9.991 11.967 9.073 9.658 10.639 8.927 8.550 6.226 7.032 6.895 6.039 6.402 5.388 6.946 4.680 5.769 5.291 5.921 8.469 18.594 29.850 29.850 29.850
C1910TS389_2 0.323 11.122 29.850 13.009 14.515 14.376 15.939 11.517 11.640 15.788 11.742 9.014 13.127 14.911 10.781 10.025 11.100 16.196 10.668 12.431 10.978 10.984 11.723 8.237 9.146 8.275 8.408 7.256 7.414 5.661 5.067 5.431 4.797 4.634 5.224 4.129 4.793 4.381 4.191 4.622 4.761 4.391 4.664 4.613
C1910TS389_3 0.347 29.850 29.850 29.850 16.828 21.937 11.931 7.113 12.201 8.127 9.878 6.646 10.034 9.542 6.039 7.028 6.209 6.945 6.504 6.204 7.558 6.204 6.405 6.210 5.689 5.534 5.411 4.655 4.213 4.232 3.740 3.949 3.803 3.336 3.413 3.039 3.619 3.534 3.992 7.651 5.892 29.850 8.257 29.850
C1910TS389_4 0.276 9.137 10.663 11.663 10.628 10.670 9.652 8.887 8.736 8.019 10.051 7.787 7.536 8.252 8.463 8.884 8.826 9.065 10.895 13.166 11.323 11.132 14.467 12.263 16.508 29.642 17.534 14.854 12.836 11.887 10.852 18.231 12.029 12.380 11.363 9.330 29.850 12.589 29.850 29.850 29.850 29.850 29.850 29.850
C1910TS389_5 0.283 7.348 5.743 7.174 6.880 7.647 7.803 6.809 9.352 7.679 8.020 9.713 8.102 11.152 7.503 12.338 12.666 11.368 13.136 14.708 12.382 14.403 13.933 12.252 17.943 12.968 12.730 13.096 11.319 13.345 11.395 13.336 10.320 13.859 10.911 10.964 11.235 12.386 20.281 29.850 29.850 29.850 29.850 29.850
C1910TS404_1 0.306 6.660 10.440 6.567 8.599 7.934 6.785 8.794 7.834 9.447 9.272 8.765 10.057 10.683 8.859 14.162 14.707 15.403 19.246 17.319 21.023 29.850 26.229 22.755 18.363 13.294 12.575 12.663 8.714 12.950 6.728 8.730 8.869 6.205 9.581 6.710 7.569 8.734 6.463 7.770 5.809 3.973 6.064 2.696
C1910TS404_2 0.313 6.663 10.461 6.570 8.601 7.942 6.786 8.802 7.832 9.433 9.266 8.762 10.053 10.670 8.849 14.129 14.675 15.364 19.196 17.275 20.967 29.850 26.153 22.749 18.327 13.279 12.573 12.651 8.694 12.799 6.720 8.683 8.812 6.195 9.481 6.643 7.180 7.386 5.709 5.976 4.698 3.409 4.251 1.990
C1910TS404_3 0.316 6.709 10.404 6.597 8.637 7.947 6.806 8.786 7.854 9.459 9.286 8.784 10.048 10.674 8.858 14.142 14.684 15.380 19.238 17.317 20.987 29.850 25.964 22.595 18.257 13.308 12.613 12.647 8.640 11.692 6.743 8.457 8.270 6.005 8.747 6.093 6.334 5.694 5.135 4.976 4.670 3.386 4.858 2.142
C1910TS404_4 0.311 6.705 10.397 6.594 8.634 7.943 6.805 8.783 7.853 9.454 9.282 8.784 10.047 10.675 8.861 14.139 14.692 15.382 19.248 17.321 20.931 29.850 25.536 22.390 17.120 12.438 11.720 11.816 8.137 11.238 6.073 7.399 7.299 5.394 7.659 5.676 5.657 6.183 5.050 6.508 5.397 4.535 7.704 3.558
C1910TS404_5 0.303 6.708 10.407 6.597 8.641 7.948 6.807 8.791 7.859 9.464 9.290 8.790 10.056 10.685 8.868 14.157 14.799 15.534 19.341 17.525 22.262 29.850 25.561 25.702 19.633 15.381 15.883 13.425 10.697 13.411 8.443 10.291 8.689 7.607 9.924 8.042 8.073 8.455 7.157 7.641 5.597 3.968 6.188 2.758
C1910TS405_1 0.366 6.382 6.569 7.010 6.472 6.697 6.061 6.958 6.511 7.141 6.917 6.420 7.190 7.001 7.045 9.491 8.789 8.875 11.382 12.441 10.229 11.239 10.878 9.749 7.737 7.420 6.298 6.716 6.565 5.741 5.043 4.493 3.899 3.989 3.303 3.169 3.088 3.087 3.277 3.116 3.276 3.618 2.952 3.562
C1910TS405_2 0.358 14.083 15.787 13.281 7.255 6.956 5.494 6.492 5.964 6.594 6.782 5.595 6.535 6.482 5.851 8.297 7.292 7.435 8.680 10.009 9.054 9.458 10.505 9.396 7.587 7.303 6.629 6.876 6.652 6.076 5.318 4.860 4.404 4.370 3.724 3.610 3.650 3.443 3.516 3.573 4.001 4.057 3.195 3.838
C1910TS405_3 0.370 29.850 29.850 29.850 22.889 12.140 12.447 13.573 12.787 12.530 9.176 10.644 11.663 10.492 9.350 14.556 11.014 10.797 12.048 11.187 10.433 10.278 7.730 7.196 7.246 5.948 5.151 5.162 4.571 4.664 4.161 3.626 3.367 2.976 2.818 2.594 2.319 2.479 2.514 2.599 2.900 2.427 2.641 2.373
C1910TS405_4 0.367 29.850 29.850 29.850 11.024 8.375 6.628 8.418 7.735 8.786 9.587 7.372 8.474 9.458 7.316 12.740 8.735 11.587 11.760 11.750 13.998 10.350 10.614 8.643 7.811 6.679 5.641 5.942 5.252 5.078 4.670 3.955 3.701 3.701 3.180 2.942 2.689 2.740 2.653 2.503 2.861 2.541 2.561 2.615
C1910TS405_5 0.340 29.850 29.850 29.850 29.850 29.850 18.242 29.850 29.850 29.850 29.850 18.252 22.299 29.176 14.185 14.426 17.061 17.773 19.691 16.699 13.941 16.617 11.072 10.849 10.229 7.041 6.139 5.966 5.305 5.335 4.560 3.873 3.689 3.711 3.193 3.018 2.926 3.058 3.061 3.104 3.284 3.177 2.869 3.070
C1910TS413_1 0.380 2.861 2.928 3.122 3.700 4.557 4.441 4.806 4.383 5.423 5.496 5.369 5.616 7.255 7.757 8.300 9.198 9.934 9.874 11.873 9.514 13.309 10.143 11.023 10.213 8.680 7.597 7.268 6.340 5.116 4.854 4.963 4.362 4.238 3.755 3.778 3.701 3.767 3.679 3.577 3.513 3.761 3.223 3.972
C1910TS413_2 0.424 2.003 2.110 2.489 2.558 3.018 2.991 3.377 3.165 3.845 4.050 3.776 4.877 4.525 5.003 5.566 5.165 6.719 6.034 6.205 7.086 6.489 6.639 5.846 6.352 6.264 5.499 5.784 4.557 5.081 3.912 4.693 3.978 3.562 4.111 3.390 3.651 3.699 3.343 3.871 3.701 3.690 3.485 4.004
C1910TS413_3 0.351 6.832 8.053 8.643 6.433 6.889 5.153 5.779 5.857 5.768 5.401 5.279 7.281 6.371 7.609 7.722 7.139 9.195 9.071 9.664 10.079 9.925 9.037 9.189 8.255 9.076 8.152 7.381 6.461 5.625 5.658 5.386 5.186 4.640 4.274 4.302 4.572 4.284 3.996 4.456 4.012 4.205 3.568 4.777
C1910TS413_4 0.345 10.637 8.796 16.971 8.158 8.681 7.035 8.177 8.447 8.873 7.150 6.794 8.789 7.846 8.624 9.273 8.946 12.811 9.520 10.818 10.217 12.329 10.866 10.281 9.093 10.425 7.245 7.446 6.638 4.800 5.127 4.776 4.903 4.431 3.692 3.969 3.570 4.036 3.755 3.744 3.879 3.674 3.605 4.130
C1910TS413_5 0.372 29.850 29.850 29.850 15.497 10.329 8.219 11.033 9.359 10.013 9.365 7.141 11.222 7.844 8.844 9.670 8.624 8.910 8.021 7.956 7.741 7.558 7.068 7.089 5.314 6.443 5.045 4.812 4.520 3.599 3.514 3.353 3.361 3.090 2.896 2.821 2.792 2.779 2.963 3.128 3.365 3.301 3.228 3.706
C1910TS414_1 0.354 6.668 12.478 11.151 8.435 8.549 7.406 8.017 8.032 8.975 8.153 8.203 9.422 9.038 8.766 12.929 11.743 18.745 18.095 18.986 21.770 14.122 15.580 12.390 10.652 9.105 7.491 7.764 6.355 5.873 5.008 5.136 4.270 4.199 3.699 3.231 3.168 3.275 2.770 2.857 2.965 2.754 2.666 2.627
C1910TS414_2 0.341 8.393 12.027 8.208 8.762 8.643 7.095 7.890 7.987 7.733 6.925 6.729 7.694 7.858 8.721 10.040 13.529 11.846 12.777 21.821 10.628 25.817 14.065 11.371 10.597 8.785 8.367 8.037 7.207 6.937 4.866 5.376 4.710 4.334 3.735 3.789 4.230 3.453 3.574 3.553 3.936 4.465 3.796 4.197
C1910TS414_3 0.329 29.850 29.850 29.850 29.850 29.850 17.671 16.977 11.671 13.405 18.509 13.230 10.715 10.936 11.642 11.236 11.379 11.124 13.096 15.807 9.715 12.253 11.256 11.919 11.562 8.333 9.145 7.794 6.596 7.266 4.877 5.317 5.074 4.610 4.436 3.715 3.807 3.489 3.471 3.644 3.616 3.445 3.103 3.691
C1910TS414_4 0.326 10.574 7.397 9.188 8.405 9.216 7.366 9.482 8.598 9.561 8.615 8.409 8.865 9.878 10.467 15.768 17.427 22.144 16.866 29.850 19.097 19.253 21.046 11.976 12.815 8.763 7.741 7.677 6.307 6.668 5.946 5.673 4.902 4.939 4.241 4.029 4.224 3.954 3.986 4.220 4.386 4.656 5.014 6.363
C1910TS414_5 0.337 16.077 9.915 29.850 9.493 10.790 7.861 9.931 9.724 10.481 8.998 8.238 9.622 9.675 10.125 14.363 18.468 17.522 16.492 29.850 18.199 29.850 29.850 15.364 12.717 10.625 10.031 9.558 8.197 7.798 5.002 5.782 5.041 4.472 4.053 3.453 3.432 3.233 3.278 3.154 3.083 3.127 2.991 3.201
C1910TS438_1 0.310 29.850 14.064 29.850 14.854 14.571 9.648 12.364 12.378 12.678 10.654 9.128 17.640 15.612 29.850 26.630 23.546 29.850 29.850 29.850 29.850 29.850 15.778 15.413 13.217 12.068 9.891 8.661 7.161 5.965 5.420 6.120 5.301 4.976 4.489 4.711 5.130 4.577 4.298 4.614 4.963 4.736 4.482 5.033
C1910TS438_2 0.372 3.760 3.886 4.430 4.669 5.220 4.679 5.919 5.333 5.637 5.614 4.899 6.117 5.980 6.452 6.499 5.991 7.061 5.892 6.140 6.559 6.161 5.861 5.609 5.610 6.018 5.272 5.887 5.782 4.781 5.265 4.963 5.244 5.126 4.207 5.046 4.946 5.203 5.198 4.855 5.614 4.226 5.469 4.590
C1910TS438_3 0.331 9.003 16.634 13.976 9.814 10.052 9.090 11.102 10.580 9.454 8.173 8.336 10.605 10.421 11.435 10.701 11.263 12.331 11.859 11.729 13.147 13.803 9.937 9.384 8.663 8.868 8.017 7.918 6.724 5.580 5.354 5.515 4.980 4.789 4.124 4.154 4.423 4.105 3.999 4.203 4.296 4.038 3.984 4.189
C1910TS438_4 0.311 21.234 29.850 29.850 14.271 8.619 7.956 9.503 9.308 15.141 9.747 9.289 16.613 14.191 12.686 21.399 16.083 29.850 18.735 24.228 23.316 17.658 20.857 11.513 10.370 8.337 8.593 8.819 5.740 6.573 5.411 5.893 5.312 4.951 5.351 4.755 5.075 4.945 4.975 5.231 6.067 4.914 5.863 5.261
C1910TS438_5 0.360 5.432 4.653 5.538 5.707 5.726 5.205 5.968 5.751 6.120 5.627 5.149 6.637 5.856 7.362 7.296 6.479 8.551 6.947 7.716 6.862 7.124 7.484 6.247 6.170 6.560 5.983 5.992 5.886 5.148 5.241 5.174 5.099 4.927 4.399 5.031 5.057 4.628 4.836 4.543 4.855 4.770 4.302 5.191
END



