PFRMAT QA
TARGET C1910
AUTHOR 1180-9126-6058
METHOD VoroMQA-GEMME
METHOD -------------
MODEL 2
QMODE 2
C1910TS003_1 0.263 10.396 10.371 10.514 14.420 29.850 29.850 29.850 29.850 29.850 29.850 29.850 29.850 29.850 29.850 29.850 29.850 29.850 29.850 29.850 29.850 29.850 29.850 29.850 29.850 29.850 29.850 29.850 17.195 11.778 9.281 9.634 8.180 7.779 6.012 4.877 4.818 4.286 4.173 3.916 4.046 3.990 3.612 3.930
C1910TS003_2 0.267 29.850 29.850 29.850 29.850 29.850 29.850 29.850 29.850 29.850 29.850 29.850 29.850 29.850 29.850 29.850 29.850 29.850 29.850 29.850 29.850 29.850 29.850 29.850 29.850 18.497 15.253 12.628 12.282 10.360 9.354 9.957 7.687 7.758 8.689 7.423 6.851 6.708 7.274 6.794 5.379 4.889 4.995 4.803
C1910TS003_3 0.280 13.215 18.333 17.840 25.489 17.835 29.850 21.436 19.205 13.476 12.283 13.241 11.290 9.591 10.193 9.947 9.772 9.505 11.877 10.800 11.282 11.805 19.606 29.850 26.333 29.850 29.850 29.850 29.850 29.850 29.850 29.850 29.850 19.591 13.349 11.479 10.068 8.531 7.937 6.143 6.176 5.009 5.616 6.071
C1910TS010_1 0.421 5.187 4.204 3.626 3.317 3.572 3.569 3.661 3.527 3.573 3.962 4.150 4.004 4.183 4.244 4.263 4.061 4.506 4.534 4.560 4.701 4.509 4.140 4.599 5.200 4.402 3.999 4.821 4.557 3.547 3.627 4.113 3.750 3.448 3.529 3.776 4.169 4.357 4.562 4.391 4.772 5.428 5.213 4.987
C1910TS010_2 0.335 6.406 7.017 7.837 7.856 6.908 6.174 6.023 5.094 4.831 5.043 6.142 5.754 5.911 6.324 6.896 6.877 7.326 6.943 7.742 9.399 7.907 7.082 8.316 9.493 7.541 7.543 9.913 7.670 6.803 7.350 8.805 7.667 7.003 6.519 6.353 6.099 5.626 5.697 5.723 6.072 5.259 5.580 5.854
C1910TS010_3 0.379 6.685 5.801 5.797 5.924 6.214 5.726 5.254 4.940 4.168 4.927 5.291 4.426 4.086 5.068 5.365 4.619 4.539 5.094 6.134 7.250 7.141 6.340 7.453 6.074 6.056 7.050 6.394 5.057 5.777 5.827 5.737 4.810 4.283 4.208 4.729 4.583 4.291 4.341 4.043 3.951 3.940 3.663 3.849
C1910TS010_4 0.419 5.045 4.194 4.866 4.283 4.312 4.025 3.913 4.015 3.794 3.857 3.946 4.039 3.886 4.246 3.898 3.871 4.276 4.447 4.211 4.401 4.390 4.403 4.322 4.537 4.530 4.740 4.727 4.684 4.620 4.433 4.526 4.046 3.972 3.972 3.991 3.959 4.216 4.161 4.036 3.971 4.026 3.661 3.729
C1910TS010_5 0.372 7.903 7.111 7.514 7.186 6.206 5.955 6.640 6.329 5.829 5.546 5.760 4.841 5.153 5.474 5.718 4.792 5.207 5.566 5.515 6.880 6.345 6.066 6.453 6.754 6.614 5.561 5.812 5.513 4.551 4.234 4.615 4.394 4.124 3.912 3.945 3.981 4.802 4.688 4.674 4.432 4.552 3.942 4.155
C1910TS044_1 0.319 7.030 6.690 6.869 6.953 7.036 6.738 7.022 6.510 5.843 7.043 7.607 7.393 8.795 8.414 8.983 10.660 9.431 12.445 15.423 14.015 16.555 29.850 27.666 27.313 29.850 18.634 18.159 9.642 10.736 8.649 9.875 7.996 7.963 6.543 5.550 5.553 4.929 5.393 4.730 4.614 4.443 4.399 4.366
C1910TS054_1 0.312 4.928 4.617 4.729 4.877 4.903 4.772 4.945 4.637 4.994 6.456 6.726 7.662 9.324 10.057 11.121 14.125 20.956 29.850 29.850 29.850 29.850 29.850 29.850 29.850 29.850 18.489 15.424 8.629 8.057 7.958 8.692 8.524 8.174 7.499 7.328 6.921 7.737 7.720 8.843 8.264 7.920 8.025 8.632
C1910TS054_2 0.303 8.864 8.201 8.564 7.867 8.816 8.423 8.461 8.900 7.595 8.786 10.019 10.358 11.358 15.249 14.047 29.850 21.699 25.956 29.850 29.850 29.850 29.850 29.850 29.850 29.310 18.677 14.594 8.589 6.576 6.808 7.600 6.809 5.639 5.713 5.351 5.096 5.320 5.539 5.564 5.722 6.367 7.005 6.583
C1910TS054_3 0.333 5.495 5.222 5.396 5.289 5.456 5.345 5.543 5.375 5.266 6.166 6.949 7.205 8.014 8.931 8.635 9.766 10.160 11.483 11.250 11.233 13.196 13.516 13.162 10.867 10.265 9.271 8.793 6.885 6.194 6.221 6.378 5.936 5.891 5.349 5.101 5.065 5.655 5.178 5.346 5.720 6.238 6.519 6.427
C1910TS054_4 0.311 7.698 7.165 7.580 6.894 7.651 7.154 6.957 7.323 6.189 6.769 7.032 7.688 7.329 7.878 7.422 8.313 8.772 9.001 8.381 9.793 11.734 11.539 11.619 11.791 12.766 11.392 11.198 7.894 7.799 7.745 8.460 8.534 8.027 7.213 7.005 6.708 7.830 9.136 9.005 8.073 8.394 6.812 7.146
C1910TS054_5 0.312 5.392 5.196 5.376 5.372 5.455 5.346 5.504 5.958 6.175 6.912 7.730 7.739 10.721 12.035 11.246 13.286 16.148 29.850 26.640 29.850 29.850 29.850 29.850 29.850 29.850 20.246 17.446 9.019 8.803 7.953 8.745 7.998 7.735 6.542 6.368 6.472 6.510 5.950 6.251 6.137 6.313 6.594 6.668
C1910TS066_1 0.344 6.399 6.358 6.359 6.137 6.406 5.935 6.140 5.933 5.089 5.293 6.203 6.280 5.950 6.437 6.994 6.856 6.524 7.724 7.732 8.261 9.820 10.250 9.309 9.409 8.945 9.351 8.199 6.978 7.188 5.921 6.157 5.867 5.813 5.432 4.993 5.101 5.118 5.079 4.807 4.893 4.840 4.702 5.052
C1910TS067_1 0.250 29.850 20.939 29.850 20.372 17.543 12.885 13.660 11.279 7.941 7.999 11.792 9.183 9.979 10.910 9.047 8.983 9.696 15.408 18.742 16.910 20.101 29.850 29.850 29.850 29.850 29.850 29.850 29.850 29.850 29.850 29.850 29.850 29.850 29.850 29.850 29.850 29.850 29.850 29.850 29.850 27.761 29.850 11.193
C1910TS067_2 0.253 29.850 29.276 29.850 13.693 16.322 9.961 10.901 9.186 8.055 8.350 10.221 9.345 10.452 10.884 11.462 12.747 13.058 24.644 29.850 29.850 29.850 29.850 29.850 29.850 29.850 29.850 29.850 29.850 29.850 29.850 29.850 29.850 29.850 29.850 29.850 29.850 29.850 29.850 15.424 7.385 6.650 5.876 5.014
C1910TS067_3 0.241 29.850 29.850 29.850 29.850 10.981 10.028 7.975 9.107 7.901 8.261 9.095 10.082 9.352 11.502 11.892 11.659 15.459 19.220 29.850 29.850 29.850 29.850 29.850 29.850 29.850 29.850 29.850 29.850 29.850 29.850 29.850 29.850 29.850 29.850 29.850 29.850 29.850 29.850 29.850 29.850 29.850 29.850 20.035
C1910TS067_4 0.250 29.850 20.939 29.850 20.372 17.543 12.885 13.660 11.279 7.941 7.999 11.792 9.183 9.979 10.910 9.047 8.983 9.696 15.408 18.742 16.910 20.101 29.850 29.850 29.850 29.850 29.850 29.850 29.850 29.850 29.850 29.850 29.850 29.850 29.850 29.850 29.850 29.850 29.850 29.850 29.850 27.761 29.850 11.193
C1910TS067_5 0.253 29.850 29.276 29.850 13.693 16.322 9.961 10.901 9.186 8.055 8.350 10.221 9.345 10.452 10.884 11.462 12.747 13.058 24.644 29.850 29.850 29.850 29.850 29.850 29.850 29.850 29.850 29.850 29.850 29.850 29.850 29.850 29.850 29.850 29.850 29.850 29.850 29.850 29.850 15.424 7.385 6.650 5.876 5.014
C1910TS073_1 0.391 5.228 4.054 3.269 3.793 3.397 3.389 4.256 3.882 3.347 3.900 4.855 4.203 4.228 4.689 5.144 4.543 4.351 4.947 5.997 6.542 5.593 6.525 7.655 7.140 6.193 6.646 7.796 5.926 5.109 5.253 6.450 4.591 4.043 4.328 4.744 4.276 4.235 4.271 4.810 5.101 4.814 4.958 6.880
C1910TS073_2 0.370 4.720 5.199 4.504 4.781 4.428 4.018 4.999 4.457 4.483 4.516 5.790 5.092 5.109 5.197 5.663 5.537 5.436 5.302 5.976 6.877 5.742 6.192 6.645 5.794 5.913 6.284 6.001 5.645 6.034 5.260 6.303 5.263 5.842 4.699 5.953 5.406 5.174 5.177 5.443 4.910 5.720 5.514 6.546
C1910TS073_3 0.340 6.733 5.746 4.868 4.829 5.400 4.476 5.590 5.279 4.928 5.772 6.977 6.179 5.750 7.372 7.056 6.673 6.003 7.019 8.229 9.521 7.420 7.527 9.299 10.294 8.183 8.541 10.262 7.441 6.546 7.704 6.697 5.929 5.626 5.653 6.038 5.298 4.983 5.934 6.154 6.652 6.281 6.291 8.983
C1910TS073_4 0.426 3.257 3.287 2.741 3.350 2.962 2.945 3.327 3.257 3.513 3.559 4.578 4.464 4.379 4.997 5.413 5.081 5.492 5.684 6.251 6.135 5.245 5.356 5.465 4.560 4.531 4.536 4.191 3.420 3.844 3.631 3.637 3.138 3.214 3.173 3.840 3.873 3.983 4.203 4.939 4.487 4.514 4.936 4.302
C1910TS073_5 0.369 5.065 4.362 3.875 3.742 3.947 4.032 4.595 4.648 4.630 4.817 5.760 6.067 5.515 5.475 6.992 6.628 6.418 5.604 6.738 6.317 5.542 6.134 6.883 5.555 5.153 5.635 4.858 4.341 5.618 4.935 4.912 4.123 4.717 5.194 5.923 5.027 6.550 7.505 8.281 7.124 6.391 6.299 8.025
C1910TS087_1 0.332 5.919 6.148 6.429 6.319 7.102 6.736 7.207 6.886 5.743 6.245 7.461 6.959 7.293 7.461 7.899 8.154 7.415 9.898 12.036 10.092 9.793 12.566 10.843 12.023 10.809 8.069 8.648 5.887 6.855 5.083 6.012 5.781 5.100 4.929 5.460 4.811 5.056 5.237 5.330 5.707 5.937 7.807 7.057
C1910TS087_2 0.414 4.153 4.209 3.714 3.562 3.722 3.611 3.933 3.601 3.424 4.014 4.307 4.301 4.164 5.197 5.132 4.573 5.136 5.900 6.078 6.751 6.086 5.727 6.485 5.675 4.945 4.999 5.198 4.496 3.666 3.740 4.027 3.710 3.679 3.655 3.697 3.797 3.892 3.944 3.949 4.020 3.833 3.859 4.084
C1910TS087_3 0.325 5.372 5.340 5.446 5.449 5.365 5.092 5.215 5.335 4.558 4.844 5.627 5.936 5.495 5.894 7.078 6.837 6.433 8.524 8.163 10.038 11.619 13.559 14.536 17.277 12.328 12.594 12.694 10.413 9.983 8.849 10.791 8.328 8.056 7.799 7.602 7.192 7.241 7.134 7.732 7.327 7.249 9.026 7.958
C1910TS102_1 0.256 8.675 7.233 8.422 8.924 8.816 10.130 8.172 9.277 9.965 8.819 9.851 9.702 8.795 9.883 10.086 11.308 12.108 17.443 12.117 25.705 29.850 29.850 29.850 29.850 29.850 29.850 29.850 29.850 29.850 29.850 29.850 29.850 29.850 29.850 29.850 29.850 29.850 29.850 29.850 19.830 10.813 11.673 8.538
C1910TS103_1 0.256 8.675 7.233 8.422 8.924 8.816 10.130 8.172 9.277 9.965 8.819 9.851 9.702 8.795 9.883 10.086 11.308 12.108 17.443 12.117 25.705 29.850 29.850 29.850 29.850 29.850 29.850 29.850 29.850 29.850 29.850 29.850 29.850 29.850 29.850 29.850 29.850 29.850 29.850 29.850 19.830 10.813 11.673 8.538
C1910TS123_1 0.294 9.592 8.348 8.368 7.867 8.484 8.767 7.894 8.980 7.779 8.276 9.066 10.359 12.175 11.619 11.769 11.934 11.627 13.752 13.397 21.054 27.794 21.168 17.388 14.318 24.391 15.091 19.913 11.505 10.456 12.417 10.920 9.787 10.805 7.473 9.286 7.976 9.328 7.471 7.299 8.291 5.884 6.027 5.664
C1910TS123_2 0.294 9.592 8.348 8.368 7.867 8.484 8.767 7.894 8.980 7.779 8.276 9.066 10.359 12.175 11.619 11.769 11.934 11.627 13.752 13.397 21.054 27.794 21.168 17.388 14.318 24.391 15.091 19.913 11.505 10.456 12.417 10.920 9.787 10.805 7.473 9.286 7.976 9.328 7.471 7.299 8.291 5.884 6.027 5.664
C1910TS123_3 0.301 6.587 6.482 6.904 7.246 7.273 9.234 8.258 8.437 7.469 10.146 11.760 10.597 11.265 12.941 13.127 20.916 23.326 29.850 29.850 29.850 29.850 29.850 29.850 29.850 29.850 29.850 29.850 18.913 13.202 11.942 12.076 9.884 10.079 7.326 6.727 6.310 5.450 5.333 5.158 4.711 4.529 4.341 4.162
C1910TS123_4 0.338 5.397 5.065 5.187 5.489 6.034 5.618 6.023 7.250 6.109 7.156 7.548 7.546 7.995 9.033 9.517 8.072 8.168 10.160 7.817 9.451 8.562 9.154 10.128 9.659 8.773 7.921 9.149 7.746 7.589 7.170 7.654 6.910 6.923 5.851 5.111 5.073 4.895 5.010 4.704 4.543 4.586 4.514 4.689
C1910TS123_5 0.338 5.397 5.065 5.187 5.489 6.034 5.618 6.023 7.250 6.109 7.156 7.548 7.546 7.995 9.033 9.517 8.072 8.168 10.160 7.817 9.451 8.562 9.154 10.128 9.659 8.773 7.921 9.149 7.746 7.589 7.170 7.654 6.910 6.923 5.851 5.111 5.073 4.895 5.010 4.704 4.543 4.586 4.514 4.689
C1910TS131_1 0.330 6.022 6.101 6.134 6.044 5.994 6.356 6.367 7.102 6.259 6.854 7.152 7.523 7.770 7.665 7.463 8.598 8.355 9.028 9.588 9.625 9.631 10.315 9.680 9.200 8.692 8.686 7.721 6.329 6.833 5.500 5.929 5.634 5.609 5.588 5.434 5.525 5.996 6.136 6.295 6.853 6.169 7.230 6.992
C1910TS131_2 0.324 6.756 6.409 6.601 6.209 6.460 6.874 6.719 7.615 6.342 6.733 7.147 7.150 6.835 6.978 6.705 7.173 7.087 7.725 8.034 7.751 8.422 9.877 9.571 9.025 9.155 9.329 9.020 7.211 7.834 6.574 7.292 7.029 6.826 6.848 6.376 6.408 6.750 6.939 6.560 7.172 6.816 7.263 6.633
C1910TS131_3 0.323 6.087 6.164 6.205 6.108 6.061 6.437 6.441 7.197 6.334 6.947 7.268 7.621 7.894 7.781 7.558 8.709 8.471 9.308 10.063 9.999 10.328 11.589 11.033 10.463 9.794 9.283 8.976 7.107 7.554 6.388 6.655 6.375 6.488 6.276 6.000 6.118 6.527 6.735 6.442 7.072 6.628 7.221 6.676
C1910TS131_4 0.323 6.093 6.170 6.210 6.114 6.067 6.445 6.448 7.208 6.342 6.959 7.281 7.629 7.907 7.794 7.569 8.717 8.483 9.318 10.069 10.001 10.331 11.593 11.040 10.469 9.800 9.289 8.984 7.113 7.558 6.393 6.660 6.382 6.500 6.286 6.007 6.128 6.537 6.745 6.450 7.084 6.637 7.234 6.687
C1910TS131_5 0.323 6.091 5.982 6.103 5.872 6.052 6.399 6.420 7.353 6.234 6.943 7.282 7.542 7.811 7.761 7.468 8.632 8.441 9.221 9.931 9.855 10.169 11.405 10.928 10.349 9.717 9.263 8.944 7.105 7.548 6.397 6.646 6.381 6.525 6.324 6.050 6.194 6.660 6.892 6.607 7.273 6.836 7.454 6.885
C1910TS152_1 0.326 5.456 5.844 5.660 5.808 5.695 5.632 6.324 6.097 5.217 5.771 7.544 6.889 6.744 7.734 8.699 8.296 6.760 10.956 8.678 9.985 11.430 15.622 12.373 13.293 12.219 11.353 10.181 7.453 7.757 6.436 7.044 6.316 6.724 6.495 6.123 6.200 6.091 6.070 6.299 6.939 6.325 6.867 7.622
C1910TS152_2 0.356 3.517 3.970 3.810 4.072 4.108 4.036 4.284 4.393 4.161 4.643 5.049 5.459 5.441 6.022 6.502 6.347 6.141 7.928 9.175 9.466 9.851 12.105 12.778 11.236 11.810 12.100 10.922 9.303 8.058 6.785 8.548 6.901 7.538 6.825 5.542 5.509 5.104 5.083 4.879 4.941 4.309 4.561 4.572
C1910TS152_3 0.325 8.193 9.444 8.170 7.485 7.923 7.621 6.923 6.721 5.506 5.727 6.311 6.512 5.867 6.303 6.625 6.369 6.510 7.265 6.653 7.997 8.571 8.636 8.828 8.244 8.650 8.033 8.441 6.965 6.775 5.885 6.694 6.022 6.375 5.837 5.878 7.115 8.497 10.775 18.822 9.050 6.411 6.936 7.361
C1910TS152_4 0.324 8.215 9.488 8.191 7.484 7.921 7.626 6.925 6.725 5.505 5.728 6.309 6.505 5.865 6.301 6.615 6.362 6.505 7.259 6.648 7.982 8.568 8.640 8.820 8.398 8.718 8.005 8.654 7.278 6.956 5.908 6.894 6.495 6.478 5.975 6.105 6.633 7.541 8.293 9.565 10.727 7.241 9.060 8.067
C1910TS152_5 0.317 6.301 6.692 6.121 6.247 6.781 6.550 6.330 7.309 7.456 7.672 8.754 11.368 10.673 9.958 9.464 10.283 13.672 19.106 11.128 10.437 13.656 13.770 12.211 12.221 13.530 11.302 10.287 9.808 8.683 7.509 7.766 7.496 7.801 7.184 6.155 6.150 5.756 5.939 5.258 5.342 4.772 5.187 4.725
C1910TS158_1 0.331 6.311 6.285 6.915 7.122 8.049 9.793 8.127 7.958 6.832 7.048 8.000 7.506 6.886 6.553 6.724 6.758 6.722 7.056 7.153 7.294 8.404 8.186 8.249 8.677 8.496 8.625 8.361 6.618 6.557 6.530 7.157 6.977 6.384 5.772 6.008 5.572 5.234 5.680 6.028 5.951 5.296 5.596 5.484
C1910TS158_2 0.321 6.525 6.768 6.645 6.873 7.627 7.903 7.315 8.228 7.088 7.438 8.797 9.013 8.538 8.818 9.433 9.803 9.847 10.837 9.989 10.526 11.143 9.855 10.409 9.874 10.019 9.902 9.852 8.370 7.648 7.081 6.585 6.913 6.019 6.072 5.519 5.726 5.540 5.371 5.582 5.617 5.042 5.348 5.965
C1910TS158_3 0.280 10.086 17.621 13.361 10.503 13.746 12.032 16.494 10.344 10.592 12.169 15.419 29.850 11.479 29.850 29.850 21.555 29.850 29.850 29.850 29.850 29.850 29.850 29.850 29.850 29.850 29.850 29.850 11.204 11.123 13.016 12.595 9.112 8.964 7.254 6.786 6.454 6.196 5.505 5.500 6.114 5.599 5.286 5.608
C1910TS158_4 0.284 7.998 5.742 7.202 6.610 7.962 7.403 6.725 8.348 7.190 7.441 10.674 10.966 12.259 17.092 11.831 12.726 16.080 29.850 29.850 29.850 29.850 29.850 29.850 29.850 29.850 29.850 29.850 29.850 11.161 10.378 10.208 10.718 10.069 9.352 9.107 8.361 8.502 9.132 8.716 10.604 9.324 29.850 7.449
C1910TS158_5 0.327 7.263 6.652 6.873 7.585 7.192 7.163 6.859 7.513 6.167 6.158 6.910 7.009 6.395 6.670 6.981 6.637 6.506 7.432 6.773 7.587 8.525 9.209 9.078 9.972 9.150 8.071 8.345 6.684 7.038 6.254 6.656 6.531 6.417 5.611 6.035 5.962 6.547 6.910 6.977 6.755 7.516 7.531 7.619
C1910TS179_1 0.290 8.047 8.733 8.483 9.233 9.018 10.777 12.555 12.485 10.316 10.758 29.850 15.428 29.850 29.850 29.850 19.467 29.850 29.850 29.850 29.850 29.850 29.850 29.850 29.850 29.850 20.639 17.748 8.796 9.342 8.715 9.143 7.468 8.045 6.460 5.768 5.946 5.942 6.204 5.422 5.777 5.164 5.669 5.648
C1910TS182_1 0.332 9.497 7.309 7.453 7.709 6.898 7.335 6.752 7.039 6.181 6.293 7.076 7.092 6.458 7.353 7.376 8.238 7.837 8.873 8.439 8.923 9.038 9.506 9.307 8.566 8.865 8.813 8.212 6.542 6.853 5.600 5.941 5.609 5.373 5.086 5.137 4.891 5.035 4.845 5.671 6.148 6.135 6.900 6.522
C1910TS182_2 0.338 7.658 8.194 8.788 9.702 9.835 9.486 8.129 8.693 7.720 6.832 7.290 6.972 6.265 6.477 6.457 6.664 6.563 7.003 6.751 6.812 6.453 7.197 7.112 6.664 6.120 6.552 6.586 5.481 5.468 5.866 5.522 5.226 6.140 5.633 5.250 5.344 5.986 5.984 5.895 5.690 5.707 5.372 5.148
C1910TS182_3 0.322 25.605 29.850 10.756 17.648 9.692 9.422 8.106 7.799 6.652 6.634 7.482 7.275 7.031 6.832 7.429 7.574 6.951 8.778 8.691 8.665 9.033 10.243 9.536 8.854 9.052 9.015 7.794 6.664 6.753 5.884 6.025 5.394 5.154 5.263 5.181 5.191 5.209 5.287 5.747 6.774 6.631 7.682 7.392
C1910TS182_4 0.333 7.489 7.976 8.655 9.623 9.789 9.460 8.063 8.682 7.591 6.767 7.166 6.861 6.119 6.328 6.274 6.548 6.428 6.915 6.720 6.873 6.527 7.306 7.483 6.804 6.336 6.818 6.928 5.765 6.355 5.954 6.007 5.752 6.508 5.894 5.697 5.981 6.838 6.661 6.538 6.403 6.083 5.733 5.504
C1910TS182_5 0.270 29.850 29.850 29.850 29.850 29.850 29.850 29.850 29.850 29.850 29.850 29.850 22.732 18.569 26.499 15.828 15.454 19.494 29.850 15.991 29.850 20.441 18.954 28.041 12.408 14.033 14.536 21.558 9.722 9.895 9.011 9.074 8.192 8.375 7.871 7.464 7.585 7.813 7.395 8.639 9.249 10.405 13.420 15.516
C1910TS196_1 0.326 7.171 7.282 7.895 7.623 8.314 8.205 7.532 8.312 6.708 7.214 8.017 7.859 7.414 7.471 7.797 7.579 7.400 9.006 8.756 8.398 10.858 11.732 10.115 12.303 9.831 9.416 9.383 8.829 7.677 7.060 8.204 6.952 6.201 6.014 6.045 5.487 5.057 4.993 4.586 4.773 4.876 4.783 4.818
C1910TS210_1 0.365 4.414 4.535 4.529 4.516 4.525 4.284 4.346 4.390 4.117 4.448 4.723 4.970 5.257 5.182 5.966 6.214 5.731 7.232 7.639 7.591 9.488 11.532 9.979 10.697 9.807 9.610 10.016 8.066 7.619 6.036 7.051 6.058 5.859 5.527 5.203 4.673 4.424 4.456 4.123 4.202 4.230 4.193 4.317
C1910TS210_2 0.353 4.364 4.334 4.488 4.338 4.275 4.170 4.153 4.173 3.897 4.204 4.497 4.697 5.016 4.839 5.508 6.184 5.599 7.633 7.598 7.518 8.837 9.737 10.372 9.747 9.137 9.064 8.777 8.284 7.958 7.104 8.085 6.883 6.839 6.680 6.658 6.471 6.412 6.200 6.168 6.558 6.006 6.560 6.119
C1910TS210_3 0.354 6.075 5.577 5.583 4.829 4.609 4.317 4.313 4.455 4.086 4.301 4.576 4.893 5.025 4.834 5.444 6.170 5.558 7.435 7.357 7.278 8.519 9.477 10.100 9.473 8.947 8.915 8.640 8.171 7.834 6.973 7.918 6.724 6.640 6.305 6.235 6.034 5.618 5.274 5.114 5.235 5.042 4.743 5.711
C1910TS210_4 0.350 5.062 5.011 5.575 5.495 6.028 5.754 6.469 5.768 5.330 5.654 6.696 5.775 6.556 6.969 6.921 7.565 6.890 8.533 9.027 9.087 9.561 10.026 9.882 9.383 8.177 7.892 7.418 6.572 6.734 6.253 6.284 5.850 5.809 5.099 5.102 4.989 4.780 4.366 4.343 4.291 4.094 4.094 4.958
C1910TS210_5 0.345 4.334 4.700 4.660 4.460 4.547 4.388 4.367 4.355 4.105 4.481 4.712 5.064 5.479 5.295 6.102 6.651 6.251 8.363 8.528 8.479 11.269 11.358 10.504 11.597 9.872 9.139 8.799 7.675 7.921 7.253 7.845 7.228 6.939 6.760 6.735 6.482 6.634 6.385 6.643 6.822 6.288 6.787 6.290
C1910TS211_1 0.353 4.514 4.869 4.750 4.759 4.898 4.993 5.236 5.278 4.572 4.839 6.054 6.101 6.262 6.395 6.881 7.462 6.826 9.141 10.179 9.564 10.020 11.697 10.026 10.519 9.732 8.394 7.823 5.762 5.638 4.829 5.121 5.240 4.848 4.815 4.624 4.573 4.797 4.607 5.451 5.915 5.719 6.329 6.794
C1910TS211_2 0.322 4.706 4.962 4.961 5.042 5.378 5.501 5.717 6.250 6.087 6.525 7.487 8.241 9.190 10.314 10.278 13.977 10.611 11.888 14.052 26.965 24.772 29.850 29.850 29.850 27.967 27.463 21.235 13.822 9.946 8.284 9.594 8.616 7.328 6.758 5.568 5.803 4.971 5.335 5.101 4.973 4.807 4.577 4.887
C1910TS211_3 0.405 4.383 4.655 4.811 4.945 4.999 4.875 4.521 4.202 4.593 4.119 4.111 4.247 4.115 4.228 4.260 4.080 4.149 4.210 4.430 4.365 4.893 5.459 5.258 5.243 5.751 5.999 5.551 5.200 4.823 4.696 4.503 4.301 4.473 3.893 3.864 4.011 4.060 3.823 3.779 4.129 4.270 4.120 4.133
C1910TS211_4 0.417 3.906 4.063 4.170 4.127 4.246 4.029 3.850 3.553 3.995 3.739 3.761 3.797 3.905 3.925 4.064 3.964 4.043 4.112 4.464 4.472 5.016 5.661 5.438 5.591 6.087 6.277 5.906 5.494 5.075 4.787 4.429 4.302 4.387 3.931 3.730 3.731 3.837 3.592 3.536 3.763 3.887 3.645 3.595
C1910TS211_5 0.413 4.033 4.072 4.116 4.410 4.177 4.243 4.047 3.796 4.325 4.137 4.003 4.245 4.275 4.466 4.292 4.123 4.243 4.440 4.311 4.270 4.986 5.267 4.919 5.174 5.555 5.386 5.189 4.851 4.491 4.441 4.308 3.832 4.172 3.882 3.699 3.912 4.233 3.980 3.820 4.109 4.273 4.320 4.426
C1910TS213_1 0.354 3.991 4.080 4.168 3.860 4.191 3.985 4.075 5.179 4.817 4.679 5.255 5.845 7.233 7.071 7.035 7.688 8.566 7.223 9.678 12.277 16.139 10.246 9.368 10.800 11.223 8.873 8.704 7.243 6.606 6.486 6.377 6.140 5.674 5.411 5.130 5.118 5.045 5.413 5.252 5.080 4.339 5.062 5.371
C1910TS213_2 0.354 4.110 3.932 3.800 3.682 4.011 3.647 3.702 4.676 4.838 4.275 5.336 5.688 6.931 7.056 6.802 7.263 8.217 7.083 10.055 13.742 14.350 10.918 9.538 11.427 11.585 8.944 9.277 7.544 7.677 6.414 7.000 6.645 6.201 6.000 5.751 5.475 5.280 5.845 5.790 5.136 4.223 4.945 5.179
C1910TS213_3 0.353 4.100 3.928 3.772 3.664 3.981 3.629 3.658 4.627 4.848 4.251 5.325 5.713 6.970 7.086 6.855 7.355 8.317 7.190 10.243 14.413 14.950 11.209 9.759 11.864 12.030 9.257 9.394 7.689 7.844 6.491 7.101 6.770 6.342 6.039 5.840 5.609 5.361 5.913 5.870 5.198 4.255 5.026 5.295
C1910TS213_4 0.325 4.988 5.042 5.107 4.929 5.102 4.995 5.156 6.428 5.996 5.583 6.651 6.846 8.683 8.082 7.538 8.693 10.007 7.981 11.402 16.863 16.651 12.258 10.875 13.159 15.273 11.076 10.866 9.535 8.604 8.047 8.773 8.132 7.761 6.978 7.029 6.543 6.675 7.006 6.399 5.919 5.098 5.742 6.257
C1910TS213_5 0.331 4.299 4.478 4.533 4.306 4.700 4.458 4.679 6.042 5.583 5.461 6.813 6.567 8.953 8.817 8.257 9.703 10.410 9.085 19.054 29.850 29.850 17.466 15.645 29.850 29.850 11.715 12.625 9.755 9.045 7.655 8.827 8.118 7.076 6.454 5.932 5.891 5.975 6.205 5.452 5.247 4.537 4.810 4.971
C1910TS215_1 0.309 5.941 5.609 6.357 6.344 6.439 6.736 6.947 8.235 7.529 9.505 9.431 11.438 13.075 14.131 12.840 26.789 17.675 27.125 22.512 19.330 27.408 21.781 29.850 29.850 23.673 15.835 15.576 9.793 9.368 8.048 8.170 7.818 7.902 7.207 5.522 6.427 6.272 5.626 4.748 5.054 5.326 4.933 5.248
C1910TS215_2 0.375 6.491 6.047 6.244 6.055 6.686 6.181 5.827 6.766 5.185 5.375 5.808 5.657 4.906 5.007 4.575 4.649 4.648 4.712 4.789 4.826 5.021 4.944 4.909 4.967 5.014 5.059 5.188 4.683 4.905 4.640 4.746 4.518 4.696 5.043 4.932 5.050 5.174 5.733 5.576 5.629 5.047 4.386 6.009
C1910TS215_3 0.384 4.598 4.601 4.796 4.328 4.533 4.352 4.445 4.145 3.784 4.359 4.420 4.424 4.558 4.746 4.875 5.619 5.653 6.272 6.019 7.041 7.032 7.241 6.659 5.845 6.869 6.521 5.732 5.130 5.240 5.382 5.074 4.720 5.108 5.017 4.097 4.411 4.784 4.690 4.099 4.363 4.541 4.306 5.057
C1910TS215_4 0.339 5.972 5.597 5.851 5.720 5.892 5.705 5.787 5.659 4.978 5.672 6.745 5.846 5.892 6.918 7.406 6.054 6.396 8.374 8.425 9.906 7.622 9.241 9.305 7.691 7.638 8.442 8.586 6.662 6.812 6.867 7.091 6.359 6.914 6.133 6.301 6.168 6.469 5.934 5.849 5.928 5.201 5.130 5.110
C1910TS215_5 0.297 4.996 4.837 5.261 5.101 5.711 5.170 5.370 6.114 5.430 6.469 6.897 7.397 8.393 8.399 8.578 10.104 10.221 12.460 19.253 14.923 29.850 29.850 29.850 29.850 29.850 29.850 21.751 17.606 29.850 16.641 18.120 29.850 18.558 14.382 16.159 12.601 10.083 11.424 11.387 12.136 9.709 11.084 8.144
C1910TS228_1 0.258 7.399 7.394 7.221 7.538 8.295 9.953 10.142 12.021 11.328 20.902 26.327 29.850 29.850 29.850 29.850 29.850 29.850 29.850 29.850 29.850 29.850 29.850 29.850 29.850 29.850 29.850 29.850 29.850 29.850 12.691 22.367 14.792 10.323 11.485 9.694 10.309 10.536 9.573 9.734 12.144 10.447 10.579 9.884
C1910TS228_2 0.292 9.586 9.861 9.204 9.339 10.309 12.740 11.682 13.436 10.228 14.689 15.652 29.850 29.850 24.498 29.850 29.850 29.850 29.850 29.850 29.850 29.850 21.331 29.850 29.850 12.343 10.340 11.943 8.128 7.586 6.963 7.715 6.883 6.349 6.294 6.123 6.146 6.575 6.062 5.916 6.687 6.138 5.984 6.179
C1910TS228_3 0.285 8.026 9.409 9.662 9.133 10.207 12.779 13.138 22.067 13.229 13.810 29.850 29.850 29.850 29.850 29.850 29.850 29.850 29.850 29.850 29.850 29.850 29.850 29.073 26.158 19.853 14.080 12.998 10.492 9.003 7.303 8.631 6.924 6.232 6.244 6.104 6.092 5.839 6.353 6.416 6.278 6.300 7.087 7.414
C1910TS228_4 0.271 7.443 7.660 7.315 7.659 8.243 9.738 9.797 11.219 9.943 16.194 17.715 29.850 29.850 29.850 29.850 29.850 29.850 29.850 29.850 29.850 29.850 29.850 29.850 29.850 29.850 29.850 29.850 15.917 12.943 10.706 12.079 10.665 8.573 8.864 7.749 8.328 8.839 7.898 7.548 8.681 7.924 7.884 8.036
C1910TS228_5 0.260 7.674 7.776 7.477 7.894 8.583 10.353 10.322 12.371 11.044 20.536 23.214 29.850 29.850 29.850 29.850 29.850 29.850 29.850 29.850 29.850 29.850 29.850 29.850 29.850 29.850 29.850 29.850 23.424 22.469 14.330 16.700 14.184 10.904 12.361 10.294 11.234 11.716 10.466 9.617 11.677 9.787 9.644 9.384
C1910TS230_1 0.290 8.047 8.733 8.483 9.233 9.018 10.777 12.555 12.485 10.316 10.758 29.850 15.428 29.850 29.850 29.850 19.467 29.850 29.850 29.850 29.850 29.850 29.850 29.850 29.850 29.850 20.639 17.748 8.796 9.342 8.715 9.143 7.468 8.045 6.460 5.768 5.946 5.942 6.204 5.422 5.777 5.164 5.669 5.648
C1910TS230_2 0.305 5.685 5.987 6.700 6.489 7.094 7.266 7.080 8.123 7.566 9.298 9.797 11.635 10.811 13.296 10.971 12.249 15.871 14.810 12.772 14.475 13.153 12.211 12.820 15.238 15.737 12.818 12.590 11.274 9.823 8.025 10.744 9.659 8.874 8.478 7.092 6.701 6.881 7.016 6.286 6.121 5.513 5.683 6.247
C1910TS230_3 0.330 4.792 5.137 5.049 5.451 5.611 5.278 5.690 5.924 5.286 5.758 6.724 6.723 6.750 7.032 7.015 6.730 7.294 8.004 8.665 8.594 8.035 9.100 9.462 9.382 10.500 10.698 10.227 9.037 9.138 8.955 9.237 8.949 9.511 7.355 6.857 7.109 6.764 6.443 5.902 5.796 5.583 5.503 6.007
C1910TS230_4 0.322 5.393 5.920 5.994 6.723 6.832 7.392 7.530 8.639 9.078 11.187 16.602 13.925 19.106 29.850 15.634 26.720 29.850 29.850 23.573 29.850 26.997 29.850 13.843 21.003 13.476 11.393 10.731 7.048 7.056 5.721 5.658 5.344 5.115 4.692 4.464 4.427 4.954 4.532 4.300 4.701 4.267 4.784 4.627
C1910TS230_5 0.340 4.207 4.076 3.957 3.891 4.219 3.819 3.804 4.889 5.238 4.504 5.612 5.974 7.627 7.635 7.381 8.042 9.306 7.718 11.616 19.696 22.456 14.736 11.717 16.533 18.139 10.961 11.487 9.694 9.823 7.422 8.835 8.533 7.939 6.773 6.731 6.287 5.857 6.362 6.149 5.379 4.409 5.222 5.561
C1910TS240_1 0.313 7.632 6.998 8.099 7.829 8.142 8.493 8.384 9.482 7.745 9.491 9.709 8.336 8.624 11.264 9.475 15.708 9.774 16.520 9.298 11.350 25.536 29.206 25.407 29.850 16.729 18.507 18.354 15.304 12.855 9.393 11.382 11.054 7.372 7.017 5.197 4.974 4.958 4.624 4.118 4.525 4.832 3.314 4.883
C1910TS240_2 0.311 7.546 7.237 8.105 7.579 7.994 8.098 8.044 9.046 7.573 7.999 9.081 8.950 8.263 8.740 9.423 9.088 8.655 10.819 9.803 10.327 14.976 15.087 13.003 20.145 12.825 13.586 13.105 12.352 10.236 9.297 12.479 10.400 7.998 8.093 6.253 5.955 5.984 5.711 4.955 5.297 5.469 3.718 6.361
C1910TS240_3 0.298 7.294 6.855 7.168 8.363 7.661 8.804 10.227 10.409 7.912 9.340 12.523 8.329 9.549 14.942 9.483 29.850 9.310 23.185 9.935 11.808 29.850 29.850 29.850 29.850 29.850 28.021 29.850 15.232 17.028 11.877 21.229 17.773 10.915 10.853 7.410 6.502 6.078 5.906 5.109 5.111 5.462 4.041 6.287
C1910TS240_4 0.288 7.219 7.163 8.527 7.842 8.707 9.732 9.982 12.190 8.683 9.758 13.464 11.486 11.212 16.380 17.054 14.087 17.123 21.692 13.621 21.066 29.850 29.850 29.850 29.850 29.850 29.850 29.850 17.424 21.032 13.705 29.850 23.629 12.776 12.480 8.319 7.234 8.185 7.276 6.267 5.989 6.230 4.378 6.908
C1910TS240_5 0.308 6.549 6.560 7.220 6.653 7.039 7.454 7.252 7.847 6.764 6.994 7.699 7.800 7.455 7.700 8.395 8.485 8.359 10.102 9.236 9.636 13.756 14.452 12.618 21.858 13.877 16.514 16.154 13.502 12.184 10.654 17.120 13.514 9.411 11.008 7.623 7.225 7.827 7.245 6.196 6.231 6.214 4.255 7.021
C1910TS247_1 0.300 5.831 5.994 6.069 6.227 6.968 7.204 6.645 7.317 6.832 7.324 8.157 8.865 9.735 10.530 9.567 10.986 12.410 17.018 20.112 19.230 29.850 29.850 29.850 29.850 29.850 29.850 29.850 14.642 18.382 13.024 17.902 15.523 11.436 7.850 6.859 6.746 5.839 7.351 6.078 6.105 6.229 5.572 5.639
C1910TS247_2 0.311 5.734 5.726 5.949 6.275 6.898 6.701 7.079 6.908 6.169 7.261 8.140 7.971 8.995 11.080 11.670 12.910 13.345 17.972 23.495 29.850 29.850 29.850 29.850 29.850 29.850 29.850 29.850 11.430 12.029 9.654 11.023 8.323 8.249 7.509 5.852 5.829 5.770 5.431 5.311 5.179 4.911 4.740 4.761
C1910TS247_3 0.285 6.305 6.395 6.983 6.533 7.533 8.111 7.983 10.184 8.632 10.396 11.661 12.305 13.674 19.435 12.186 29.850 24.525 29.850 29.850 29.850 29.850 29.850 29.850 29.850 29.850 29.850 29.850 14.000 20.990 11.287 15.437 10.660 10.874 9.385 9.256 8.335 8.383 9.156 7.523 8.600 7.022 9.981 6.189
C1910TS247_4 0.280 10.435 22.973 16.009 20.733 18.662 29.850 29.850 29.850 29.850 29.850 29.850 29.850 29.850 29.850 29.850 29.850 29.850 29.850 29.850 29.850 29.850 29.850 29.850 29.850 29.850 18.888 23.387 11.895 9.463 8.689 9.523 7.985 7.833 6.548 5.054 5.242 4.726 5.063 4.751 4.598 4.226 4.199 4.684
C1910TS247_5 0.283 6.791 6.408 7.942 6.852 7.442 7.732 7.244 8.333 7.135 7.822 9.586 10.612 10.599 12.026 11.698 17.931 15.973 29.850 29.850 29.850 29.850 29.850 29.850 29.850 29.850 29.850 29.850 29.850 29.850 27.509 29.850 29.850 18.809 10.813 8.391 9.373 7.647 8.395 6.809 6.980 6.538 6.723 6.383
C1910TS258_1 0.306 5.431 5.203 5.704 5.693 5.547 5.934 5.885 6.672 6.680 6.636 7.188 7.776 7.013 7.936 7.917 7.694 7.812 9.521 8.897 7.474 11.633 13.930 11.835 11.816 29.850 22.824 29.850 29.850 29.850 29.850 29.850 29.850 29.850 12.285 7.763 7.841 8.405 8.561 7.371 6.996 7.309 6.805 6.734
C1910TS258_2 0.359 3.995 4.287 4.279 4.159 4.309 4.296 4.338 4.448 4.182 4.320 4.780 4.953 4.480 4.758 4.994 5.106 5.129 5.524 6.014 5.276 6.212 7.831 7.307 6.622 10.779 11.073 8.861 12.207 14.614 29.850 29.850 14.001 9.116 7.374 5.381 5.398 5.413 6.047 5.087 4.615 5.389 5.391 5.001
C1910TS258_3 0.327 4.320 4.356 4.248 4.415 4.715 4.638 4.706 4.717 4.891 5.197 5.734 6.442 6.185 7.136 7.688 7.720 8.154 8.642 7.760 10.557 10.220 10.395 11.199 11.396 12.340 12.896 10.232 9.014 9.419 11.415 11.247 8.823 7.948 8.004 7.461 8.056 8.794 7.519 7.762 8.562 8.584 8.355 7.849
C1910TS258_4 0.276 6.281 6.090 5.926 6.012 6.850 7.074 6.875 7.561 6.899 7.779 8.843 9.276 10.180 10.468 11.111 13.900 12.545 22.961 29.850 29.850 29.850 29.850 29.850 29.850 29.850 29.850 29.850 29.850 29.850 29.850 29.850 29.850 29.850 14.155 9.494 8.776 7.807 7.478 10.163 9.238 15.529 16.526 23.637
C1910TS258_5 0.301 5.242 5.285 5.205 5.254 6.046 5.881 6.202 6.752 6.223 7.392 8.519 8.686 11.183 11.181 12.599 15.564 14.325 29.850 29.850 29.850 29.850 29.850 29.850 29.850 29.850 29.850 29.850 29.850 29.850 29.850 19.255 15.730 12.240 9.966 7.137 6.855 6.396 6.251 5.670 5.609 5.260 5.323 4.984
C1910TS273_1 0.329 5.007 5.161 5.436 5.347 5.460 5.694 5.994 6.149 6.413 6.766 8.258 10.362 10.622 10.608 10.456 10.447 15.765 11.339 15.187 29.850 29.850 14.485 14.534 23.384 11.539 13.193 11.311 7.679 7.101 6.892 6.875 6.091 5.932 5.484 4.999 4.680 5.279 4.851 4.785 4.780 4.759 4.668 4.811
C1910TS273_2 0.389 5.267 4.546 3.982 3.761 3.809 3.928 4.150 3.900 4.250 4.655 4.827 4.730 5.121 5.470 5.644 5.709 6.075 6.411 5.942 6.176 6.018 5.352 5.730 5.971 5.039 4.858 5.704 4.963 4.020 4.277 4.587 4.090 4.032 4.126 4.182 4.613 4.774 4.862 4.902 5.442 5.692 5.457 5.323
C1910TS273_3 0.343 9.113 8.377 7.870 8.100 6.690 6.331 7.058 7.037 6.115 6.432 6.775 5.851 5.877 6.479 8.074 5.898 6.791 6.950 7.076 9.664 9.298 7.966 8.463 9.164 8.968 7.346 7.156 6.691 5.741 5.192 5.635 5.181 5.005 4.861 4.615 4.538 5.233 5.136 5.141 5.217 5.256 4.656 5.311
C1910TS273_4 0.274 13.467 12.342 13.777 29.850 29.850 29.850 29.850 29.850 29.850 29.850 29.850 29.850 23.315 16.701 13.860 11.496 14.732 10.772 9.976 14.605 10.787 11.141 12.475 10.930 10.466 12.953 11.285 10.364 9.024 11.068 20.104 10.436 13.847 14.561 11.610 12.088 9.946 9.383 10.108 8.775 7.127 8.296 7.698
C1910TS273_5 0.235 13.444 12.835 29.850 29.850 29.850 29.850 29.850 29.850 29.850 29.850 26.659 29.850 25.258 29.850 29.850 19.047 29.850 27.777 20.761 29.850 29.850 29.850 29.850 29.850 29.850 29.850 29.850 29.850 29.850 29.850 29.850 29.850 29.850 29.850 29.850 29.850 29.850 29.850 29.850 29.850 29.850 29.850 29.850
C1910TS278_1 0.353 3.983 4.114 4.258 4.256 4.423 4.300 4.380 4.316 4.054 4.470 4.732 4.900 5.293 5.139 6.023 6.324 5.913 7.893 8.121 7.760 10.191 11.334 10.244 13.103 10.091 9.912 10.157 9.599 8.182 7.536 8.714 7.791 6.584 6.578 6.825 5.917 5.489 5.471 5.132 5.480 5.428 5.257 5.131
C1910TS278_2 0.352 3.873 4.247 4.272 4.364 4.569 4.389 4.500 4.439 4.136 4.559 4.847 4.943 5.385 5.226 5.887 6.593 6.042 7.893 8.537 7.874 9.273 11.224 10.554 11.920 9.852 10.011 10.039 9.475 8.421 7.780 8.909 8.163 6.874 6.704 6.884 5.930 5.388 5.309 4.807 5.028 5.128 5.018 5.056
C1910TS278_3 0.337 5.846 6.645 5.830 5.646 5.694 5.332 5.499 5.298 4.827 5.268 5.839 5.672 6.108 6.672 6.804 7.830 7.348 10.509 8.502 8.842 13.493 14.943 12.837 15.224 10.493 9.829 10.025 9.372 7.930 7.255 8.616 7.261 6.397 6.207 6.267 5.574 5.185 5.134 4.784 5.042 4.961 4.869 4.956
C1910TS278_4 0.332 5.725 6.488 5.720 5.543 5.610 5.267 5.434 5.215 4.773 5.216 5.784 5.617 6.053 6.617 6.749 7.740 7.300 10.366 8.458 8.886 13.576 15.156 13.664 17.564 11.024 10.630 11.215 10.522 8.681 7.976 9.339 8.489 7.018 6.908 7.218 6.096 5.650 5.634 5.202 5.505 5.443 5.258 5.206
C1910TS278_5 0.342 4.851 4.935 5.251 5.165 5.472 5.377 5.562 5.225 4.757 5.321 5.831 5.577 6.009 6.652 6.703 7.557 7.274 10.017 8.236 8.727 12.594 14.050 12.935 15.388 10.585 10.095 10.548 9.839 8.230 7.513 8.549 7.763 6.579 6.610 7.014 5.803 5.195 5.731 5.252 4.580 4.376 3.624 3.899
C1910TS299_1 0.353 3.983 4.114 4.258 4.256 4.423 4.300 4.380 4.316 4.054 4.470 4.732 4.900 5.293 5.139 6.023 6.324 5.913 7.893 8.121 7.760 10.191 11.334 10.244 13.103 10.091 9.912 10.157 9.599 8.182 7.536 8.714 7.791 6.584 6.578 6.825 5.917 5.489 5.471 5.132 5.480 5.428 5.257 5.131
C1910TS299_2 0.352 3.873 4.247 4.272 4.364 4.569 4.389 4.500 4.439 4.136 4.559 4.847 4.943 5.385 5.226 5.887 6.593 6.042 7.893 8.537 7.874 9.273 11.224 10.554 11.920 9.852 10.011 10.039 9.475 8.421 7.780 8.909 8.163 6.874 6.704 6.884 5.930 5.388 5.309 4.807 5.028 5.128 5.018 5.056
C1910TS299_3 0.337 5.846 6.645 5.830 5.646 5.694 5.332 5.499 5.298 4.827 5.268 5.839 5.672 6.108 6.672 6.804 7.830 7.348 10.509 8.502 8.842 13.493 14.943 12.837 15.224 10.493 9.829 10.025 9.372 7.930 7.255 8.616 7.261 6.397 6.207 6.267 5.574 5.185 5.134 4.784 5.042 4.961 4.869 4.956
C1910TS299_4 0.332 5.725 6.488 5.720 5.543 5.610 5.267 5.434 5.215 4.773 5.216 5.784 5.617 6.053 6.617 6.749 7.740 7.300 10.366 8.458 8.886 13.576 15.156 13.664 17.564 11.024 10.630 11.215 10.522 8.681 7.976 9.339 8.489 7.018 6.908 7.218 6.096 5.650 5.634 5.202 5.505 5.443 5.258 5.206
C1910TS299_5 0.342 4.851 4.935 5.251 5.165 5.472 5.377 5.562 5.225 4.757 5.321 5.831 5.577 6.009 6.652 6.703 7.557 7.274 10.017 8.236 8.727 12.594 14.050 12.935 15.388 10.585 10.095 10.548 9.839 8.230 7.513 8.549 7.763 6.579 6.610 7.014 5.803 5.195 5.731 5.252 4.580 4.376 3.624 3.899
C1910TS301_1 0.319 7.030 6.690 6.869 6.953 7.036 6.738 7.022 6.510 5.843 7.043 7.607 7.393 8.795 8.414 8.983 10.660 9.431 12.445 15.423 14.015 16.555 29.850 27.666 27.313 29.850 18.634 18.159 9.642 10.736 8.649 9.875 7.996 7.963 6.543 5.550 5.553 4.929 5.393 4.730 4.614 4.443 4.399 4.366
C1910TS309_1 0.327 6.497 6.652 6.484 6.376 7.136 6.561 6.467 7.130 5.968 7.251 7.558 6.463 8.085 10.403 7.155 15.176 9.459 15.669 16.550 14.270 28.629 29.850 27.238 19.898 26.248 18.716 14.052 8.804 8.198 7.055 6.954 6.676 6.076 5.505 5.220 4.617 5.207 4.523 3.926 4.339 4.525 4.127 4.034
C1910TS309_2 0.316 7.264 6.817 7.529 7.240 7.373 7.574 7.704 7.393 6.419 7.253 8.266 7.759 8.731 8.778 8.566 9.323 8.519 10.636 11.063 11.678 13.073 12.046 13.361 12.780 18.605 11.593 12.359 11.260 9.653 8.395 8.748 9.431 8.020 6.822 5.780 5.816 5.680 5.476 5.185 5.175 5.238 4.835 4.973
C1910TS309_3 0.285 24.020 16.129 12.901 13.380 11.474 9.566 10.037 10.000 8.523 8.636 11.253 9.438 9.661 11.088 9.794 10.350 11.062 14.444 14.004 15.915 15.410 29.850 25.680 25.161 29.850 29.680 18.676 11.570 11.269 12.051 10.529 8.656 9.253 8.199 6.826 7.532 8.149 6.694 7.174 7.770 10.282 20.033 14.893
C1910TS309_4 0.331 12.774 11.753 10.787 10.832 8.902 8.508 9.433 8.663 6.405 6.968 9.718 7.958 8.128 9.017 9.137 8.049 8.201 13.773 12.984 14.411 14.177 29.850 22.496 20.582 18.403 13.720 11.660 7.990 7.596 6.149 6.818 6.397 5.370 5.002 5.228 4.314 3.753 3.755 3.486 3.241 3.779 3.160 3.256
C1910TS309_5 0.322 5.192 5.371 5.435 5.476 5.648 5.225 5.635 5.280 4.903 5.608 6.703 6.929 7.479 8.290 9.602 11.919 8.738 16.786 19.922 27.895 15.414 17.442 16.541 19.685 15.548 10.750 12.850 7.263 8.985 6.699 7.433 7.666 6.865 6.631 6.231 6.127 6.329 6.376 6.152 6.174 7.033 6.220 6.655
C1910TS345_1 0.428 3.711 3.789 3.586 3.738 3.408 3.220 3.266 3.360 3.684 3.438 3.713 3.982 3.802 3.870 4.522 4.459 4.093 4.288 4.805 5.432 5.900 5.878 5.260 4.485 4.831 4.846 4.299 4.305 4.105 4.089 3.907 4.115 4.021 4.155 4.190 3.815 3.944 3.964 4.061 3.627 3.432 3.603 3.572
C1910TS345_2 0.386 4.550 4.399 4.599 4.574 4.791 4.403 4.441 4.473 4.297 4.617 4.654 4.598 4.726 4.892 4.701 4.880 4.977 5.015 5.062 5.267 5.373 5.194 5.357 5.355 5.049 4.648 5.250 4.705 4.654 4.787 4.921 4.758 4.541 4.928 5.167 5.155 5.039 5.500 5.392 5.674 5.608 5.770 5.795
C1910TS345_3 0.431 3.983 4.106 4.166 4.526 4.507 4.006 3.970 4.077 3.834 3.799 3.779 3.649 3.691 3.733 3.717 3.867 3.923 3.839 3.889 4.213 3.912 3.984 3.961 3.924 3.877 3.628 4.000 4.064 3.668 3.553 3.689 3.639 3.726 3.683 3.743 3.957 4.193 4.318 4.430 4.514 4.590 4.711 4.857
C1910TS345_4 0.335 8.277 8.428 8.332 7.260 8.442 6.961 8.803 8.814 7.948 10.173 10.543 8.875 7.751 9.068 8.843 8.892 7.740 7.325 6.481 6.968 6.859 6.330 5.863 6.550 5.786 5.330 5.574 5.808 4.587 4.367 5.039 5.373 4.647 4.136 4.516 5.211 6.386 6.652 7.829 7.753 7.818 8.435 8.033
C1910TS345_5 0.399 4.372 4.403 4.285 4.101 3.817 4.324 3.949 3.946 4.964 5.093 4.586 5.117 5.641 5.628 5.793 6.267 6.238 5.920 5.902 6.239 5.593 5.392 5.499 5.008 4.404 4.557 4.398 4.161 3.610 3.727 3.939 3.652 3.424 3.695 3.699 4.053 4.778 4.762 4.561 4.759 5.127 5.002 5.002
C1910TS347_1 0.298 5.386 5.616 5.625 6.296 6.024 6.534 6.536 7.886 8.260 8.160 8.577 8.952 10.020 11.517 10.824 11.348 15.032 15.959 16.164 15.890 26.646 20.273 22.745 29.850 29.850 21.720 29.850 20.638 17.450 18.960 15.372 16.580 11.976 12.690 10.858 8.412 9.485 10.104 8.139 7.287 5.854 5.112 4.395
C1910TS349_1 0.372 3.947 3.921 3.789 3.758 3.943 3.691 3.760 3.797 3.526 3.822 4.193 4.573 4.772 4.821 5.268 5.761 5.530 7.254 7.233 7.232 8.119 9.450 8.660 9.821 10.737 8.757 9.688 6.910 8.267 6.266 7.220 6.990 6.329 5.951 5.283 4.979 4.943 5.265 4.767 4.798 4.794 4.615 4.497
C1910TS349_2 0.374 3.959 3.935 3.815 3.774 3.971 3.708 3.780 3.822 3.545 3.835 4.209 4.589 4.791 4.828 5.291 5.752 5.517 7.206 7.171 7.081 7.684 8.938 8.121 9.364 9.780 7.922 9.251 6.101 8.134 5.766 6.803 6.930 5.743 5.818 5.026 4.855 4.834 5.279 4.770 4.763 4.787 4.665 4.433
C1910TS349_3 0.372 3.941 3.915 3.781 3.752 3.935 3.684 3.752 3.789 3.518 3.815 4.185 4.561 4.759 4.810 5.251 5.746 5.510 7.224 7.200 7.188 8.088 9.409 8.632 9.783 10.686 8.724 9.657 6.900 8.250 6.259 7.211 6.980 6.325 5.945 5.280 4.976 4.943 5.265 4.765 4.796 4.791 4.612 4.496
C1910TS349_4 0.376 3.980 3.955 3.837 3.799 4.001 3.739 3.806 3.845 3.555 3.849 4.225 4.590 4.777 4.821 5.244 5.698 5.468 7.085 7.051 6.916 7.515 8.742 7.915 9.115 9.488 7.748 8.943 5.999 7.911 5.650 6.639 6.716 5.616 5.699 4.941 4.771 4.745 5.192 4.657 4.669 4.719 4.597 4.372
C1910TS349_5 0.372 3.949 3.923 3.791 3.760 3.946 3.692 3.762 3.800 3.528 3.823 4.195 4.575 4.774 4.823 5.271 5.762 5.532 7.258 7.236 7.237 8.117 9.445 8.656 9.820 10.725 8.743 9.682 6.893 8.269 6.260 7.209 6.984 6.316 5.947 5.279 4.977 4.942 5.265 4.767 4.799 4.795 4.618 4.497
C1910TS359_1 0.308 7.669 8.074 9.812 9.649 10.285 10.702 10.556 12.944 9.146 12.039 11.350 9.448 9.683 13.153 9.113 29.850 10.081 15.214 9.275 10.231 17.552 17.515 15.330 17.415 11.462 11.299 11.115 10.101 8.907 7.810 9.056 7.363 6.837 6.366 6.420 5.739 5.559 5.237 5.116 4.697 4.725 4.542 5.100
C1910TS369_1 0.315 6.480 6.900 7.131 6.822 7.532 7.923 8.002 9.200 8.208 8.558 11.281 10.551 10.667 13.899 15.061 12.695 14.254 16.058 11.975 11.475 13.810 12.779 11.839 17.206 9.698 9.217 9.072 8.384 7.899 6.737 8.783 6.784 6.098 6.118 5.855 5.848 5.194 5.488 5.070 5.291 5.091 5.172 5.011
C1910TS369_2 0.309 6.844 7.452 7.639 7.248 8.275 8.716 8.786 10.393 8.864 9.470 13.492 11.473 12.448 18.090 20.200 17.124 15.869 21.360 13.276 13.841 19.567 13.942 12.779 21.643 9.624 9.580 9.343 8.544 8.166 6.656 9.451 6.808 6.364 6.471 6.041 6.151 5.238 5.764 5.296 5.470 5.429 5.279 5.108
C1910TS369_3 0.310 6.615 7.106 7.343 7.033 7.789 8.248 8.384 9.604 8.491 8.942 12.368 10.929 11.217 15.155 15.831 13.474 15.266 17.632 12.417 13.882 15.007 13.815 11.722 15.309 9.632 9.544 8.945 8.549 8.072 7.043 9.274 7.210 6.696 6.355 6.294 6.026 5.871 5.958 5.574 5.923 5.141 5.733 5.355
C1910TS369_4 0.302 7.220 7.754 8.029 7.581 8.480 9.309 9.161 11.127 9.380 9.694 14.099 11.714 12.282 17.258 18.629 15.142 17.737 22.398 13.664 19.762 26.898 20.957 17.250 29.850 12.290 11.501 11.585 9.487 9.452 8.103 11.397 7.431 6.902 6.928 6.379 6.513 5.545 5.919 5.517 5.701 5.468 5.607 5.197
C1910TS369_5 0.313 7.186 7.141 7.217 7.085 7.667 7.817 7.737 8.896 6.745 7.573 8.376 6.268 7.264 9.497 7.040 29.850 7.348 10.001 6.866 8.718 11.563 14.095 12.183 11.240 15.014 11.321 14.579 9.668 8.671 9.128 9.627 8.494 8.250 7.417 6.855 6.243 7.270 6.673 5.716 6.147 5.538 5.575 5.720
C1910TS389_1 0.306 5.687 5.381 6.042 6.203 7.113 7.153 7.315 7.879 7.643 8.786 9.217 10.584 11.157 13.648 11.721 13.472 13.040 13.405 13.624 11.159 12.710 14.509 12.179 11.044 11.442 10.154 8.363 6.949 5.968 7.011 6.429 6.291 6.359 5.465 5.715 6.345 6.677 8.440 13.950 29.850 15.577 29.850 9.344
C1910TS389_2 0.322 8.498 7.894 8.936 8.871 8.566 9.333 9.394 10.406 9.313 9.880 11.940 10.257 10.637 14.567 12.219 10.778 13.945 20.443 11.907 14.872 14.189 15.036 16.694 14.065 12.908 12.007 11.873 7.606 7.047 6.925 7.321 5.682 6.021 5.475 4.844 4.425 4.283 4.254 4.229 3.941 3.803 3.639 4.396
C1910TS389_3 0.288 11.717 10.611 12.579 11.367 14.695 21.319 18.656 26.929 11.436 28.426 29.850 24.712 29.850 29.850 29.850 29.850 29.850 29.850 29.850 29.850 29.850 29.850 29.850 16.057 13.042 10.904 9.496 7.230 6.753 5.933 6.511 5.229 5.542 5.176 5.266 5.282 5.675 6.730 9.392 9.298 9.002 9.941 9.372
C1910TS389_4 0.303 7.265 7.079 8.110 7.274 7.769 7.477 7.555 7.864 6.390 6.639 8.200 6.473 6.438 7.594 6.736 13.742 7.024 10.116 9.114 8.200 11.520 11.932 11.716 10.275 10.835 10.635 10.022 8.171 8.212 7.714 8.792 7.692 7.656 7.723 7.962 9.429 11.821 17.588 28.175 29.850 13.439 14.499 9.915
C1910TS389_5 0.306 6.426 6.568 6.655 6.370 6.655 6.518 6.848 7.150 5.836 5.857 7.650 7.032 6.897 7.749 7.858 7.501 7.352 9.241 8.266 10.027 10.907 15.544 16.997 17.408 25.063 29.850 29.850 29.850 29.850 29.850 29.850 29.850 9.578 7.609 6.794 6.638 6.680 7.312 7.631 7.712 7.144 7.160 7.508
C1910TS404_1 0.316 11.056 13.558 10.178 9.152 9.758 9.197 8.111 7.368 5.744 5.930 6.754 6.661 6.072 6.432 6.804 6.379 6.501 7.428 6.697 8.017 8.419 8.572 8.543 8.043 8.296 7.849 8.092 6.694 6.723 5.901 6.760 5.880 6.186 5.894 5.771 7.011 10.236 10.639 29.850 15.226 10.766 11.186 15.699
C1910TS404_2 0.315 11.077 13.581 10.187 9.162 9.766 9.205 8.118 7.374 5.750 5.933 6.761 6.665 6.076 6.437 6.812 6.384 6.505 7.435 6.703 8.025 8.429 8.587 8.561 8.060 8.307 7.855 8.115 6.687 6.735 5.882 6.731 5.836 6.099 5.873 5.673 6.645 9.291 11.540 29.850 21.381 14.621 16.944 21.628
C1910TS404_3 0.321 11.094 13.649 10.204 9.174 9.768 9.216 8.124 7.370 5.748 5.934 6.760 6.662 6.075 6.435 6.811 6.381 6.503 7.435 6.699 8.015 8.415 8.558 8.523 8.003 8.241 7.784 7.996 6.620 6.574 5.819 6.582 5.695 5.981 5.715 5.528 6.312 8.426 8.427 20.087 8.512 7.913 8.210 8.418
C1910TS404_4 0.318 11.081 13.633 10.195 9.164 9.765 9.214 8.118 7.370 5.747 5.936 6.757 6.661 6.074 6.435 6.808 6.384 6.505 7.437 6.703 8.036 8.446 8.616 8.598 8.096 8.380 7.937 8.198 6.791 6.912 6.017 6.929 6.079 6.382 6.059 6.023 7.291 9.046 11.541 15.382 10.987 8.408 6.513 11.647
C1910TS404_5 0.318 11.082 13.634 10.195 9.164 9.765 9.214 8.118 7.371 5.748 5.936 6.757 6.660 6.070 6.432 6.798 6.368 6.490 7.413 6.671 7.960 8.362 8.469 8.422 8.078 8.172 7.671 8.044 6.845 6.727 5.718 6.716 6.231 6.229 5.895 5.859 6.475 7.550 8.082 9.840 16.976 12.199 12.447 16.780
C1910TS405_1 0.345 3.434 3.636 4.021 4.062 4.696 4.807 4.788 4.465 4.150 4.953 5.214 5.153 5.814 6.027 6.282 7.453 6.965 8.884 9.303 9.183 11.022 10.794 12.069 11.751 10.573 10.035 9.559 10.078 7.815 7.634 8.031 6.696 6.827 6.403 6.539 6.358 6.184 6.093 6.107 6.246 6.088 6.119 5.940
C1910TS405_2 0.340 6.928 6.261 6.270 5.348 5.314 4.956 4.963 5.075 4.528 5.001 5.352 5.616 5.839 5.992 6.141 6.934 6.758 8.075 8.071 8.297 8.659 9.045 9.813 8.954 8.328 8.574 7.866 7.760 7.265 6.412 7.269 6.398 6.249 6.208 6.261 5.974 6.143 6.059 5.909 6.290 5.948 6.272 5.953
C1910TS405_3 0.327 9.179 8.619 7.996 6.389 6.128 5.212 5.643 5.679 5.207 5.903 6.118 6.016 6.836 7.298 7.058 8.253 7.773 9.396 11.063 11.540 11.140 11.294 11.499 11.062 9.825 9.689 8.838 7.614 8.336 7.119 7.316 6.871 7.023 6.248 6.223 6.099 6.291 5.829 5.709 5.884 5.583 5.647 6.078
C1910TS405_4 0.338 5.709 5.745 5.877 5.586 5.745 5.661 5.516 5.389 4.698 5.208 5.600 5.790 5.908 6.026 6.549 6.839 6.590 8.137 7.914 8.229 9.525 9.960 9.615 10.297 9.230 9.050 8.617 7.717 7.712 6.855 7.739 6.941 6.717 6.494 6.445 6.282 6.017 5.991 5.730 5.927 5.692 5.581 5.750
C1910TS405_5 0.321 6.898 6.277 7.007 7.179 7.012 7.287 7.235 7.476 6.150 7.331 7.645 7.846 8.846 8.608 9.235 10.784 10.558 15.732 23.011 29.850 29.850 29.463 29.850 29.850 13.168 12.178 10.880 8.845 8.359 6.829 6.522 6.382 6.109 5.603 5.490 5.155 4.970 4.958 4.725 4.865 4.737 4.802 4.645
C1910TS413_1 0.325 4.227 4.138 4.567 4.872 5.810 5.994 6.735 6.078 5.917 6.262 7.730 6.791 7.867 8.997 11.566 9.542 9.346 12.867 14.300 24.051 18.665 29.850 29.850 29.850 29.850 15.042 18.449 11.097 7.688 8.793 10.292 7.350 7.545 6.494 5.591 5.761 5.774 5.557 5.228 5.128 4.810 5.005 5.059
C1910TS413_2 0.352 3.299 3.372 3.593 3.915 4.574 4.734 5.098 4.489 4.460 5.033 5.769 5.650 5.307 6.184 6.277 6.763 6.538 7.069 7.342 8.303 8.375 8.450 9.511 9.387 10.693 9.393 9.508 8.217 7.530 7.409 8.093 7.265 7.148 6.724 5.891 5.791 6.253 5.981 5.641 5.788 5.225 5.545 5.699
C1910TS413_3 0.333 4.509 4.544 4.938 5.078 5.308 5.493 5.519 5.306 5.129 5.551 5.766 5.678 5.780 6.130 6.309 6.528 7.308 7.103 7.833 8.437 8.867 10.457 11.221 11.853 15.390 11.616 15.654 11.246 9.752 8.636 10.794 9.312 9.004 8.204 6.388 6.405 6.985 6.583 6.249 5.934 5.491 5.455 5.967
C1910TS413_4 0.338 6.268 6.009 6.236 6.230 5.958 5.940 5.623 5.761 5.413 5.672 5.983 6.102 5.785 6.383 6.466 6.486 6.933 7.391 7.694 8.400 9.971 9.026 10.722 10.345 12.549 9.695 10.234 8.154 7.145 7.275 8.251 7.084 6.538 5.845 5.389 5.224 5.541 5.667 5.293 5.251 4.959 5.001 5.171
C1910TS413_5 0.317 5.305 5.192 5.831 6.510 7.085 7.182 6.799 6.930 6.661 7.504 8.748 8.427 7.646 9.650 8.975 10.148 10.879 11.907 9.921 11.782 11.044 13.182 13.004 13.129 14.599 10.509 12.143 9.530 6.831 8.147 8.739 7.814 7.892 7.120 6.122 6.014 6.371 6.407 6.176 6.090 5.801 5.922 5.815
C1910TS414_1 0.331 7.159 6.663 6.654 6.098 6.394 6.078 6.229 5.674 5.850 5.834 6.606 6.021 6.398 7.967 7.463 8.636 7.564 10.400 7.549 10.401 11.924 13.274 13.017 11.957 13.409 14.708 11.639 7.996 9.347 7.755 8.054 6.714 7.374 6.256 5.393 5.469 5.447 4.980 4.770 4.925 4.446 5.008 4.821
C1910TS414_2 0.357 5.089 5.027 4.947 5.136 5.306 5.345 5.284 5.374 4.740 5.197 5.533 5.726 5.848 5.579 6.200 6.690 6.228 8.060 8.614 7.702 9.329 11.758 10.677 10.433 10.329 9.979 9.781 8.213 7.652 5.744 7.116 5.717 5.397 5.218 4.842 4.168 4.683 4.505 4.250 4.107 3.770 3.940 3.974
C1910TS414_3 0.324 8.649 7.823 8.437 7.852 7.710 8.138 7.260 7.582 6.033 6.642 7.124 7.241 6.605 6.661 6.732 6.845 6.752 8.072 8.719 7.929 8.830 10.143 9.863 9.461 9.126 9.724 8.829 6.634 7.804 6.044 7.297 6.515 6.533 6.413 6.340 6.023 6.301 6.605 6.149 6.549 5.974 6.283 6.237
C1910TS414_4 0.330 7.693 6.998 7.181 6.469 6.559 6.087 5.899 5.967 5.192 5.614 6.121 6.341 6.164 6.079 6.927 7.219 6.576 9.082 8.907 8.647 12.533 12.808 10.826 14.133 10.751 9.557 8.797 7.420 7.531 6.738 7.582 6.802 6.069 5.849 5.951 5.745 5.722 5.889 5.811 5.972 5.858 6.463 5.588
C1910TS414_5 0.343 5.160 4.779 5.008 4.839 5.693 5.874 5.737 5.675 5.082 5.721 6.033 6.148 5.988 5.928 6.427 6.642 6.250 8.063 8.004 7.587 10.441 12.020 10.529 11.835 11.757 10.972 11.064 9.085 8.451 6.181 8.179 6.657 6.056 5.925 5.611 4.969 5.515 5.304 5.057 4.841 4.803 4.994 5.033
C1910TS438_1 0.305 5.094 4.839 5.261 5.826 6.971 8.309 7.684 7.106 6.816 7.382 8.590 8.309 7.889 9.340 9.704 9.555 10.132 12.387 11.847 13.915 14.934 24.309 23.784 25.743 29.850 29.850 29.850 15.749 10.151 9.022 16.667 13.389 11.880 9.545 7.343 7.013 7.760 6.640 6.553 6.434 5.929 6.503 6.170
C1910TS438_2 0.320 5.186 5.032 5.305 5.821 6.138 6.589 6.518 6.322 6.313 6.988 8.036 7.594 7.807 9.296 9.349 10.019 12.117 12.766 11.456 16.349 12.615 26.037 19.178 19.266 29.850 14.220 18.401 12.040 8.905 9.002 9.372 7.947 7.661 6.550 5.947 5.614 5.952 6.126 5.254 5.042 4.724 4.891 5.014
C1910TS438_3 0.324 4.869 5.155 5.360 5.496 6.113 6.256 6.299 5.649 5.437 5.759 6.928 6.571 6.574 7.809 7.190 7.184 8.302 9.513 10.295 11.072 13.599 16.027 16.357 19.153 29.850 19.448 19.053 12.104 10.267 8.502 11.817 9.434 8.826 7.496 6.113 5.755 6.124 5.793 5.457 5.509 5.107 5.260 4.980
C1910TS438_4 0.333 5.607 5.545 5.910 6.075 6.506 6.698 6.660 6.424 5.728 6.509 7.358 7.587 7.054 8.156 9.073 9.324 8.305 11.090 11.824 13.558 13.821 14.620 13.558 12.625 11.961 11.395 10.216 7.217 6.876 6.283 6.979 5.935 6.075 5.518 5.021 4.746 5.074 5.096 4.707 4.753 4.535 4.967 4.956
C1910TS438_5 0.331 4.242 4.163 4.504 4.677 5.309 6.141 5.820 5.391 5.666 6.084 6.958 7.133 6.948 9.368 9.692 9.531 10.104 13.248 10.849 14.182 18.126 15.151 16.769 16.153 19.724 13.661 12.912 8.885 8.052 7.624 7.786 6.173 6.807 6.254 5.530 5.451 5.731 5.655 5.465 5.454 4.960 5.281 5.267
END



