PFRMAT QA
TARGET C1910
AUTHOR 6921-7163-1319
METHOD Distance-based protein model quality estimation by deeplearning
METHOD -------------
MODEL 2
QMODE 2
C1910TS003_1 0.7955 4.1119 4.0314 4.0453 4.039 4.0573 4.0617 4.0277 4.0435 3.9447 3.8966 4.1914 4.0986 4.0066 4.0544 4.0353 4.0468 4.0494 4.0421 4.0229 4.0401 4.0525 4.0424 4.0404 4.0367 4.0412 4.0376 4.032 4.0342 4.0353 4.0328 4.0359 4.0471 4.0286 4.0397 4.0462 4.0267 4.0369 4.0462 4.045 4.045 4.0455 4.0411 4.0791
C1910TS003_2 0.82106 4.1359 4.0572 4.089 4.0356 3.998 4.0027 3.5915 4.1888 3.5812 4.2067 4.0899 4.0655 4.0604 4.0701 4.077 4.0745 4.0642 4.0603 4.0583 4.0562 4.0475 4.0548 4.0476 4.028 4.0476 4.0316 4.0446 4.0754 4.0746 4.0776 4.0762 4.0605 4.0805 4.0838 4.0545 4.0477 4.0714 4.0608 4.0591 4.0645 4.0665 4.0218 4.0433
C1910TS003_3 0.81771 4.132 4.042 4.0683 4.0445 4.0116 4.0358 3.9031 3.7308 4.0949 4.0287 4.0329 4.0601 4.0597 4.0483 4.048 4.044 4.043 4.0433 4.0325 4.0373 4.0371 4.0398 4.04 4.0455 4.0669 4.0631 4.0572 4.0536 4.0587 4.0628 4.0663 4.0667 4.0666 4.0604 4.0443 4.0484 4.0585 4.0562 4.0506 4.0534 4.0568 4.0404 4.075
C1910TS010_1 0.62198 4.0767 3.9733 4.2502 4.1048 4.0006 4.0331 4.0428 4.0485 4.0471 4.0435 4.0372 4.0497 4.0482 4.0553 4.0535 4.0259 4.0229 3.8198 4.0886 4.0715 4.0289 4.0449 4.045 4.0451 4.043 4.0459 4.0445 4.0475 4.0441 4.0318 4.0312 4.0247 4.0104 4.0423 4.0635 4.0466 3.9986 4.0422 4.0455 4.0398 4.0383 4.0299 4.0768
C1910TS010_2 0.52437 4.1076 4.0128 4.0369 4.0434 4.0396 4.0094 4.0321 4.1366 4.0514 4.1779 4.0758 4.018 4.0339 4.0301 4.0294 4.0367 4.0349 4.0298 4.0209 4.0238 4.023 4.0252 4.0391 4.0356 4.037 4.0414 4.0343 4.0355 4.0314 4.0277 4.0383 4.0383 4.0379 4.0391 4.0056 4.0361 4.0299 4.0352 4.0319 4.0329 4.0337 4.0431 4.0767
C1910TS010_3 0.46108 4.1131 4.0101 4.0327 4.0333 4.0349 4.033 4.039 4.0392 4.0229 4.0147 4.0163 4.0124 4.0056 4.0291 4.0493 4.0274 4.0079 4.0543 4.2378 4.0753 4.0976 3.9954 4.0403 4.0351 4.0358 4.0407 4.0394 4.0369 4.0341 4.0368 4.0359 4.0381 4.0375 4.0366 4.0275 4.0204 4.0292 4.027 4.0345 4.0443 4.0509 4.0541 4.077
C1910TS010_4 0.58253 4.151 4.0581 4.0713 4.0562 4.0631 4.0673 4.075 4.0639 4.0235 4.0198 4.0115 4.0096 4.0069 4.013 4.0233 4.0326 4.0273 4.0259 4.0323 4.0222 4.0269 4.0303 4.0059 4.0621 4.0861 4.0648 4.0635 3.9408 3.9618 3.6467 5.3096 3.4261 4.2488 4.0972 4.0454 3.9874 4.0481 4.0343 4.0431 4.0467 4.0483 3.9979 4.1048
C1910TS010_5 0.50376 4.1077 4.021 4.04 4.0339 4.0324 4.032 4.032 4.0417 4.0345 4.0326 4.0323 4.0302 4.0274 4.0426 4.041 4.0431 4.0417 4.0548 4.0317 4.035 4.0882 4.001 4.1853 4.0942 4.0164 4.0447 4.0388 4.0378 4.032 4.0258 4.0286 3.9993 4.0157 4.0409 4.0361 4.0161 4.0315 4.0392 4.0359 4.039 4.0352 4.042 4.0783
C1910TS044_1 0.85368 4.1528 4.005 4.0641 4.0655 4.0627 4.017 4.0406 4.0575 4.0439 4.0468 4.0619 4.0638 4.0654 4.0591 4.0627 4.0639 4.0684 4.0577 4.0429 4.0592 4.0078 4.0194 4.0428 4.0375 4.0555 4.0577 4.0606 4.0623 4.0642 4.0622 4.0617 4.0628 4.0699 4.0188 3.9582 3.6782 3.9841 4.0462 4.0393 4.063 4.0648 4.0392 4.0997
C1910TS054_1 0.83979 2.5783 2.575 2.5818 inf inf 2.5755 2.5762 2.5759 2.5761 2.5763 2.5765 2.5763 2.5758 2.5765 2.5741 2.5747 2.5765 2.576 2.5767 2.5761 2.5761 2.5761 2.5763 2.577 2.5758 2.5759 2.5759 2.576 2.5761 2.5761 2.5761 2.5763 2.5766 2.5774 2.5751 2.574 2.5769 2.5766 2.5756 2.5758 2.5772 2.5769 2.5793
C1910TS054_2 0.83091 2.927 2.9164 2.9391 inf 4.3319 2.9218 2.9649 2.9717 2.9779 2.9545 2.9256 2.926 2.926 2.9278 2.9316 2.9338 2.9395 2.9385 2.9382 2.9298 2.9327 2.9315 2.9352 2.9392 2.9385 2.9401 2.94 2.9353 2.9397 2.9331 2.9361 2.938 2.9402 2.936 2.9372 2.9349 2.9352 2.9397 2.9353 2.9375 2.9399 2.9324 2.9338
C1910TS054_3 0.84249 2.5786 2.5779 2.569 inf inf 2.5754 2.5761 2.5762 2.5792 2.5741 2.5751 2.5759 2.5763 2.5767 2.577 2.5771 2.5767 2.576 2.5774 2.576 2.5762 2.5765 2.5764 2.5765 2.5763 2.5765 2.5765 2.5764 2.5764 2.576 2.5761 2.5764 2.5779 2.5732 2.5756 2.5743 2.5758 2.576 2.5766 2.5771 2.5779 2.5779 2.5793
C1910TS054_4 0.8352 2.872 2.8604 2.8703 inf inf 2.8662 2.8893 2.9146 2.9079 2.8887 2.8776 2.8689 2.8664 2.8656 2.8699 2.8743 2.8719 2.8753 2.8799 2.8745 2.8778 2.8795 2.8806 2.8791 2.8779 2.8794 2.8778 2.8764 2.8756 2.8753 2.8774 2.8777 2.8826 2.8809 2.8736 2.8794 2.8727 2.8811 2.8789 2.8755 2.8801 2.8717 2.8728
C1910TS054_5 0.84552 2.5784 2.5762 2.5741 inf inf 2.5749 2.576 2.5759 2.5765 2.5764 2.5762 2.5764 2.5761 2.5755 2.574 2.5759 2.5766 2.5759 2.5768 2.576 2.5759 2.5761 2.5761 2.576 2.5761 2.5762 2.5761 2.5759 2.576 2.5762 2.5763 2.5765 2.5766 2.5738 2.5752 2.5756 2.5765 2.576 2.5761 2.5768 2.5775 2.5773 2.5789
C1910TS066_1 0.84087 4.1037 4.0212 4.0029 4.2639 3.9839 4.0466 4.0563 4.0715 4.0702 4.0644 4.0623 4.0746 4.0603 4.065 4.0426 4.0403 4.0506 4.0666 4.0721 4.0774 4.0908 4.0851 4.0867 4.0835 4.0795 4.0666 4.077 4.0791 4.0786 4.0819 4.0682 4.0631 4.0386 4.1336 3.3593 3.718 4.0686 4.005 4.0599 4.0807 4.0822 4.027 4.1113
C1910TS067_1 0.72847 4.1206 4.0367 4.0632 4.0445 4.0593 4.0611 4.0431 4.0572 4.0497 4.047 4.0505 4.053 4.0501 4.0455 4.0432 4.0395 4.0397 4.0355 4.0342 4.0341 4.035 4.035 4.036 4.0515 4.0517 4.0548 4.0696 4.0668 4.0488 4.0132 3.8879 3.8714 4.0217 4.0863 4.0396 4.0547 4.0465 4.0496 4.0473 4.0479 4.0515 4.0454 4.0755
C1910TS067_2 0.73089 4.1265 4.0452 4.1013 4.0612 4.0485 4.0786 4.0587 4.0671 4.0661 4.0628 4.0575 4.0485 4.0449 4.0486 4.0301 4.0493 4.0466 4.0478 4.045 4.0486 4.0408 4.0341 4.03 4.0326 4.0538 4.0652 4.088 4.0894 4.0647 3.6494 4.1361 3.6141 4.1919 4.0912 4.0499 4.0483 4.0506 4.0612 4.0618 4.0674 4.0617 4.0194 4.0777
C1910TS067_3 0.73234 4.1271 4.0192 4.072 4.0518 4.0675 4.0671 4.0539 4.0603 4.0552 4.0533 4.0505 4.0463 4.0462 4.0479 4.0339 4.0331 4.0501 4.0474 4.0457 4.0463 4.0433 4.0302 4.0354 4.053 4.059 4.0562 4.0751 4.0834 4.0775 3.9809 3.8942 3.6602 4.1542 4.1133 4.0108 4.0361 4.0419 4.0583 4.0608 4.0588 4.0511 4.0361 4.0791
C1910TS067_4 0.72847 4.1206 4.0367 4.0632 4.0445 4.0593 4.0611 4.0431 4.0572 4.0497 4.047 4.0505 4.053 4.0501 4.0455 4.0432 4.0395 4.0397 4.0355 4.0342 4.0341 4.035 4.035 4.036 4.0515 4.0517 4.0548 4.0696 4.0668 4.0488 4.0132 3.8879 3.8714 4.0217 4.0863 4.0396 4.0547 4.0465 4.0496 4.0473 4.0479 4.0515 4.0454 4.0755
C1910TS067_5 0.73089 4.1265 4.0452 4.1013 4.0612 4.0485 4.0786 4.0587 4.0671 4.0661 4.0628 4.0575 4.0485 4.0449 4.0486 4.0301 4.0493 4.0466 4.0478 4.045 4.0486 4.0408 4.0341 4.03 4.0326 4.0538 4.0652 4.088 4.0894 4.0647 3.6494 4.1361 3.6141 4.1919 4.0912 4.0499 4.0483 4.0506 4.0612 4.0618 4.0674 4.0617 4.0194 4.0777
C1910TS073_1 0.60568 4.1138 4.018 4.0482 4.0373 4.0403 4.0436 4.0339 4.0371 4.0461 4.0415 4.0421 4.0341 4.0348 4.0398 4.04 4.0391 4.0438 4.0444 4.0419 4.0399 4.0318 4.0439 4.044 4.0434 4.0398 4.0393 4.0359 4.0456 4.0571 4.0393 4.0395 3.9999 4.0029 4.0008 4.1446 3.9864 4.0449 4.04 4.0403 4.0391 4.0383 4.046 4.0847
C1910TS073_2 0.61374 1.3805 3.2619 3.4974 2.9297 inf 2.4287 2.5088 2.5899 2.7798 2.6415 2.5015 2.4408 2.926 2.8072 2.536 2.7092 2.6386 2.5797 2.4629 2.7982 2.7982 2.8488 2.9307 2.5944 2.6224 2.6309 2.5852 2.5832 2.6138 2.6201 2.4559 2.4809 4.1982 inf 0.9528 2.9234 2.8929 2.2708 2.6555 2.4359 2.5665 2.0509 4.2011
C1910TS073_3 0.56101 4.1468 4.0207 4.0545 4.0428 4.0434 4.0283 4.0209 4.0404 4.0499 4.0458 4.0461 4.0447 4.0314 4.03 4.058 4.0111 4.0486 3.8689 4.043 4.0721 4.0307 4.0503 4.0481 4.0577 4.056 4.056 4.0772 3.9946 4.0471 4.041 4.0471 4.0499 4.0482 4.053 4.0342 4.0134 4.0403 4.0415 4.0448 4.0484 4.0456 4.0364 4.083
C1910TS073_4 0.60274 2.5864 2.5787 2.5759 2.579 2.5766 2.5757 2.5799 2.5812 2.5808 2.5809 2.5809 2.5805 2.581 2.5808 2.5805 2.5825 2.5779 2.58 2.5811 2.5809 2.5808 2.5803 2.5809 2.5808 2.5806 2.5805 2.5808 2.5809 2.581 2.581 2.5813 2.5812 2.5788 2.5735 2.5425 inf inf 2.5806 2.5804 2.5806 2.5804 2.5777 2.5834
C1910TS073_5 0.5186 4.0783 4.0126 4.0347 4.0258 4.0371 4.0174 3.9989 4.0389 4.0375 4.0304 4.0303 4.0315 4.0416 4.0416 4.0044 4.0787 4.2332 3.843 4.2986 4.0807 4.0236 4.0425 4.0391 4.0342 4.0327 4.0342 4.0335 4.0285 4.0297 4.0441 4.0365 4.0379 4.042 4.0433 4.0335 4.0029 4.0332 4.0313 4.0408 4.0391 4.0371 4.0416 4.0549
C1910TS087_1 0.86435 4.1345 3.9724 4.1474 3.5933 3.9678 4.0763 4.0532 3.9543 4.2562 4.1038 3.9725 4.0315 4.0625 4.062 4.053 4.0593 4.0422 4.0429 4.0309 4.0342 4.0185 4.0237 4.0383 4.0711 4.0625 4.0627 4.0651 4.0624 4.0675 4.0671 4.0652 4.0588 4.0696 4.0682 4.0199 4.0083 4.0402 4.0589 4.0576 4.059 4.0626 4.0323 4.0537
C1910TS087_2 0.58159 2.6949 inf inf 2.7308 2.7247 2.7257 2.7222 2.7211 2.7211 2.722 2.7241 2.7259 2.7258 2.7248 2.7255 2.7118 2.7181 2.755 2.7141 2.7341 2.7257 2.7234 2.7267 2.7265 2.7257 2.7263 2.7263 2.725 2.7216 2.7189 2.7272 2.7098 2.7294 2.7214 2.724 2.7226 2.7253 2.7241 2.7242 2.7254 2.726 2.7152 2.7225
C1910TS087_3 0.81533 2.5786 2.5756 2.576 2.5769 2.5706 2.5749 2.5755 2.5756 2.5755 2.5757 2.5758 2.576 2.5757 2.5758 2.5755 2.5757 2.5762 2.5754 2.5761 2.5756 2.5756 2.5759 2.5757 2.5758 2.5757 2.5756 2.5757 2.5755 2.5756 2.5755 2.5753 2.5746 2.5747 2.5804 2.5669 inf inf 2.5776 2.5775 2.577 2.5768 2.5758 2.5781
C1910TS102_1 0.67089 4.1327 4.0176 4.0418 4.0257 4.0537 4.0518 4.046 4.0509 4.0456 4.0469 4.0474 4.0434 4.0417 4.0389 4.0349 4.0534 4.046 4.0426 4.0327 4.031 4.0372 4.0321 4.0472 4.0548 4.0513 4.0543 4.0708 4.0315 4.0381 3.953 3.8523 4.0902 4.0939 4.0251 4.0388 4.0244 4.0519 4.0446 4.0459 4.0461 4.0495 4.051 4.0854
C1910TS103_1 0.67089 4.1327 4.0176 4.0418 4.0257 4.0537 4.0518 4.046 4.0509 4.0456 4.0469 4.0474 4.0434 4.0417 4.0389 4.0349 4.0534 4.046 4.0426 4.0327 4.031 4.0372 4.0321 4.0472 4.0548 4.0513 4.0543 4.0708 4.0315 4.0381 3.953 3.8523 4.0902 4.0939 4.0251 4.0388 4.0244 4.0519 4.0446 4.0459 4.0461 4.0495 4.051 4.0854
C1910TS123_1 0.80614 2.5786 2.5696 2.5711 inf inf 2.5757 2.5772 2.5767 2.5769 2.5768 2.5765 2.5773 2.577 2.5775 2.5767 2.577 2.577 2.5768 2.5769 2.5771 2.5767 2.5766 2.5772 2.5768 2.5764 2.5766 2.5772 2.5765 2.5766 2.5769 2.5769 2.5769 2.5782 2.5764 2.5742 2.5727 2.5771 2.5771 2.5771 2.577 2.5772 2.5767 2.5784
C1910TS123_2 0.80614 2.5786 2.5696 2.5711 inf inf 2.5757 2.5772 2.5767 2.5769 2.5768 2.5765 2.5773 2.577 2.5775 2.5767 2.577 2.577 2.5768 2.5769 2.5771 2.5767 2.5766 2.5772 2.5768 2.5764 2.5766 2.5772 2.5765 2.5766 2.5769 2.5769 2.5769 2.5782 2.5764 2.5742 2.5727 2.5771 2.5771 2.5771 2.577 2.5772 2.5767 2.5784
C1910TS123_3 0.81439 4.1006 4.0101 4.0683 3.9921 4.1879 4.1201 4.1119 4.014 4.0462 4.0343 4.0318 4.0327 4.0343 4.0339 4.0359 4.039 4.0357 4.0327 4.0311 4.0247 4.0192 4.0221 4.023 4.0235 4.0243 4.0393 4.0456 4.0369 4.0372 4.0351 4.0316 4.0339 4.0463 4.0337 4.0258 4.0 4.0362 4.0348 4.0348 4.0364 4.0375 4.0418 4.0748
C1910TS123_4 0.83995 4.1358 4.0169 4.0562 4.0415 4.0403 4.0446 4.0434 4.0536 4.0488 4.0515 4.061 4.0526 4.046 4.0368 4.0777 3.9862 4.0251 4.0238 4.0459 4.0577 4.0495 4.0493 4.0558 4.0593 4.0486 4.0519 4.0563 4.0551 4.0563 4.0562 4.0491 4.0549 4.0636 4.0171 3.9443 3.9369 3.927 4.0765 3.9978 4.0517 4.0505 4.0491 4.091
C1910TS123_5 0.83995 4.1358 4.0169 4.0562 4.0415 4.0403 4.0446 4.0434 4.0536 4.0488 4.0515 4.061 4.0526 4.046 4.0368 4.0777 3.9862 4.0251 4.0238 4.0459 4.0577 4.0495 4.0493 4.0558 4.0593 4.0486 4.0519 4.0563 4.0551 4.0563 4.0562 4.0491 4.0549 4.0636 4.0171 3.9443 3.9369 3.927 4.0765 3.9978 4.0517 4.0505 4.0491 4.091
C1910TS131_1 0.84803 2.88 2.9806 2.977 inf 2.9808 2.9705 2.9574 2.9606 2.9613 2.9627 2.9624 2.9636 2.9615 2.9607 2.9577 2.9599 2.9601 2.9593 2.9584 2.964 2.9532 2.9667 2.9519 2.9706 2.9598 2.961 2.9625 2.964 2.9588 2.9605 2.9615 2.9543 2.9628 2.8725 2.9498 2.8688 2.9387 2.9363 2.9569 2.9603 2.9586 2.933 2.981
C1910TS131_2 0.8455 2.5785 2.5666 2.5468 inf inf 2.5781 2.5775 2.5774 2.5773 2.5773 2.5774 2.5776 2.5776 2.5776 2.5776 2.5781 2.5779 2.5767 2.5772 2.5778 2.5774 2.577 2.5775 2.5775 2.5771 2.5774 2.5773 2.5774 2.5776 2.5775 2.5772 2.5776 2.5785 2.5744 2.5814 2.5698 2.5756 2.5769 2.5772 2.5773 2.5774 2.5757 2.5791
C1910TS131_3 0.84755 4.0778 3.9409 4.1812 3.997 3.9865 4.0407 4.0763 4.0878 4.0776 4.0729 4.0787 4.0884 4.0879 4.0837 4.0556 4.0673 4.0625 4.0575 4.0733 4.0761 4.0865 4.0795 4.0465 4.0922 4.0948 4.0829 4.0857 4.0919 4.0843 4.0779 4.0723 4.0608 4.041 4.0573 3.4036 3.8217 3.9896 4.0212 4.0613 4.084 4.0882 4.0105 4.0894
C1910TS131_4 0.84739 4.0654 3.9305 4.1831 3.9924 3.9836 4.0385 4.078 4.0899 4.0772 4.0747 4.0801 4.0901 4.0898 4.0854 4.0576 4.0693 4.0648 4.0598 4.0742 4.0773 4.086 4.0818 4.047 4.0941 4.0973 4.0844 4.0876 4.0943 4.0865 4.0801 4.0744 4.0618 4.0403 4.0766 3.3972 3.8022 3.9883 4.0191 4.0611 4.0857 4.0894 4.0093 4.0916
C1910TS131_5 0.84535 2.7584 3.1826 3.0487 inf 3.1554 3.2322 2.8399 2.9678 2.9721 2.9707 2.9716 2.983 2.9632 2.9665 2.9518 2.9612 2.9693 2.9565 2.9665 2.9947 2.9393 2.9874 2.9216 3.0212 2.9477 2.9632 2.9705 2.9723 2.9622 2.9694 2.9857 2.9502 3.0036 2.7535 2.8671 2.8611 2.9003 2.9094 2.9363 2.9656 2.9659 2.9519 3.1311
C1910TS152_1 0.84227 2.5773 2.5727 2.5843 inf inf 2.5753 2.5751 2.5754 2.5755 2.5758 2.5758 2.5759 2.5758 2.5757 2.5758 2.576 2.5756 2.5756 2.5759 2.5756 2.5757 2.5757 2.5756 2.5756 2.5755 2.5757 2.5752 2.5752 2.5757 2.5759 2.5765 2.5765 2.5746 2.5742 2.5744 2.5737 2.5761 2.5761 2.5765 2.5769 2.5772 2.5766 2.5773
C1910TS152_2 0.84919 2.5793 2.5805 2.5804 2.5469 inf inf 2.5757 2.5756 2.5761 2.5763 2.576 2.5759 2.5762 2.5764 2.5766 2.5761 2.5767 2.5762 2.576 2.5767 2.576 2.5762 2.5763 2.5765 2.5763 2.576 2.5759 2.576 2.5763 2.5763 2.5764 2.5765 2.5764 2.5743 2.5755 2.5706 2.5751 2.5759 2.5763 2.5766 2.5769 2.5764 2.5781
C1910TS152_3 0.81065 2.0852 2.0817 2.0872 inf inf 2.0813 2.0816 2.0821 2.0819 2.0822 2.0821 2.0823 2.0828 2.0832 2.0834 2.0826 2.0825 2.082 2.0825 2.082 2.082 2.0821 2.082 2.0821 2.082 2.082 2.082 2.0818 2.0818 2.0817 2.0819 2.0808 2.0811 2.0918 2.0836 inf inf 2.0843 2.0838 2.0826 2.0827 2.0844 2.0826
C1910TS152_4 0.7985 2.0089 2.0035 1.9852 inf inf 2.005 2.0052 2.005 2.0053 2.0054 2.0052 2.0055 2.006 2.0062 2.005 2.0055 2.0055 2.0053 2.0055 2.0057 2.0057 2.0057 2.0055 2.0056 2.0055 2.005 2.0058 2.0052 2.005 2.0053 2.0054 2.0047 2.0025 1.9893 inf inf inf 2.0066 2.0057 2.0056 2.0056 2.0056 2.007
C1910TS152_5 0.6297 4.5748 3.9235 3.9001 4.0224 4.0097 4.0677 3.9708 4.0111 3.975 4.0612 4.0608 4.1307 4.0343 4.0222 4.0215 4.0473 4.0856 4.0457 4.0693 4.0637 4.0781 4.067 4.0541 4.0842 4.0988 4.1124 4.1014 4.0676 4.132 4.0603 4.3152 3.8505 3.7846 4.0383 3.8138 4.1027 4.1813 4.235 3.8259 3.9218 3.7943 4.2662 3.8644
C1910TS158_1 0.77329 4.095 4.0225 4.0544 4.0302 4.0259 4.0454 3.9317 3.8291 4.0467 4.1141 4.0446 4.0594 4.0562 4.0464 4.0515 4.0512 4.0493 4.046 4.0454 4.0413 4.0363 4.0413 4.0369 4.0382 4.0415 4.0357 4.0531 4.0557 4.0527 4.0539 4.0555 4.0528 4.0589 4.0448 4.0382 4.0462 4.0474 4.0494 4.0467 4.0504 4.0523 4.0487 4.0726
C1910TS158_2 0.80908 4.142 4.0135 4.0468 4.0453 4.048 4.0529 4.0463 4.0455 4.0444 4.0455 4.0533 4.0509 4.044 4.0396 4.0305 4.0415 4.0501 4.0521 4.0467 4.0453 4.0347 4.0293 4.0561 4.0538 4.049 4.0493 4.0474 4.05 4.0543 4.0526 3.9996 3.9708 3.868 3.9977 4.1069 4.003 4.0488 4.045 4.0462 4.0453 4.0498 4.0488 4.1035
C1910TS158_3 0.83181 4.0459 3.944 4.318 3.4958 3.9297 4.0922 4.0615 4.0506 4.076 4.0764 4.0755 4.122 4.0263 3.992 4.0288 4.0393 4.0668 4.0823 4.0819 4.0884 4.092 4.0878 4.0563 4.1027 4.0668 4.0899 4.08 4.0883 4.084 4.086 4.0882 4.0698 4.0907 4.009 3.8466 3.9954 3.926 4.0248 4.0351 4.0872 4.0999 3.9722 4.1132
C1910TS158_4 0.81476 2.8206 2.8613 2.8881 inf inf 2.8758 2.8761 2.8742 2.8742 2.8741 2.8757 2.8739 2.874 2.8708 2.872 2.8719 2.8733 2.8716 2.8707 2.8669 2.8718 2.8627 2.8654 2.8685 2.8702 2.871 2.8715 2.8733 2.8743 2.8732 2.8748 2.8716 2.8719 2.7969 2.9022 2.8145 2.8646 2.8621 2.8701 2.8717 2.8726 2.855 2.8771
C1910TS158_5 0.77822 4.1185 4.0366 4.0712 4.0656 4.0637 4.0446 3.4908 4.4202 3.476 4.3643 4.0795 4.0582 4.0488 4.0568 4.0567 4.0571 4.0461 4.0562 4.0583 4.0562 4.0515 4.0331 4.0118 4.0573 4.0512 4.0606 4.0691 4.0721 4.0647 4.0609 4.0698 4.0718 4.0674 4.0749 4.029 4.0149 4.0477 4.0533 4.0592 4.0717 4.0697 4.0117 4.0632
C1910TS179_1 0.81878 2.579 2.5767 2.5836 2.5734 inf inf 2.5726 2.5751 2.5753 2.5754 2.5759 2.5758 2.5758 2.5761 2.5761 2.5758 2.5762 2.5757 2.5761 2.576 2.5756 2.5758 2.5757 2.5759 2.5759 2.576 2.5757 2.5758 2.5759 2.5757 2.576 2.5757 2.5769 2.5718 2.5901 2.5673 2.5745 2.576 2.5764 2.5772 2.5777 2.5771 2.5777
C1910TS182_1 0.84005 4.1467 4.0057 4.0577 4.0351 4.0255 4.0601 4.0606 4.0686 4.0676 4.0529 4.0578 4.0677 4.0565 4.0539 4.0408 4.0311 4.034 4.0372 4.0559 4.0637 4.0525 4.0253 4.0429 4.0622 4.0615 4.0643 4.0649 4.0595 4.062 4.0608 4.0644 4.0661 4.036 4.0033 3.7128 3.8805 4.0748 4.0205 4.0575 4.0615 4.063 4.041 4.0981
C1910TS182_2 0.81344 2.9864 2.9495 3.0125 inf 2.9608 3.0219 3.0077 3.0129 3.0188 3.0202 3.0198 3.0184 3.0199 3.0194 3.0168 3.0172 3.017 3.014 3.0049 3.0043 3.005 2.9927 2.983 2.9749 2.998 3.0063 3.0102 3.0115 3.0169 3.014 3.0145 3.0024 2.9018 2.9091 2.8649 2.977 2.9761 3.0089 3.0156 3.0174 3.0136 2.9756 3.007
C1910TS182_3 0.83206 4.1496 3.9638 4.0675 4.0364 4.0737 4.0787 4.0675 4.0637 4.0682 4.0641 4.0557 4.0644 4.0684 4.0827 4.0479 4.0618 4.1049 4.0657 4.0365 4.1362 3.9309 4.1687 3.4272 4.0476 4.0223 4.0656 4.0583 4.058 4.0859 4.0699 4.0838 4.0574 4.0888 4.1152 4.0021 4.0493 3.9138 3.9745 4.0294 4.08 4.1014 4.0174 4.0777
C1910TS182_4 0.80849 2.9271 2.9095 2.9982 inf 2.939 2.9981 2.9854 2.9886 2.9902 2.9904 2.9901 2.9899 2.9907 2.9904 2.9895 2.989 2.9887 2.9908 2.986 2.9883 2.9812 2.9788 2.9599 2.9573 2.9755 2.9849 2.985 2.9862 2.9898 2.9879 2.9892 2.9877 2.978 2.9726 2.9415 2.9679 2.9756 2.9797 2.9837 2.986 2.9884 2.9629 2.9884
C1910TS182_5 0.81447 3.1542 3.1543 3.2717 3.1484 3.1644 3.2336 3.2041 3.2263 3.215 3.212 3.2026 3.2058 3.2067 3.2046 3.1697 3.1942 3.2217 3.1373 3.1813 3.2719 3.3285 3.1918 3.1516 3.2231 3.1794 3.2204 3.2135 3.1991 3.2811 3.2745 3.1231 3.1698 3.3325 inf 1.6059 2.8972 3.2469 3.177 3.192 3.2248 3.2447 3.0589 3.2931
C1910TS196_1 0.84437 4.1229 4.0117 4.0665 3.994 4.0115 4.0337 4.054 4.0647 4.063 4.035 4.0507 4.0687 4.0773 4.0666 4.043 4.0656 4.0646 4.0665 4.0657 4.0654 4.0715 4.0713 4.0678 4.0594 4.052 4.0673 4.0685 4.0691 4.0667 4.064 4.0541 4.0612 4.0391 3.9762 3.6212 3.8271 4.1397 4.0295 4.0502 4.0695 4.0683 4.0537 4.0972
C1910TS210_1 0.86082 2.5794 2.5759 2.5761 2.5754 2.5734 2.5749 2.5728 2.5702 2.5846 inf inf 2.5756 2.5755 2.576 2.5756 2.5755 2.5762 2.5755 2.5758 2.5756 2.5753 2.5758 2.5758 2.5754 2.5757 2.5762 2.5752 2.5754 2.5756 2.5754 2.5752 2.576 2.5761 2.5755 2.5739 2.5744 2.5753 2.5758 2.5755 2.5761 2.5763 2.5756 2.5776
C1910TS210_2 0.85848 4.165 3.9544 4.0358 4.0416 3.4184 4.1706 4.0686 4.0986 4.1006 3.89 3.9739 4.0448 4.0634 4.0659 4.0625 4.0524 4.0428 4.0303 4.0387 4.0521 4.0561 4.0566 4.0555 4.078 4.0759 4.0701 4.073 4.0737 4.0734 4.0793 4.084 4.0677 4.0794 4.0756 4.0683 4.0575 4.0105 4.0557 4.0535 4.0782 4.0882 4.0412 4.0599
C1910TS210_3 0.86087 2.8957 2.8905 2.9988 inf 3.4851 2.6755 2.8195 3.753 3.3239 2.3033 2.7721 2.7517 2.9791 2.9814 2.9687 2.9879 3.0589 3.016 2.9931 3.0029 3.0462 2.9925 2.9359 3.1252 2.9738 3.0025 3.0392 3.0178 3.0052 3.0529 3.0513 3.0278 3.1302 2.9883 2.9687 3.0385 2.877 3.0063 2.9389 2.943 2.9263 3.0191 4.009
C1910TS210_4 0.85869 3.9537 3.8469 3.8944 3.8907 3.9368 3.9139 3.7132 3.8828 inf 4.0786 3.8301 3.8408 3.8359 3.8501 3.8242 3.8485 3.8942 3.8761 3.8282 3.8365 3.8768 3.8969 3.9042 3.9194 3.892 3.8881 3.8828 3.8763 3.8576 3.8683 3.8622 3.8427 3.9035 3.8746 3.8988 3.8577 3.8029 3.8673 3.8673 3.8938 3.9145 3.8321 3.9222
C1910TS210_5 0.85799 2.9808 2.9432 3.0297 3.0432 3.0673 3.1355 2.5157 19.817 inf 2.9039 2.2475 2.9439 2.9615 2.9679 2.9298 2.9677 3.0695 3.0205 2.9607 3.0482 3.0517 3.035 3.037 3.079 3.0622 2.9731 3.0314 2.9931 2.983 3.0004 3.0335 3.0524 3.124 3.0445 2.9262 3.0486 2.8785 3.0444 3.0235 3.0505 3.0448 3.0695 4.5472
C1910TS211_1 0.83987 2.5796 2.5722 2.5811 inf inf 2.5775 2.5777 2.5778 2.578 2.578 2.5779 2.5781 2.5782 2.5782 2.5784 2.5784 2.5781 2.5777 2.5784 2.5781 2.5781 2.5778 2.5784 2.5784 2.5777 2.5779 2.5776 2.5779 2.5782 2.5781 2.5781 2.5795 2.576 2.5819 2.5761 2.5761 2.578 2.5784 2.5784 2.5784 2.5786 2.5779 2.5795
C1910TS211_2 0.83151 3.9683 4.0112 3.8046 3.9268 inf 3.6954 3.9651 3.9461 3.9451 3.9528 3.9582 3.9542 3.9574 3.9555 3.9461 3.913 3.9515 3.9597 3.9597 3.9386 3.9755 3.9392 3.9305 3.9388 3.9533 3.9442 3.9372 3.9181 3.9031 3.9481 3.9681 3.972 3.9855 3.9698 3.9311 3.9105 3.9342 3.9458 3.9552 3.9752 3.9717 3.9212 3.9154
C1910TS211_3 0.64446 4.1053 4.0261 4.0864 4.0439 4.031 4.0673 4.0396 4.0461 4.0269 4.0202 4.0245 4.0061 4.0194 4.0432 4.0425 4.0513 4.042 4.0292 4.0034 3.9957 4.0182 4.0363 4.056 4.0685 4.106 3.992 4.0059 3.6108 5.309 3.3967 4.312 4.0644 4.0444 4.0524 4.0418 4.0343 4.0476 4.0435 4.0406 4.0565 4.0601 3.9803 4.0675
C1910TS211_4 0.62968 4.0699 4.0605 4.0272 4.025 4.0479 4.0413 4.0466 4.0418 4.0245 4.0393 4.0258 4.0303 3.9812 3.9854 4.0079 4.0609 4.0343 4.0002 3.989 4.0036 4.0403 4.0472 4.0492 4.0797 4.0962 3.9856 4.0257 3.5456 4.5665 4.0896 4.3254 4.1055 4.0411 4.0382 4.0455 4.0886 4.0425 4.0117 4.0421 4.041 4.0576 3.98 4.0188
C1910TS211_5 0.6189 4.055 4.0617 4.0713 4.023 4.0186 4.065 4.0215 4.0207 4.0223 4.015 4.0371 3.9971 3.9841 4.0131 4.0256 4.0324 4.0323 3.9987 3.9735 3.9786 4.0144 4.0145 4.0276 4.0795 4.0965 3.9824 4.0192 3.5538 4.7705 4.2925 4.2134 4.1031 4.048 4.041 4.0375 4.0352 4.0391 4.033 4.0258 4.0325 4.0668 3.9786 4.0005
C1910TS213_1 0.65119 4.1466 4.0093 4.0481 4.049 4.0534 4.0413 4.0311 4.0237 4.0576 4.0333 4.0351 4.0293 4.0291 4.0318 4.0514 4.0557 4.058 4.0587 4.0513 4.0468 4.0578 4.057 4.0505 4.061 4.0685 4.025 3.9694 3.8464 4.0088 4.09 4.0325 4.0556 4.0604 4.0593 4.0208 4.0198 4.0237 4.0557 4.0467 4.0502 4.0516 4.0437 4.1005
C1910TS213_2 0.66208 4.1342 4.0142 4.0675 4.0401 4.0697 4.0808 4.0716 4.0734 4.0671 4.0676 4.0617 4.0364 3.9754 4.0532 4.069 4.0718 4.0283 3.9455 3.6535 3.998 4.1054 4.0715 4.0642 4.0817 4.0753 4.0777 4.0814 4.0775 4.0748 4.0772 4.0691 4.0775 4.0715 4.047 4.0249 3.9681 4.0053 3.9588 4.0312 4.0479 4.0663 4.0137 4.0791
C1910TS213_3 0.66144 4.1326 4.0211 4.0642 4.051 4.0739 4.075 4.065 4.0706 4.0633 4.064 4.0614 4.0398 3.9882 4.0524 4.0674 4.0703 4.0279 3.913 3.6754 3.9946 4.0821 4.0591 4.0621 4.0763 4.0695 4.0722 4.0763 4.0716 4.0699 4.0719 4.0647 4.072 4.0672 4.0447 4.0268 3.9988 4.0059 3.9936 4.0446 4.0547 4.0647 4.0243 4.076
C1910TS213_4 0.65092 4.1208 4.033 4.0569 4.0489 4.0432 4.0409 4.0433 4.0177 4.0537 4.057 4.0629 4.0375 4.002 4.02 4.0477 4.0599 4.0635 3.9718 3.9802 3.5812 4.4049 4.0724 4.0515 4.0528 4.0545 4.0554 4.0512 4.045 4.0552 4.0593 4.0606 4.0618 4.0793 4.0577 4.0446 4.0348 4.0141 4.0516 4.0474 4.0484 4.0542 4.0172 4.0389
C1910TS213_5 0.64642 4.1221 4.0191 4.0359 4.0375 4.037 4.0424 4.0331 4.0427 4.0293 4.0188 4.0174 4.0221 4.0229 4.0346 4.0418 4.012 4.0202 3.9875 4.199 4.0952 4.1016 4.0073 4.043 4.0395 4.0382 4.0364 4.0414 4.0371 4.0369 4.0368 4.0384 4.0388 4.0399 4.0309 4.0155 4.0213 4.0277 4.0419 4.0386 4.0391 4.0404 4.0457 4.0842
C1910TS215_1 0.83929 2.5813 2.5749 2.5735 2.5727 2.5703 2.575 2.5768 2.5764 2.5768 2.5768 2.5768 2.577 2.5771 2.5768 2.5764 2.5769 2.577 2.5764 2.5767 2.5771 2.577 2.5773 2.5769 2.5771 2.5769 2.5768 2.5766 2.5765 2.5768 2.5766 2.5767 2.5772 2.574 2.571 2.5541 inf inf 2.5776 2.5767 2.5766 2.577 2.5754 2.5786
C1910TS215_2 0.57712 4.1067 4.0356 4.0599 4.0586 4.0475 4.0459 4.0462 4.0542 4.042 4.0385 4.039 4.0337 4.0152 4.0343 4.033 4.0317 4.0598 4.057 4.0569 4.0582 4.0417 4.0645 3.9258 3.7328 4.2155 4.0679 4.0412 4.0485 4.052 4.0519 4.0447 4.0503 4.0545 4.0537 4.0547 4.0302 4.0423 4.0469 4.0471 4.0488 4.0518 4.032 4.059
C1910TS215_3 0.62464 4.1058 4.0483 4.066 4.0336 4.0477 4.0567 4.036 4.0419 4.0406 4.0267 4.0392 4.0266 4.0268 4.0577 4.0538 4.0587 4.0717 4.0017 4.0038 3.7228 4.4897 3.5697 4.3981 4.107 4.0353 4.039 4.0481 4.0496 4.0488 4.0314 4.0255 4.0279 4.0254 4.0399 4.0655 4.0416 4.0366 4.0467 4.0497 4.0425 4.0465 4.022 4.06
C1910TS215_4 0.61017 2.4285 4.3084 3.8605 inf 3.4939 3.1471 2.6741 3.055 2.9235 3.0255 3.0581 3.0206 3.0953 3.1114 2.996 4.9865 2.8382 3.3045 2.8297 2.7356 3.0313 2.9985 3.0077 3.0438 3.0322 3.0084 2.9399 2.9742 2.8506 3.4102 3.7432 8.3008 2.4243 3.0972 3.296 2.8362 2.5383 2.7703 2.7131 2.8378 2.9253 3.003 4.9686
C1910TS215_5 0.74954 4.0918 4.0074 4.0671 4.0295 4.0196 4.044 4.0232 4.0368 4.0332 4.0257 4.029 4.0291 4.0301 4.0253 4.0266 4.0427 4.0414 4.0261 4.0403 4.0497 4.0815 4.0248 3.981 4.0337 4.0497 4.036 4.0416 4.0434 4.0445 4.0456 4.0567 4.0158 4.0041 3.9355 3.5923 5.5286 3.8792 3.9341 4.0318 4.0391 4.0483 4.0155 4.0145
C1910TS228_1 0.69551 4.1213 3.99 4.0394 4.2251 4.1407 3.9573 4.0262 4.0515 4.0521 4.0472 4.0566 4.0543 4.0503 4.0032 4.1592 3.5895 4.1235 4.1121 4.0249 4.0426 4.0299 4.0161 4.0358 4.0584 4.0504 4.0482 4.0529 4.0496 4.0539 4.0563 4.0282 4.0347 4.0542 4.0533 4.0235 4.004 4.0541 4.0587 4.0481 4.0365 4.0303 4.0223 4.0756
C1910TS228_2 0.69526 4.1704 4.0211 4.1561 4.0803 4.1522 4.1237 4.1083 4.1306 4.1108 4.1368 4.1551 4.1527 4.1235 4.1422 3.5472 3.8741 3.6137 4.1198 3.9991 4.0918 4.1383 4.0784 4.0543 4.096 4.1229 4.1425 4.1454 4.1243 4.1346 4.1868 4.0832 4.0989 3.9357 3.7651 3.776 3.5251 4.1505 4.0952 4.0607 4.1123 4.1205 3.9731 4.0805
C1910TS228_3 0.7909 4.0058 4.0918 4.0562 3.989 3.966 3.9936 3.9834 3.9955 4.0317 4.0206 4.0172 3.9923 4.0384 4.0409 4.0083 4.0535 4.0508 4.026 4.0042 3.9681 3.9837 3.9871 3.9641 3.997 3.9953 4.0708 4.0927 4.038 3.9704 3.9372 3.7515 4.9313 4.485 4.337 3.8612 4.0184 4.0531 4.0311 4.0212 4.0214 4.0529 4.0233 4.0536
C1910TS228_4 0.69767 2.9962 2.8003 3.0527 3.131 inf 3.0815 3.0753 2.9918 2.9782 3.0112 3.0178 3.0316 3.0326 3.0238 3.067 3.0098 3.0102 2.9838 3.0639 3.041 3.0124 2.9678 2.9648 3.0264 2.9743 2.9601 3.0202 3.0306 3.0055 3.0683 3.0352 3.079 2.9692 3.0154 3.39 3.0192 2.948 2.9467 2.7056 2.8028 2.9097 2.7484 3.1474
C1910TS228_5 0.69208 2.4147 3.2217 4.0531 3.5472 inf 2.1613 2.2496 2.8835 2.9731 2.8785 3.0907 2.8474 3.0211 2.9434 2.4392 inf 3.6375 3.2161 2.7736 3.0157 3.109 2.8652 2.7969 3.2899 2.7187 2.8011 3.0164 3.0317 3.0689 2.84 2.8414 2.8995 2.9713 2.9506 3.0428 2.9844 2.6697 2.2347 2.2326 2.4203 2.4729 2.616 3.2797
C1910TS230_1 0.81878 2.579 2.5767 2.5836 2.5734 inf inf 2.5726 2.5751 2.5753 2.5754 2.5759 2.5758 2.5758 2.5761 2.5761 2.5758 2.5762 2.5757 2.5761 2.576 2.5756 2.5758 2.5757 2.5759 2.5759 2.576 2.5757 2.5758 2.5759 2.5757 2.576 2.5757 2.5769 2.5718 2.5901 2.5673 2.5745 2.576 2.5764 2.5772 2.5777 2.5771 2.5777
C1910TS230_2 0.8302 4.1649 3.9744 4.1971 3.5574 4.2247 4.0191 4.06 4.0699 4.0704 4.0685 4.0758 4.0772 4.0565 4.044 4.0891 4.0583 4.0356 4.054 4.0699 4.0733 4.0692 4.0602 4.0732 4.0901 4.0772 4.0851 4.0786 4.0787 4.0815 4.0881 4.078 4.0473 4.0358 3.9029 3.8204 3.7131 4.0245 4.0343 4.0687 4.0939 4.0964 4.0597 4.0901
C1910TS230_3 0.82675 2.5814 2.5761 2.5778 2.5777 2.5767 2.5777 2.5746 2.5693 2.5656 inf inf 2.5773 2.5773 2.5775 2.5773 2.5776 2.5776 2.5775 2.5776 2.5777 2.5774 2.5771 2.577 2.5774 2.577 2.5777 2.5772 2.577 2.5771 2.5771 2.577 2.577 2.5773 2.5787 2.5753 2.575 2.575 2.577 2.5771 2.5774 2.5777 2.5766 2.5787
C1910TS230_4 0.62319 4.1308 4.0088 4.0612 4.0581 4.0866 4.0314 4.0445 4.0566 4.0602 4.0654 4.0605 4.067 4.061 4.0617 4.059 4.0936 4.0619 4.0241 4.0337 4.0555 4.0594 4.0593 4.0579 4.0605 4.0606 4.0596 4.0582 4.0576 4.068 4.0656 4.0743 4.0307 3.971 4.0613 3.6156 3.8568 4.1025 4.0029 4.046 4.0656 4.0625 4.0442 4.112
C1910TS230_5 0.65649 4.1193 4.0158 4.0829 4.0608 4.0866 4.0849 4.0682 4.0637 4.0807 4.0873 4.088 4.0343 4.004 4.0309 4.0747 4.0794 4.1028 4.1114 4.0132 3.9602 3.4589 4.4102 3.4335 4.5289 4.0958 4.069 4.0554 4.0797 4.071 4.0561 4.067 4.0671 4.0809 4.0205 3.9931 4.0492 3.9936 4.0255 4.0353 4.0557 4.0607 3.9904 4.0633
C1910TS240_1 0.86081 2.5848 2.5796 2.5804 2.5806 2.5805 2.5812 2.5807 2.5804 2.5806 2.5806 2.5805 2.5808 2.5809 2.581 2.581 2.5812 2.581 2.5808 2.5806 2.5808 2.5807 2.581 2.581 2.5807 2.5804 2.5814 2.5807 2.5803 2.5804 2.5807 2.5807 2.5782 2.5765 2.5748 inf inf 2.5803 2.5796 2.5807 2.5811 2.5814 2.5807 2.5822
C1910TS240_2 0.85512 2.5787 2.5749 2.5761 2.576 2.5759 2.5768 2.5758 2.5758 2.5761 2.5764 2.5763 2.5762 2.576 2.5763 2.5766 2.5766 2.5765 2.5765 2.5763 2.5763 2.5761 2.5764 2.5764 2.5765 2.5764 2.576 2.5763 2.5759 2.576 2.5759 2.5753 2.5727 2.5756 2.5618 inf inf 2.5704 2.5748 2.5766 2.577 2.5777 2.5773 2.5782
C1910TS240_3 0.82339 4.1177 4.0121 4.0628 4.0539 4.0345 4.0208 4.0377 4.0448 4.043 4.0402 4.0437 4.0461 4.0441 4.0476 4.036 4.0333 4.0466 4.0483 4.0503 4.0458 4.0475 4.0468 4.0479 4.0328 4.0292 4.0479 4.0515 4.049 4.0437 4.0457 4.0454 4.0434 4.0522 4.0699 4.0193 3.9895 4.0669 3.7318 4.2526 4.0502 4.0203 4.0502 4.0696
C1910TS240_4 0.85392 2.0852 2.0813 2.0817 2.0929 2.0973 inf inf 2.0807 2.0815 2.0821 2.0825 2.0819 2.0818 2.0825 2.0828 2.082 2.0817 2.0817 2.0817 2.0818 2.0816 2.0818 2.0822 2.0822 2.0819 2.0818 2.0819 2.0815 2.0817 2.0813 2.082 2.0812 2.0803 2.0838 inf inf 2.0825 2.081 2.081 2.0826 2.083 2.0826 2.0841
C1910TS240_5 0.85492 2.0856 2.0811 2.082 2.093 2.089 inf inf 2.0812 2.0816 2.0822 2.0825 2.0821 2.082 2.0823 2.0826 2.0821 2.0822 2.0822 2.0822 2.0822 2.0821 2.0822 2.0823 2.0824 2.0821 2.0822 2.0824 2.0821 2.082 2.0817 2.0823 2.0814 2.0806 2.0733 inf inf 2.0827 2.0815 2.0816 2.0829 2.0832 2.0828 2.0846
C1910TS247_1 0.84106 4.1532 3.9861 3.9364 4.0047 3.9874 4.0737 4.0244 4.0532 4.0529 4.0445 4.0485 4.052 4.055 4.0548 4.0313 4.043 4.0442 4.0497 4.0564 4.0487 4.0426 4.0449 4.0501 4.0529 4.0487 4.045 4.0482 4.0479 4.0481 4.0479 4.0461 4.0518 4.0491 4.0207 3.9731 4.0414 4.003 4.0464 4.0429 4.0443 4.0488 4.0518 4.0944
C1910TS247_2 0.8554 3.8666 3.8762 3.7236 3.7072 inf 3.6216 3.8894 3.8627 3.8497 3.8641 3.9007 3.8849 3.8672 3.8656 3.8517 3.8591 3.8489 3.8281 3.8344 3.8537 3.8351 3.8242 3.8706 3.8757 3.8693 3.891 3.8872 3.8736 3.8773 3.8702 3.8628 3.8718 3.8961 3.9197 3.8709 3.8107 3.8412 3.8688 3.8933 3.8991 3.8993 3.8397 3.8568
C1910TS247_3 0.83389 3.5361 3.2923 3.5536 2.9627 3.8007 inf 3.7416 3.3033 3.5008 3.4251 3.3579 3.1928 3.5397 3.5341 3.4849 3.4066 3.4303 3.3294 3.4894 3.4055 3.4821 3.4581 3.4678 3.4605 3.4254 3.4338 3.4738 3.4108 3.4726 3.4445 3.4492 3.4712 3.5066 3.454 3.4353 3.4321 3.3348 3.4222 3.427 3.3963 3.4612 3.2724 3.5607
C1910TS247_4 0.83737 9.2215 2.8681 2.8941 2.8187 3.0113 inf 2.8351 2.9236 2.9461 2.9054 2.9324 2.9449 2.9719 2.9686 2.9264 2.9474 2.9656 2.9529 2.9523 2.9439 2.9343 2.9407 2.9391 2.9435 2.9391 2.941 2.9436 2.9498 2.9583 2.9665 2.9677 2.9588 2.9145 2.8517 2.774 2.8147 2.9027 2.9301 2.8994 2.9286 2.9514 2.8693 3.0063
C1910TS247_5 0.84422 4.1149 4.0479 4.2621 3.629 4.1744 4.1894 3.998 4.0542 4.0658 4.0253 4.0576 4.0346 4.038 4.024 3.992 4.0704 4.0472 4.0342 4.0351 4.0368 4.0426 4.0358 4.0421 4.0583 4.0437 4.0607 4.0449 4.0349 4.0291 4.0329 4.0356 4.0177 4.0529 4.1411 3.8087 4.03 4.0246 4.0431 4.0616 4.0515 4.069 4.0987 4.0595
C1910TS258_1 0.68602 4.1191 4.037 4.058 4.0507 4.0599 4.0617 4.0494 4.0485 4.0424 4.037 4.0421 4.0375 4.028 4.0382 4.0369 4.0328 4.0416 4.0489 4.0493 4.0459 4.0434 4.0409 4.0517 4.0611 4.0601 4.059 4.071 4.0582 4.0111 4.0316 3.94 3.7341 4.1716 4.0704 4.0256 4.0418 4.0501 4.0493 4.0515 4.0516 4.0519 4.0419 4.0762
C1910TS258_2 0.74122 4.0079 4.1329 4.0843 4.0197 4.0437 4.0548 4.0135 4.0314 4.006 3.9769 3.9526 3.9953 3.9607 4.007 3.9792 3.9313 3.955 3.9651 3.9927 3.9797 4.0005 4.0003 3.9527 4.0802 4.1001 4.07 4.0781 4.0343 4.0204 4.0207 3.8434 4.8984 4.4245 4.0929 4.072 4.029 4.0448 4.0133 4.0151 4.0271 4.0422 3.9766 4.0394
C1910TS258_3 0.75442 4.1322 4.059 4.0749 4.0337 4.0476 4.0687 4.039 4.0659 4.054 4.0461 4.0508 4.0463 4.0332 4.0156 4.0144 4.0051 4.0104 4.0133 4.0047 4.0107 4.0212 4.0108 4.0223 4.0509 4.0606 4.0666 4.0667 4.0567 3.987 3.9826 3.6965 5.1804 3.4785 4.2572 4.0189 4.0475 4.046 4.0473 4.0449 4.0463 4.0424 3.9985 4.0516
C1910TS258_4 0.69312 4.1298 4.0481 4.0712 4.051 4.0631 4.0673 4.0598 4.0676 4.0522 4.0484 4.0537 4.0506 4.0414 4.0318 4.0223 4.0177 4.0233 4.0187 4.0029 4.0123 4.0317 4.0015 4.0376 4.0547 4.0582 4.0697 4.0805 4.01 3.9838 3.9997 4.0778 3.4846 5.0573 3.7548 4.035 4.035 4.0502 4.0437 4.0504 4.0528 4.05 4.0103 4.0843
C1910TS258_5 0.8265 3.9144 3.981 3.9867 3.924 3.9586 3.9728 3.9252 3.9612 3.9458 3.9112 3.9116 3.8817 3.8808 3.9214 3.9001 3.8674 3.8787 3.8946 3.9137 3.9148 3.9155 3.8768 3.8758 3.9406 3.9688 3.9713 3.9492 3.9671 3.9832 3.9436 3.5548 3.9403 inf 3.8461 3.8907 3.9103 3.907 3.926 3.9215 3.9202 3.9338 3.8428 3.967
C1910TS273_1 0.6608 4.1425 3.9996 4.0969 3.7976 4.0689 4.1648 4.0667 4.0516 4.0352 4.0323 4.0637 4.0845 4.0325 4.0317 4.0663 4.0818 4.0726 4.0748 4.0811 4.0742 4.0848 4.0496 4.0545 4.0701 4.0732 4.0706 4.0787 4.0725 4.0679 4.0677 4.068 4.076 4.0209 4.019 4.0105 3.7969 4.0841 3.6736 4.0286 4.048 4.0732 4.039 4.0984
C1910TS273_2 0.57944 4.0244 4.036 4.028 4.0163 4.006 4.0057 4.0063 3.9723 3.9566 3.9794 4.0005 4.0296 4.0374 4.03 4.0134 3.7457 3.9154 8.6315 3.824 4.0543 3.9823 4.0102 4.0303 4.0163 3.9902 4.0147 4.0027 3.972 3.9733 3.9903 4.0114 3.975 3.972 4.0346 4.0071 3.9568 4.0007 3.9967 4.0178 4.0162 4.0181 3.9593 3.9742
C1910TS273_3 0.53352 4.1066 4.0239 4.0451 4.0408 4.0371 4.0315 4.0371 4.0473 4.0376 4.0388 4.0388 4.0436 4.0483 4.0411 4.0459 4.0496 4.0521 4.0487 4.0046 4.0599 3.8957 4.2326 4.0848 3.9953 4.0479 4.0437 4.0431 4.0428 4.0375 4.028 4.0274 4.0063 4.0282 4.0413 4.0258 4.0176 4.0355 4.0416 4.0405 4.0444 4.0395 4.0403 4.0779
C1910TS273_4 0.66784 4.1348 4.0439 4.0368 4.0308 4.0011 3.8714 3.6394 3.9981 4.0377 4.0735 4.0584 4.0713 4.0555 4.0512 4.0458 4.044 4.0499 4.0524 4.0461 4.039 4.0526 4.0439 4.0437 4.0703 4.0766 4.0763 4.0713 4.0707 4.0745 4.0724 4.0706 4.074 4.082 4.064 4.0319 4.0545 4.0557 4.0608 4.0644 4.0646 4.0649 4.0389 4.0667
C1910TS273_5 0.65619 4.1105 4.0235 4.0471 4.0489 4.0439 4.0175 4.044 4.0033 4.0074 4.0681 4.0753 4.0215 4.0438 4.0424 4.04 4.0371 4.0378 4.0382 4.0362 4.0317 4.0289 4.034 4.035 4.0237 4.0348 4.0489 4.0478 4.0435 4.0511 4.0364 4.0454 4.0463 4.0441 4.0467 4.0394 4.0205 4.0449 4.0404 4.0414 4.0445 4.0448 4.0434 4.0808
C1910TS278_1 0.86192 2.5828 2.58 2.5793 2.5784 2.5767 2.5771 2.5767 2.5751 2.587 inf inf 2.5791 2.5785 2.5792 2.5793 2.5794 2.5793 2.579 2.5793 2.5789 2.5789 2.5792 2.5791 2.5788 2.579 2.5799 2.5787 2.5786 2.5789 2.579 2.5787 2.579 2.5799 2.5783 2.5775 2.5785 2.5788 2.5793 2.5788 2.5799 2.5803 2.5791 2.581
C1910TS278_2 0.86189 3.0006 2.8619 2.9846 3.1303 3.0029 3.0193 2.945 3.3926 3.5441 inf 2.7654 2.7652 3.0139 2.9755 2.9567 2.9731 3.016 3.0287 2.987 2.9796 2.9689 2.9819 2.9368 3.1195 3.0185 2.9825 3.0296 3.0278 3.02 2.9921 3.0384 3.0109 3.0397 3.037 3.0339 3.0334 2.9568 2.9879 3.0606 2.964 3.016 2.8341 3.3457
C1910TS278_3 0.86224 2.5805 2.5786 2.5774 2.577 2.5743 2.5767 2.5736 2.569 2.5837 inf inf 2.5768 2.5763 2.5768 2.5773 2.5771 2.577 2.5754 2.5774 2.5767 2.5767 2.5771 2.5772 2.5768 2.5767 2.578 2.5768 2.5769 2.5766 2.5767 2.5766 2.5769 2.5776 2.5765 2.576 2.5768 2.5767 2.5769 2.5771 2.5774 2.578 2.5768 2.5789
C1910TS278_4 0.86228 2.581 2.5796 2.5782 2.5767 2.5755 2.5768 2.5745 2.5729 2.5876 inf inf 2.5778 2.577 2.5776 2.578 2.578 2.5775 2.5762 2.578 2.5775 2.5777 2.5778 2.5779 2.5775 2.5776 2.5784 2.5772 2.5773 2.5776 2.5777 2.5776 2.5776 2.5784 2.5769 2.5764 2.5773 2.5775 2.5776 2.5778 2.5783 2.579 2.5777 2.5799
C1910TS278_5 0.86462 2.5816 2.5788 2.5779 2.5778 2.5765 2.5784 2.575 2.5737 2.5869 inf inf 2.5775 2.577 2.5781 2.5779 2.5783 2.578 2.5776 2.5781 2.5778 2.5776 2.5779 2.5781 2.5777 2.5777 2.5784 2.5774 2.5775 2.5776 2.5776 2.5776 2.5779 2.5783 2.5774 2.5776 2.5784 2.5764 2.5761 2.5784 2.5781 2.5791 2.5787 2.5802
C1910TS299_1 0.86192 2.5828 2.58 2.5793 2.5784 2.5767 2.5771 2.5767 2.5751 2.587 inf inf 2.5791 2.5785 2.5792 2.5793 2.5794 2.5793 2.579 2.5793 2.5789 2.5789 2.5792 2.5791 2.5788 2.579 2.5799 2.5787 2.5786 2.5789 2.579 2.5787 2.579 2.5799 2.5783 2.5775 2.5785 2.5788 2.5793 2.5788 2.5799 2.5803 2.5791 2.581
C1910TS299_2 0.86189 3.0006 2.8619 2.9846 3.1303 3.0029 3.0193 2.945 3.3926 3.5441 inf 2.7654 2.7652 3.0139 2.9755 2.9567 2.9731 3.016 3.0287 2.987 2.9796 2.9689 2.9819 2.9368 3.1195 3.0185 2.9825 3.0296 3.0278 3.02 2.9921 3.0384 3.0109 3.0397 3.037 3.0339 3.0334 2.9568 2.9879 3.0606 2.964 3.016 2.8341 3.3457
C1910TS299_3 0.86224 2.5805 2.5786 2.5774 2.577 2.5743 2.5767 2.5736 2.569 2.5837 inf inf 2.5768 2.5763 2.5768 2.5773 2.5771 2.577 2.5754 2.5774 2.5767 2.5767 2.5771 2.5772 2.5768 2.5767 2.578 2.5768 2.5769 2.5766 2.5767 2.5766 2.5769 2.5776 2.5765 2.576 2.5768 2.5767 2.5769 2.5771 2.5774 2.578 2.5768 2.5789
C1910TS299_4 0.86228 2.581 2.5796 2.5782 2.5767 2.5755 2.5768 2.5745 2.5729 2.5876 inf inf 2.5778 2.577 2.5776 2.578 2.578 2.5775 2.5762 2.578 2.5775 2.5777 2.5778 2.5779 2.5775 2.5776 2.5784 2.5772 2.5773 2.5776 2.5777 2.5776 2.5776 2.5784 2.5769 2.5764 2.5773 2.5775 2.5776 2.5778 2.5783 2.579 2.5777 2.5799
C1910TS299_5 0.86462 2.5816 2.5788 2.5779 2.5778 2.5765 2.5784 2.575 2.5737 2.5869 inf inf 2.5775 2.577 2.5781 2.5779 2.5783 2.578 2.5776 2.5781 2.5778 2.5776 2.5779 2.5781 2.5777 2.5777 2.5784 2.5774 2.5775 2.5776 2.5776 2.5776 2.5779 2.5783 2.5774 2.5776 2.5784 2.5764 2.5761 2.5784 2.5781 2.5791 2.5787 2.5802
C1910TS301_1 0.85368 4.1528 4.005 4.0641 4.0655 4.0627 4.017 4.0406 4.0575 4.0439 4.0468 4.0619 4.0638 4.0654 4.0591 4.0627 4.0639 4.0684 4.0577 4.0429 4.0592 4.0078 4.0194 4.0428 4.0375 4.0555 4.0577 4.0606 4.0623 4.0642 4.0622 4.0617 4.0628 4.0699 4.0188 3.9582 3.6782 3.9841 4.0462 4.0393 4.063 4.0648 4.0392 4.0997
C1910TS309_1 0.84554 2.5791 2.573 2.5811 inf inf 2.5742 2.5759 2.5718 2.5754 2.5755 2.5757 2.5763 2.5765 2.5766 2.5765 2.5764 2.5763 2.5763 2.5765 2.5763 2.5761 2.576 2.5773 2.5767 2.5759 2.5762 2.5763 2.5759 2.5761 2.5764 2.5769 2.5768 2.5776 2.5763 2.5765 2.5764 2.5761 2.5764 2.5765 2.5765 2.5768 2.576 2.5795
C1910TS309_2 0.85525 4.1544 4.005 4.0667 4.0633 4.0434 4.0399 4.0606 4.0371 4.1081 4.0406 4.0423 4.0606 4.0635 4.0621 4.0551 4.0463 4.0378 4.0336 4.0362 4.0496 4.0506 4.0492 4.0536 4.0682 4.0643 4.0604 4.0623 4.0644 4.0612 4.0624 4.0597 4.0577 4.026 4.0035 3.709 3.7965 4.0966 4.0268 4.0565 4.0605 4.0607 4.0603 4.107
C1910TS309_3 0.83685 2.2064 2.3104 2.5529 inf 2.2145 2.4493 2.1118 inf 3.8976 2.7134 inf 1.9143 2.4319 2.5774 2.5634 2.4581 2.48 2.4979 2.4811 2.4488 2.4983 2.4745 2.4013 2.6361 2.435 2.4734 2.5023 2.4979 2.5061 2.476 2.5459 2.5263 2.5912 2.4306 2.5058 2.4557 2.3627 2.4797 2.492 2.483 2.5239 2.44 inf
C1910TS309_4 0.83797 2.5774 2.5681 2.5697 inf inf 2.5755 2.5765 2.5764 2.5762 2.5761 2.5764 2.5767 2.5769 2.5776 2.5756 2.5759 2.5761 2.5765 2.5768 2.5762 2.5763 2.5762 2.5763 2.5765 2.5763 2.5762 2.5763 2.5763 2.5763 2.5761 2.5763 2.5777 2.5759 2.5759 2.575 2.575 2.5764 2.5765 2.5764 2.5764 2.5767 2.5752 2.5783
C1910TS309_5 0.84662 2.5804 2.5759 2.5775 inf inf 2.5772 2.5781 2.5766 2.5789 2.578 2.5779 2.5782 2.5785 2.5785 2.5782 2.5787 2.5784 2.5782 2.5783 2.5787 2.5781 2.5784 2.5791 2.5785 2.5777 2.5782 2.5783 2.5779 2.578 2.5783 2.5783 2.5783 2.5788 2.5783 2.5779 2.5785 2.5783 2.5781 2.5779 2.5785 2.5791 2.5782 2.5808
C1910TS345_1 0.65394 3.2712 3.1054 3.1949 3.1453 3.1689 3.3867 inf 3.1421 3.1102 3.2041 3.1822 3.1951 3.2097 3.228 3.2263 3.1791 3.2128 3.1799 3.1645 3.1912 3.2353 3.2304 3.229 3.2278 3.2142 3.2351 3.2365 3.2109 3.2287 3.2302 3.2233 3.2146 3.1871 3.0504 3.1294 3.05 3.1857 3.1358 3.176 3.1949 3.1786 3.0539 3.2798
C1910TS345_2 0.56123 4.0802 4.0506 4.0314 4.0297 4.0378 4.0566 4.0468 4.0539 4.0448 4.0354 4.0371 4.0419 4.0004 4.0528 4.056 4.058 4.065 4.0582 4.0332 4.0206 3.6453 4.2247 4.0807 4.0285 4.0502 4.0572 4.0588 4.0488 4.0549 4.0559 4.0511 4.055 4.0601 4.0644 4.0411 3.9971 4.0473 4.0446 4.0482 4.0449 4.0476 4.0361 4.0899
C1910TS345_3 0.6434 4.1128 4.0234 4.0511 4.0469 4.0421 4.0367 4.0345 4.0479 4.0466 4.0413 4.0341 4.0333 4.0307 4.0469 4.0447 4.0493 4.0489 4.0506 4.0517 4.0625 4.0437 4.0104 4.0344 4.0472 4.0569 4.053 4.0178 4.0001 3.7724 4.2407 4.0743 4.0088 4.0548 4.0498 4.0382 4.0269 4.0434 4.0453 4.0431 4.0498 4.0506 4.041 4.0681
C1910TS345_4 0.62861 4.1754 4.0049 4.089 4.0518 4.0647 3.9683 4.108 3.9398 4.0378 4.0824 4.0754 4.0687 4.0791 4.0787 4.0791 4.0801 4.0876 4.0905 4.0616 4.0855 4.0701 4.0756 4.0774 4.0662 4.0697 4.0456 4.0426 4.0712 4.0271 4.0046 4.2069 3.4178 3.9256 4.0578 4.1572 3.9265 4.0005 4.0241 4.0651 4.0734 4.0802 4.0033 4.0939
C1910TS345_5 0.57441 4.1383 4.01 4.0522 4.0582 4.0659 4.0465 4.0587 3.9748 4.0298 4.0498 4.0613 4.0662 4.081 4.0782 4.0522 4.0491 4.0608 4.0726 4.0689 4.0692 4.0697 4.0702 4.0675 4.0686 4.0664 4.0686 4.0692 4.0732 4.0761 4.0752 4.0337 4.0199 3.9329 3.9904 3.7573 3.8016 4.0714 4.0424 4.0628 4.069 4.0703 4.0303 4.0894
C1910TS347_1 0.82817 2.5788 2.5761 2.5845 inf inf 2.5719 2.5748 2.575 2.5759 2.5762 2.5765 2.576 2.5762 2.5761 2.5762 2.5761 2.5761 2.5763 2.5762 2.5763 2.5761 2.5762 2.576 2.5764 2.5761 2.5763 2.5762 2.5762 2.5759 2.5761 2.5761 2.5767 2.5767 2.5765 2.5716 2.5815 2.5746 2.5771 2.578 2.5781 2.5778 2.5771 2.5784
C1910TS349_1 0.84294 2.58 2.5738 2.5762 inf inf 2.5765 2.5771 2.5773 2.5773 2.5773 2.5774 2.5777 2.5778 2.5784 2.5763 2.577 2.5784 2.5771 2.5779 2.5771 2.5771 2.5773 2.5773 2.5772 2.5771 2.5777 2.5773 2.5769 2.5773 2.5774 2.5773 2.578 2.5783 2.5731 2.5865 2.5721 2.5772 2.5771 2.5775 2.578 2.5783 2.5775 2.5797
C1910TS349_2 0.84262 2.5802 2.5735 2.576 inf inf 2.5766 2.5772 2.5774 2.5774 2.5774 2.5775 2.5778 2.5779 2.5786 2.5763 2.5771 2.5784 2.5772 2.578 2.5772 2.5772 2.5774 2.5774 2.5773 2.5772 2.5778 2.5774 2.577 2.5774 2.5775 2.5773 2.578 2.5784 2.5732 2.5868 2.5722 2.5773 2.5772 2.5775 2.578 2.5784 2.5776 2.5798
C1910TS349_3 0.84291 2.5801 2.5737 2.5761 inf inf 2.5765 2.5772 2.5773 2.5773 2.5773 2.5774 2.5777 2.5778 2.5784 2.5763 2.577 2.5784 2.5771 2.5779 2.5772 2.5772 2.5773 2.5774 2.5773 2.5772 2.5777 2.5773 2.577 2.5773 2.5775 2.5773 2.578 2.5784 2.5731 2.5866 2.5722 2.5772 2.5771 2.5775 2.578 2.5783 2.5776 2.5798
C1910TS349_4 0.84254 2.5805 2.5721 2.5753 inf inf 2.5767 2.5774 2.5776 2.5776 2.5775 2.5777 2.5781 2.5781 2.579 2.5765 2.5771 2.5786 2.5773 2.5782 2.5775 2.5774 2.5776 2.5777 2.5775 2.5774 2.578 2.5776 2.5773 2.5775 2.5777 2.5776 2.5782 2.5786 2.5733 2.5875 2.5723 2.5776 2.5774 2.5777 2.5782 2.5785 2.5777 2.5797
C1910TS349_5 0.84294 2.5801 2.5738 2.5762 inf inf 2.5765 2.5771 2.5773 2.5773 2.5773 2.5774 2.5777 2.5778 2.5784 2.5763 2.577 2.5784 2.5771 2.5779 2.5771 2.5771 2.5773 2.5774 2.5772 2.5772 2.5777 2.5773 2.577 2.5773 2.5775 2.5773 2.578 2.5783 2.5731 2.5865 2.5721 2.5772 2.5771 2.5775 2.578 2.5783 2.5775 2.5798
C1910TS359_1 0.84348 2.5799 2.5722 2.5753 inf inf 2.5772 2.5789 2.578 2.5785 2.5782 2.5784 2.5784 2.5784 2.5789 2.5795 2.577 2.5785 2.5778 2.5791 2.5783 2.5782 2.5783 2.5783 2.5782 2.5782 2.5787 2.5782 2.5782 2.5783 2.5783 2.5782 2.5786 2.5795 2.5746 2.5785 2.5743 2.5775 2.5793 2.579 2.5789 2.5794 2.5792 2.5809
C1910TS369_1 0.84228 4.1363 4.0189 4.0506 4.0499 4.0639 4.0584 4.0535 4.0565 4.0542 4.0519 4.0567 4.0628 4.0595 4.0533 4.0285 4.0065 4.0252 4.011 4.0652 4.0479 4.0564 4.0531 4.0524 4.0543 4.0533 4.0587 4.0577 4.0588 4.0587 4.0486 4.0387 4.057 4.0212 4.0032 3.8645 3.8278 4.1177 4.0062 4.0494 4.052 4.0534 4.0529 4.0964
C1910TS369_2 0.84212 4.1402 4.0198 4.0489 4.04 4.0625 4.0636 4.0548 4.0583 4.0565 4.0524 4.0578 4.063 4.0621 4.0626 4.0373 4.039 4.0425 4.0317 4.0635 4.0592 4.0622 4.0563 4.0509 4.053 4.058 4.06 4.0599 4.0584 4.0599 4.0603 4.0551 4.0602 4.0388 3.9097 3.7906 3.8356 4.0893 4.0057 4.0543 4.0568 4.0573 4.0569 4.1067
C1910TS369_3 0.84255 4.1347 4.0199 4.0503 4.0499 4.0683 4.0621 4.0585 4.0623 4.059 4.0555 4.059 4.0664 4.0634 4.0574 4.031 4.0145 4.0332 4.0221 4.0662 4.0565 4.0595 4.0621 4.066 4.0553 4.0498 4.0587 4.0578 4.0592 4.0581 4.0407 4.0283 4.0502 4.0227 3.986 3.7731 3.8362 4.1305 4.0149 4.0487 4.0576 4.0562 4.0512 4.0984
C1910TS369_4 0.84151 4.14 4.0218 4.0531 4.0534 4.0618 4.0609 4.0557 4.0557 4.0553 4.053 4.0559 4.0586 4.0592 4.0611 4.0486 4.0224 4.0225 4.0254 4.0699 4.0587 4.0568 4.0541 4.0576 4.0572 4.0558 4.059 4.0592 4.0576 4.0588 4.0565 4.0558 4.0627 4.0389 3.9268 3.7927 3.8329 4.0994 4.0049 4.0532 4.0551 4.0572 4.0571 4.1087
C1910TS369_5 0.82867 2.5783 2.574 2.5852 inf inf 2.5752 2.5755 2.5752 2.5761 2.576 2.5756 2.5756 2.5753 2.576 2.5762 2.5762 2.5759 2.5758 2.5762 2.5758 2.5759 2.5759 2.5756 2.5761 2.5756 2.5758 2.5757 2.5756 2.576 2.5762 2.5758 2.5763 2.5769 2.5709 2.5816 2.5713 2.5746 2.5759 2.5762 2.5765 2.5768 2.5759 2.5785
C1910TS389_1 0.80109 4.1829 3.9928 4.0536 4.0491 4.0477 4.0611 4.0521 4.054 4.052 4.0411 4.0547 4.0577 4.0592 4.0595 4.0411 4.0424 4.0516 4.0467 4.0522 4.0598 4.0525 4.0324 4.045 4.0601 4.0554 4.0556 4.0553 4.0567 4.0597 4.0568 4.0531 4.0648 4.0391 4.0543 3.6034 3.9506 4.0839 4.0151 4.0549 4.0522 4.0602 4.0553 4.1022
C1910TS389_2 0.84077 4.165 4.0025 4.0559 4.0939 4.0573 4.0596 4.0183 4.044 4.0478 4.0399 4.0475 4.0525 4.0535 4.0557 4.0386 4.0334 4.0357 4.0359 4.0549 4.0507 4.0488 4.0481 4.0529 4.0554 4.0484 4.0516 4.0514 4.0524 4.0447 4.0491 4.0532 4.0487 4.0678 4.0344 4.0838 3.678 3.9506 4.0713 4.0277 4.0536 4.0506 4.0471 4.1038
C1910TS389_3 0.80657 4.2058 3.9603 4.0725 4.0645 4.0714 4.0919 4.0744 4.0842 4.0677 4.0646 4.0646 4.0735 4.0728 4.0607 4.0333 4.0269 4.0293 4.0355 4.0587 4.0701 4.0767 4.0535 4.0569 4.067 4.0748 4.0827 4.0742 4.0754 4.086 4.0765 4.0671 4.0733 4.0326 4.1291 3.4618 3.8116 3.9868 4.1212 3.9551 4.0336 4.0817 4.024 4.0952
C1910TS389_4 0.81058 2.624 2.6095 2.6135 2.6139 2.6141 2.6135 2.614 2.615 2.614 2.614 2.6136 2.614 2.6144 2.6137 2.6094 2.6109 2.613 2.6139 2.6146 2.6137 2.6138 2.6139 2.6142 2.6138 2.614 2.6142 2.614 2.614 2.6138 2.6145 2.6151 2.6134 2.5998 2.525 inf inf 2.6077 2.6086 2.6128 2.6132 2.614 2.6079 2.6183
C1910TS389_5 0.81089 2.5849 2.5801 2.5815 2.5814 2.5812 2.5811 2.5815 2.5816 2.5814 2.5816 2.5816 2.5815 2.582 2.5813 2.5811 2.5813 2.5816 2.5814 2.5813 2.5814 2.5815 2.5814 2.5813 2.5814 2.5813 2.5813 2.5812 2.581 2.5818 2.5825 2.5815 2.5778 2.5768 2.5774 inf inf 2.5808 2.5809 2.581 2.5822 2.5823 2.5812 2.5836
C1910TS404_1 0.81041 2.0849 2.0813 2.0896 inf inf 2.0808 2.081 2.0815 2.0814 2.0815 2.0815 2.0818 2.0822 2.0828 2.0831 2.0823 2.0819 2.0814 2.0822 2.0814 2.0814 2.0816 2.0815 2.0815 2.0815 2.0815 2.0815 2.0813 2.0813 2.0811 2.0813 2.08 2.0809 2.0899 2.0868 inf inf 2.0835 2.083 2.0822 2.0824 2.0835 2.0816
C1910TS404_2 0.81401 2.0866 2.0827 2.0739 inf inf 2.0821 2.083 2.0832 2.0831 2.0832 2.0833 2.0835 2.0836 2.0845 2.0842 2.0832 2.0836 2.0829 2.084 2.083 2.0832 2.0833 2.0833 2.0833 2.0832 2.0833 2.0832 2.083 2.0831 2.083 2.0833 2.082 2.082 2.0929 2.0843 inf inf 2.0837 2.0839 2.0835 2.084 2.0834 2.0868
C1910TS404_3 0.82285 2.1024 2.099 2.0883 inf inf 2.0979 2.0988 2.0989 2.0988 2.099 2.099 2.0993 2.0995 2.1005 2.0999 2.0991 2.0994 2.0988 2.1 2.0988 2.0989 2.0991 2.0991 2.0991 2.099 2.099 2.099 2.0988 2.0988 2.0986 2.099 2.0977 2.098 2.0949 2.0861 inf inf 2.0989 2.0996 2.0995 2.1001 2.0993 2.1028
C1910TS404_4 0.81884 2.0888 2.0846 2.1036 inf inf 2.0844 2.0846 2.0847 2.085 2.0852 2.0848 2.0851 2.0863 2.0874 2.0867 2.0856 2.0851 2.0847 2.0858 2.0853 2.0847 2.0848 2.0848 2.0847 2.0848 2.0847 2.0849 2.085 2.0848 2.0847 2.0852 2.0834 2.0817 2.1016 inf inf 2.0835 2.0849 2.0847 2.0842 2.0858 2.0861 2.0885
C1910TS404_5 0.80289 2.0867 2.0746 2.0622 inf inf 2.0932 2.0911 2.0908 2.0904 2.0903 2.0904 2.0907 2.0896 2.0876 2.0879 2.0892 2.0899 2.0899 2.0908 2.0881 2.0892 2.0878 2.0871 2.0873 2.0885 2.0887 2.0901 2.0914 2.0914 2.0903 2.0901 2.0809 2.073 2.0406 inf inf inf 2.0931 2.09 2.0886 2.0896 2.0817 2.0886
C1910TS405_1 0.85904 3.3998 3.4187 4.0334 inf 0.9431 4.7283 3.4019 3.447 3.3006 3.2599 3.2632 3.2173 3.1894 3.2756 3.1959 3.149 3.2172 3.2439 3.2065 3.1528 3.1978 3.4191 3.3533 3.1983 3.277 3.3346 3.4318 3.2685 3.3257 3.3353 3.3595 3.2907 3.4779 3.4054 3.466 3.4938 5.6397 3.8875 3.387 3.3278 3.31 3.155 3.9405
C1910TS405_2 0.86127 3.6023 3.4067 3.4161 3.246 3.6945 inf 3.3877 3.5158 3.5124 3.5126 3.5482 3.5467 3.5489 3.5481 3.5325 3.5447 3.5439 3.5426 3.5038 3.4901 3.5273 3.5075 3.4906 3.5279 3.5263 3.5197 3.5326 3.5571 3.555 3.5453 3.5369 3.5322 3.5266 3.5275 3.3435 3.4395 3.4445 3.4669 3.5303 3.5638 3.5622 3.4383 3.5812
C1910TS405_3 0.86001 4.1099 4.0207 4.0346 4.0441 4.0452 4.0115 4.0518 4.0751 3.9334 4.1639 4.0911 4.0227 4.0389 4.0362 4.0353 4.0359 4.0347 4.0332 4.0294 4.0329 4.0359 4.0405 4.0482 4.0451 4.0366 4.0449 4.0452 4.0392 4.0356 4.0352 4.0376 4.043 4.0467 4.0371 4.0264 4.0189 4.0233 4.0368 4.0356 4.0347 4.0371 4.048 4.0777
C1910TS405_4 0.86209 2.5797 2.5757 2.5755 2.5756 2.5758 2.5758 2.5731 2.5697 2.587 inf inf 2.575 2.575 2.5756 2.5757 2.5758 2.5755 2.575 2.5758 2.5753 2.5754 2.576 2.5756 2.5751 2.5756 2.5766 2.5755 2.5753 2.5755 2.5754 2.5752 2.5763 2.5764 2.5727 2.5758 2.5722 2.5758 2.5755 2.5761 2.5764 2.5766 2.5761 2.5783
C1910TS405_5 0.84935 4.1141 4.0227 4.0459 4.0606 4.0166 4.0067 3.9778 3.931 4.0697 4.1111 4.0086 4.052 4.0468 4.0449 4.0363 4.0506 4.0498 4.0443 4.0427 4.0448 4.0452 4.0425 4.0365 4.0347 4.0338 4.0286 4.0495 4.053 4.0435 4.0414 4.0401 4.0379 4.0431 4.0448 4.0448 4.0472 4.0304 4.0478 4.0423 4.0425 4.0443 4.0507 4.087
C1910TS413_1 0.86022 3.664 3.3433 3.4186 3.5946 3.3658 3.5621 3.1781 3.6067 3.5235 3.8717 3.472 3.4993 3.3085 3.6073 3.5553 3.6123 3.6068 3.5457 3.4719 3.4827 3.5139 3.4494 3.4869 3.5144 3.4527 3.5126 3.4938 3.4918 3.5022 3.5251 3.5078 3.4927 3.551 3.4055 3.5329 3.7173 inf 3.2681 3.5438 3.3587 3.4848 3.3013 3.6218
C1910TS413_2 0.86151 3.0608 2.9944 3.0134 3.1113 inf 3.0084 3.052 2.9849 2.9721 2.9795 2.9984 3.0276 3.0333 3.0473 3.047 3.0492 3.0494 3.0485 3.0469 3.0436 3.0431 3.0453 3.048 3.0497 3.0481 3.0436 3.0451 3.0507 3.0501 3.0497 3.0475 3.0463 3.0553 3.0374 3.0116 3.0223 3.0246 3.0111 3.0377 3.0402 3.0419 3.0147 3.0583
C1910TS413_3 0.8598 4.1315 4.0124 4.0637 4.0574 4.0199 4.0586 4.0571 4.0685 4.0648 4.0476 4.0498 4.0693 4.0804 4.0603 4.0302 4.0998 4.0547 4.0315 4.0603 4.0574 4.069 4.0688 4.0738 4.0694 4.0693 4.0679 4.0754 4.0753 4.0674 4.0769 4.0597 4.0618 4.0447 4.06 3.4442 3.8203 4.1351 4.0317 4.0438 4.0725 4.0733 4.0379 4.1008
C1910TS413_4 0.8626 2.4721 2.4662 2.4684 2.4666 2.4649 2.465 2.4675 2.4638 2.426 inf inf inf 2.4692 2.4687 2.4685 2.4683 2.4684 2.4685 2.4685 2.4685 2.4685 2.4685 2.4685 2.4685 2.4684 2.4683 2.4685 2.4688 2.4688 2.4691 2.4685 2.4679 2.4693 2.4676 2.4669 2.4667 2.4677 2.4655 2.4681 2.4679 2.4679 2.4658 2.4715
C1910TS413_5 0.86078 2.5794 2.5772 2.5764 2.5749 2.5753 2.5745 2.5721 2.569 2.583 inf inf 2.5762 2.5758 2.576 2.5759 2.576 2.5759 2.5759 2.576 2.576 2.576 2.5761 2.5757 2.5762 2.5759 2.5767 2.5756 2.5758 2.576 2.5762 2.5756 2.5756 2.5769 2.5757 2.5761 2.575 2.5737 2.5768 2.5763 2.5767 2.577 2.5758 2.5782
C1910TS414_1 0.85784 3.1231 2.879 2.9837 3.251 inf 2.9472 3.0906 3.1789 3.145 3.1569 3.1716 3.1451 3.1579 3.1231 3.094 4.0097 3.2878 3.1556 3.1539 3.1788 3.1132 3.0559 3.12 3.0971 3.0265 3.0928 3.1287 3.1555 3.1595 3.1848 3.1357 3.0866 3.064 2.7691 3.0316 3.1079 3.0261 3.0587 2.9865 3.077 3.1384 2.9092 3.3462
C1910TS414_2 0.87001 4.1239 4.0072 4.0487 3.9992 4.0768 4.0513 4.0345 4.0571 4.053 4.0614 4.0608 4.0616 4.0569 4.0655 4.038 3.9828 4.0247 4.0386 4.0456 4.0564 4.0652 4.0529 4.0398 4.0617 4.0565 4.0599 4.06 4.0585 4.0496 4.0552 4.0582 4.0556 4.0651 4.0763 3.9829 4.1257 3.6023 4.0571 4.0929 4.0454 4.0541 4.0201 4.0903
C1910TS414_3 0.84601 2.9979 2.857 2.9873 2.953 3.0982 inf 2.9564 3.0475 2.9681 2.9761 2.9826 2.9891 2.9829 2.9878 2.9827 2.9847 2.9896 2.9695 2.9986 2.9701 2.9958 2.9823 2.9646 3.0144 2.9622 2.9827 2.9861 2.9953 2.9791 2.9867 2.9874 2.9671 2.951 3.0134 2.3323 2.8809 2.9855 2.9364 2.944 2.9649 2.9547 2.9126 3.0442
C1910TS414_4 0.85861 4.1306 3.9892 4.0808 4.0656 4.07 4.0835 4.0674 4.0884 4.0824 4.071 4.0863 4.0717 4.0686 4.0787 4.0509 4.0488 4.0361 3.9971 4.0197 4.0658 4.0691 4.0715 4.0604 4.0601 4.076 4.0657 4.0698 4.0832 4.0737 4.0773 4.0771 4.0601 4.0782 3.995 3.9327 3.9256 4.0488 3.4233 4.1325 4.1048 4.0621 4.0015 4.0772
C1910TS414_5 0.86411 3.5939 3.3209 3.4204 3.4731 3.4644 3.4019 3.2822 3.499 3.461 3.2799 3.2878 3.2926 3.5227 3.4918 3.4821 3.4593 3.4446 3.5283 3.4684 3.4798 3.4966 3.5085 3.5014 3.4929 3.4835 3.495 3.4661 3.4834 3.4814 3.514 3.5108 3.4625 3.4789 3.4243 3.5314 inf 3.1305 3.4908 3.4055 3.462 3.4724 3.332 3.5611
C1910TS438_1 0.86505 2.5804 2.5771 2.5752 2.572 2.5929 2.5671 2.5732 2.5728 2.5871 inf inf 2.5767 2.5755 2.5761 2.5762 2.5759 2.5764 2.5757 2.5763 2.5758 2.5761 2.576 2.5758 2.5764 2.5758 2.5763 2.5753 2.5757 2.5759 2.5762 2.5763 2.5769 2.5713 2.5815 2.5722 2.5748 2.5762 2.5764 2.5761 2.5764 2.578 2.5769 2.578
C1910TS438_2 0.86069 2.5625 4.1687 2.855 3.7885 5.1105 3.0327 4.2524 31.3193 7.1284 2.0912 7.1738 2.6052 3.2285 3.0811 3.1446 3.4582 3.7643 3.1417 3.2948 3.1026 3.1496 3.0747 3.174 3.3619 3.2779 2.9063 3.2589 3.0755 2.7937 2.8867 3.0094 3.1783 2.9597 6.9054 inf 3.6971 4.0637 3.9125 3.0104 3.0424 3.3083 2.8741 inf
C1910TS438_3 0.86065 3.0899 2.9271 3.049 3.14 3.0211 3.1054 2.9678 2.8436 3.2058 inf 2.9105 3.1277 3.0468 3.0885 3.0817 3.0724 3.0968 3.0926 3.0905 3.0972 3.0859 3.0945 3.0987 3.1073 3.0846 3.0721 3.0976 3.1022 3.0872 3.0968 3.083 3.0793 3.0677 3.0362 3.1421 3.0535 2.9366 2.9868 3.051 3.0023 3.0102 2.946 3.1554
C1910TS438_4 0.8634 2.5793 2.5764 2.5761 2.5776 2.5746 2.5746 2.5721 2.5689 2.5824 inf inf 2.5759 2.5757 2.5757 2.5757 2.5759 2.5761 2.5762 2.5759 2.5762 2.5758 2.5754 2.5762 2.576 2.576 2.5762 2.5753 2.5756 2.5759 2.576 2.5758 2.576 2.5761 2.5747 2.5753 2.5751 2.5757 2.576 2.5755 2.5761 2.5764 2.575 2.5779
C1910TS438_5 0.85898 2.3849 2.3825 2.382 2.3806 2.382 2.3798 2.3813 2.3828 2.3802 inf inf inf 2.3821 2.3822 2.3823 2.3819 2.382 2.3819 2.3822 2.3822 2.3821 2.3822 2.3818 2.3827 2.3817 2.3819 2.3815 2.3823 2.3822 2.3822 2.3822 2.3821 2.3822 2.3822 2.3829 2.3796 2.3799 2.382 2.3828 2.3829 2.383 2.3823 2.3836
END



