PFRMAT QA
TARGET C1910
AUTHOR 1075-3222-5762
REMARK Local scores were converted to distances
METHOD VoroMQA-dark
METHOD -------------
MODEL 2
QMODE 2
C1910TS414_3 0.704 1.93 1.87 1.68 1.45 1.18 0.98 0.84 0.84 0.81 0.75 0.62 0.00 0.00 0.00 0.00 0.00 0.00 0.00 0.00 0.00
0.00 0.00 0.00 0.00 0.00 0.00 0.00 0.00 0.00 0.00 0.00 0.00 0.00 0.00 0.13 0.95 1.38 1.88 2.40 2.85
3.07 3.23 3.29
C1910TS309_1 0.681 2.91 2.70 2.35 1.97 1.60 1.40 1.14 0.97 0.71 0.31 0.00 0.00 0.00 0.00 0.00 0.00 0.00 0.00 0.00 0.00
0.00 0.00 0.00 0.00 0.00 0.00 0.00 0.00 0.00 0.00 0.00 0.00 0.10 0.42 0.61 0.74 0.78 0.87 1.04 1.27
1.60 1.85 2.07
C1910TS210_4 0.681 4.71 4.21 3.52 2.88 2.25 1.68 1.38 1.13 0.81 0.59 0.40 0.00 0.00 0.00 0.00 0.00 0.00 0.00 0.00 0.00
0.00 0.00 0.00 0.00 0.00 0.00 0.00 0.00 0.00 0.00 0.00 0.00 0.00 0.00 0.52 1.06 1.46 1.92 2.42 2.82
3.04 3.21 3.33
C1910TS405_3 0.680 4.05 3.75 3.31 2.76 2.23 1.74 1.43 1.21 1.00 0.80 0.65 0.00 0.00 0.00 0.00 0.00 0.00 0.00 0.00 0.00
0.00 0.00 0.00 0.00 0.00 0.00 0.00 0.00 0.00 0.00 0.00 0.00 0.00 0.00 0.39 1.02 1.45 1.91 2.43 2.82
3.01 3.14 3.22
C1910TS210_5 0.679 4.11 3.69 3.10 2.58 2.05 1.53 1.25 1.02 0.68 0.52 0.37 0.00 0.00 0.00 0.00 0.00 0.00 0.00 0.00 0.00
0.00 0.00 0.00 0.00 0.00 0.00 0.00 0.00 0.00 0.00 0.00 0.00 0.00 0.00 0.51 1.09 1.47 1.92 2.39 2.78
2.96 3.09 3.15
C1910TS210_2 0.675 3.96 3.60 3.11 2.63 2.14 1.72 1.49 1.32 1.09 0.92 0.81 0.36 0.00 0.00 0.00 0.00 0.00 0.00 0.00 0.00
0.00 0.00 0.00 0.00 0.00 0.00 0.00 0.00 0.00 0.00 0.00 0.00 0.00 0.00 0.51 1.15 1.57 2.00 2.47 2.84
3.10 3.31 3.44
C1910TS405_2 0.672 4.26 3.88 3.34 2.82 2.28 1.84 1.59 1.43 1.21 1.06 0.96 0.61 0.00 0.00 0.00 0.00 0.00 0.00 0.00 0.00
0.00 0.00 0.00 0.00 0.00 0.00 0.00 0.00 0.00 0.00 0.00 0.00 0.00 0.00 0.30 1.10 1.55 2.02 2.52 2.87
3.13 3.34 3.46
C1910TS405_4 0.671 4.12 3.76 3.21 2.59 2.00 1.47 1.20 1.04 0.88 0.82 0.75 0.33 0.00 0.00 0.00 0.00 0.00 0.00 0.00 0.00
0.00 0.00 0.00 0.00 0.00 0.00 0.00 0.00 0.00 0.00 0.00 0.00 0.00 0.00 0.41 1.07 1.47 1.93 2.46 2.91
3.11 3.26 3.30
C1910TS414_4 0.668 3.68 3.29 2.84 2.51 2.26 1.98 1.87 1.72 1.43 1.26 1.16 0.77 0.00 0.00 0.00 0.00 0.00 0.00 0.00 0.00
0.00 0.00 0.00 0.00 0.00 0.00 0.00 0.00 0.00 0.00 0.00 0.00 0.00 0.00 0.61 1.16 1.56 2.04 2.51 2.97
3.16 3.28 3.32
C1910TS210_3 0.663 4.77 4.27 3.60 2.97 2.37 1.94 1.70 1.55 1.35 1.21 1.08 0.74 0.00 0.00 0.00 0.00 0.00 0.00 0.00 0.00
0.00 0.00 0.00 0.00 0.00 0.00 0.00 0.00 0.00 0.00 0.00 0.00 0.00 0.00 0.59 1.20 1.59 2.01 2.47 2.84
3.16 3.43 3.62
C1910TS405_1 0.662 3.95 3.65 3.19 2.73 2.28 1.89 1.66 1.52 1.33 1.22 1.15 0.90 0.36 0.00 0.00 0.00 0.00 0.00 0.00 0.00
0.00 0.00 0.00 0.00 0.00 0.00 0.00 0.00 0.00 0.00 0.00 0.00 0.00 0.00 0.52 1.18 1.60 2.02 2.54 2.92
3.14 3.31 3.37
C1910TS273_1 0.659 2.39 2.37 2.17 1.91 1.55 1.15 0.93 0.89 0.83 0.90 0.94 0.71 0.46 0.12 0.00 0.00 0.00 0.15 0.00 0.00
0.00 0.28 0.37 0.49 0.54 0.46 0.00 0.12 0.00 0.00 0.00 0.00 0.00 0.00 0.40 0.67 0.92 1.08 1.20 1.40
1.73 1.94 2.17
C1910TS131_4 0.642 3.40 3.32 3.13 2.97 2.90 2.84 2.86 2.96 2.91 2.76 2.54 1.92 1.17 0.00 0.00 0.00 0.00 0.00 0.00 0.00
0.00 0.00 0.00 0.00 0.00 0.00 0.00 0.00 0.00 0.00 0.00 0.00 0.00 0.00 0.22 0.99 1.42 1.89 2.40 2.80
3.01 3.18 3.29
C1910TS131_3 0.642 3.40 3.33 3.13 2.97 2.90 2.84 2.86 2.96 2.91 2.76 2.54 1.92 1.17 0.00 0.00 0.00 0.00 0.00 0.00 0.00
0.00 0.00 0.00 0.00 0.00 0.00 0.00 0.00 0.00 0.00 0.00 0.00 0.00 0.00 0.25 1.00 1.42 1.90 2.40 2.80
3.01 3.18 3.29
C1910TS131_1 0.642 3.39 3.32 3.13 2.96 2.90 2.84 2.86 2.97 2.92 2.77 2.55 1.93 1.18 0.00 0.00 0.00 0.00 0.00 0.00 0.00
0.00 0.00 0.00 0.00 0.00 0.00 0.00 0.00 0.00 0.00 0.00 0.00 0.00 0.00 0.00 0.92 1.38 1.89 2.47 2.94
3.19 3.36 3.47
C1910TS131_5 0.641 3.22 3.16 3.00 2.87 2.83 2.80 2.84 2.99 3.00 2.89 2.69 2.07 1.30 0.18 0.00 0.00 0.00 0.00 0.00 0.00
0.00 0.00 0.00 0.00 0.00 0.00 0.00 0.00 0.00 0.00 0.00 0.00 0.00 0.00 0.22 0.99 1.42 1.89 2.40 2.81
3.02 3.19 3.30
C1910TS131_2 0.641 3.25 3.20 3.04 2.91 2.87 2.83 2.85 2.98 2.95 2.83 2.63 2.02 1.26 0.00 0.00 0.00 0.00 0.00 0.00 0.00
0.00 0.00 0.00 0.00 0.00 0.00 0.00 0.00 0.00 0.00 0.00 0.00 0.00 0.00 0.26 1.02 1.42 1.86 2.34 2.73
2.96 3.15 3.26
C1910TS414_2 0.639 3.28 3.28 3.14 3.02 2.79 2.62 2.56 2.58 2.52 2.54 2.46 2.11 1.64 1.13 0.25 0.00 0.00 0.00 0.00 0.00
0.00 0.00 0.00 0.00 0.00 0.00 0.00 0.00 0.00 0.00 0.00 0.00 0.00 0.30 0.98 1.48 1.78 2.10 2.42 2.70
2.78 2.80 2.73
C1910TS152_5 0.636 1.01 0.92 0.73 0.62 0.60 0.47 0.52 0.70 0.77 0.92 1.10 1.19 1.25 1.33 1.39 1.39 1.39 1.42 1.33 1.17
1.08 1.09 1.08 1.07 1.15 1.04 0.94 0.85 0.49 0.00 0.00 0.00 0.47 0.93 1.23 1.42 1.49 1.47 1.57 1.82
2.20 2.50 2.79
C1910TS213_3 0.635 2.30 2.23 2.00 1.75 1.51 1.21 1.07 1.13 1.10 1.11 1.14 0.99 0.82 0.83 0.89 0.94 1.05 1.16 1.14 1.16
1.19 1.23 1.24 1.26 1.24 1.19 1.11 1.14 1.00 0.76 0.35 0.00 0.00 0.00 0.47 0.67 0.75 0.80 0.96 1.21
1.58 1.84 2.09
C1910TS066_1 0.635 3.08 3.11 3.09 3.08 3.02 2.92 2.84 2.85 2.82 2.78 2.65 2.18 1.49 0.65 0.00 0.00 0.00 0.00 0.00 0.00
0.00 0.00 0.00 0.00 0.00 0.00 0.00 0.00 0.00 0.00 0.00 0.00 0.00 0.00 0.46 1.11 1.52 1.98 2.48 2.91
3.11 3.28 3.34
C1910TS123_2 0.634 3.13 3.02 2.86 2.63 2.26 1.99 1.82 1.65 1.47 1.37 1.29 1.02 0.57 0.00 0.00 0.00 0.00 0.00 0.00 0.00
0.00 0.00 0.00 0.00 0.00 0.00 0.00 0.00 0.00 0.49 0.75 1.03 1.25 1.49 1.70 1.93 1.97 2.06 2.34 2.77
3.19 3.58 3.93
C1910TS123_1 0.634 3.13 3.02 2.86 2.63 2.26 1.99 1.82 1.65 1.47 1.37 1.29 1.02 0.57 0.00 0.00 0.00 0.00 0.00 0.00 0.00
0.00 0.00 0.00 0.00 0.00 0.00 0.00 0.00 0.00 0.49 0.75 1.03 1.25 1.49 1.70 1.93 1.97 2.06 2.34 2.77
3.19 3.58 3.93
C1910TS213_2 0.633 2.31 2.24 2.01 1.77 1.53 1.22 1.09 1.15 1.12 1.13 1.16 1.02 0.85 0.86 0.92 0.97 1.08 1.17 1.15 1.16
1.20 1.23 1.24 1.27 1.25 1.20 1.13 1.15 1.01 0.77 0.38 0.00 0.00 0.00 0.53 0.71 0.79 0.84 0.99 1.23
1.60 1.85 2.10
C1910TS213_4 0.632 2.32 2.21 1.99 1.75 1.53 1.25 1.16 1.20 1.17 1.18 1.19 1.00 0.79 0.75 0.78 0.85 1.03 1.21 1.33 1.43
1.49 1.51 1.49 1.45 1.44 1.36 1.21 1.13 0.93 0.66 0.26 0.00 0.00 0.00 0.51 0.68 0.70 0.73 0.79 1.00
1.40 1.66 1.90
C1910TS405_5 0.631 4.53 4.01 3.57 3.09 2.81 2.50 2.20 2.00 1.77 1.57 1.45 1.16 0.68 0.00 0.00 0.00 0.00 0.00 0.00 0.00
0.00 0.00 0.00 0.00 0.00 0.00 0.00 0.00 0.00 0.00 0.00 0.00 0.00 0.00 0.35 1.00 1.42 1.87 2.36 2.72
2.90 3.06 3.15
C1910TS213_1 0.628 2.04 2.01 1.86 1.69 1.54 1.25 1.15 1.17 1.15 1.21 1.31 1.21 1.06 0.96 0.91 0.95 1.10 1.28 1.33 1.34
1.33 1.41 1.45 1.47 1.45 1.37 1.23 1.23 1.09 0.86 0.51 0.00 0.00 0.24 0.67 0.83 0.92 0.98 1.08 1.24
1.51 1.66 1.82
C1910TS182_1 0.628 7.09 5.27 4.01 3.01 2.43 2.08 1.74 1.40 0.98 0.48 0.00 0.00 0.00 0.00 0.00 0.00 0.00 0.00 0.00 0.00
0.00 0.00 0.00 0.00 0.00 0.00 0.00 0.00 0.00 0.00 0.00 0.00 0.50 1.03 1.38 1.98 2.74 3.80 5.40 7.77
6.99 6.06 5.42
C1910TS230_5 0.625 2.30 2.24 2.03 1.80 1.58 1.32 1.20 1.24 1.21 1.21 1.27 1.18 1.04 1.03 1.05 1.05 1.12 1.21 1.18 1.20
1.23 1.27 1.28 1.31 1.32 1.28 1.22 1.26 1.13 0.91 0.60 0.24 0.00 0.40 0.74 0.91 0.98 1.03 1.17 1.40
1.67 1.85 2.00
C1910TS369_1 0.623 3.14 3.09 2.94 2.81 2.77 2.73 2.76 2.89 2.90 2.83 2.70 2.12 1.40 0.47 0.00 0.00 0.00 0.00 0.00 0.00
0.00 0.00 0.00 0.00 0.00 0.00 0.00 0.00 0.00 0.00 0.00 0.00 0.00 0.71 1.16 1.53 1.74 1.97 2.27 2.50
2.75 2.96 3.12
C1910TS369_3 0.622 3.15 3.10 2.95 2.81 2.77 2.74 2.77 2.89 2.89 2.81 2.68 2.12 1.42 0.55 0.00 0.00 0.00 0.00 0.00 0.00
0.00 0.00 0.00 0.00 0.00 0.00 0.00 0.00 0.00 0.00 0.00 0.00 0.00 0.63 1.08 1.46 1.73 2.02 2.37 2.67
2.93 3.15 3.30
C1910TS301_1 0.622 3.20 2.85 2.40 1.88 1.58 1.16 0.94 0.77 0.56 0.31 0.00 0.00 0.00 0.00 0.00 0.00 0.00 0.00 0.00 0.00
0.00 0.00 0.00 0.00 0.00 0.00 0.50 1.32 1.85 2.41 2.75 2.71 2.76 2.69 2.61 2.58 2.46 2.47 2.61 2.71
2.92 3.08 3.15
C1910TS044_1 0.622 3.20 2.85 2.40 1.88 1.58 1.16 0.94 0.77 0.56 0.31 0.00 0.00 0.00 0.00 0.00 0.00 0.00 0.00 0.00 0.00
0.00 0.00 0.00 0.00 0.00 0.00 0.50 1.32 1.85 2.41 2.75 2.71 2.76 2.69 2.61 2.58 2.46 2.47 2.61 2.71
2.92 3.08 3.15
C1910TS359_1 0.621 4.16 3.94 3.66 3.42 3.28 3.21 3.18 3.23 3.18 3.12 3.01 2.46 1.71 0.85 0.00 0.00 0.00 0.00 0.00 0.00
0.00 0.00 0.00 0.00 0.00 0.00 0.00 0.00 0.00 0.00 0.00 0.00 0.00 0.00 0.75 1.29 1.74 2.18 2.61 2.92
3.14 3.30 3.51
C1910TS087_2 0.620 1.66 1.56 1.43 1.23 1.16 0.98 0.82 0.92 1.09 1.26 1.44 1.42 1.23 1.15 1.06 0.93 0.89 0.88 0.83 0.86
0.91 0.92 1.06 1.16 1.24 1.23 1.21 1.17 1.08 1.07 1.03 1.11 1.32 1.65 1.84 1.99 1.99 1.91 1.81 1.75
1.72 1.71 1.77
C1910TS213_5 0.619 2.18 2.11 1.94 1.74 1.55 1.29 1.20 1.22 1.20 1.22 1.28 1.15 1.07 1.11 1.17 1.22 1.32 1.42 1.40 1.40
1.43 1.49 1.51 1.56 1.55 1.50 1.38 1.38 1.22 1.02 0.78 0.59 0.49 0.67 0.91 0.95 0.93 0.89 0.92 1.09
1.49 1.73 1.97
C1910TS215_4 0.614 1.59 1.50 1.36 1.17 1.00 0.86 0.85 1.01 1.17 1.25 1.28 1.21 1.13 1.16 1.29 1.34 1.39 1.37 1.25 1.15
1.04 0.96 0.98 0.97 0.97 1.02 1.09 1.09 0.94 0.82 0.50 0.31 0.71 1.10 1.47 1.94 2.20 2.26 2.28 2.35
2.53 2.77 3.11
C1910TS240_2 0.609 2.96 2.84 2.59 2.37 2.14 1.94 1.80 1.69 1.54 1.45 1.36 1.09 0.64 0.00 0.00 0.00 0.00 0.00 0.00 0.00
0.00 0.00 0.00 0.00 0.00 0.00 0.00 0.25 0.97 1.38 1.54 1.81 2.13 2.54 3.04 3.71 3.98 4.20 4.45 4.71
4.53 4.57 4.37
C1910TS240_5 0.608 3.12 3.05 2.85 2.64 2.36 2.12 1.97 1.84 1.64 1.45 1.34 0.96 0.23 0.00 0.00 0.00 0.00 0.00 0.00 0.00
0.00 0.00 0.00 0.00 0.00 0.00 0.00 0.36 1.00 1.40 1.53 1.77 2.06 2.46 2.97 3.64 3.88 4.06 4.27 4.48
4.35 4.37 4.16
C1910TS414_5 0.606 5.09 4.82 4.31 3.95 3.66 3.34 3.27 3.30 3.12 3.05 2.90 2.42 1.89 1.39 0.71 0.00 0.00 0.00 0.00 0.00
0.00 0.00 0.00 0.00 0.00 0.00 0.00 0.00 0.00 0.00 0.00 0.20 0.65 1.05 1.40 1.75 1.89 2.07 2.26 2.51
2.63 2.72 2.66
C1910TS240_1 0.605 2.92 2.80 2.60 2.43 2.26 2.14 2.05 2.00 1.92 1.87 1.81 1.54 1.14 0.65 0.00 0.00 0.00 0.00 0.00 0.00
0.00 0.00 0.00 0.00 0.00 0.00 0.00 0.38 0.81 1.11 1.18 1.42 1.80 2.29 2.81 3.35 3.49 3.54 3.76 4.19
4.29 4.43 4.33
C1910TS230_4 0.603 1.59 1.44 1.24 1.14 1.05 1.06 1.16 1.33 1.39 1.46 1.60 1.66 1.69 1.80 1.93 1.90 1.90 1.92 1.82 1.66
1.60 1.60 1.58 1.61 1.67 1.57 1.44 1.33 1.03 0.67 0.39 0.30 0.62 0.93 1.23 1.34 1.34 1.26 1.33 1.53
1.95 2.27 2.60
C1910TS240_4 0.601 2.96 2.82 2.60 2.37 2.13 1.98 1.88 1.80 1.65 1.51 1.45 1.14 0.65 0.00 0.00 0.00 0.00 0.00 0.00 0.00
0.00 0.00 0.00 0.00 0.00 0.00 0.00 0.67 1.07 1.35 1.40 1.64 1.97 2.39 2.86 3.43 3.58 3.76 4.02 4.33
4.22 4.25 4.00
C1910TS247_3 0.596 3.76 3.72 3.49 3.30 3.11 2.98 2.99 3.12 3.14 3.17 3.12 2.54 1.81 1.07 0.00 0.00 0.00 0.00 0.00 0.00
0.00 0.00 0.00 0.00 0.00 0.00 0.00 0.00 0.00 0.00 0.00 0.12 0.76 1.13 1.38 1.68 1.86 2.11 2.48 2.92
3.26 3.53 3.67
C1910TS345_2 0.593 2.57 2.49 2.37 2.24 2.20 2.09 1.91 1.74 1.57 1.37 1.34 1.34 1.27 1.33 1.45 1.47 1.42 1.35 1.18 1.09
1.14 1.32 1.47 1.57 1.63 1.59 1.58 1.58 1.45 1.37 1.21 1.08 1.13 1.23 1.36 1.46 1.41 1.42 1.47 1.47
1.64 1.76 1.81
C1910TS309_3 0.593 2.89 2.49 2.07 1.61 1.22 0.97 0.66 0.37 0.00 0.00 0.00 0.00 0.00 0.00 0.00 0.00 0.00 0.00 0.00 0.00
0.00 0.00 0.00 0.95 1.63 2.20 2.72 3.07 3.12 3.20 3.10 2.99 3.01 3.00 2.96 3.00 2.99 3.08 3.30 3.69
4.15 4.57 5.00
C1910TS345_3 0.591 2.82 2.96 2.84 2.66 2.31 1.92 1.59 1.45 1.35 1.28 1.39 1.48 1.45 1.44 1.50 1.46 1.43 1.46 1.27 1.15
1.05 1.04 1.08 1.21 1.26 1.32 1.43 1.59 1.48 1.30 1.04 0.77 0.70 0.91 1.10 1.27 1.45 1.73 2.04 2.29
2.39 2.36 2.27
C1910TS299_2 0.591 4.36 3.95 3.40 2.85 2.32 1.84 1.56 1.32 1.03 0.84 0.77 0.46 0.00 0.00 0.00 0.00 0.00 0.00 0.00 0.00
0.00 0.00 0.00 0.48 0.81 1.14 1.48 1.83 2.00 2.21 2.36 2.52 2.72 2.81 2.79 2.72 2.55 2.45 2.49 2.55
2.77 2.95 3.10
C1910TS278_2 0.591 4.36 3.95 3.40 2.85 2.32 1.84 1.56 1.32 1.03 0.84 0.77 0.46 0.00 0.00 0.00 0.00 0.00 0.00 0.00 0.00
0.00 0.00 0.00 0.48 0.81 1.14 1.48 1.83 2.00 2.21 2.36 2.52 2.72 2.81 2.79 2.72 2.55 2.45 2.49 2.55
2.77 2.95 3.10
C1910TS369_2 0.589 3.16 3.12 2.97 2.83 2.78 2.73 2.62 2.50 2.25 1.97 1.68 1.32 0.89 0.42 0.00 0.00 0.00 0.00 0.00 0.23
0.39 0.62 0.79 0.97 1.07 1.16 1.18 1.19 1.04 0.92 0.76 0.83 1.04 1.27 1.51 1.79 1.91 2.09 2.32 2.51
2.76 2.98 3.15
C1910TS087_3 0.587 2.13 2.11 2.10 2.11 2.16 2.18 2.20 2.22 2.27 2.23 2.13 1.69 1.04 0.00 0.00 0.00 0.00 0.00 0.00 0.00
0.00 0.00 0.00 0.00 0.00 0.81 1.13 1.49 1.60 1.77 1.79 1.86 2.05 2.49 2.80 3.32 3.75 4.09 4.50 5.00
4.71 4.39 4.04
C1910TS299_1 0.584 4.33 3.91 3.36 2.81 2.26 1.76 1.47 1.20 0.88 0.70 0.66 0.32 0.00 0.00 0.00 0.00 0.00 0.00 0.00 0.00
0.00 0.00 0.62 0.85 1.13 1.43 1.77 2.13 2.28 2.46 2.56 2.67 2.81 2.87 2.83 2.76 2.60 2.51 2.55 2.60
2.83 3.02 3.17
C1910TS278_1 0.584 4.33 3.91 3.36 2.81 2.26 1.76 1.47 1.20 0.88 0.70 0.66 0.32 0.00 0.00 0.00 0.00 0.00 0.00 0.00 0.00
0.00 0.00 0.62 0.85 1.13 1.43 1.77 2.13 2.28 2.46 2.56 2.67 2.81 2.87 2.83 2.76 2.60 2.51 2.55 2.60
2.83 3.02 3.17
C1910TS210_1 0.583 4.34 3.83 3.24 2.66 2.11 1.59 1.29 1.01 0.70 0.54 0.55 0.18 0.00 0.00 0.00 0.00 0.00 0.00 0.00 0.00
0.00 0.70 0.98 1.13 1.35 1.61 1.91 2.21 2.28 2.40 2.44 2.49 2.64 2.70 2.68 2.64 2.52 2.48 2.57 2.66
2.90 3.08 3.22
C1910TS414_1 0.576 3.09 2.68 2.25 1.81 1.45 0.94 0.67 0.33 0.00 0.00 0.00 0.00 0.00 0.00 0.00 0.00 0.00 0.00 0.00 0.00
0.78 1.44 1.87 2.12 2.36 2.59 2.87 3.28 3.39 3.44 3.25 3.04 2.92 2.78 2.68 2.63 2.51 2.51 2.70 2.85
3.08 3.27 3.33
C1910TS228_3 0.573 0.34 0.00 0.00 0.00 0.00 0.00 0.00 0.00 0.00 0.00 0.00 0.00 0.00 0.00 0.00 0.00 0.00 1.11 1.65 2.00
1.93 1.86 1.81 1.81 1.87 2.11 2.48 3.02 3.49 3.79 3.87 3.80 3.75 3.64 3.60 3.49 3.40 3.40 3.54 3.56
3.69 3.74 3.80
C1910TS211_2 0.573 1.83 1.79 1.56 1.40 1.34 1.22 1.12 1.22 1.09 0.87 0.75 0.58 0.00 0.00 0.00 0.00 0.00 0.00 0.00 0.00
0.00 0.00 0.00 0.26 0.99 1.50 2.06 2.69 3.12 3.44 3.56 3.55 3.53 3.38 3.27 3.25 3.12 3.16 3.39 3.74
4.18 4.64 4.83
C1910TS123_3 0.573 2.51 2.34 2.05 1.80 1.65 1.37 1.19 1.14 0.97 0.87 0.82 0.54 0.00 0.00 0.00 0.00 0.00 0.00 0.00 0.00
0.00 0.00 0.00 0.94 1.52 2.09 2.64 2.95 3.08 3.23 3.24 3.28 3.44 3.41 3.25 3.08 2.94 2.88 2.97 3.16
3.46 3.67 3.88
C1910TS299_4 0.571 5.96 4.96 3.91 2.99 2.24 1.66 1.37 1.17 0.93 0.81 0.78 0.53 0.00 0.00 0.00 0.00 0.00 0.00 0.00 0.00
0.00 0.75 1.07 1.25 1.49 1.77 2.06 2.34 2.40 2.52 2.57 2.69 2.84 2.90 2.86 2.79 2.63 2.55 2.59 2.64
2.85 3.00 3.13
C1910TS299_3 0.571 5.96 4.96 3.91 2.99 2.23 1.65 1.36 1.16 0.92 0.80 0.77 0.52 0.00 0.00 0.00 0.00 0.00 0.00 0.00 0.00
0.00 0.72 1.05 1.23 1.48 1.76 2.07 2.36 2.44 2.56 2.62 2.73 2.89 2.94 2.89 2.80 2.63 2.54 2.58 2.63
2.84 2.99 3.12
C1910TS278_4 0.571 5.96 4.96 3.91 2.99 2.24 1.66 1.37 1.17 0.93 0.81 0.78 0.53 0.00 0.00 0.00 0.00 0.00 0.00 0.00 0.00
0.00 0.75 1.07 1.25 1.49 1.77 2.06 2.34 2.40 2.52 2.57 2.69 2.84 2.90 2.86 2.79 2.63 2.55 2.59 2.64
2.85 3.00 3.13
C1910TS278_3 0.571 5.96 4.96 3.91 2.99 2.23 1.65 1.36 1.16 0.92 0.80 0.77 0.52 0.00 0.00 0.00 0.00 0.00 0.00 0.00 0.00
0.00 0.72 1.05 1.23 1.48 1.76 2.07 2.36 2.44 2.56 2.62 2.73 2.89 2.94 2.89 2.80 2.63 2.54 2.58 2.63
2.84 2.99 3.12
C1910TS258_3 0.571 3.61 3.50 3.29 3.10 2.98 2.89 2.67 2.43 2.10 1.80 1.51 1.21 0.82 0.34 0.00 0.00 0.00 0.00 0.00 0.00
0.03 0.92 1.32 1.57 1.74 1.87 2.02 2.27 2.39 2.40 2.44 2.37 2.34 2.22 1.99 1.76 1.65 1.50 1.54 1.70
1.80 1.90 2.01
C1910TS215_2 0.571 3.69 3.46 3.15 2.82 2.48 2.24 2.04 1.97 1.85 1.69 1.65 1.56 1.40 1.32 1.41 1.45 1.53 1.68 1.70 1.51
1.42 1.35 1.26 1.19 1.29 1.40 1.51 1.56 1.53 1.44 1.29 1.24 1.20 1.09 1.05 1.17 1.38 1.63 1.92 2.32
2.58 2.73 2.92
C1910TS087_1 0.571 4.50 3.82 3.15 2.49 1.94 1.46 1.21 0.96 0.61 0.09 0.00 0.00 0.00 0.00 0.00 0.00 0.00 0.00 0.00 0.00
0.00 0.41 0.94 1.19 1.43 1.71 2.09 2.51 2.71 2.87 2.84 2.79 2.84 2.89 2.92 3.00 3.07 3.32 3.73 4.37
5.05 5.54 5.74
C1910TS240_3 0.570 4.68 4.42 4.03 3.69 3.49 3.39 3.29 3.21 3.02 2.79 2.59 2.04 1.33 0.00 0.00 0.00 0.00 0.00 0.00 0.00
0.00 0.00 0.00 0.00 0.00 0.00 0.00 0.82 1.10 1.32 1.36 1.61 2.08 2.70 3.28 3.79 3.82 3.75 3.98 4.52
4.76 4.91 4.78
C1910TS073_4 0.570 2.02 1.95 1.89 1.77 1.77 1.74 1.79 1.89 2.04 2.10 2.10 1.96 1.78 1.63 1.58 1.53 1.54 1.55 1.47 1.43
1.40 1.35 1.43 1.50 1.54 1.57 1.54 1.55 1.61 1.65 1.69 1.69 1.78 1.89 1.99 1.97 1.97 1.94 1.99 2.06
2.21 2.23 2.27
C1910TS438_4 0.568 4.39 4.14 3.75 3.21 2.70 2.18 1.78 1.44 1.21 1.04 0.96 0.87 0.79 0.71 0.67 0.82 1.07 1.38 1.57 1.68
1.61 1.56 1.52 1.55 1.64 1.72 1.80 1.90 1.82 1.74 1.64 1.59 1.62 1.67 1.74 1.81 1.80 1.83 1.95 2.06
2.32 2.53 2.72
C1910TS345_1 0.568 3.07 2.84 2.52 2.18 1.96 1.76 1.63 1.61 1.58 1.55 1.54 1.45 1.31 1.20 1.16 1.18 1.35 1.50 1.47 1.35
1.23 1.25 1.40 1.51 1.62 1.64 1.62 1.70 1.67 1.56 1.46 1.52 1.72 2.01 2.27 2.49 2.53 2.46 2.41 2.35
2.29 2.30 2.36
C1910TS309_5 0.567 3.36 3.26 3.17 3.06 2.99 2.95 2.92 2.95 3.02 3.01 2.89 2.54 2.07 1.71 1.44 1.29 1.24 1.23 1.13 1.10
1.05 1.11 1.22 1.38 1.55 1.75 1.77 1.69 1.41 1.18 0.93 0.89 0.93 0.94 1.00 1.14 1.21 1.21 1.37 1.56
1.83 2.05 2.24
C1910TS299_5 0.566 4.76 4.11 3.38 2.69 2.09 1.66 1.40 1.22 0.99 0.89 0.87 0.66 0.18 0.00 0.00 0.00 0.00 0.00 0.00 0.00
0.00 0.69 1.01 1.19 1.43 1.69 1.98 2.26 2.35 2.49 2.58 2.71 2.87 2.93 2.91 2.90 2.82 2.80 2.88 3.10
3.52 3.92 4.35
C1910TS278_5 0.566 4.76 4.11 3.38 2.69 2.09 1.66 1.40 1.22 0.99 0.89 0.87 0.66 0.18 0.00 0.00 0.00 0.00 0.00 0.00 0.00
0.00 0.69 1.01 1.19 1.43 1.69 1.98 2.26 2.35 2.49 2.58 2.71 2.87 2.93 2.91 2.90 2.82 2.80 2.88 3.10
3.52 3.92 4.35
C1910TS215_3 0.566 2.63 2.60 2.56 2.47 2.29 2.09 1.91 1.81 1.79 1.76 1.78 1.74 1.63 1.58 1.55 1.58 1.73 1.92 1.95 1.90
1.77 1.71 1.73 1.79 1.80 1.80 1.77 1.77 1.67 1.55 1.35 1.31 1.38 1.44 1.51 1.54 1.53 1.59 1.75 1.89
2.04 2.09 2.12
C1910TS349_4 0.563 2.26 2.12 1.99 1.80 1.67 1.48 1.29 1.17 1.04 0.89 0.73 0.20 0.00 0.00 0.00 0.00 0.00 0.48 1.00 1.34
1.53 1.61 1.74 1.90 2.11 2.38 2.69 3.01 3.06 3.06 2.93 2.82 2.83 2.74 2.65 2.61 2.52 2.51 2.64 2.73
2.90 3.05 3.10
C1910TS438_5 0.561 2.58 2.46 2.27 2.11 1.88 1.64 1.46 1.31 1.10 1.09 1.11 0.97 0.65 0.00 0.00 0.00 0.00 0.00 0.00 0.00
0.91 1.47 1.82 2.01 2.19 2.38 2.63 2.92 2.95 2.98 2.87 2.77 2.78 2.71 2.64 2.64 2.54 2.53 2.71 2.85
3.07 3.25 3.34
C1910TS230_3 0.561 4.12 3.95 3.61 3.28 2.86 2.49 2.16 1.88 1.55 1.29 1.04 0.51 0.00 0.00 0.00 0.00 0.00 0.00 0.00 0.00
0.00 0.00 0.00 0.70 1.31 1.78 2.21 2.61 2.80 2.95 2.89 2.80 2.82 2.86 2.87 2.92 2.83 2.80 2.97 3.22
3.44 3.59 3.61
C1910TS349_5 0.559 2.30 2.17 2.03 1.85 1.71 1.52 1.33 1.21 1.09 0.94 0.79 0.35 0.00 0.00 0.00 0.00 0.00 0.57 1.05 1.39
1.59 1.67 1.79 1.95 2.15 2.40 2.70 3.01 3.05 3.07 2.95 2.85 2.85 2.76 2.67 2.63 2.54 2.53 2.66 2.75
2.92 3.06 3.11
C1910TS349_3 0.559 2.30 2.17 2.04 1.86 1.71 1.52 1.34 1.21 1.09 0.94 0.79 0.35 0.00 0.00 0.00 0.00 0.00 0.56 1.05 1.39
1.59 1.67 1.79 1.95 2.15 2.40 2.70 3.01 3.05 3.06 2.95 2.84 2.85 2.76 2.66 2.62 2.53 2.53 2.66 2.75
2.92 3.06 3.11
C1910TS349_2 0.559 2.30 2.17 2.03 1.85 1.71 1.52 1.33 1.21 1.09 0.94 0.78 0.34 0.00 0.00 0.00 0.00 0.00 0.58 1.07 1.40
1.60 1.68 1.81 1.97 2.18 2.44 2.75 3.08 3.11 3.11 2.97 2.85 2.85 2.75 2.65 2.61 2.51 2.51 2.64 2.73
2.90 3.04 3.10
C1910TS349_1 0.559 2.30 2.17 2.04 1.86 1.71 1.52 1.34 1.21 1.09 0.94 0.79 0.35 0.00 0.00 0.00 0.00 0.00 0.57 1.06 1.39
1.59 1.67 1.79 1.95 2.15 2.40 2.70 3.01 3.05 3.06 2.95 2.84 2.85 2.75 2.66 2.62 2.53 2.53 2.66 2.75
2.91 3.06 3.11
C1910TS215_1 0.558 2.55 2.48 2.27 2.06 1.79 1.65 1.54 1.52 1.45 1.40 1.27 1.03 0.90 0.95 1.11 1.34 1.46 1.35 1.19 1.10
0.96 0.94 0.97 1.01 1.13 1.36 1.68 2.02 2.24 2.41 2.40 2.40 2.54 2.76 2.91 3.04 2.97 2.91 2.91 3.04
3.09 3.08 3.02
C1910TS309_2 0.552 4.22 3.73 3.15 2.67 2.39 2.19 2.11 2.06 1.90 1.78 1.70 1.46 1.08 0.58 0.00 0.00 0.00 0.00 0.00 0.00
0.21 0.79 1.08 1.30 1.51 1.77 2.08 2.40 2.49 2.58 2.62 2.66 2.79 2.78 2.71 2.63 2.57 2.59 2.76 2.84
2.98 3.04 3.05
C1910TS438_1 0.544 3.32 3.09 2.79 2.51 2.14 1.80 1.61 1.42 1.19 1.18 1.18 1.05 0.82 0.32 0.00 0.00 0.00 0.00 0.00 0.26
1.07 1.61 1.96 2.12 2.31 2.54 2.87 3.21 3.28 3.33 3.16 3.01 3.01 2.93 2.86 2.84 2.69 2.63 2.75 2.87
3.11 3.30 3.41
C1910TS211_4 0.540 3.68 3.70 3.46 3.15 2.78 2.45 2.32 2.36 2.33 2.28 2.23 2.03 1.83 1.74 1.71 1.71 1.86 1.97 1.94 1.95
2.01 2.04 2.03 2.00 2.05 2.11 2.28 2.44 2.36 2.18 1.96 1.71 1.53 1.34 1.26 1.25 1.24 1.36 1.56 1.71
1.87 1.91 1.88
C1910TS258_2 0.539 3.47 3.37 3.16 2.95 2.84 2.70 2.55 2.43 2.17 1.89 1.71 1.52 1.32 1.20 1.12 1.04 1.05 1.20 1.30 1.47
1.66 1.87 1.99 2.14 2.28 2.40 2.61 2.94 3.07 3.13 3.31 3.19 2.90 2.54 2.18 1.78 1.50 1.28 1.27 1.35
1.53 1.68 1.72
C1910TS211_3 0.537 3.52 3.42 3.14 2.88 2.61 2.41 2.39 2.48 2.46 2.40 2.34 2.12 1.89 1.77 1.72 1.71 1.87 1.99 1.97 2.00
2.09 2.14 2.11 2.04 2.06 2.10 2.27 2.45 2.35 2.14 1.91 1.68 1.52 1.35 1.29 1.27 1.34 1.51 1.74 1.88
2.03 2.03 2.02
C1910TS438_3 0.536 4.25 3.86 3.38 2.81 2.24 1.81 1.54 1.39 1.29 1.25 1.24 1.12 0.83 0.40 0.00 0.00 0.00 0.00 0.00 0.77
1.32 1.86 2.28 2.50 2.69 2.85 3.02 3.24 3.23 3.21 3.02 2.85 2.79 2.67 2.59 2.57 2.47 2.48 2.66 2.79
3.03 3.23 3.33
C1910TS369_5 0.536 3.12 3.07 2.94 2.84 2.80 2.75 2.74 2.76 2.68 2.53 2.32 2.01 1.65 1.40 1.19 1.10 1.08 1.10 1.01 1.00
1.01 1.12 1.25 1.44 1.62 1.78 1.98 2.20 2.20 2.21 2.10 2.08 2.15 2.20 2.22 2.30 2.25 2.29 2.48 2.63
2.92 3.13 3.32
C1910TS073_5 0.536 2.43 2.29 2.16 1.93 1.82 1.81 1.87 1.94 2.12 2.16 2.11 2.05 1.93 1.85 1.91 1.96 2.03 2.09 1.97 1.96
1.96 1.96 2.05 2.15 2.25 2.39 2.49 2.58 2.47 2.31 2.20 2.10 2.07 2.09 2.09 2.06 2.06 2.03 2.03 2.05
2.11 2.13 2.22
C1910TS211_5 0.534 3.74 3.60 3.26 2.94 2.59 2.42 2.41 2.52 2.51 2.41 2.31 2.06 1.83 1.73 1.73 1.76 1.93 2.03 1.99 2.00
2.05 2.08 2.09 2.06 2.10 2.16 2.31 2.50 2.46 2.29 2.06 1.83 1.61 1.41 1.31 1.28 1.27 1.44 1.69 1.86
2.05 2.12 2.13
C1910TS247_2 0.533 5.76 5.06 4.24 3.46 2.78 2.21 1.87 1.61 1.36 1.18 1.13 0.90 0.45 0.00 0.00 0.00 0.00 0.00 0.00 0.65
1.12 1.57 1.90 2.11 2.34 2.54 2.81 3.16 3.22 3.26 3.14 2.96 2.87 2.73 2.61 2.57 2.52 2.58 2.76 2.86
3.09 3.26 3.37
C1910TS158_1 0.531 2.02 2.15 2.28 2.62 2.85 2.90 2.87 2.74 2.47 2.28 2.10 1.89 1.58 1.35 1.19 1.09 1.01 0.99 0.86 0.78
0.74 0.82 0.92 1.03 1.19 1.40 1.77 2.21 2.43 2.54 2.46 2.40 2.51 2.70 2.90 3.15 3.23 3.31 3.47 3.57
3.72 3.86 3.99
C1910TS073_1 0.531 2.14 2.10 2.05 2.00 1.93 1.81 1.81 1.90 2.08 2.24 2.33 2.30 2.23 2.21 2.36 2.30 2.18 2.07 1.84 1.77
1.85 1.93 2.06 2.16 2.31 2.43 2.52 2.52 2.39 2.20 2.14 2.05 2.00 2.03 2.08 2.08 2.19 2.21 2.10 2.13
2.26 2.31 2.49
C1910TS413_5 0.530 3.74 3.50 3.20 2.82 2.43 2.01 1.80 1.65 1.54 1.52 1.53 1.35 1.08 0.76 0.26 0.00 0.00 0.00 0.00 0.70
1.23 1.74 2.13 2.36 2.60 2.80 3.05 3.30 3.24 3.19 3.03 2.89 2.87 2.81 2.77 2.74 2.61 2.56 2.68 2.82
3.07 3.27 3.39
C1910TS152_3 0.528 2.58 2.48 2.31 2.08 1.74 1.48 1.21 1.03 0.95 0.86 0.76 0.44 0.00 0.00 0.00 0.00 0.00 0.00 0.85 1.22
1.46 1.53 1.69 1.92 2.19 2.47 2.79 3.11 3.11 3.17 3.16 3.13 3.24 3.46 3.52 3.83 4.33 4.88 5.80 7.29
7.13 6.75 6.34
C1910TS003_2 0.527 3.30 3.28 3.12 3.11 3.16 3.38 3.68 4.08 4.25 4.38 4.48 4.31 3.47 2.66 2.01 1.52 1.27 1.31 1.24 1.22
1.19 1.24 1.25 1.24 1.12 1.04 0.94 0.91 0.87 0.79 0.75 0.91 1.12 1.30 1.58 1.83 2.10 2.40 2.81 3.28
3.64 3.89 4.06
C1910TS413_3 0.526 3.94 3.76 3.44 3.13 2.72 2.31 2.09 1.96 1.84 1.88 1.85 1.62 1.28 0.89 0.33 0.00 0.00 0.00 0.00 0.51
1.11 1.60 1.93 2.10 2.30 2.53 2.82 3.15 3.21 3.21 3.04 2.89 2.85 2.73 2.64 2.61 2.50 2.50 2.73 2.95
3.22 3.42 3.50
C1910TS196_1 0.526 4.29 4.07 3.74 3.39 3.10 2.95 2.89 2.95 2.92 2.84 2.67 2.34 1.93 1.63 1.33 1.10 0.91 0.75 0.50 0.37
0.30 0.40 0.57 0.82 1.10 1.40 1.75 2.11 2.27 2.47 2.58 2.70 2.84 2.89 2.84 2.76 2.58 2.48 2.51 2.56
2.78 2.97 3.12
C1910TS413_4 0.525 3.36 3.28 3.08 2.78 2.41 2.03 1.83 1.72 1.64 1.63 1.61 1.47 1.28 1.04 0.79 0.55 0.31 0.23 0.56 0.98
1.46 1.97 2.40 2.65 2.87 3.01 3.11 3.25 3.17 3.11 2.93 2.78 2.73 2.62 2.56 2.57 2.49 2.49 2.67 2.83
3.06 3.24 3.33
C1910TS054_1 0.525 2.54 2.58 2.58 2.61 2.55 2.41 2.26 2.14 1.98 1.85 1.71 1.49 1.13 0.99 0.98 1.10 1.31 1.43 1.29 1.20
1.15 1.26 1.46 1.67 1.87 2.05 2.10 2.11 2.01 2.04 2.08 2.27 2.53 2.76 2.84 2.97 3.06 3.26 3.92 4.78
5.31 5.52 5.29
C1910TS413_1 0.523 3.48 3.28 3.02 2.76 2.52 2.21 2.02 1.84 1.67 1.60 1.59 1.39 1.07 0.64 0.00 0.00 0.00 0.00 0.00 0.78
1.43 2.02 2.48 2.74 2.92 3.06 3.28 3.56 3.56 3.54 3.33 3.15 3.05 2.88 2.76 2.70 2.56 2.53 2.66 2.77
3.01 3.21 3.35
C1910TS258_5 0.523 3.21 3.32 3.25 3.17 3.13 3.03 2.97 3.02 2.94 2.77 2.57 2.27 1.95 1.65 1.36 1.12 0.91 0.75 0.50 0.15
0.00 0.48 0.83 1.18 1.51 1.74 2.00 2.30 2.64 2.90 2.96 2.89 2.88 2.77 2.81 2.83 2.63 2.49 2.54 2.62
2.82 3.00 3.07
C1910TS158_5 0.521 2.80 2.66 2.49 2.34 2.31 2.19 2.06 2.03 1.98 1.93 1.98 1.76 1.35 0.85 0.00 0.00 0.00 0.56 0.84 1.01
1.08 1.23 1.40 1.59 1.79 2.00 2.37 2.77 2.89 3.08 3.10 3.10 3.35 3.57 3.63 3.66 3.53 3.54 3.72 3.85
4.02 4.07 3.96
C1910TS228_2 0.520 3.41 3.38 3.19 3.02 2.94 2.81 2.79 2.91 2.96 3.01 3.12 2.92 2.51 2.24 2.03 1.86 1.81 1.74 1.51 1.54
1.65 1.79 1.93 2.07 2.06 2.06 2.13 2.16 2.07 2.03 2.01 2.00 2.11 2.12 2.07 1.94 1.81 1.82 1.89 1.91
2.04 2.13 2.19
C1910TS413_2 0.517 3.43 3.37 3.18 3.00 2.77 2.51 2.39 2.25 2.03 1.98 1.96 1.86 1.75 1.54 1.29 1.05 0.82 0.62 0.52 0.68
1.06 1.50 1.87 2.17 2.45 2.67 2.89 3.12 3.08 3.02 2.85 2.71 2.67 2.61 2.58 2.58 2.49 2.50 2.69 2.89
3.17 3.38 3.48
C1910TS404_3 0.517 2.60 2.50 2.33 2.11 1.80 1.55 1.30 1.14 1.08 1.01 0.94 0.70 0.21 0.00 0.00 0.00 0.00 0.63 1.15 1.51
1.77 1.86 2.03 2.25 2.49 2.68 2.93 3.22 3.23 3.32 3.42 3.42 3.57 3.80 3.91 4.10 4.31 4.54 5.08 5.83
5.78 5.61 5.19
C1910TS211_1 0.515 3.10 3.03 2.89 2.74 2.70 2.65 2.69 2.80 2.77 2.63 2.38 2.02 1.66 1.45 1.31 1.30 1.33 1.35 1.26 1.24
1.16 1.19 1.27 1.40 1.55 1.74 2.00 2.33 2.40 2.47 2.42 2.34 2.46 2.66 2.78 2.98 3.18 3.41 3.65 3.90
3.75 3.54 3.36
C1910TS152_1 0.515 3.10 3.05 2.90 2.78 2.75 2.68 2.65 2.67 2.57 2.41 2.20 1.83 1.43 1.17 1.01 0.98 1.03 1.05 0.96 0.95
0.99 1.15 1.33 1.56 1.79 2.01 2.32 2.70 2.79 2.84 2.72 2.59 2.64 2.76 2.81 2.97 3.14 3.37 3.68 4.06
4.03 3.88 3.76
C1910TS404_4 0.513 2.60 2.50 2.33 2.11 1.80 1.55 1.30 1.14 1.08 1.01 0.94 0.71 0.22 0.00 0.00 0.00 0.00 0.63 1.15 1.51
1.76 1.86 2.02 2.23 2.47 2.72 3.02 3.35 3.34 3.41 3.43 3.41 3.55 3.80 3.87 4.07 4.49 5.03 5.83 6.94
6.81 6.26 5.75
C1910TS404_2 0.513 2.60 2.50 2.33 2.11 1.80 1.55 1.30 1.14 1.08 1.01 0.94 0.70 0.21 0.00 0.00 0.00 0.00 0.63 1.15 1.51
1.77 1.86 2.02 2.24 2.47 2.72 3.01 3.32 3.30 3.35 3.34 3.31 3.44 3.68 3.78 4.11 4.66 5.24 6.13 7.42
7.00 6.42 5.94
C1910TS273_2 0.513 2.61 2.52 2.37 2.23 2.15 2.04 1.99 2.04 2.08 2.08 2.12 2.16 2.12 2.18 2.35 2.32 2.30 2.35 2.25 2.19
2.22 2.18 2.18 2.22 2.24 2.26 2.29 2.31 2.21 2.15 2.07 2.04 2.13 2.28 2.40 2.61 2.72 2.74 2.78 2.81
2.82 2.90 2.98
C1910TS404_1 0.512 2.60 2.50 2.33 2.11 1.80 1.55 1.30 1.14 1.08 1.01 0.94 0.70 0.21 0.00 0.00 0.00 0.00 0.63 1.15 1.51
1.77 1.86 2.02 2.24 2.47 2.71 2.99 3.29 3.26 3.30 3.29 3.27 3.41 3.66 3.76 4.16 4.76 5.41 6.44 8.01
7.56 7.09 6.60
C1910TS215_5 0.511 2.41 2.37 2.29 2.20 2.12 2.12 2.13 2.16 2.16 2.12 2.10 1.96 1.70 1.47 1.29 1.21 1.28 1.45 1.49 1.52
1.57 1.69 1.87 2.12 2.46 2.65 2.83 3.03 3.01 2.93 2.92 2.85 2.85 2.87 2.90 2.99 3.18 3.29 3.34 3.34
3.38 3.38 3.54
C1910TS258_1 0.508 4.26 4.01 3.57 3.28 3.13 2.94 2.87 2.99 2.92 2.78 2.66 2.34 1.91 1.76 1.71 1.66 1.66 1.79 1.70 1.71
1.78 1.92 2.09 2.39 2.62 2.84 3.08 3.21 3.09 2.90 2.73 2.60 2.47 2.24 2.05 1.86 1.67 1.60 1.63 1.73
1.90 2.08 2.16
C1910TS152_4 0.507 2.58 2.48 2.31 2.08 1.74 1.47 1.21 1.03 0.95 0.86 0.76 0.43 0.00 0.00 0.00 0.00 0.00 0.00 0.85 1.23
1.48 1.59 1.82 2.12 2.46 2.85 3.30 3.78 3.89 4.03 3.98 3.91 4.01 4.27 4.38 4.72 5.24 6.01 7.59 10.45
10.86 9.94 8.46
C1910TS054_5 0.506 2.57 2.57 2.58 2.63 2.66 2.62 2.52 2.39 2.22 2.12 1.98 1.74 1.37 1.19 1.13 1.26 1.46 1.56 1.39 1.26
1.16 1.19 1.33 1.52 1.72 1.92 2.18 2.53 2.72 2.92 3.01 3.04 3.23 3.40 3.52 3.61 3.62 3.66 4.11 4.69
4.85 4.82 4.56
C1910TS182_3 0.505 5.93 5.13 4.36 3.62 3.13 2.87 2.82 2.90 2.93 2.90 2.80 2.38 1.83 1.34 0.79 0.00 0.00 0.00 0.00 0.00
0.39 0.69 0.80 0.98 1.14 1.49 1.81 2.14 2.26 2.38 2.33 2.44 2.65 2.82 2.89 3.20 3.71 4.43 5.72 7.13
6.57 5.79 5.36
C1910TS054_4 0.504 2.65 2.66 2.65 2.71 2.76 2.70 2.62 2.53 2.39 2.27 2.11 1.80 1.38 1.17 1.15 1.32 1.58 1.75 1.65 1.58
1.54 1.62 1.79 1.98 2.19 2.40 2.53 2.61 2.50 2.45 2.40 2.51 2.69 2.87 2.97 3.23 3.55 3.75 3.88 4.00
3.86 3.74 3.80
C1910TS438_2 0.502 3.71 3.67 3.48 3.34 3.14 2.88 2.75 2.74 2.67 2.70 2.68 2.43 2.06 1.68 1.28 0.88 0.42 0.00 0.00 0.72
1.23 1.71 2.07 2.27 2.48 2.71 2.96 3.23 3.24 3.23 3.05 2.89 2.82 2.69 2.61 2.59 2.51 2.56 2.75 2.87
3.15 3.35 3.46
C1910TS309_4 0.501 3.06 3.03 2.92 2.81 2.73 2.62 2.59 2.67 2.78 2.96 3.15 3.05 2.78 2.55 2.23 1.94 1.70 1.44 1.16 0.99
0.83 0.77 0.97 1.23 1.53 1.76 2.05 2.38 2.53 2.65 2.74 2.72 2.77 2.88 2.86 2.87 2.95 3.11 3.36 3.61
3.77 3.85 3.87
C1910TS228_4 0.500 3.65 3.57 3.34 3.13 3.05 2.93 2.91 3.03 3.08 3.14 3.25 3.03 2.59 2.31 2.09 1.95 1.96 1.94 1.76 1.80
1.86 1.95 2.02 2.13 2.12 2.17 2.28 2.41 2.33 2.30 2.31 2.28 2.39 2.45 2.44 2.30 2.18 2.12 2.12 2.17
2.35 2.50 2.63
C1910TS010_1 0.499 2.86 2.74 2.60 2.46 2.34 2.16 2.06 2.04 2.08 2.13 2.24 2.32 2.31 2.37 2.64 2.75 2.76 2.79 2.57 2.31
2.25 2.23 2.24 2.25 2.25 2.24 2.26 2.30 2.26 2.23 2.19 2.19 2.27 2.40 2.51 2.77 2.93 2.99 3.01 3.00
2.93 3.02 3.12
C1910TS073_3 0.497 2.73 2.62 2.56 2.46 2.44 2.36 2.29 2.28 2.36 2.38 2.39 2.30 2.20 2.18 2.25 2.30 2.28 2.32 2.25 2.26
2.30 2.52 2.66 2.85 2.98 3.00 2.83 2.85 2.75 2.66 2.55 2.40 2.29 2.29 2.35 2.39 2.45 2.44 2.50 2.50
2.60 2.60 2.67
C1910TS404_5 0.495 2.60 2.50 2.33 2.11 1.80 1.55 1.30 1.14 1.08 1.01 0.94 0.71 0.22 0.00 0.00 0.00 0.00 0.63 1.15 1.52
1.79 1.92 2.14 2.41 2.67 2.98 3.37 3.83 3.96 4.13 4.10 4.03 4.15 4.41 4.54 4.90 5.45 6.22 7.80 10.61
11.25 10.51 9.18
C1910TS228_5 0.493 3.74 3.66 3.42 3.22 3.14 3.02 3.00 3.12 3.18 3.23 3.35 3.14 2.70 2.42 2.22 2.06 2.02 1.96 1.72 1.75
1.84 1.96 2.06 2.19 2.17 2.21 2.32 2.42 2.30 2.27 2.25 2.21 2.34 2.43 2.45 2.39 2.32 2.30 2.33 2.41
2.61 2.77 2.92
C1910TS369_4 0.492 3.17 3.14 2.98 2.84 2.80 2.77 2.81 2.95 2.97 2.90 2.79 2.55 2.25 2.07 1.92 1.80 1.72 1.67 1.57 1.56
1.58 1.67 1.82 2.00 2.21 2.45 2.72 3.00 3.05 3.13 3.14 3.19 3.25 3.18 3.01 2.82 2.57 2.43 2.45 2.52
2.76 2.98 3.14
C1910TS010_2 0.491 2.98 3.09 3.17 3.27 3.31 3.07 3.00 2.98 2.87 2.72 2.63 2.40 2.26 2.32 2.50 2.63 2.77 2.89 2.67 2.49
2.38 2.30 2.34 2.45 2.45 2.46 2.46 2.53 2.50 2.46 2.34 2.21 2.20 2.23 2.27 2.30 2.30 2.24 2.23 2.16
2.22 2.27 2.36
C1910TS152_2 0.489 3.89 3.79 3.53 3.29 3.08 2.94 2.84 2.87 2.84 2.77 2.67 2.41 2.04 1.79 1.65 1.57 1.57 1.59 1.53 1.53
1.58 1.69 1.86 2.05 2.26 2.47 2.74 3.06 3.13 3.17 3.06 2.93 2.90 2.82 2.76 2.74 2.66 2.66 2.81 3.00
3.24 3.44 3.55
C1910TS228_1 0.486 3.84 3.77 3.54 3.34 3.25 3.13 3.10 3.23 3.28 3.34 3.45 3.18 2.68 2.26 1.89 1.68 1.75 1.86 1.85 1.99
2.03 2.09 2.18 2.33 2.30 2.31 2.41 2.48 2.38 2.34 2.28 2.17 2.28 2.35 2.41 2.49 2.53 2.49 2.57 2.70
2.94 3.21 3.54
C1910TS182_4 0.485 4.08 4.20 4.05 3.90 3.52 3.25 3.09 3.11 3.07 3.00 2.91 2.58 2.09 1.70 1.42 1.25 1.23 1.36 1.38 1.41
1.45 1.55 1.67 1.85 2.05 2.25 2.46 2.66 2.65 2.68 2.58 2.54 2.65 2.81 2.99 3.49 4.10 4.83 4.87 4.26
3.37 2.81 2.43
C1910TS054_2 0.485 2.51 2.50 2.48 2.50 2.51 2.41 2.32 2.26 2.15 2.10 2.01 1.76 1.39 1.23 1.20 1.35 1.57 1.75 1.70 1.76
1.85 2.04 2.19 2.33 2.41 2.58 2.81 3.12 3.21 3.28 3.13 3.04 3.17 3.38 3.71 4.22 4.42 4.49 4.82 4.94
4.82 4.73 4.51
C1910TS054_3 0.483 2.56 2.54 2.53 2.56 2.58 2.53 2.46 2.40 2.30 2.22 2.08 1.80 1.44 1.35 1.44 1.68 1.98 2.17 2.09 2.05
2.03 2.16 2.38 2.62 2.83 3.01 3.15 3.35 3.37 3.38 3.26 3.16 3.21 3.28 3.31 3.41 3.49 3.48 3.62 3.74
3.68 3.59 3.51
C1910TS345_5 0.482 4.96 5.01 4.24 3.61 2.88 2.28 1.98 1.99 1.88 1.93 2.09 2.12 2.08 2.14 2.17 2.24 2.34 2.49 2.46 2.41
2.38 2.43 2.52 2.62 2.67 2.70 2.68 2.61 2.42 2.30 2.15 2.16 2.33 2.63 2.85 3.05 3.10 3.09 3.03 3.05
3.24 3.36 3.50
C1910TS258_4 0.477 3.88 3.87 3.68 3.49 3.38 3.28 3.24 3.32 3.30 3.24 3.14 2.84 2.25 1.57 0.86 0.00 0.00 0.00 0.61 1.04
1.49 1.81 2.06 2.37 2.67 2.85 3.16 3.66 4.06 4.29 4.46 4.23 3.84 3.56 3.38 3.10 3.02 2.93 2.99 3.11
3.28 3.32 3.45
C1910TS230_2 0.477 4.25 3.97 3.55 3.20 2.94 2.81 2.79 2.87 2.85 2.81 2.80 2.67 2.46 2.30 2.18 2.00 1.88 1.76 1.69 1.71
1.81 1.97 2.14 2.30 2.43 2.59 2.77 3.02 3.14 3.32 3.31 3.21 3.10 2.89 2.80 2.76 2.71 2.69 2.81 2.86
3.01 3.13 3.19
C1910TS247_1 0.474 3.74 3.66 3.52 3.42 3.36 3.27 3.22 3.31 3.31 3.33 3.27 3.00 2.62 2.38 2.18 2.11 2.09 2.09 1.95 1.84
1.73 1.73 1.80 1.95 2.11 2.29 2.54 2.82 2.89 3.01 2.99 2.95 3.00 2.95 2.85 2.81 2.68 2.66 2.79 2.96
3.20 3.40 3.50
C1910TS073_2 0.473 2.86 2.75 2.64 2.54 2.47 2.53 2.71 2.85 2.98 2.92 2.83 2.71 2.58 2.64 2.95 3.09 3.17 3.23 2.93 2.73
2.66 2.59 2.62 2.71 2.78 2.86 2.84 2.82 2.76 2.70 2.58 2.48 2.47 2.43 2.37 2.36 2.45 2.57 2.84 2.93
2.99 2.93 2.98
C1910TS010_5 0.470 3.34 3.15 2.89 2.73 2.81 2.81 2.97 3.29 3.36 3.28 3.31 3.06 2.70 2.60 2.65 2.67 2.79 3.06 3.12 3.07
2.97 2.83 2.68 2.62 2.60 2.57 2.57 2.51 2.37 2.30 2.12 2.06 2.16 2.26 2.37 2.67 2.88 2.98 2.97 2.89
2.80 2.77 2.90
C1910TS389_5 0.468 3.06 3.01 2.87 2.74 2.70 2.66 2.65 2.72 2.68 2.61 2.43 2.07 1.65 1.35 1.10 1.02 1.04 1.08 1.02 1.14
1.35 1.69 2.09 2.46 2.72 2.91 3.06 3.11 3.12 3.41 3.95 4.90 5.98 5.92 5.08 4.26 3.89 4.01 4.49 5.14
5.63 5.62 5.40
C1910TS010_4 0.468 3.50 3.67 3.79 3.90 3.81 3.42 2.93 2.60 2.37 2.23 2.26 2.19 2.03 2.00 2.10 2.26 2.46 2.69 2.72 2.69
2.59 2.56 2.56 2.71 2.88 3.09 3.37 3.58 3.80 4.02 3.83 3.38 2.95 2.50 2.40 2.49 2.56 2.55 2.49 2.39
2.48 2.62 2.78
C1910TS182_2 0.467 4.09 4.23 4.10 3.97 3.61 3.31 3.15 3.16 3.13 3.04 2.94 2.66 2.23 1.88 1.61 1.41 1.32 1.43 1.44 1.46
1.48 1.58 1.72 1.95 2.21 2.45 2.69 2.95 2.95 2.99 2.87 2.81 2.92 3.11 3.42 4.12 4.90 5.98 6.22 5.34
4.10 3.41 2.86
C1910TS247_5 0.463 5.32 4.78 4.26 3.89 3.69 3.64 3.65 3.77 3.71 3.68 3.59 3.32 2.90 2.62 2.37 2.26 2.25 2.27 2.17 2.12
2.06 2.12 2.28 2.45 2.59 2.73 2.89 3.01 2.93 2.94 2.86 2.79 2.79 2.68 2.52 2.39 2.22 2.17 2.27 2.41
2.66 2.85 2.98
C1910TS158_3 0.463 3.49 3.45 3.23 3.01 2.84 2.73 2.70 2.84 2.93 2.94 2.88 2.67 2.33 2.09 1.96 1.90 1.86 1.93 1.92 1.99
2.13 2.32 2.49 2.70 2.82 2.93 3.11 3.31 3.33 3.40 3.34 3.26 3.32 3.31 3.21 3.14 3.00 2.94 3.19 3.51
3.85 4.11 4.25
C1910TS010_3 0.463 2.77 2.73 2.66 2.59 2.59 2.51 2.50 2.62 2.67 2.64 2.63 2.58 2.47 2.55 2.79 2.95 3.19 3.75 3.84 3.68
3.54 3.23 2.91 2.86 2.79 2.73 2.86 3.08 3.11 3.10 3.06 2.88 2.79 2.76 2.66 2.55 2.55 2.56 2.57 2.65
2.81 2.92 3.06
C1910TS230_1 0.462 3.67 3.64 3.46 3.25 3.17 3.06 3.01 3.10 3.13 3.08 3.06 2.91 2.64 2.51 2.45 2.50 2.68 2.87 2.81 2.74
2.66 2.65 2.75 2.90 2.90 2.74 2.67 2.66 2.54 2.59 2.60 2.59 2.69 2.74 2.74 2.84 2.80 2.80 2.89 2.92
2.94 3.02 3.03
C1910TS179_1 0.462 3.67 3.64 3.46 3.25 3.17 3.06 3.01 3.10 3.13 3.08 3.06 2.91 2.64 2.51 2.45 2.50 2.68 2.87 2.81 2.74
2.66 2.65 2.75 2.90 2.90 2.74 2.67 2.66 2.54 2.59 2.60 2.59 2.69 2.74 2.74 2.84 2.80 2.80 2.89 2.92
2.94 3.02 3.03
C1910TS003_1 0.459 3.56 3.26 2.90 2.65 2.68 2.97 3.31 3.80 4.03 3.94 3.91 3.71 3.43 3.40 3.50 3.58 3.71 3.82 3.58 3.21
2.70 2.37 2.25 2.42 2.57 2.64 2.55 2.40 2.15 2.09 1.97 1.91 2.04 2.24 2.43 2.64 2.65 2.65 2.76 2.86
3.05 3.21 3.26
C1910TS247_4 0.456 3.34 3.39 3.25 3.15 3.07 2.98 2.95 3.04 3.04 3.02 3.04 2.89 2.67 2.55 2.50 2.48 2.51 2.48 2.37 2.34
2.39 2.52 2.72 2.87 3.01 3.14 3.36 3.62 3.62 3.58 3.35 3.16 3.08 2.98 2.89 2.84 2.70 2.65 2.72 2.88
3.12 3.34 3.51
C1910TS158_2 0.456 3.63 3.64 3.54 3.49 3.49 3.38 3.31 3.35 3.30 3.36 3.37 3.15 2.79 2.52 2.13 1.78 1.49 1.33 1.23 1.42
1.63 1.90 2.12 2.37 2.68 3.06 3.40 3.83 4.00 3.93 3.88 4.00 3.87 3.65 3.54 3.28 3.01 2.96 3.07 3.24
3.49 3.69 3.77
C1910TS345_4 0.451 3.23 3.22 3.04 2.88 3.01 2.99 2.96 3.12 3.06 2.87 2.92 2.91 2.90 3.12 3.20 3.08 2.88 2.68 2.47 2.42
2.38 2.40 2.45 2.56 2.62 2.69 2.72 2.70 2.60 2.54 2.48 2.57 2.98 3.57 4.22 4.67 4.42 3.81 3.55 3.41
3.33 3.32 3.30
C1910TS389_4 0.449 3.32 3.27 3.11 2.95 2.85 2.76 2.72 2.82 2.87 2.88 2.83 2.64 2.36 2.20 2.04 1.96 1.92 1.92 1.81 1.76
1.69 1.73 1.87 2.13 2.40 2.66 2.86 3.01 2.97 2.95 2.94 3.00 3.21 3.61 4.09 4.72 5.35 6.19 7.34 9.21
8.98 8.27 6.88
C1910TS123_5 0.447 4.26 3.99 3.62 3.32 3.16 3.05 3.10 3.28 3.33 3.33 3.36 3.21 2.94 2.81 2.69 2.58 2.55 2.61 2.57 2.59
2.68 2.83 2.97 3.11 3.33 3.50 3.68 3.84 3.68 3.51 3.28 3.10 2.99 2.85 2.72 2.61 2.42 2.33 2.42 2.59
2.85 3.04 3.14
C1910TS123_4 0.447 4.26 3.99 3.62 3.32 3.16 3.05 3.10 3.28 3.33 3.33 3.36 3.21 2.94 2.81 2.69 2.58 2.55 2.61 2.57 2.59
2.68 2.83 2.97 3.11 3.33 3.50 3.68 3.84 3.68 3.51 3.28 3.10 2.99 2.85 2.72 2.61 2.42 2.33 2.42 2.59
2.85 3.04 3.14
C1910TS273_3 0.438 3.64 3.43 3.15 3.02 3.15 3.15 3.33 3.62 3.66 3.59 3.61 3.35 3.02 2.96 3.04 3.08 3.19 3.51 3.55 3.52
3.47 3.38 3.26 3.26 3.25 3.20 3.13 3.08 2.87 2.72 2.50 2.43 2.50 2.58 2.68 2.90 3.08 3.19 3.19 3.12
3.09 3.06 3.23
C1910TS067_5 0.438 9.97 8.85 6.87 5.20 3.83 3.12 2.66 2.48 2.36 2.30 2.21 2.02 1.74 1.49 1.16 0.97 0.91 1.01 1.12 1.41
1.64 1.94 2.23 2.61 2.90 3.24 3.67 3.94 3.94 4.28 4.57 4.92 5.39 5.34 4.94 4.83 4.74 4.82 5.13 5.63
5.82 5.98 5.95
C1910TS067_2 0.438 9.97 8.85 6.87 5.20 3.83 3.12 2.66 2.48 2.36 2.30 2.21 2.02 1.74 1.49 1.16 0.97 0.91 1.01 1.12 1.41
1.64 1.94 2.23 2.61 2.90 3.24 3.67 3.94 3.94 4.28 4.57 4.92 5.39 5.34 4.94 4.83 4.74 4.82 5.13 5.63
5.82 5.98 5.95
C1910TS158_4 0.436 7.06 5.97 4.98 4.17 3.62 3.36 3.35 3.45 3.56 3.62 3.72 3.61 3.16 2.69 2.22 1.75 1.42 1.22 0.93 0.77
0.93 1.30 1.78 2.25 2.63 2.79 2.89 3.03 3.02 3.01 2.96 3.01 3.09 3.31 3.65 4.11 4.48 5.20 6.67 9.44
11.33 12.02 9.68
C1910TS067_4 0.428 9.25 7.38 5.55 4.33 3.50 3.12 2.89 2.84 2.72 2.65 2.58 2.37 2.05 1.79 1.44 1.22 1.10 1.11 1.12 1.37
1.54 1.79 2.04 2.45 2.78 3.22 3.72 3.98 3.93 4.31 4.74 5.38 6.45 6.58 6.09 5.76 5.39 5.37 5.91 6.55
6.53 6.36 5.81
C1910TS067_1 0.428 9.25 7.38 5.55 4.33 3.50 3.12 2.89 2.84 2.72 2.65 2.58 2.37 2.05 1.79 1.44 1.22 1.10 1.11 1.12 1.37
1.54 1.79 2.04 2.45 2.78 3.22 3.72 3.98 3.93 4.31 4.74 5.38 6.45 6.58 6.09 5.76 5.39 5.37 5.91 6.55
6.53 6.36 5.81
C1910TS389_1 0.426 5.14 4.70 4.19 3.80 3.52 3.34 3.15 3.05 2.90 2.83 2.84 2.69 2.44 2.25 2.07 1.90 1.81 1.72 1.59 1.56
1.62 1.76 1.97 2.16 2.39 2.60 2.86 3.16 3.38 3.63 3.86 4.12 4.51 4.72 4.75 5.28 6.16 7.55 12.76 29.85
12.71 9.20 7.22
C1910TS273_4 0.423 6.32 6.39 5.84 5.21 4.48 3.86 3.44 3.23 3.03 2.91 2.86 2.80 2.62 2.51 2.43 2.30 2.17 2.09 1.95 1.85
1.99 2.42 3.08 3.91 4.12 3.80 3.43 3.32 3.39 3.66 3.51 3.35 3.37 3.45 3.63 4.04 4.41 4.43 4.43 4.14
3.78 3.66 3.76
C1910TS003_3 0.420 5.86 5.52 4.86 4.49 4.09 3.93 3.64 3.49 3.22 3.18 3.15 3.14 2.86 2.54 2.24 2.10 1.87 1.75 1.49 1.43
1.59 1.99 2.44 2.92 3.18 3.46 3.80 4.04 4.11 4.19 3.97 3.86 3.77 3.75 3.75 3.93 4.02 4.25 4.81 5.56
5.97 6.27 6.16
C1910TS389_2 0.415 8.19 8.06 6.65 5.50 4.38 3.73 3.42 3.36 3.22 3.09 3.03 2.84 2.59 2.44 2.31 2.18 2.12 2.13 2.10 2.15
2.26 2.42 2.59 2.75 2.92 3.04 3.29 3.63 3.75 3.92 3.88 3.78 3.98 4.19 4.29 4.72 4.86 4.74 4.79 4.81
4.59 4.59 4.64
C1910TS103_1 0.409 6.01 5.87 5.09 4.29 3.52 3.15 3.14 3.32 3.33 3.23 3.20 3.00 2.74 2.57 2.35 2.17 2.09 2.18 2.22 2.35
2.57 2.92 3.18 3.43 3.53 3.38 3.23 3.21 3.11 3.26 3.53 3.99 4.53 4.82 4.47 4.18 4.13 4.68 5.80 7.43
7.69 6.93 5.97
C1910TS102_1 0.409 6.01 5.87 5.09 4.29 3.52 3.15 3.14 3.32 3.33 3.23 3.20 3.00 2.74 2.57 2.35 2.17 2.09 2.18 2.22 2.35
2.57 2.92 3.18 3.43 3.53 3.38 3.23 3.21 3.11 3.26 3.53 3.99 4.53 4.82 4.47 4.18 4.13 4.68 5.80 7.43
7.69 6.93 5.97
C1910TS347_1 0.408 3.91 3.78 3.44 3.21 3.21 3.15 3.19 3.53 3.62 3.61 3.86 3.67 3.31 3.32 3.35 3.31 3.55 3.77 3.58 3.52
3.47 3.43 3.48 3.53 3.58 3.68 4.04 4.49 4.33 4.11 3.60 3.32 3.24 3.22 3.22 3.29 3.22 3.32 3.55 3.80
3.96 4.05 4.01
C1910TS067_3 0.408 10.81 7.40 5.40 4.11 3.32 2.97 2.84 2.86 2.86 2.85 2.85 2.71 2.47 2.31 2.10 1.96 1.86 1.84 1.81 1.98
2.14 2.41 2.71 3.10 3.40 3.79 4.26 4.50 4.44 4.72 4.93 5.31 5.91 6.06 5.64 5.62 5.64 5.87 5.83 5.53
4.91 4.47 4.13
C1910TS389_3 0.403 4.86 4.49 4.01 3.65 3.41 3.25 3.09 3.09 3.06 3.08 3.13 2.97 2.70 2.55 2.45 2.39 2.41 2.44 2.42 2.50
2.64 2.82 2.98 3.11 3.21 3.32 3.57 3.88 3.93 3.96 3.78 3.63 3.74 3.88 3.96 4.38 5.04 6.10 9.55 29.85
26.87 15.04 10.47
C1910TS273_5 0.400 5.70 5.62 5.48 5.40 5.17 5.22 5.50 5.93 6.21 5.74 5.21 4.45 3.80 3.48 3.47 3.45 3.45 3.48 3.27 3.02
2.96 3.04 3.05 3.20 3.31 3.22 3.31 3.46 3.24 3.09 3.01 2.84 2.80 2.95 3.00 3.11 3.32 3.45 3.35 3.35
3.29 3.23 3.26
C1910TS182_5 0.399 5.86 5.79 5.32 5.00 4.55 4.18 3.94 3.90 3.82 3.77 3.84 3.76 3.48 3.24 3.06 2.83 2.67 2.69 2.62 2.57
2.56 2.65 2.77 3.03 3.39 3.68 3.89 4.07 3.86 3.72 3.55 3.44 3.50 3.63 3.85 4.22 4.61 5.08 5.27 4.91
4.40 3.93 3.51
END



