PFRMAT QA
TARGET C1910
AUTHOR 0301-7349-3453
REMARK Residue's lDDT estimate
METHOD Single-model method using graph convolution
METHOD -------------
MODEL 2
QMODE 2
C1910TS414_3 0.47316 0.0648 0.0444 0.1022 0.0755 0.095 0.039 0.1008 0.2028 0.2814 0.4169 0.7597 0.5189 0.6772 0.8444 0.9095 0.7872 0.9056 0.929 0.8646 0.8621
0.9441 0.9532 0.9665 0.9753 0.9353 0.9139 0.8833 0.71 0.6438 0.4068 0.2239 0.1503 0.1274 0.1689 0.2741 0.2008 0.139 0.1089 0.3834 0.3975
0.0842 0.1427 0.1314
C1910TS413_2 0.42186 0.0259 0.0391 0.0148 0.0545 0.0359 0.0502 0.1206 0.1127 0.1994 0.3285 0.6759 0.3989 0.6756 0.8416 0.9248 0.734 0.8512 0.8431 0.6829 0.6889
0.8408 0.8575 0.9077 0.9282 0.8843 0.8514 0.8753 0.7144 0.5833 0.3306 0.1945 0.0743 0.0893 0.0734 0.194 0.1644 0.0967 0.1092 0.3304 0.3806
0.1387 0.1016 0.1206
C1910TS073_1 0.15122 0.0197 0.1306 0.1058 0.0687 0.1742 0.0899 0.0524 0.189 0.1896 0.1926 0.1296 0.1378 0.2631 0.1542 0.2674 0.2173 0.197 0.1782 0.1249 0.3499
0.3838 0.2531 0.1601 0.285 0.1881 0.1516 0.3043 0.0646 0.1524 0.0263 0.1084 0.0565 0.0243 0.0499 0.0983 0.1041 0.013 0.0526 0.0313 0.202
0.1601 0.2199 0.1809
C1910TS123_1 0.35777 0.0423 0.0317 0.0791 0.0191 0.0365 0.0273 0.0784 0.0932 0.1733 0.2659 0.5568 0.2628 0.5407 0.653 0.8056 0.672 0.696 0.6884 0.6417 0.5275
0.7577 0.6938 0.8412 0.8851 0.7462 0.515 0.7526 0.645 0.5131 0.2678 0.1885 0.0853 0.0944 0.1037 0.144 0.1087 0.0438 0.1571 0.2929 0.1162
0.1348 0.217 0.189
C1910TS349_3 0.41085 0.0112 0.0505 0.0467 0.0074 0.0355 0.0161 0.0436 0.0978 0.2042 0.1833 0.5927 0.4448 0.5992 0.8115 0.8879 0.7374 0.8808 0.8736 0.803 0.8214
0.9061 0.921 0.9491 0.939 0.8943 0.817 0.8441 0.547 0.4199 0.2068 0.1418 0.0471 0.0762 0.0322 0.197 0.1711 0.1557 0.1096 0.39 0.4201
0.1248 0.0993 0.1093
C1910TS182_4 0.57600 0.0607 0.1026 0.0541 0.0585 0.0939 0.1929 0.445 0.2569 0.196 0.401 0.6802 0.5209 0.5922 0.8269 0.8365 0.7132 0.8912 0.8792 0.8456 0.9501
0.9448 0.9331 0.9775 0.9448 0.9466 0.8655 0.9518 0.8739 0.8186 0.7414 0.8565 0.4291 0.288 0.5876 0.1976 0.171 0.063 0.5719 0.4543 0.7322
0.7524 0.3772 0.6917
C1910TS247_3 0.29802 0.0114 0.0155 0.0359 0.0354 0.0306 0.0365 0.0482 0.0727 0.1079 0.2697 0.5513 0.2315 0.6181 0.8004 0.8603 0.6588 0.7513 0.7127 0.5995 0.4165
0.553 0.4918 0.5956 0.4525 0.5147 0.4 0.6304 0.3855 0.3589 0.2618 0.2477 0.1085 0.0624 0.1053 0.0916 0.1015 0.0431 0.0404 0.1105 0.1042
0.1036 0.0574 0.1296
C1910TS010_2 0.15562 0.0061 0.068 0.0158 0.0359 0.0913 0.1437 0.0456 0.0902 0.1658 0.0766 0.0562 0.0508 0.2296 0.1735 0.3382 0.2333 0.2464 0.353 0.1843 0.6008
0.2807 0.5625 0.3927 0.2414 0.169 0.1179 0.1753 0.0672 0.0332 0.0462 0.0572 0.0051 0.0157 0.0226 0.0213 0.1401 0.0379 0.1865 0.2298 0.1682
0.0859 0.2969 0.133
C1910TS345_2 0.17508 0.031 0.0721 0.0634 0.0241 0.0824 0.0453 0.0851 0.0933 0.1261 0.0891 0.3372 0.0983 0.2248 0.4285 0.5692 0.319 0.3128 0.3887 0.1667 0.122
0.0678 0.251 0.4371 0.3565 0.4244 0.3506 0.394 0.262 0.1802 0.0781 0.0986 0.0463 0.1331 0.0582 0.0498 0.1129 0.0128 0.0808 0.0642 0.139
0.0686 0.0314 0.1519
C1910TS278_4 0.48111 0.0256 0.0103 0.0037 0.0444 0.0334 0.0961 0.2599 0.1946 0.2805 0.4503 0.7677 0.546 0.7527 0.8702 0.9356 0.8158 0.9517 0.9534 0.9064 0.9254
0.9747 0.9736 0.9815 0.9852 0.957 0.9254 0.9139 0.7221 0.6633 0.4046 0.2208 0.1287 0.1129 0.0913 0.3106 0.2381 0.1601 0.1299 0.3532 0.3121
0.1515 0.0814 0.0717
C1910TS054_2 0.39809 0.0243 0.0349 0.1468 0.024 0.0514 0.0301 0.095 0.1431 0.185 0.2761 0.6339 0.3452 0.6254 0.7988 0.9013 0.666 0.8064 0.855 0.7637 0.6655
0.7941 0.8003 0.8932 0.8693 0.8176 0.6927 0.7996 0.6466 0.6637 0.5117 0.2849 0.0875 0.082 0.0411 0.1004 0.1525 0.0988 0.0775 0.0569 0.0798
0.3092 0.0497 0.1368
C1910TS349_5 0.41076 0.0112 0.0504 0.0466 0.0074 0.0354 0.016 0.0435 0.0975 0.2042 0.1828 0.5926 0.4445 0.5993 0.8116 0.8879 0.7368 0.8806 0.8735 0.8027 0.8211
0.906 0.9207 0.9487 0.9391 0.8941 0.8168 0.8437 0.5474 0.4199 0.2067 0.1416 0.047 0.0757 0.0323 0.1963 0.1708 0.1556 0.1093 0.3909 0.4205
0.1253 0.0994 0.1095
C1910TS240_1 0.43839 0.0201 0.0444 0.0459 0.0293 0.0378 0.0873 0.1549 0.1259 0.2394 0.3329 0.6509 0.3374 0.6298 0.7668 0.899 0.7819 0.902 0.9343 0.8795 0.8908
0.9556 0.9559 0.9689 0.98 0.9515 0.9432 0.92 0.8293 0.84 0.5142 0.3481 0.1165 0.0822 0.1186 0.0827 0.0253 0.054 0.1172 0.0298 0.0753
0.0399 0.0309 0.0815
C1910TS258_5 0.24393 0.0106 0.0143 0.0371 0.0262 0.0299 0.0128 0.031 0.0621 0.0842 0.145 0.419 0.2064 0.4147 0.6089 0.7542 0.5355 0.6239 0.703 0.649 0.4766
0.7525 0.7039 0.6174 0.5648 0.4722 0.2548 0.1069 0.1052 0.066 0.0246 0.0388 0.0182 0.0252 0.029 0.0413 0.1472 0.0475 0.0786 0.1659 0.185
0.0578 0.0577 0.0842
C1910TS389_4 0.33837 0.0229 0.0273 0.039 0.0257 0.0392 0.0177 0.0386 0.1 0.1331 0.1958 0.6294 0.3353 0.5207 0.7907 0.8861 0.6742 0.7552 0.7656 0.6564 0.5206
0.5979 0.6704 0.6656 0.7565 0.6362 0.6537 0.7448 0.5859 0.6378 0.396 0.46 0.1564 0.124 0.106 0.1061 0.0462 0.0108 0.0049 0.0015 0.0075
0.0023 0.0021 0.004
C1910TS301_1 0.38178 0.0683 0.0225 0.0112 0.0589 0.034 0.0474 0.1545 0.1378 0.1989 0.3107 0.5537 0.3626 0.5187 0.6618 0.8253 0.558 0.7247 0.6985 0.6908 0.6711
0.82 0.8425 0.9069 0.9534 0.8687 0.8134 0.7986 0.6592 0.4566 0.2846 0.1448 0.0644 0.0759 0.0819 0.1896 0.1794 0.0891 0.0778 0.2635 0.2649
0.1398 0.0517 0.0804
C1910TS054_5 0.38906 0.0295 0.0362 0.1793 0.037 0.0478 0.0452 0.1062 0.1257 0.1807 0.3513 0.5625 0.3717 0.5281 0.7662 0.8927 0.6909 0.7829 0.8192 0.7456 0.6511
0.8244 0.8146 0.8814 0.9139 0.8563 0.7255 0.822 0.7029 0.5835 0.4073 0.2375 0.0654 0.0941 0.0384 0.1708 0.1885 0.1101 0.1386 0.0796 0.0578
0.0395 0.0136 0.0141
C1910TS087_1 0.40822 0.0838 0.0205 0.0075 0.0402 0.0458 0.0598 0.1568 0.1248 0.1622 0.329 0.6057 0.4349 0.557 0.751 0.8788 0.6529 0.8505 0.8372 0.7553 0.776
0.8427 0.8524 0.9171 0.9288 0.9246 0.8722 0.8817 0.6691 0.6019 0.373 0.2529 0.0666 0.0591 0.1144 0.1454 0.0871 0.0978 0.0901 0.095 0.17
0.1885 0.0385 0.1553
C1910TS044_1 0.38178 0.0683 0.0225 0.0112 0.0589 0.034 0.0474 0.1545 0.1378 0.1989 0.3107 0.5537 0.3626 0.5187 0.6618 0.8253 0.558 0.7247 0.6985 0.6908 0.6711
0.82 0.8425 0.9069 0.9534 0.8687 0.8134 0.7986 0.6592 0.4566 0.2846 0.1448 0.0644 0.0759 0.0819 0.1896 0.1794 0.0891 0.0778 0.2635 0.2649
0.1398 0.0517 0.0804
C1910TS152_2 0.42856 0.0261 0.0365 0.1279 0.0536 0.0885 0.0535 0.0885 0.1717 0.1757 0.2633 0.6727 0.3845 0.7055 0.8653 0.9189 0.7354 0.8857 0.9028 0.7981 0.7854
0.888 0.8956 0.9266 0.9419 0.8774 0.8468 0.8715 0.6264 0.5583 0.3618 0.1601 0.0951 0.0846 0.0892 0.221 0.1831 0.1174 0.0778 0.2871 0.3169
0.1184 0.0589 0.085
C1910TS179_1 0.33937 0.016 0.0108 0.0351 0.0201 0.0342 0.0139 0.03 0.064 0.092 0.1763 0.5053 0.3578 0.4537 0.7875 0.9105 0.6397 0.76 0.7849 0.5521 0.5758
0.7303 0.7379 0.8309 0.759 0.7691 0.629 0.7775 0.625 0.5772 0.2895 0.1289 0.0261 0.049 0.0197 0.0791 0.135 0.0416 0.0527 0.1221 0.1326
0.0643 0.0784 0.119
C1910TS210_1 0.45281 0.0391 0.026 0.0066 0.0899 0.0358 0.049 0.1588 0.1655 0.2199 0.4266 0.7414 0.4926 0.6962 0.8365 0.9216 0.7883 0.9276 0.9409 0.8846 0.898
0.9635 0.9682 0.9749 0.9803 0.9411 0.8987 0.8675 0.6561 0.5535 0.3038 0.1922 0.0892 0.0899 0.0624 0.2637 0.2191 0.1682 0.1043 0.2772 0.306
0.1089 0.0681 0.0692
C1910TS211_1 0.37669 0.0345 0.0353 0.1233 0.0465 0.0848 0.0414 0.0739 0.1481 0.1392 0.2951 0.5549 0.3397 0.5047 0.704 0.8575 0.5593 0.742 0.7731 0.7169 0.7262
0.8385 0.8649 0.9272 0.9471 0.9119 0.8947 0.8782 0.7437 0.609 0.3755 0.1662 0.05 0.0461 0.0424 0.089 0.0972 0.0379 0.0569 0.0107 0.0118
0.0356 0.0158 0.047
C1910TS413_3 0.41378 0.0302 0.0527 0.0229 0.0338 0.0494 0.0897 0.1434 0.1646 0.2683 0.4023 0.7148 0.4828 0.727 0.8362 0.9004 0.7053 0.8319 0.8706 0.7655 0.7054
0.8697 0.8509 0.9085 0.9288 0.8229 0.7213 0.7739 0.6244 0.4679 0.2427 0.1462 0.0468 0.1007 0.053 0.2092 0.1851 0.1329 0.0856 0.2842 0.2801
0.134 0.0555 0.0712
C1910TS258_3 0.10266 0.0024 0.0056 0.0088 0.0053 0.0064 0.002 0.0018 0.0047 0.0024 0.0031 0.0152 0.0056 0.0099 0.0157 0.0412 0.0185 0.0346 0.0815 0.1061 0.0884
0.2443 0.2843 0.3419 0.2746 0.3375 0.3459 0.2457 0.1192 0.1342 0.0679 0.0433 0.0143 0.0118 0.0158 0.0427 0.1235 0.0214 0.1122 0.2305 0.4614
0.1657 0.1313 0.1854
C1910TS389_1 0.29937 0.0133 0.021 0.0195 0.0288 0.0572 0.0479 0.1241 0.1416 0.1539 0.3501 0.626 0.3197 0.5395 0.7386 0.8329 0.5099 0.6744 0.57 0.5181 0.3741
0.5529 0.6109 0.6972 0.6844 0.6424 0.546 0.582 0.5783 0.447 0.2781 0.202 0.0395 0.0384 0.0818 0.0532 0.0992 0.0362 0.0108 0.0039 0.0117
0.0057 0.0015 0.0094
C1910TS299_1 0.47998 0.0521 0.0258 0.0073 0.1137 0.0424 0.0573 0.1785 0.1738 0.245 0.4448 0.7554 0.5299 0.7275 0.86 0.9322 0.8056 0.9471 0.9518 0.9047 0.9218
0.9734 0.9726 0.9812 0.9847 0.9562 0.9245 0.9139 0.725 0.6626 0.4059 0.2284 0.1381 0.1197 0.1026 0.3228 0.2348 0.1656 0.1366 0.3798 0.3453
0.1384 0.0778 0.072
C1910TS299_5 0.49248 0.0688 0.0195 0.0056 0.074 0.0443 0.1164 0.311 0.2323 0.3263 0.4893 0.7845 0.5819 0.8208 0.892 0.9478 0.8346 0.9525 0.9629 0.9161 0.9347
0.9811 0.9752 0.9819 0.9847 0.9622 0.9422 0.9357 0.7436 0.7011 0.4472 0.3001 0.1446 0.14 0.1097 0.2505 0.1388 0.1707 0.0968 0.1601 0.2209
0.1271 0.098 0.2493
C1910TS309_3 0.38314 0.0117 0.0032 0.005 0.0218 0.0713 0.1122 0.2607 0.1875 0.1963 0.359 0.6969 0.4325 0.5965 0.7271 0.869 0.6594 0.8023 0.8362 0.754 0.6423
0.8067 0.8334 0.8522 0.918 0.8117 0.725 0.7904 0.7063 0.5341 0.3038 0.1894 0.0392 0.0442 0.0387 0.0985 0.0986 0.0426 0.0427 0.0368 0.1028
0.0719 0.0345 0.1083
C1910TS299_2 0.47899 0.0371 0.0235 0.006 0.115 0.0439 0.0586 0.1785 0.1731 0.2626 0.4366 0.7584 0.5435 0.7976 0.8769 0.9423 0.8267 0.9477 0.9602 0.9124 0.9313
0.9799 0.9726 0.9803 0.9829 0.9554 0.9283 0.922 0.7364 0.689 0.4154 0.236 0.1356 0.1148 0.0952 0.3046 0.2292 0.1416 0.1131 0.288 0.2858
0.1249 0.0644 0.0693
C1910TS215_2 0.12537 0.0247 0.0366 0.0561 0.0128 0.0335 0.0242 0.045 0.0558 0.0844 0.0494 0.2342 0.0652 0.2393 0.331 0.6149 0.1683 0.1502 0.237 0.1269 0.0665
0.1312 0.1424 0.0851 0.069 0.1537 0.0826 0.1332 0.0532 0.141 0.1163 0.1837 0.03 0.0584 0.0375 0.0928 0.2628 0.0063 0.0893 0.0762 0.0844
0.2013 0.1781 0.3263
C1910TS405_3 0.38092 0.0194 0.0108 0.0022 0.0693 0.0423 0.072 0.1366 0.1229 0.1777 0.4299 0.5392 0.3521 0.5635 0.7135 0.8606 0.6344 0.7202 0.7867 0.6881 0.6653
0.814 0.834 0.8853 0.9039 0.8196 0.7558 0.7849 0.5639 0.5188 0.3397 0.1735 0.1051 0.0931 0.0902 0.1963 0.1932 0.0504 0.0734 0.1771 0.1589
0.1142 0.0428 0.0851
C1910TS131_4 0.40656 0.0367 0.0421 0.0873 0.0491 0.0761 0.0417 0.0643 0.1539 0.1203 0.2216 0.5692 0.3567 0.5054 0.6682 0.8635 0.6353 0.7872 0.8523 0.8164 0.7555
0.8722 0.9025 0.9216 0.9382 0.9046 0.826 0.8302 0.5725 0.5245 0.2252 0.143 0.0405 0.0855 0.0382 0.182 0.2018 0.1599 0.1394 0.3779 0.4832
0.1611 0.1352 0.1144
C1910TS438_3 0.42234 0.0576 0.0186 0.0084 0.1153 0.0543 0.0818 0.1743 0.1243 0.2692 0.4376 0.6148 0.3187 0.642 0.6756 0.8294 0.6863 0.7348 0.7867 0.6991 0.6537
0.8421 0.8633 0.9004 0.9186 0.8826 0.8203 0.84 0.7351 0.6011 0.3679 0.234 0.1249 0.1224 0.1203 0.297 0.1783 0.1566 0.112 0.4107 0.3427
0.1413 0.0745 0.0923
C1910TS210_4 0.49566 0.0353 0.0152 0.0031 0.0464 0.0594 0.1425 0.3172 0.1995 0.2659 0.5714 0.7223 0.5331 0.7976 0.8701 0.9129 0.7739 0.9277 0.9284 0.8944 0.8926
0.9513 0.9422 0.9609 0.9714 0.918 0.8495 0.8957 0.6713 0.7043 0.3165 0.3353 0.1527 0.1467 0.1663 0.3145 0.2012 0.1808 0.1613 0.4494 0.5495
0.2925 0.1517 0.1211
C1910TS054_1 0.38600 0.0217 0.0375 0.164 0.0301 0.058 0.0379 0.1116 0.1509 0.2106 0.3387 0.6031 0.4648 0.6511 0.8204 0.9012 0.7058 0.8676 0.8136 0.675 0.7147
0.8237 0.8011 0.8571 0.8729 0.8347 0.7558 0.8491 0.6943 0.5413 0.2828 0.1739 0.0346 0.0505 0.0605 0.0707 0.1043 0.0628 0.0292 0.0331 0.1064
0.0509 0.0298 0.1003
C1910TS404_1 0.38622 0.0093 0.0182 0.0276 0.0096 0.0348 0.058 0.1241 0.0797 0.1859 0.2916 0.5339 0.2597 0.5302 0.7443 0.8645 0.6878 0.7778 0.837 0.7644 0.6944
0.8649 0.8677 0.9226 0.9433 0.9057 0.8858 0.8645 0.7171 0.7521 0.5155 0.3147 0.118 0.0659 0.1139 0.1359 0.0449 0.0183 0.0106 0.0016 0.0048
0.0008 0.0018 0.0042
C1910TS309_5 0.37511 0.0363 0.0101 0.0196 0.0188 0.0288 0.0227 0.0428 0.0494 0.1143 0.1867 0.5537 0.3256 0.5692 0.7729 0.8971 0.6682 0.8435 0.8387 0.7215 0.6829
0.8189 0.8202 0.86 0.8251 0.8046 0.6739 0.7591 0.5834 0.5194 0.1784 0.1365 0.0358 0.0732 0.0528 0.1427 0.1687 0.0679 0.0842 0.3044 0.3828
0.1924 0.1117 0.1307
C1910TS389_3 0.29890 0.0148 0.0219 0.0202 0.0304 0.0514 0.0501 0.1204 0.1241 0.1735 0.394 0.6394 0.2918 0.5284 0.7501 0.8052 0.5246 0.6565 0.5796 0.5218 0.4044
0.5671 0.6183 0.7418 0.7041 0.6389 0.5829 0.6592 0.5233 0.4201 0.2538 0.1595 0.0298 0.03 0.0448 0.0406 0.0411 0.0347 0.0044 0.0049 0.0085
0.0077 0.002 0.0325
C1910TS347_1 0.42134 0.0551 0.0527 0.1895 0.0844 0.1372 0.0781 0.1286 0.2002 0.1894 0.3207 0.6647 0.4041 0.6008 0.7363 0.8517 0.7022 0.8492 0.8306 0.7931 0.762
0.8411 0.9096 0.9309 0.9632 0.8929 0.8204 0.8445 0.727 0.6211 0.3878 0.2245 0.0555 0.0826 0.0837 0.1389 0.0905 0.135 0.0678 0.1237 0.1751
0.1548 0.0538 0.1627
C1910TS273_5 0.32810 0.0069 0.0117 0.0067 0.0056 0.0117 0.0026 0.0035 0.0014 0.0168 0.07 0.3572 0.0456 0.2421 0.6855 0.7333 0.626 0.7495 0.778 0.7748 0.6603
0.7699 0.7496 0.7217 0.6991 0.7936 0.7159 0.4057 0.4887 0.3113 0.1105 0.1757 0.2066 0.0923 0.4814 0.1787 0.2121 0.1216 0.1162 0.1288 0.1429
0.2748 0.0413 0.3803
C1910TS345_1 0.18737 0.0652 0.0315 0.0169 0.0727 0.0914 0.1418 0.2548 0.2537 0.0792 0.1528 0.4479 0.2525 0.1832 0.5837 0.4686 0.1587 0.2875 0.2417 0.0317 0.0932
0.1251 0.278 0.3965 0.246 0.3043 0.0822 0.3626 0.1517 0.1327 0.1139 0.19 0.0624 0.0999 0.0786 0.0488 0.155 0.0765 0.1969 0.1219 0.1431
0.206 0.2167 0.3593
C1910TS010_3 0.18380 0.1686 0.1567 0.0612 0.0535 0.1473 0.0545 0.0925 0.1248 0.1934 0.1977 0.3639 0.2374 0.1948 0.2694 0.317 0.1323 0.3142 0.1082 0.0709 0.019
0.0362 0.1417 0.0795 0.1246 0.3531 0.2229 0.2235 0.057 0.1105 0.0781 0.2468 0.1235 0.081 0.253 0.175 0.5089 0.19 0.4244 0.2892 0.2513
0.3586 0.1931 0.1042
C1910TS215_3 0.09169 0.0391 0.1445 0.1526 0.0264 0.1012 0.0642 0.1091 0.1247 0.0639 0.0233 0.1302 0.0237 0.1441 0.1042 0.2307 0.0305 0.101 0.05 0.0254 0.0377
0.0535 0.083 0.1297 0.0615 0.0518 0.0278 0.057 0.0538 0.0347 0.0652 0.2945 0.0773 0.0995 0.0432 0.1578 0.2652 0.0357 0.1187 0.1231 0.0566
0.1999 0.0383 0.0885
C1910TS211_4 0.21230 0.0662 0.017 0.0095 0.0067 0.0532 0.1358 0.4162 0.11 0.0909 0.2477 0.5136 0.2086 0.2438 0.416 0.4324 0.1905 0.3932 0.4031 0.2367 0.4741
0.5049 0.2131 0.1531 0.2007 0.2055 0.0256 0.0261 0.0038 0.0323 0.0862 0.2848 0.0868 0.2616 0.1186 0.2781 0.3133 0.1531 0.2529 0.3447 0.1982
0.2587 0.2232 0.238
C1910TS230_3 0.31157 0.0227 0.0275 0.0848 0.0249 0.0489 0.0261 0.0421 0.0851 0.0856 0.174 0.3053 0.2509 0.3431 0.445 0.7428 0.5951 0.6333 0.6989 0.6185 0.5599
0.734 0.7501 0.8201 0.8819 0.7618 0.6186 0.7424 0.4544 0.4379 0.2668 0.1158 0.0502 0.0503 0.0529 0.1124 0.1553 0.0467 0.079 0.1269 0.1266
0.0804 0.037 0.0815
C1910TS278_5 0.49248 0.0688 0.0195 0.0056 0.074 0.0443 0.1164 0.311 0.2323 0.3263 0.4893 0.7845 0.5819 0.8208 0.892 0.9478 0.8346 0.9525 0.9629 0.9161 0.9347
0.9811 0.9752 0.9819 0.9847 0.9622 0.9422 0.9357 0.7436 0.7011 0.4472 0.3001 0.1446 0.14 0.1097 0.2505 0.1388 0.1707 0.0968 0.1601 0.2209
0.1271 0.098 0.2493
C1910TS067_4 0.27341 0.0371 0.0322 0.04 0.0419 0.0486 0.0532 0.0925 0.148 0.1635 0.316 0.5884 0.3497 0.5397 0.7467 0.8756 0.6428 0.8254 0.776 0.727 0.713
0.7473 0.8031 0.6923 0.5825 0.3247 0.2665 0.0936 0.0767 0.0091 0.0114 0.0681 0.0171 0.1159 0.0132 0.0116 0.0852 0.0208 0.0463 0.0022 0.0021
0.0007 0.0008 0.0084
C1910TS438_5 0.40092 0.0373 0.0487 0.0161 0.0335 0.0381 0.0617 0.0954 0.0959 0.1645 0.3185 0.634 0.3599 0.5706 0.8276 0.9081 0.7515 0.8542 0.8265 0.6164 0.6127
0.7816 0.7986 0.8447 0.8736 0.8127 0.7411 0.8031 0.6528 0.5881 0.3137 0.2123 0.0663 0.0914 0.0622 0.2298 0.1764 0.1334 0.1096 0.3506 0.3874
0.1364 0.0983 0.1046
C1910TS152_4 0.38061 0.0075 0.0211 0.0288 0.0103 0.0526 0.041 0.0985 0.0916 0.1769 0.2195 0.5457 0.3253 0.5349 0.6987 0.8753 0.7027 0.785 0.8637 0.7998 0.7751
0.9104 0.9083 0.9315 0.9558 0.9319 0.8876 0.8684 0.6362 0.6995 0.4079 0.1767 0.0727 0.0458 0.0506 0.1076 0.0616 0.026 0.0234 0.0018 0.0039
0.001 0.0011 0.0024
C1910TS438_2 0.42683 0.0337 0.0581 0.0288 0.0733 0.0693 0.0977 0.1696 0.1307 0.2637 0.4447 0.6719 0.4482 0.6585 0.826 0.9139 0.7254 0.8435 0.8505 0.7176 0.6572
0.8113 0.8306 0.8588 0.9188 0.8806 0.7858 0.8387 0.7027 0.5633 0.3682 0.2212 0.0835 0.1278 0.0934 0.2603 0.2061 0.1412 0.0903 0.2739 0.3359
0.1309 0.0696 0.0784
C1910TS054_3 0.33072 0.0209 0.0349 0.1551 0.026 0.0462 0.0279 0.087 0.1168 0.1763 0.2495 0.4468 0.2162 0.3702 0.5219 0.799 0.5284 0.6937 0.7119 0.6458 0.5045
0.7749 0.7558 0.8515 0.8526 0.7589 0.6141 0.7026 0.5162 0.555 0.3345 0.196 0.0559 0.0911 0.0368 0.1615 0.1471 0.1473 0.1303 0.0635 0.0634
0.0152 0.0102 0.0079
C1910TS123_3 0.32113 0.0051 0.0311 0.012 0.0172 0.0378 0.028 0.1627 0.0982 0.1221 0.3467 0.5797 0.3218 0.4724 0.7752 0.8864 0.5327 0.7705 0.7652 0.6095 0.5644
0.7625 0.7561 0.7733 0.6913 0.6722 0.5348 0.4441 0.2582 0.2549 0.1604 0.0838 0.0411 0.0382 0.0392 0.0861 0.1549 0.0473 0.0601 0.092 0.2825
0.17 0.1084 0.159
C1910TS247_2 0.29391 0.0614 0.0241 0.0062 0.0326 0.031 0.0455 0.1094 0.1282 0.181 0.3793 0.6311 0.2896 0.6156 0.7204 0.8578 0.5452 0.5555 0.5568 0.4957 0.369
0.4753 0.5088 0.6865 0.6212 0.6295 0.5202 0.6504 0.4347 0.34 0.1526 0.1238 0.0218 0.0408 0.0838 0.0643 0.1037 0.0201 0.0278 0.1566 0.1222
0.0807 0.0457 0.0922
C1910TS278_2 0.47899 0.0371 0.0235 0.006 0.115 0.0439 0.0586 0.1785 0.1731 0.2626 0.4366 0.7584 0.5435 0.7976 0.8769 0.9423 0.8267 0.9477 0.9602 0.9124 0.9313
0.9799 0.9726 0.9803 0.9829 0.9554 0.9283 0.922 0.7364 0.689 0.4154 0.236 0.1356 0.1148 0.0952 0.3046 0.2292 0.1416 0.1131 0.288 0.2858
0.1249 0.0644 0.0693
C1910TS230_4 0.14811 0.0223 0.0309 0.0405 0.0177 0.0352 0.0168 0.0329 0.0532 0.0652 0.1077 0.2229 0.0787 0.0962 0.4292 0.4114 0.1149 0.0148 0.0277 0.0242 0.1383
0.2303 0.2338 0.2425 0.3463 0.2384 0.3005 0.3003 0.2523 0.2719 0.2527 0.3725 0.0862 0.1103 0.0319 0.1402 0.1734 0.0884 0.0741 0.1928 0.2218
0.107 0.045 0.0753
C1910TS152_5 0.26004 0.0183 0.0323 0.038 0.0099 0.0255 0.021 0.0363 0.0339 0.0552 0.145 0.2557 0.0469 0.1285 0.582 0.5554 0.4619 0.4191 0.4451 0.1944 0.3069
0.7645 0.6579 0.3937 0.6672 0.5722 0.4209 0.4553 0.3355 0.4326 0.1661 0.2232 0.1247 0.1076 0.0657 0.1864 0.2031 0.1807 0.1565 0.4464 0.4704
0.1083 0.1119 0.1194
C1910TS182_5 0.52000 0.0566 0.0678 0.0493 0.0422 0.1043 0.0987 0.2632 0.2248 0.2007 0.2735 0.601 0.3692 0.4264 0.8089 0.7979 0.5843 0.8384 0.8646 0.8046 0.9186
0.9497 0.9423 0.9681 0.9856 0.9109 0.8893 0.9008 0.7066 0.7204 0.7332 0.7483 0.3051 0.2233 0.7778 0.2225 0.2572 0.0434 0.1778 0.3399 0.5771
0.4802 0.5385 0.5672
C1910TS258_1 0.29619 0.1353 0.0391 0.0655 0.0285 0.0548 0.0497 0.0415 0.117 0.1728 0.1721 0.4713 0.273 0.3644 0.6219 0.8187 0.2336 0.4707 0.6186 0.5909 0.411
0.6556 0.6917 0.7193 0.75 0.6927 0.5394 0.286 0.133 0.1665 0.0241 0.0102 0.0176 0.0127 0.0709 0.1449 0.3474 0.0405 0.0949 0.1492 0.451
0.4642 0.2525 0.2715
C1910TS158_5 0.39885 0.0611 0.0126 0.0121 0.016 0.0244 0.0147 0.0492 0.0696 0.0671 0.2494 0.5853 0.4115 0.6216 0.7852 0.8959 0.7483 0.8325 0.9053 0.8251 0.781
0.8941 0.9092 0.9382 0.9453 0.9106 0.8661 0.8846 0.6077 0.5745 0.4514 0.1996 0.0697 0.0609 0.093 0.0418 0.0795 0.0164 0.0208 0.096 0.1075
0.1503 0.0396 0.2255
C1910TS414_2 0.42738 0.03 0.0729 0.0319 0.0348 0.0298 0.084 0.1648 0.1745 0.2565 0.4246 0.722 0.4377 0.6754 0.8318 0.914 0.7904 0.92 0.9363 0.8781 0.891
0.944 0.9552 0.9661 0.9721 0.9369 0.8814 0.8525 0.5559 0.4823 0.277 0.1542 0.0406 0.0578 0.0395 0.1149 0.1071 0.1485 0.12 0.0556 0.0789
0.0709 0.1006 0.1652
C1910TS210_5 0.46825 0.0363 0.0161 0.0026 0.0412 0.0392 0.0813 0.2494 0.174 0.236 0.5581 0.7086 0.487 0.77 0.8458 0.9035 0.7238 0.8818 0.8884 0.8707 0.8417
0.9312 0.9354 0.9595 0.958 0.9196 0.9128 0.8712 0.6461 0.5825 0.33 0.2208 0.1325 0.1182 0.1153 0.246 0.1809 0.1515 0.1593 0.4024 0.531
0.2208 0.1376 0.1169
C1910TS123_5 0.43536 0.123 0.0432 0.0867 0.0414 0.0651 0.0877 0.0964 0.1463 0.1926 0.4398 0.6941 0.4103 0.7048 0.8524 0.9242 0.7723 0.9121 0.8925 0.7821 0.763
0.8959 0.8287 0.8708 0.8021 0.7483 0.8147 0.8038 0.5772 0.5028 0.1977 0.3754 0.0816 0.112 0.2018 0.1966 0.1909 0.1011 0.1559 0.4338 0.4269
0.1615 0.1009 0.11
C1910TS182_2 0.55529 0.0761 0.0827 0.0862 0.0712 0.1361 0.2453 0.5082 0.3012 0.29 0.4413 0.732 0.6458 0.5634 0.8553 0.7717 0.716 0.9064 0.8853 0.8601 0.9495
0.9521 0.9564 0.9876 0.951 0.9521 0.8827 0.9384 0.8082 0.7692 0.6672 0.6689 0.3215 0.1353 0.3803 0.1888 0.2856 0.0224 0.4202 0.3766 0.5332
0.6085 0.3102 0.6371
C1910TS158_4 0.38989 0.0691 0.0339 0.0394 0.0704 0.1197 0.047 0.1166 0.0784 0.1337 0.3671 0.482 0.1747 0.5305 0.8101 0.7386 0.7031 0.8108 0.8817 0.8145 0.8302
0.9073 0.8821 0.9135 0.8656 0.8595 0.7652 0.8661 0.7034 0.5128 0.255 0.2975 0.2027 0.0921 0.1695 0.0872 0.0957 0.0131 0.0626 0.0219 0.0595
0.0811 0.0263 0.1739
C1910TS131_5 0.41133 0.0444 0.0389 0.0848 0.049 0.0683 0.0389 0.056 0.1557 0.122 0.2489 0.5873 0.384 0.54 0.6998 0.8666 0.6473 0.7912 0.8542 0.8152 0.757
0.8692 0.8995 0.9216 0.9362 0.9046 0.8277 0.8342 0.581 0.5257 0.2266 0.1431 0.0407 0.0862 0.0386 0.1847 0.2058 0.1607 0.1419 0.3797 0.498
0.1771 0.1425 0.1123
C1910TS211_5 0.22190 0.0698 0.009 0.0206 0.009 0.0563 0.1129 0.3468 0.1242 0.0428 0.2292 0.4832 0.2126 0.2708 0.4849 0.5643 0.2053 0.4127 0.427 0.2022 0.4496
0.6326 0.265 0.1448 0.2039 0.2613 0.0308 0.0391 0.008 0.0422 0.0762 0.2393 0.0973 0.1952 0.0956 0.2575 0.3041 0.1751 0.2372 0.4941 0.1043
0.2969 0.2932 0.3147
C1910TS010_1 0.24077 0.1486 0.144 0.1915 0.1104 0.1994 0.0616 0.0857 0.2581 0.2074 0.1134 0.3383 0.0541 0.5251 0.4216 0.5884 0.2472 0.377 0.4238 0.2167 0.6378
0.3375 0.6231 0.5312 0.4675 0.5007 0.4136 0.2829 0.0877 0.2089 0.1999 0.1266 0.0829 0.0961 0.0375 0.0185 0.1515 0.0227 0.254 0.1078 0.2022
0.0786 0.0211 0.1503
C1910TS073_4 0.25575 0.0199 0.2225 0.2545 0.0681 0.4276 0.1402 0.2689 0.2546 0.1398 0.1742 0.3689 0.2067 0.0672 0.134 0.3984 0.1355 0.0909 0.1514 0.0997 0.5157
0.427 0.522 0.518 0.4362 0.7083 0.5856 0.3737 0.3093 0.2252 0.2565 0.1412 0.1107 0.071 0.0791 0.173 0.4486 0.1046 0.3442 0.0864 0.2304
0.3602 0.1862 0.1615
C1910TS369_3 0.32120 0.0175 0.037 0.0613 0.0662 0.0506 0.0294 0.0562 0.1121 0.1337 0.1734 0.5462 0.2394 0.4277 0.715 0.8376 0.6103 0.6589 0.7636 0.6904 0.5991
0.73 0.6505 0.69 0.5877 0.4748 0.386 0.5525 0.2697 0.2335 0.1675 0.2012 0.113 0.0998 0.2592 0.1832 0.2041 0.0915 0.1151 0.3635 0.323
0.114 0.0897 0.0866
C1910TS299_3 0.48070 0.0258 0.0106 0.0036 0.0449 0.0332 0.104 0.2744 0.2028 0.2888 0.4642 0.7704 0.5492 0.7476 0.8715 0.9342 0.8193 0.9497 0.9539 0.9045 0.9211
0.9745 0.9728 0.981 0.9847 0.9554 0.9224 0.9121 0.718 0.6602 0.3979 0.2189 0.1313 0.1144 0.0915 0.3113 0.2339 0.1572 0.1235 0.3417 0.3008
0.1417 0.0792 0.0719
C1910TS349_2 0.41669 0.0111 0.0498 0.0463 0.0073 0.0352 0.0157 0.0429 0.0959 0.2029 0.1802 0.5907 0.4425 0.5955 0.8109 0.8876 0.734 0.88 0.8724 0.7985 0.817
0.9049 0.9197 0.9469 0.94 0.8969 0.829 0.8513 0.5759 0.4446 0.2236 0.1456 0.0446 0.0855 0.041 0.2048 0.1901 0.1754 0.1226 0.4438 0.4558
0.1418 0.1056 0.1115
C1910TS258_2 0.26580 0.0175 0.0282 0.0518 0.0286 0.048 0.0231 0.0436 0.1053 0.0999 0.1655 0.5047 0.2589 0.4713 0.6885 0.8921 0.4747 0.6383 0.5815 0.416 0.1682
0.4184 0.3272 0.4398 0.3127 0.6134 0.4316 0.3181 0.1958 0.3007 0.0578 0.0136 0.0682 0.0234 0.0943 0.0965 0.2334 0.0399 0.0754 0.1721 0.5035
0.3682 0.1334 0.4866
C1910TS228_2 0.20364 0.0314 0.032 0.0608 0.0259 0.0628 0.0238 0.0433 0.116 0.112 0.2201 0.5346 0.1525 0.295 0.6109 0.5767 0.3204 0.3419 0.5153 0.2483 0.4918
0.6174 0.448 0.4911 0.373 0.3307 0.1853 0.2256 0.2486 0.0423 0.0349 0.1245 0.0546 0.0453 0.0161 0.0759 0.0632 0.023 0.0436 0.1084 0.1163
0.1108 0.0685 0.0937
C1910TS003_2 0.22949 0.0569 0.0282 0.0214 0.0036 0.0208 0.0309 0.0378 0.0511 0.0461 0.1117 0.333 0.1422 0.171 0.3505 0.4452 0.288 0.3765 0.3684 0.4847 0.5827
0.5987 0.5994 0.6569 0.7253 0.6009 0.5276 0.5621 0.2957 0.2008 0.1472 0.122 0.047 0.076 0.1593 0.0895 0.0878 0.0536 0.0409 0.0697 0.0765
0.0395 0.0245 0.1162
C1910TS228_3 0.26943 0.0179 0.038 0.0841 0.0982 0.0924 0.0353 0.0876 0.189 0.1819 0.2927 0.7104 0.4274 0.5502 0.753 0.8589 0.6568 0.6863 0.7566 0.6938 0.5859
0.6889 0.5501 0.6985 0.5603 0.3748 0.2763 0.1923 0.1035 0.0559 0.0292 0.032 0.0124 0.0133 0.0097 0.0169 0.0468 0.0053 0.0328 0.0157 0.0182
0.0115 0.0172 0.0276
C1910TS210_2 0.50193 0.029 0.0191 0.0042 0.1084 0.0334 0.0779 0.1847 0.1903 0.292 0.5941 0.7648 0.5022 0.7755 0.8631 0.9384 0.7939 0.9378 0.9526 0.9039 0.8704
0.9263 0.9261 0.9539 0.9598 0.8939 0.8191 0.8565 0.7095 0.679 0.3643 0.3953 0.186 0.151 0.235 0.3413 0.2179 0.1654 0.1806 0.4542 0.5828
0.3543 0.2056 0.189
C1910TS152_1 0.41420 0.0445 0.0498 0.1641 0.0609 0.0993 0.0455 0.0722 0.1549 0.1413 0.2688 0.5603 0.3536 0.5831 0.7126 0.8545 0.7047 0.8266 0.8528 0.7739 0.8025
0.9094 0.9139 0.9447 0.9654 0.9386 0.9361 0.9289 0.8018 0.771 0.4991 0.2901 0.1078 0.0761 0.0746 0.1286 0.1367 0.0495 0.0829 0.0128 0.0102
0.0444 0.0182 0.0439
C1910TS240_5 0.42537 0.0119 0.0199 0.0143 0.0113 0.0421 0.0239 0.0688 0.0757 0.0814 0.2484 0.6529 0.3732 0.6422 0.8306 0.9237 0.7958 0.9254 0.9556 0.8882 0.9072
0.9547 0.9528 0.9661 0.9747 0.9487 0.9252 0.8964 0.7887 0.782 0.5191 0.411 0.1308 0.1322 0.0904 0.0503 0.0143 0.0243 0.0525 0.0126 0.0245
0.0327 0.0507 0.0636
C1910TS102_1 0.23979 0.0187 0.0276 0.0238 0.0592 0.0748 0.0835 0.1375 0.2083 0.1495 0.3363 0.6339 0.2746 0.4854 0.6988 0.7633 0.6241 0.6437 0.6774 0.5617 0.4321
0.6655 0.5947 0.4387 0.3801 0.4084 0.2733 0.1735 0.0943 0.0354 0.0266 0.062 0.0372 0.0434 0.0333 0.0239 0.0155 0.017 0.0063 0.0015 0.0044
0.0173 0.0162 0.0281
C1910TS067_5 0.26636 0.0138 0.0309 0.0082 0.0174 0.0505 0.0624 0.0915 0.1128 0.1508 0.2532 0.6182 0.3938 0.4592 0.7179 0.8749 0.7131 0.8334 0.8072 0.7031 0.6662
0.7159 0.7604 0.6931 0.5423 0.3162 0.2947 0.0904 0.0814 0.0088 0.0112 0.0662 0.0181 0.1241 0.0237 0.0059 0.0426 0.0209 0.0496 0.003 0.0018
0.001 0.0007 0.0029
C1910TS073_3 0.18227 0.0589 0.457 0.3074 0.2202 0.3488 0.2928 0.2741 0.1516 0.3022 0.2777 0.2169 0.0866 0.1969 0.261 0.2587 0.0761 0.097 0.2017 0.091 0.2532
0.2456 0.2464 0.1566 0.2243 0.101 0.077 0.1017 0.1802 0.1094 0.0892 0.0538 0.2101 0.0648 0.0558 0.0575 0.3234 0.0868 0.1461 0.146 0.1017
0.2179 0.1757 0.2372
C1910TS369_1 0.33156 0.0188 0.0393 0.0693 0.0698 0.055 0.0316 0.0632 0.1285 0.1473 0.1942 0.5934 0.2769 0.4602 0.7306 0.8498 0.6368 0.6915 0.7831 0.6872 0.5896
0.7287 0.6451 0.6925 0.6021 0.5182 0.3795 0.5307 0.2758 0.2593 0.1775 0.2222 0.1056 0.0985 0.2297 0.2082 0.2097 0.0967 0.1268 0.3787 0.3438
0.1204 0.0978 0.0934
C1910TS273_2 0.22729 0.1098 0.2144 0.1382 0.0942 0.1405 0.0624 0.077 0.2197 0.2012 0.1282 0.3524 0.0599 0.5372 0.3625 0.5754 0.2135 0.4911 0.29 0.1685 0.528
0.3373 0.5442 0.5188 0.3661 0.4236 0.3843 0.3002 0.0818 0.1848 0.2127 0.1134 0.1046 0.0998 0.0407 0.0277 0.144 0.0169 0.1087 0.1989 0.2827
0.156 0.0239 0.1381
C1910TS389_5 0.36432 0.0438 0.0446 0.0866 0.0413 0.0579 0.0354 0.1402 0.1531 0.1381 0.2031 0.4719 0.2878 0.5062 0.6972 0.8474 0.6179 0.6974 0.7299 0.6407 0.6034
0.7709 0.7665 0.8447 0.8995 0.8215 0.8411 0.84 0.7608 0.5719 0.5175 0.6081 0.1651 0.0617 0.028 0.0337 0.0136 0.0153 0.0081 0.0108 0.0141
0.0089 0.0068 0.0131
C1910TS182_1 0.39533 0.0187 0.0075 0.0033 0.0166 0.0346 0.0402 0.0441 0.1142 0.0987 0.1868 0.5704 0.331 0.6264 0.8238 0.9039 0.693 0.8736 0.8818 0.8181 0.7713
0.8607 0.8808 0.925 0.9316 0.9322 0.8953 0.9194 0.7657 0.7633 0.4852 0.1961 0.0644 0.0483 0.047 0.1287 0.0648 0.0642 0.1021 0.0114 0.0274
0.0045 0.0068 0.0164
C1910TS247_1 0.25241 0.0142 0.031 0.047 0.0154 0.0134 0.0154 0.0429 0.0739 0.1442 0.2629 0.6028 0.2014 0.4837 0.7845 0.8175 0.5463 0.5937 0.5944 0.4344 0.2975
0.4253 0.509 0.4264 0.4459 0.412 0.3103 0.3591 0.3043 0.2736 0.1708 0.1107 0.0373 0.0455 0.0884 0.0784 0.1125 0.034 0.048 0.2006 0.169
0.0837 0.0648 0.1273
C1910TS003_3 0.19940 0.016 0.0296 0.0259 0.0054 0.0192 0.0195 0.0204 0.0089 0.017 0.0188 0.0703 0.0609 0.1296 0.3076 0.5912 0.3308 0.5734 0.5614 0.5961 0.3906
0.5525 0.4304 0.5834 0.6007 0.3164 0.352 0.2742 0.2146 0.1484 0.1159 0.2108 0.0364 0.0569 0.1388 0.0744 0.1438 0.1096 0.039 0.1092 0.0904
0.0706 0.0576 0.0556
C1910TS215_1 0.33370 0.0875 0.0276 0.0504 0.0145 0.0384 0.0241 0.0641 0.1544 0.2055 0.4921 0.7184 0.4029 0.6232 0.8344 0.8417 0.6098 0.7804 0.7277 0.6231 0.4589
0.6349 0.668 0.715 0.7523 0.6552 0.4926 0.5915 0.4255 0.383 0.1757 0.0578 0.0422 0.0408 0.0184 0.032 0.0859 0.0323 0.0289 0.1165 0.2106
0.0926 0.104 0.2143
C1910TS359_1 0.44909 0.0217 0.0433 0.0638 0.0285 0.031 0.0294 0.0716 0.1938 0.2103 0.326 0.7147 0.4635 0.641 0.8462 0.91 0.7935 0.921 0.9353 0.8788 0.8939
0.9606 0.9654 0.9748 0.9817 0.9489 0.9153 0.9074 0.712 0.6789 0.3683 0.2075 0.1381 0.1207 0.12 0.2186 0.176 0.1422 0.0863 0.2129 0.2412
0.117 0.0482 0.0513
C1910TS123_2 0.35777 0.0423 0.0317 0.0791 0.0191 0.0365 0.0273 0.0784 0.0932 0.1733 0.2659 0.5568 0.2628 0.5407 0.653 0.8056 0.672 0.696 0.6884 0.6417 0.5275
0.7577 0.6938 0.8412 0.8851 0.7462 0.515 0.7526 0.645 0.5131 0.2678 0.1885 0.0853 0.0944 0.1037 0.144 0.1087 0.0438 0.1571 0.2929 0.1162
0.1348 0.217 0.189
C1910TS278_3 0.48070 0.0258 0.0106 0.0036 0.0449 0.0332 0.104 0.2744 0.2028 0.2888 0.4642 0.7704 0.5492 0.7476 0.8715 0.9342 0.8193 0.9497 0.9539 0.9045 0.9211
0.9745 0.9728 0.981 0.9847 0.9554 0.9224 0.9121 0.718 0.6602 0.3979 0.2189 0.1313 0.1144 0.0915 0.3113 0.2339 0.1572 0.1235 0.3417 0.3008
0.1417 0.0792 0.0719
C1910TS158_2 0.34610 0.0464 0.0594 0.0888 0.0475 0.0623 0.0494 0.0868 0.1251 0.1168 0.341 0.6272 0.3629 0.6864 0.8611 0.9136 0.7287 0.803 0.8141 0.6459 0.5269
0.6212 0.6642 0.7172 0.5672 0.7279 0.5856 0.3196 0.2766 0.2665 0.1843 0.1251 0.1177 0.0739 0.3234 0.131 0.1599 0.0936 0.0889 0.3105 0.2649
0.0996 0.0663 0.104
C1910TS131_1 0.39851 0.0367 0.0424 0.0864 0.0486 0.0762 0.0413 0.064 0.1564 0.1211 0.2212 0.5655 0.3555 0.5119 0.6658 0.8618 0.6315 0.7788 0.8446 0.8027 0.7364
0.8596 0.894 0.9138 0.9409 0.9008 0.8316 0.8351 0.6664 0.5601 0.2819 0.1736 0.0682 0.0936 0.0574 0.2107 0.1851 0.1287 0.0899 0.2765 0.2855
0.091 0.0662 0.0764
C1910TS228_4 0.22649 0.0162 0.0333 0.0767 0.0457 0.0475 0.0239 0.0435 0.0997 0.115 0.2089 0.5046 0.1245 0.2839 0.5954 0.5687 0.3322 0.3041 0.6199 0.2614 0.5524
0.6902 0.6016 0.6131 0.4677 0.4424 0.3613 0.35 0.2785 0.0696 0.0421 0.1281 0.0744 0.037 0.0203 0.0944 0.0704 0.0288 0.0382 0.0933 0.0957
0.0884 0.109 0.0869
C1910TS087_2 0.28750 0.0141 0.3072 0.2504 0.1895 0.3434 0.096 0.1996 0.2853 0.1078 0.1247 0.1462 0.0488 0.294 0.4219 0.2547 0.1216 0.2362 0.2178 0.118 0.3604
0.4194 0.4764 0.5483 0.5521 0.7733 0.4248 0.5533 0.3357 0.4124 0.318 0.3486 0.1139 0.0745 0.1734 0.1599 0.1173 0.0329 0.0788 0.4274 0.4958
0.6583 0.2524 0.4779
C1910TS405_4 0.38595 0.0347 0.015 0.0029 0.0416 0.0392 0.0754 0.2104 0.1547 0.2018 0.4868 0.6466 0.4103 0.7232 0.7882 0.8794 0.6441 0.7825 0.809 0.6989 0.6294
0.7938 0.8172 0.8834 0.8941 0.742 0.7067 0.6948 0.4531 0.3708 0.199 0.0945 0.0261 0.0639 0.039 0.1373 0.1694 0.0756 0.1049 0.3134 0.3573
0.157 0.0972 0.1314
C1910TS345_4 0.16248 0.1268 0.0975 0.1509 0.0256 0.0193 0.0188 0.0095 0.0764 0.0459 0.0962 0.1554 0.1 0.1789 0.2185 0.1974 0.1258 0.1087 0.1627 0.3731 0.2742
0.1948 0.5395 0.4882 0.3974 0.6157 0.4171 0.4401 0.2992 0.2264 0.1812 0.0401 0.0477 0.0123 0.0506 0.0269 0.0657 0.0299 0.0536 0.0268 0.031
0.0429 0.0483 0.1496
C1910TS228_5 0.21124 0.0124 0.0292 0.0715 0.0521 0.045 0.0261 0.0407 0.0976 0.1135 0.2127 0.4812 0.1207 0.2778 0.5697 0.5157 0.2903 0.2548 0.5484 0.2142 0.4986
0.61 0.5032 0.508 0.3857 0.4112 0.2476 0.3246 0.2395 0.0533 0.0368 0.1511 0.0733 0.0499 0.0193 0.088 0.0511 0.0464 0.0357 0.1151 0.1368
0.1295 0.1129 0.2822
C1910TS438_1 0.41256 0.0322 0.0421 0.0115 0.0315 0.0313 0.0573 0.1421 0.1206 0.1931 0.3748 0.606 0.3496 0.657 0.7798 0.886 0.6734 0.8155 0.8465 0.7547 0.6607
0.8293 0.8435 0.8615 0.9147 0.8586 0.7543 0.8266 0.6866 0.601 0.3417 0.2158 0.1052 0.1127 0.104 0.2601 0.1859 0.1329 0.1002 0.3298 0.3138
0.138 0.0725 0.0855
C1910TS247_4 0.25370 0.0139 0.0282 0.064 0.027 0.0324 0.0247 0.0242 0.0582 0.107 0.1527 0.3219 0.1118 0.3071 0.5809 0.7276 0.5107 0.4559 0.5269 0.4035 0.328
0.4975 0.476 0.5999 0.5373 0.4819 0.3829 0.4986 0.3283 0.3332 0.2354 0.1405 0.0762 0.0606 0.1316 0.1258 0.1298 0.0556 0.0778 0.2634 0.2994
0.1381 0.0882 0.1447
C1910TS404_5 0.37768 0.0092 0.018 0.0274 0.0095 0.0348 0.0577 0.1247 0.0795 0.1855 0.2916 0.5341 0.2612 0.5308 0.7456 0.865 0.6885 0.7793 0.8401 0.7717 0.7111
0.8755 0.8801 0.9279 0.9452 0.9022 0.8711 0.8546 0.645 0.6719 0.417 0.2028 0.092 0.0528 0.0896 0.1335 0.0549 0.0208 0.0232 0.0018 0.0054
0.0008 0.0017 0.005
C1910TS413_1 0.45100 0.0263 0.0418 0.0217 0.0638 0.0425 0.0815 0.1697 0.1684 0.3365 0.5012 0.7237 0.4906 0.7545 0.8514 0.9158 0.769 0.8688 0.9015 0.799 0.7722
0.8914 0.903 0.9212 0.9409 0.8825 0.8369 0.8229 0.6111 0.5612 0.3232 0.1802 0.0958 0.0972 0.1158 0.2797 0.226 0.1496 0.1067 0.4082 0.4157
0.1332 0.1017 0.0892
C1910TS010_4 0.11254 0.0248 0.0578 0.026 0.0448 0.0343 0.024 0.0508 0.0721 0.0526 0.1773 0.0512 0.2039 0.1147 0.2976 0.3647 0.0606 0.2549 0.2338 0.296 0.3105
0.4571 0.3836 0.1302 0.0702 0.1031 0.0501 0.0145 0.0069 0.0006 0.0031 0.0165 0.0478 0.0797 0.1237 0.0404 0.1294 0.006 0.0737 0.0341 0.0704
0.0603 0.0936 0.0918
C1910TS258_4 0.25445 0.0138 0.0097 0.0307 0.0176 0.0298 0.0129 0.025 0.0599 0.0684 0.1287 0.4508 0.2521 0.4472 0.6404 0.8394 0.5258 0.7055 0.6418 0.5057 0.4643
0.569 0.5633 0.5666 0.6612 0.5098 0.4305 0.313 0.1665 0.1573 0.0363 0.0117 0.0795 0.0792 0.0503 0.0415 0.0243 0.0322 0.0443 0.0148 0.132
0.0259 0.0846 0.4781
C1910TS414_5 0.45598 0.0355 0.0901 0.1146 0.079 0.115 0.1422 0.2442 0.2503 0.3641 0.5016 0.7266 0.4293 0.6364 0.8096 0.9041 0.784 0.9061 0.9256 0.8664 0.872
0.9311 0.9476 0.9615 0.9712 0.9403 0.8944 0.8742 0.6422 0.572 0.3617 0.1767 0.0381 0.059 0.0754 0.1711 0.1331 0.1964 0.1547 0.1051 0.2959
0.1185 0.0334 0.157
C1910TS309_2 0.41484 0.1792 0.0611 0.0317 0.0357 0.0701 0.1469 0.209 0.2593 0.277 0.5186 0.7129 0.5492 0.73 0.8309 0.8784 0.6111 0.8377 0.8346 0.7599 0.6806
0.8187 0.8645 0.8888 0.9076 0.8149 0.7552 0.7528 0.5371 0.418 0.1567 0.1193 0.0308 0.0572 0.0369 0.1225 0.1572 0.0515 0.0918 0.3411 0.375
0.1378 0.0779 0.1108
C1910TS438_4 0.43858 0.0441 0.0251 0.0117 0.0527 0.0428 0.0804 0.1806 0.1528 0.1949 0.4176 0.6622 0.3671 0.7021 0.8109 0.9174 0.7102 0.8313 0.8472 0.6943 0.6754
0.82 0.829 0.9125 0.9257 0.8938 0.8409 0.8796 0.6811 0.6815 0.376 0.2361 0.1414 0.1179 0.1097 0.3069 0.2475 0.1972 0.1155 0.3995 0.4016
0.1333 0.0906 0.1009
C1910TS240_2 0.42909 0.0139 0.0221 0.0143 0.0174 0.0227 0.0328 0.0715 0.0736 0.187 0.3404 0.6483 0.3522 0.6422 0.7952 0.9169 0.8077 0.9225 0.9485 0.8955 0.9183
0.9604 0.9563 0.9754 0.9759 0.9449 0.8983 0.9171 0.7642 0.827 0.3443 0.5754 0.1054 0.1489 0.097 0.0408 0.0176 0.0265 0.0689 0.0188 0.0279
0.0294 0.0357 0.0519
C1910TS389_2 0.33506 0.0243 0.0188 0.0478 0.0209 0.084 0.0756 0.1608 0.1643 0.1725 0.4261 0.6214 0.3248 0.5672 0.7154 0.8745 0.5942 0.7514 0.6986 0.6233 0.476
0.6726 0.6995 0.8228 0.8128 0.6735 0.5928 0.6531 0.4604 0.3329 0.2031 0.0898 0.0176 0.0352 0.0725 0.0519 0.1608 0.0806 0.0294 0.0425 0.1924
0.1442 0.0451 0.0807
C1910TS211_2 0.39708 0.0207 0.0306 0.0648 0.0374 0.0662 0.0334 0.0837 0.1877 0.2804 0.3301 0.6116 0.5826 0.6496 0.7294 0.8677 0.6123 0.708 0.7616 0.6612 0.7025
0.6571 0.7796 0.847 0.8466 0.8585 0.7645 0.883 0.6345 0.6178 0.3146 0.2187 0.0563 0.0899 0.1184 0.1417 0.1675 0.0581 0.1564 0.1886 0.1499
0.1979 0.0713 0.2357
C1910TS210_3 0.48155 0.0452 0.0339 0.0107 0.1162 0.0504 0.0972 0.1944 0.2112 0.3075 0.5952 0.7291 0.4552 0.7357 0.8119 0.9062 0.7564 0.905 0.9196 0.8656 0.8668
0.9367 0.9255 0.9459 0.9563 0.883 0.772 0.8261 0.6295 0.6199 0.2691 0.3262 0.1492 0.1439 0.2177 0.3058 0.1998 0.1411 0.15 0.4289 0.5832
0.3377 0.1607 0.1852
C1910TS404_4 0.39104 0.0092 0.018 0.0274 0.0095 0.0348 0.0577 0.1243 0.0795 0.1857 0.2917 0.534 0.2611 0.5311 0.7457 0.8653 0.6886 0.7786 0.8374 0.7647 0.6959
0.8652 0.8679 0.923 0.9436 0.906 0.8869 0.8675 0.7236 0.7683 0.5392 0.3566 0.1373 0.0656 0.1141 0.154 0.0792 0.0179 0.0391 0.0017 0.0077
0.0013 0.0035 0.0054
C1910TS273_4 0.20887 0.0214 0.0094 0.0024 0.0081 0.0044 0.0154 0.0102 0.0261 0.1298 0.5117 0.7483 0.3892 0.6481 0.7617 0.7619 0.4623 0.6024 0.559 0.5659 0.3339
0.4305 0.1796 0.2225 0.3413 0.0752 0.2499 0.1954 0.0537 0.1926 0.0439 0.0528 0.0172 0.0396 0.0181 0.0604 0.072 0.0398 0.0337 0.008 0.0168
0.0142 0.0143 0.0381
C1910TS131_3 0.40563 0.0369 0.0417 0.0847 0.0471 0.0762 0.0415 0.0637 0.1551 0.1206 0.2194 0.5669 0.3556 0.5053 0.6661 0.8652 0.6346 0.7875 0.8521 0.8184 0.7547
0.8739 0.9043 0.9211 0.9399 0.9039 0.8223 0.8306 0.5671 0.5193 0.2221 0.1388 0.0396 0.0829 0.0379 0.1791 0.2025 0.1567 0.14 0.3814 0.4846
0.1498 0.1362 0.1146
C1910TS123_4 0.43536 0.123 0.0432 0.0867 0.0414 0.0651 0.0877 0.0964 0.1463 0.1926 0.4398 0.6941 0.4103 0.7048 0.8524 0.9242 0.7723 0.9121 0.8925 0.7821 0.763
0.8959 0.8287 0.8708 0.8021 0.7483 0.8147 0.8038 0.5772 0.5028 0.1977 0.3754 0.0816 0.112 0.2018 0.1966 0.1909 0.1011 0.1559 0.4338 0.4269
0.1615 0.1009 0.11
C1910TS066_1 0.40963 0.0684 0.0366 0.1639 0.0332 0.0346 0.0629 0.0889 0.1217 0.1671 0.2298 0.526 0.3742 0.5581 0.7065 0.8486 0.7149 0.8241 0.8711 0.83 0.8368
0.9157 0.9151 0.95 0.9476 0.8983 0.8077 0.8744 0.6022 0.4696 0.2215 0.1726 0.0498 0.0699 0.0303 0.1776 0.1804 0.0824 0.094 0.1987 0.3424
0.2131 0.1611 0.1426
C1910TS213_2 0.25493 0.0484 0.1734 0.1264 0.1155 0.0966 0.0574 0.1452 0.1602 0.2288 0.3082 0.3965 0.1716 0.2268 0.3333 0.6636 0.1512 0.2486 0.36 0.2703 0.3203
0.4727 0.2605 0.3363 0.4082 0.3253 0.1295 0.1921 0.2526 0.3246 0.1184 0.1791 0.0833 0.1748 0.0629 0.1446 0.3083 0.1573 0.2791 0.5093 0.6911
0.5923 0.1019
C1910TS213_4 0.23420 0.0421 0.1344 0.097 0.0486 0.0797 0.0327 0.08 0.1291 0.1076 0.1926 0.4083 0.1259 0.3814 0.5033 0.6947 0.1459 0.3275 0.5358 0.3162 0.242
0.2857 0.1827 0.2492 0.46 0.2311 0.0687 0.1726 0.2572 0.2545 0.0985 0.1073 0.0553 0.1334 0.0578 0.1473 0.3422 0.1812 0.2536 0.4481 0.6147
0.5213 0.0892
C1910TS215_4 0.17382 0.0053 0.0144 0.0565 0.0185 0.0295 0.0226 0.0343 0.1386 0.0803 0.0473 0.1307 0.0858 0.1693 0.1633 0.2762 0.1471 0.1966 0.2531 0.1834 0.4609
0.464 0.3358 0.4288 0.4957 0.2862 0.1564 0.2427 0.1107 0.2012 0.1463 0.2302 0.0786 0.0491 0.0448 0.112 0.2573 0.0622 0.1251 0.1221 0.3173
0.2504 0.2075 0.2363
C1910TS073_2 0.20975 0.0165 0.1488 0.1801 0.1703 0.342 0.2033 0.1184 0.2249 0.1387 0.1289 0.2798 0.1792 0.2379 0.2814 0.334 0.1665 0.2482 0.1853 0.1287 0.4565
0.3949 0.4123 0.448 0.3952 0.3784 0.3174 0.294 0.1264 0.1396 0.127 0.0583 0.0348 0.0605 0.069 0.0727 0.3835 0.1298 0.1258 0.0868 0.1382
0.2948 0.1714 0.1917
C1910TS131_2 0.40996 0.0387 0.0339 0.0829 0.0483 0.0668 0.0348 0.0469 0.1464 0.1199 0.2473 0.5942 0.3628 0.531 0.6798 0.895 0.7164 0.8204 0.8876 0.8261 0.7723
0.8863 0.9027 0.9257 0.9393 0.8937 0.7992 0.8265 0.5711 0.5174 0.2234 0.1449 0.0383 0.0814 0.0355 0.1833 0.2023 0.1517 0.1295 0.3604 0.4664
0.1636 0.1307 0.1035
C1910TS405_5 0.21582 0.0279 0.0086 0.0045 0.0381 0.017 0.0133 0.0392 0.064 0.0912 0.1784 0.501 0.2303 0.3953 0.5239 0.5978 0.4381 0.3736 0.2507 0.0973 0.2184
0.3281 0.3677 0.4951 0.472 0.379 0.42 0.5297 0.3356 0.3 0.1431 0.0922 0.0322 0.0582 0.0494 0.1622 0.1716 0.0658 0.0763 0.2076 0.2309
0.1255 0.0501 0.0796
C1910TS067_2 0.26636 0.0138 0.0309 0.0082 0.0174 0.0505 0.0624 0.0915 0.1128 0.1508 0.2532 0.6182 0.3938 0.4592 0.7179 0.8749 0.7131 0.8334 0.8072 0.7031 0.6662
0.7159 0.7604 0.6931 0.5423 0.3162 0.2947 0.0904 0.0814 0.0088 0.0112 0.0662 0.0181 0.1241 0.0237 0.0059 0.0426 0.0209 0.0496 0.003 0.0018
0.001 0.0007 0.0029
C1910TS278_1 0.47998 0.0521 0.0258 0.0073 0.1137 0.0424 0.0573 0.1785 0.1738 0.245 0.4448 0.7554 0.5299 0.7275 0.86 0.9322 0.8056 0.9471 0.9518 0.9047 0.9218
0.9734 0.9726 0.9812 0.9847 0.9562 0.9245 0.9139 0.725 0.6626 0.4059 0.2284 0.1381 0.1197 0.1026 0.3228 0.2348 0.1656 0.1366 0.3798 0.3453
0.1384 0.0778 0.072
C1910TS054_4 0.39883 0.0246 0.0424 0.1885 0.0341 0.0538 0.0412 0.12 0.1489 0.1825 0.4309 0.6916 0.4132 0.749 0.8475 0.9215 0.7772 0.8784 0.8883 0.7793 0.7655
0.8519 0.8143 0.878 0.8819 0.8563 0.7651 0.8265 0.6501 0.5949 0.2906 0.2009 0.0573 0.0704 0.0808 0.0739 0.12 0.0575 0.0215 0.0109 0.0045
0.0092 0.0112 0.0433
C1910TS230_1 0.33937 0.016 0.0108 0.0351 0.0201 0.0342 0.0139 0.03 0.064 0.092 0.1763 0.5053 0.3578 0.4537 0.7875 0.9105 0.6397 0.76 0.7849 0.5521 0.5758
0.7303 0.7379 0.8309 0.759 0.7691 0.629 0.7775 0.625 0.5772 0.2895 0.1289 0.0261 0.049 0.0197 0.0791 0.135 0.0416 0.0527 0.1221 0.1326
0.0643 0.0784 0.119
C1910TS349_4 0.41467 0.0108 0.0485 0.0452 0.007 0.0352 0.0151 0.0407 0.0957 0.1998 0.1873 0.5931 0.4436 0.5998 0.812 0.8905 0.7355 0.8785 0.8683 0.7973 0.8126
0.8974 0.9164 0.9467 0.9334 0.8942 0.8204 0.8499 0.5665 0.4341 0.2149 0.1435 0.0423 0.0829 0.0377 0.1975 0.1912 0.1729 0.1195 0.4525 0.4471
0.1429 0.1036 0.1068
C1910TS230_2 0.36410 0.0531 0.0221 0.1054 0.0242 0.056 0.0335 0.0924 0.136 0.1633 0.4126 0.6702 0.4051 0.6654 0.8397 0.9033 0.6293 0.8097 0.7967 0.5409 0.6511
0.764 0.712 0.7488 0.7304 0.6747 0.5413 0.6678 0.4167 0.433 0.1274 0.1175 0.0435 0.0736 0.0471 0.0995 0.1735 0.0795 0.1102 0.3406 0.3849
0.1454 0.1003 0.1145
C1910TS413_4 0.43813 0.0336 0.0396 0.0131 0.0379 0.0427 0.0881 0.1617 0.1597 0.2447 0.4763 0.6702 0.4463 0.7326 0.8425 0.9069 0.7009 0.8396 0.832 0.6831 0.7044
0.8417 0.858 0.9169 0.9315 0.8951 0.8721 0.8835 0.7667 0.5859 0.3528 0.2002 0.098 0.1177 0.1052 0.2789 0.196 0.1715 0.1041 0.3642 0.35
0.1449 0.0688 0.0802
C1910TS404_3 0.38840 0.0092 0.018 0.0274 0.0095 0.0348 0.0576 0.1244 0.0795 0.1857 0.2912 0.534 0.2611 0.5302 0.7454 0.8651 0.6878 0.7783 0.8369 0.7645 0.6946
0.8646 0.8677 0.9227 0.9435 0.9068 0.8874 0.867 0.7216 0.755 0.5014 0.3319 0.1165 0.0803 0.1362 0.1495 0.0661 0.0084 0.0075 0.0024 0.0085
0.0023 0.0052 0.0132
C1910TS213_3 0.25067 0.077 0.2817 0.1752 0.1738 0.1247 0.066 0.1452 0.1698 0.2158 0.2937 0.377 0.1753 0.2379 0.3214 0.6309 0.1208 0.2316 0.3383 0.2647 0.2969
0.4113 0.216 0.2456 0.3547 0.3405 0.1108 0.1682 0.2404 0.2811 0.0961 0.1324 0.0662 0.2133 0.0681 0.163 0.2429 0.168 0.2146 0.5265 0.7034
0.729 0.118
C1910TS404_2 0.38459 0.0093 0.0181 0.0276 0.0095 0.0349 0.0584 0.1245 0.0796 0.1861 0.292 0.5345 0.2603 0.5298 0.7441 0.8644 0.6878 0.7778 0.8365 0.7639 0.6936
0.8645 0.8675 0.9224 0.9431 0.9058 0.8856 0.8646 0.7187 0.7479 0.5007 0.2902 0.1021 0.0628 0.106 0.1222 0.0582 0.0256 0.0035 0.001 0.0024
0.0008 0.0025 0.0067
C1910TS247_5 0.24066 0.0226 0.0202 0.0447 0.0195 0.0264 0.0132 0.0371 0.0665 0.1046 0.328 0.5113 0.125 0.4713 0.6785 0.6988 0.4592 0.4724 0.4331 0.3812 0.3008
0.4796 0.4361 0.5429 0.5393 0.5172 0.3074 0.4474 0.3455 0.2592 0.143 0.0998 0.0372 0.0537 0.0599 0.0898 0.174 0.0224 0.0779 0.1469 0.1326
0.0771 0.0526 0.0923
C1910TS010_5 0.18596 0.0636 0.2352 0.2935 0.242 0.2577 0.0444 0.0632 0.1373 0.0519 0.0597 0.3217 0.223 0.1275 0.3306 0.3796 0.2351 0.2166 0.2439 0.091 0.0278
0.069 0.1349 0.2448 0.3074 0.5018 0.2508 0.2737 0.2583 0.2416 0.1752 0.2599 0.0648 0.0825 0.1195 0.0464 0.1625 0.0871 0.0882 0.0271 0.0504
0.174 0.1471 0.5836
C1910TS213_5 0.19847 0.0452 0.1542 0.111 0.0649 0.0646 0.0233 0.0534 0.121 0.1168 0.164 0.3083 0.1177 0.2411 0.3488 0.5856 0.0953 0.1441 0.0905 0.1486 0.3556
0.3634 0.1782 0.2244 0.3098 0.2758 0.1284 0.241 0.279 0.291 0.0906 0.1883 0.0959 0.0919 0.0747 0.147 0.3208 0.1269 0.1103 0.342 0.5113
0.5022 0.0887
C1910TS405_1 0.37527 0.036 0.0194 0.0057 0.0731 0.0414 0.0341 0.0858 0.1119 0.1384 0.2577 0.6023 0.2783 0.6006 0.6958 0.8647 0.6609 0.791 0.8017 0.6826 0.6578
0.8291 0.8199 0.8746 0.8862 0.7764 0.6733 0.7323 0.5219 0.4829 0.2174 0.1263 0.0382 0.0574 0.0417 0.145 0.1778 0.0729 0.0969 0.2872 0.35
0.1828 0.1247 0.1827
C1910TS309_4 0.36900 0.0496 0.0239 0.0556 0.0501 0.0767 0.0949 0.1641 0.1985 0.2316 0.4207 0.5938 0.454 0.5491 0.7339 0.8463 0.6605 0.8127 0.8105 0.7108 0.7146
0.8544 0.8441 0.8887 0.8855 0.7692 0.6322 0.7474 0.533 0.4055 0.1328 0.1401 0.0554 0.058 0.0595 0.0893 0.0985 0.0147 0.0497 0.0129 0.1155
0.0164 0.0678 0.1445
C1910TS369_2 0.35927 0.0176 0.0377 0.0637 0.0622 0.0523 0.0314 0.0578 0.1196 0.1486 0.1982 0.6152 0.2979 0.4353 0.7229 0.8602 0.6643 0.7291 0.8045 0.7152 0.6119
0.7515 0.7058 0.7395 0.6774 0.58 0.4629 0.5486 0.3143 0.338 0.2114 0.226 0.0939 0.0994 0.2376 0.1931 0.1877 0.1144 0.1957 0.4697 0.5549
0.1735 0.1755 0.1519
C1910TS414_1 0.39874 0.0236 0.018 0.0076 0.0668 0.0528 0.0674 0.153 0.1604 0.2381 0.4376 0.6711 0.3901 0.6574 0.7439 0.8675 0.6666 0.8382 0.8461 0.7768 0.728
0.8681 0.8732 0.921 0.9542 0.8441 0.7825 0.7852 0.5486 0.4218 0.2614 0.1105 0.0393 0.0549 0.0411 0.144 0.1837 0.047 0.0954 0.215 0.2377
0.0866 0.0815 0.1377
C1910TS273_1 0.29387 0.0697 0.1119 0.1235 0.1306 0.0899 0.0616 0.1842 0.1739 0.263 0.3701 0.3961 0.1519 0.5016 0.5734 0.7308 0.1762 0.3733 0.4061 0.2871 0.4094
0.4175 0.3151 0.3618 0.3797 0.3234 0.116 0.1661 0.2578 0.3048 0.094 0.164 0.0934 0.2177 0.1062 0.2422 0.2632 0.1371 0.3014 0.5997 0.8155
0.635 0.4418 0.2984
C1910TS215_5 0.22212 0.0112 0.0169 0.0822 0.0177 0.0393 0.0351 0.0557 0.0984 0.1395 0.2151 0.4973 0.2858 0.4099 0.6761 0.8339 0.4625 0.6206 0.5016 0.4037 0.2811
0.4054 0.4064 0.3909 0.3262 0.4434 0.2973 0.339 0.3338 0.2007 0.0677 0.0812 0.0366 0.0532 0.0489 0.0623 0.038 0.0064 0.0351 0.0484 0.0336
0.0642 0.039 0.1098
C1910TS345_5 0.11290 0.3714 0.0155 0.0021 0.0052 0.1415 0.1237 0.0516 0.0688 0.0181 0.0285 0.0359 0.0113 0.0261 0.0535 0.0378 0.029 0.0156 0.1061 0.033 0.21
0.2198 0.148 0.2674 0.2744 0.411 0.2322 0.3013 0.217 0.1991 0.1498 0.1581 0.0553 0.0635 0.0735 0.0413 0.101 0.0219 0.0698 0.0201 0.0818
0.0306 0.0474 0.286
C1910TS073_5 0.22721 0.0166 0.2645 0.1678 0.0921 0.2459 0.2454 0.1785 0.2356 0.1788 0.1608 0.4305 0.1609 0.2906 0.2987 0.5208 0.1681 0.1789 0.2414 0.1481 0.598
0.6264 0.5958 0.4737 0.5174 0.4673 0.2672 0.4191 0.0772 0.1172 0.0743 0.0491 0.0285 0.0233 0.0328 0.0258 0.0654 0.0628 0.1131 0.1173 0.1025
0.2729 0.2809 0.1383
C1910TS067_1 0.27341 0.0371 0.0322 0.04 0.0419 0.0486 0.0532 0.0925 0.148 0.1635 0.316 0.5884 0.3497 0.5397 0.7467 0.8756 0.6428 0.8254 0.776 0.727 0.713
0.7473 0.8031 0.6923 0.5825 0.3247 0.2665 0.0936 0.0767 0.0091 0.0114 0.0681 0.0171 0.1159 0.0132 0.0116 0.0852 0.0208 0.0463 0.0022 0.0021
0.0007 0.0008 0.0084
C1910TS003_1 0.08311 0.0273 0.037 0.0443 0.123 0.0188 0.0235 0.0097 0.0021 0.0017 0.0022 0.0037 0.0004 0.0034 0.0063 0.0019 0.0031 0.0031 0.0007 0.0014 0.0027
0.0135 0.0121 0.0452 0.1823 0.176 0.0831 0.2001 0.1905 0.166 0.0698 0.1028 0.0282 0.0723 0.0307 0.1959 0.191 0.0898 0.1147 0.2517 0.4412
0.2252 0.1595 0.2157
C1910TS240_3 0.44592 0.0137 0.0095 0.0251 0.0207 0.0456 0.0619 0.1671 0.2482 0.2194 0.4796 0.7231 0.4494 0.6585 0.8425 0.8905 0.7171 0.9098 0.9127 0.8727 0.8791
0.9409 0.9555 0.9707 0.9819 0.9552 0.9429 0.9203 0.8395 0.8539 0.5525 0.5693 0.1259 0.1032 0.1237 0.0504 0.013 0.0073 0.014 0.015 0.0212
0.0144 0.0125 0.0453
C1910TS158_3 0.32428 0.035 0.0573 0.1273 0.0707 0.0812 0.125 0.0814 0.1445 0.1613 0.3748 0.6223 0.3209 0.3465 0.7441 0.875 0.5688 0.7997 0.712 0.5288 0.4534
0.6295 0.6352 0.6848 0.5578 0.6368 0.4324 0.4427 0.4522 0.3975 0.1822 0.2326 0.0897 0.0642 0.1557 0.1317 0.2469 0.0399 0.1045 0.1764 0.1281
0.1592 0.0542 0.0795
C1910TS405_2 0.39026 0.0486 0.0342 0.0144 0.0673 0.0501 0.1004 0.1891 0.152 0.2126 0.4243 0.6347 0.3708 0.6866 0.7791 0.8923 0.6549 0.8116 0.8074 0.64 0.6111
0.7547 0.7543 0.839 0.8471 0.7607 0.6596 0.7029 0.5366 0.4701 0.241 0.1274 0.0361 0.0714 0.0422 0.1579 0.1766 0.1011 0.1367 0.3319 0.3902
0.176 0.1278 0.1586
C1910TS369_4 0.32973 0.0185 0.0426 0.0777 0.0852 0.0587 0.0392 0.0691 0.1221 0.1499 0.2003 0.5829 0.2792 0.4261 0.7008 0.8248 0.6184 0.6841 0.7502 0.6278 0.4738
0.7156 0.6577 0.7007 0.6308 0.5495 0.3959 0.4812 0.3271 0.2977 0.1537 0.2419 0.0839 0.0849 0.169 0.1669 0.1721 0.0936 0.1531 0.3914 0.4648
0.1288 0.1496 0.1371
C1910TS240_4 0.43001 0.0187 0.0268 0.0161 0.0104 0.0312 0.0356 0.078 0.1091 0.0798 0.3083 0.6539 0.4054 0.6565 0.8344 0.9244 0.8033 0.9181 0.9479 0.8714 0.8813
0.9582 0.9549 0.9686 0.9763 0.9442 0.9318 0.9062 0.8127 0.8334 0.5124 0.4181 0.119 0.1052 0.1042 0.0445 0.013 0.0235 0.0478 0.0109 0.0184
0.0364 0.0693 0.0709
C1910TS158_1 0.30840 0.1209 0.0706 0.019 0.0088 0.01 0.0015 0.0094 0.0373 0.0688 0.0202 0.1188 0.1282 0.1797 0.1506 0.6039 0.3392 0.5223 0.5767 0.6776 0.6247
0.8536 0.8552 0.9341 0.9375 0.9232 0.8444 0.9018 0.7712 0.6369 0.4049 0.1504 0.0519 0.0343 0.0188 0.0699 0.1955 0.0118 0.0286 0.0457 0.0422
0.0341 0.0184 0.2085
C1910TS182_3 0.38638 0.0245 0.0158 0.0062 0.0216 0.0271 0.0327 0.0602 0.0944 0.0961 0.2117 0.5844 0.3757 0.5276 0.8097 0.8977 0.7298 0.8729 0.8722 0.8137 0.7679
0.8665 0.8855 0.9172 0.9415 0.9236 0.8793 0.8903 0.6616 0.6714 0.397 0.1794 0.0474 0.0431 0.0204 0.0967 0.0828 0.0924 0.1238 0.0099 0.027
0.0044 0.0041 0.0069
C1910TS211_3 0.22996 0.0691 0.0077 0.0101 0.0113 0.033 0.1259 0.3284 0.1027 0.0409 0.1405 0.5009 0.2593 0.3327 0.5063 0.585 0.2428 0.4252 0.4324 0.2707 0.513
0.6413 0.3185 0.1967 0.1715 0.243 0.0359 0.0488 0.0044 0.046 0.1469 0.283 0.0944 0.2552 0.1297 0.2881 0.3355 0.1533 0.2205 0.3786 0.1861
0.258 0.2605 0.2541
C1910TS087_3 0.36912 0.0057 0.0146 0.0227 0.0108 0.0469 0.0245 0.0717 0.0935 0.1607 0.1608 0.5538 0.3549 0.5308 0.768 0.8976 0.6361 0.7913 0.8113 0.7066 0.6368
0.7919 0.8196 0.8768 0.9218 0.8873 0.8843 0.8513 0.7008 0.7244 0.3351 0.2492 0.0646 0.069 0.0995 0.1271 0.1029 0.0403 0.0179 0.0011 0.0036
0.0009 0.0012 0.0028
C1910TS228_1 0.22640 0.0133 0.0309 0.076 0.0497 0.0467 0.0256 0.0403 0.0983 0.1115 0.2238 0.4818 0.1194 0.2762 0.5724 0.5082 0.2912 0.2343 0.5739 0.2153 0.5221
0.6202 0.5779 0.591 0.4692 0.4902 0.2906 0.3806 0.2691 0.0975 0.0386 0.1647 0.0927 0.0752 0.0217 0.0909 0.0909 0.0667 0.053 0.0548 0.1661
0.1838 0.1142 0.2249
C1910TS152_3 0.38679 0.0074 0.0209 0.0284 0.0104 0.0526 0.0408 0.0961 0.0921 0.1784 0.2212 0.5471 0.3254 0.5366 0.6998 0.8758 0.7023 0.7842 0.8614 0.7941 0.7633
0.9034 0.8982 0.9271 0.954 0.9342 0.9017 0.8721 0.6877 0.7532 0.465 0.2898 0.0933 0.0562 0.0708 0.0986 0.0485 0.0214 0.0102 0.001 0.0032
0.001 0.0008 0.0021
C1910TS414_4 0.43389 0.0183 0.0356 0.0504 0.0631 0.1159 0.1147 0.2023 0.1992 0.2991 0.454 0.7135 0.3913 0.5923 0.7866 0.8788 0.7629 0.8744 0.906 0.8576 0.8233
0.9394 0.9513 0.9644 0.979 0.9204 0.8784 0.8596 0.6858 0.5399 0.3196 0.1764 0.0588 0.0743 0.0553 0.1783 0.1286 0.1025 0.077 0.1813 0.1781
0.0454 0.0574 0.1668
C1910TS345_3 0.16057 0.044 0.0081 0.0096 0.0078 0.0859 0.019 0.0895 0.1204 0.0269 0.1387 0.2971 0.1426 0.1919 0.4742 0.7893 0.3323 0.2364 0.3038 0.1032 0.0667
0.0789 0.1405 0.3141 0.1595 0.1117 0.1291 0.1921 0.1422 0.1394 0.0537 0.1254 0.035 0.1083 0.0271 0.1066 0.3463 0.0817 0.142 0.2582 0.3091
0.1445 0.0925 0.1792
C1910TS067_3 0.29961 0.0072 0.008 0.0056 0.0058 0.0244 0.0455 0.1754 0.1646 0.2319 0.4924 0.7418 0.467 0.6764 0.8272 0.9056 0.7253 0.8894 0.8861 0.8279 0.742
0.764 0.7962 0.7377 0.6348 0.2907 0.2383 0.1266 0.1036 0.0126 0.0118 0.0611 0.0144 0.0907 0.013 0.005 0.0355 0.0157 0.07 0.0053 0.0027
0.0007 0.0007 0.0027
C1910TS273_3 0.19954 0.0562 0.2402 0.3065 0.2788 0.388 0.0751 0.0919 0.1587 0.0868 0.1162 0.3721 0.3177 0.2156 0.3769 0.4383 0.5112 0.2442 0.2024 0.0386 0.026
0.0479 0.128 0.2213 0.2563 0.485 0.2795 0.3002 0.3048 0.2782 0.1403 0.2219 0.0601 0.0831 0.0765 0.0728 0.1416 0.0924 0.1243 0.0421 0.1841
0.1956 0.1554 0.1477
C1910TS349_1 0.41071 0.0112 0.0504 0.0466 0.0074 0.0355 0.016 0.0434 0.0973 0.2039 0.183 0.5921 0.4443 0.598 0.8112 0.8878 0.7366 0.8805 0.8734 0.8026 0.8208
0.906 0.9209 0.9487 0.9392 0.894 0.8171 0.8442 0.5474 0.4198 0.2068 0.1414 0.0469 0.0759 0.0324 0.197 0.1709 0.1555 0.1097 0.3906 0.4205
0.125 0.0993 0.1095
C1910TS369_5 0.40871 0.0335 0.0357 0.0704 0.0355 0.0586 0.0295 0.0561 0.1461 0.1668 0.2349 0.6463 0.3447 0.6515 0.7741 0.8905 0.7228 0.8333 0.8666 0.7825 0.7293
0.8645 0.8703 0.9036 0.9328 0.8467 0.8259 0.8065 0.5535 0.4989 0.3162 0.1815 0.1068 0.0911 0.1231 0.2237 0.2059 0.1289 0.0822 0.273 0.3043
0.13 0.1096 0.0871
C1910TS413_5 0.45166 0.0323 0.0612 0.0222 0.0509 0.0502 0.119 0.226 0.2595 0.3477 0.6008 0.736 0.5332 0.7631 0.8644 0.8986 0.6818 0.8591 0.8642 0.7501 0.7163
0.8812 0.8842 0.9278 0.9428 0.872 0.8155 0.842 0.6965 0.5516 0.3002 0.1857 0.0642 0.0968 0.0778 0.2202 0.1698 0.1268 0.1159 0.3771 0.4424
0.1652 0.116 0.1132
C1910TS196_1 0.46769 0.0219 0.0627 0.0926 0.0277 0.0306 0.0298 0.0854 0.2196 0.2706 0.3576 0.7277 0.5148 0.6902 0.8696 0.9221 0.8034 0.9426 0.9492 0.901 0.9176
0.9723 0.9701 0.9788 0.9838 0.9545 0.9225 0.915 0.7251 0.669 0.4048 0.2217 0.1265 0.1108 0.0954 0.3011 0.2283 0.1422 0.1112 0.29 0.2894
0.1263 0.0665 0.069
C1910TS299_4 0.48111 0.0256 0.0103 0.0037 0.0444 0.0334 0.0961 0.2599 0.1946 0.2805 0.4503 0.7677 0.546 0.7527 0.8702 0.9356 0.8158 0.9517 0.9534 0.9064 0.9254
0.9747 0.9736 0.9815 0.9852 0.957 0.9254 0.9139 0.7221 0.6633 0.4046 0.2208 0.1287 0.1129 0.0913 0.3106 0.2381 0.1601 0.1299 0.3532 0.3121
0.1515 0.0814 0.0717
C1910TS309_1 0.38894 0.0189 0.0221 0.2609 0.0829 0.0777 0.0735 0.1028 0.2572 0.2422 0.3688 0.7297 0.392 0.6846 0.7994 0.9035 0.7153 0.8273 0.8434 0.7118 0.641
0.8023 0.8023 0.8226 0.847 0.76 0.6098 0.7044 0.4726 0.4491 0.1761 0.1233 0.0317 0.0533 0.051 0.1287 0.1426 0.0973 0.052 0.2895 0.27
0.1293 0.0753 0.0793
C1910TS103_1 0.23979 0.0187 0.0276 0.0238 0.0592 0.0748 0.0835 0.1375 0.2083 0.1495 0.3363 0.6339 0.2746 0.4854 0.6988 0.7633 0.6241 0.6437 0.6774 0.5617 0.4321
0.6655 0.5947 0.4387 0.3801 0.4084 0.2733 0.1735 0.0943 0.0354 0.0266 0.062 0.0372 0.0434 0.0333 0.0239 0.0155 0.017 0.0063 0.0015 0.0044
0.0173 0.0162 0.0281
C1910TS230_5 0.23915 0.0475 0.1734 0.1881 0.1561 0.1004 0.0538 0.1334 0.165 0.1783 0.2585 0.3456 0.1445 0.3904 0.4219 0.6121 0.1315 0.2421 0.3348 0.2579 0.2405
0.2644 0.1945 0.243 0.2409 0.2514 0.0777 0.1097 0.1979 0.2362 0.075 0.1274 0.0586 0.1679 0.0652 0.1689 0.264 0.1203 0.218 0.5481 0.6743
0.5869 0.4858 0.3318
C1910TS213_1 0.20319 0.0714 0.1639 0.1031 0.1003 0.0689 0.0456 0.121 0.1489 0.1944 0.2433 0.3568 0.1395 0.2583 0.318 0.6107 0.1248 0.1777 0.2523 0.1712 0.1733
0.2047 0.1469 0.2131 0.4193 0.1732 0.0651 0.1806 0.2225 0.2153 0.0723 0.1126 0.0552 0.0844 0.0599 0.1456 0.2716 0.1585 0.2142 0.4554 0.6144
0.4664 0.1391
END



