PFRMAT QA
TARGET C1910
AUTHOR ModFOLD8_rank
METHOD ModFOLD version 8.0 (a single model quality assessment method)
METHOD -------------
MODEL 2
QMODE 2
C1910TS309_1 0.492638 15.38715 12.81544 7.68345 5.78873 4.72180 4.54875 4.26129 3.40388 3.03755
2.71951 2.52167 2.36525 2.27093 2.31227 2.33670 2.44140 2.40843 2.48354 2.42546 2.41643 2.34735
2.27791 2.26261 2.25136 2.22661 2.19795 2.24794 2.28076 2.23219 2.25139 2.48100 2.67659 2.83899
3.14293 3.50939 3.72782 4.11124 4.75344 5.76262 6.23091 7.32359 8.92621 10.20485
C1910TS213_1 0.48544437 16.18766 13.13182 8.66267 6.85193 5.36884 4.89069 4.34182 3.79579 3.83732
3.91546 3.89662 3.83017 3.88287 3.87008 3.92682 3.95528 4.33469 4.15554 3.44995 3.16873 3.36278
3.37335 3.51162 3.52158 3.38617 3.19805 3.17914 3.28425 3.30583 3.29587 3.28605 3.41900 3.52443
3.67698 3.87811 4.38250 4.90723 5.23505 5.52527 5.87932 7.01273 7.68621 9.68091
C1910TS213_2 0.48503003 16.45174 13.34159 8.54449 7.11449 5.64443 5.08067 4.47172 3.92818 3.95616
4.05841 4.05250 3.96690 3.99142 3.93343 3.92487 4.09616 4.43536 4.22803 3.39883 3.10229 2.97032
3.04090 3.13597 2.93328 2.83732 2.81310 2.83284 2.88907 2.88172 2.86033 2.87281 2.96131 3.10767
3.32072 3.49813 3.98254 4.59693 4.85038 5.19981 5.55946 6.68258 7.45218 9.90423
C1910TS213_3 0.484875 16.49585 13.41544 8.61680 7.20354 5.69978 5.13256 4.50500 3.94714 3.96433
4.06311 4.07618 3.99196 4.01227 3.95137 3.93934 4.10871 4.44925 4.22896 3.40336 3.09910 2.97185
3.04158 3.13789 2.93094 2.83564 2.80265 2.84005 2.89812 2.89584 2.87649 2.89756 2.99015 3.12981
3.34306 3.51860 4.01566 4.63778 4.89973 5.25678 5.64304 6.79174 7.50638 9.80096
C1910TS213_4 0.48471135 16.17718 13.43290 9.00618 7.46431 5.92958 5.35001 4.74174 4.07985 4.08866
4.19944 4.07721 4.03817 4.01962 3.96034 3.98740 4.25152 4.55730 4.38551 3.58750 3.32186 3.17682
3.08475 3.19267 3.39041 3.23779 3.13573 2.94360 3.13957 2.96644 2.93248 2.96382 3.06888 3.15118
3.29916 3.52453 4.02753 4.60701 4.80931 5.20788 5.46906 6.54864 7.20842 9.66791
C1910TS213_5 0.48434237 16.43733 13.55718 8.96026 7.34761 5.86552 5.26124 4.66929 4.07698 4.11420
4.20437 4.16095 4.08098 4.10150 4.05281 4.22886 4.42051 4.73109 4.53264 3.59408 3.07601 2.89910
2.93520 3.09205 3.02920 2.90844 2.85201 2.74396 2.79167 2.81992 2.81922 2.82178 2.91287 3.02387
3.18799 3.43491 3.94256 4.42778 4.76513 5.15761 5.59128 6.65692 7.40598 10.05788
C1910TS414_3 0.4795223 14.20837 12.15062 8.88650 7.32288 5.70806 5.57332 5.20080 4.17887 3.68698
3.17620 2.76993 2.54012 2.44376 2.46958 2.49689 2.55986 2.55721 2.64852 2.60833 2.61409 2.60631
2.56077 2.55698 2.56956 2.57447 2.55636 2.60441 2.61427 2.61004 2.64999 2.85045 3.09455 3.29108
3.62508 3.94768 4.18491 4.47112 5.17296 6.38659 7.07066 9.17069 11.16064 12.11986
C1910TS230_5 0.47882545 16.56993 13.50013 8.71562 7.31609 5.76620 5.18552 4.56073 4.01156 4.04036
4.14241 4.19565 4.13950 4.15353 4.08411 4.08585 4.30615 4.61549 4.34935 3.45736 3.14789 2.97604
3.07775 3.22915 2.97429 2.91130 2.86487 2.91387 2.97491 2.96685 2.95174 2.98222 3.08505 3.23729
3.48233 3.66752 4.18002 4.83172 5.15500 5.45158 6.32832 6.95768 7.76437 8.35140
C1910TS131_3 0.47262684 14.99589 12.87522 9.22530 7.49094 5.68991 5.66575 5.34913 4.20342 3.74171
3.25115 2.86985 2.59191 2.47155 2.47056 2.45918 2.53997 2.55607 2.66843 2.64991 2.68578 2.70270
2.66191 2.65905 2.66812 2.67023 2.64825 2.68547 2.69151 2.69539 2.71759 2.92606 3.20250 3.42358
3.76546 4.12711 4.27015 4.56547 5.37366 6.94312 7.53640 9.80053 11.29958 12.34404
C1910TS131_4 0.47236982 15.19296 12.93343 9.38496 7.67494 5.75953 5.69220 5.37199 4.21511 3.75511
3.26549 2.88740 2.61826 2.49623 2.49108 2.48281 2.56712 2.58249 2.69231 2.67081 2.70359 2.71368
2.66772 2.66209 2.67148 2.66495 2.63746 2.67698 2.68042 2.67583 2.69295 2.89982 3.16289 3.38293
3.72212 4.09697 4.23342 4.53317 5.31988 6.85679 7.45033 9.73411 11.26379 12.35190
C1910TS131_5 0.47233933 15.39789 13.10233 9.31636 7.65909 5.84781 5.82958 5.49371 4.31776 3.82067
3.29213 2.90038 2.63354 2.50173 2.50843 2.50578 2.58238 2.59649 2.71535 2.69434 2.71863 2.71876
2.67220 2.65971 2.66329 2.66138 2.63788 2.68569 2.67773 2.66581 2.69030 2.89104 3.14571 3.35156
3.66887 4.01993 4.14753 4.43708 5.16169 6.60158 7.15675 9.50894 11.24094 12.60439
C1910TS131_2 0.47162047 15.70676 13.23318 9.38223 7.55248 5.69513 5.60527 5.26777 4.17919 3.74097
3.25028 2.88231 2.60516 2.47060 2.47599 2.46657 2.54678 2.55198 2.65350 2.63226 2.65595 2.65754
2.61327 2.61005 2.62059 2.62338 2.61354 2.66570 2.65887 2.64924 2.67819 2.86991 3.12050 3.33015
3.65772 4.00001 4.14170 4.41922 5.10744 6.47236 7.08617 9.45733 11.21899 12.55311
C1910TS273_1 0.47161266 17.73578 15.09883 9.92693 8.37324 6.32950 5.70408 5.07299 4.48840 4.58798
4.67700 4.62947 4.55939 4.63541 4.54834 4.62004 4.57764 4.87418 4.59800 3.55152 3.09268 3.20555
3.29965 3.43121 3.13962 3.01110 2.84367 2.85492 2.88642 2.87556 2.87846 2.93236 3.03855 3.20721
3.42867 3.59179 4.06818 4.65548 4.95195 5.19005 5.93786 6.33841 7.15812 7.89578
C1910TS131_1 0.4713093 15.23988 12.95250 9.36271 7.64768 5.73075 5.66169 5.34271 4.20596 3.76275
3.28099 2.90138 2.63298 2.50372 2.49452 2.48767 2.56570 2.57369 2.67834 2.65913 2.68951 2.69846
2.65251 2.64366 2.65429 2.65492 2.63417 2.67762 2.67533 2.67241 2.71085 2.92088 3.19794 3.40999
3.75808 4.14132 4.28978 4.60365 5.39738 6.97708 7.58581 9.90999 11.41495 12.37774
C1910TS299_5 0.4694083 17.64819 13.95753 9.84070 6.62814 5.33138 4.99200 4.28984 3.27058 2.90328
2.66278 2.46750 2.31060 2.18603 2.19688 2.18742 2.27240 2.28361 2.37967 2.36349 2.37954 2.38860
2.44654 2.59222 2.79842 2.87375 2.81754 2.85870 2.84640 2.85509 2.87799 3.04284 3.31497 3.56362
3.87223 4.26633 4.56362 4.94185 5.98680 7.60422 7.96337 9.25050 10.97422 12.13272
C1910TS278_5 0.4694083 17.64819 13.95753 9.84070 6.62814 5.33138 4.99200 4.28984 3.27058 2.90328
2.66278 2.46750 2.31060 2.18603 2.19688 2.18742 2.27240 2.28361 2.37967 2.36349 2.37954 2.38860
2.44654 2.59222 2.79842 2.87375 2.81754 2.85870 2.84640 2.85509 2.87799 3.04284 3.31497 3.56362
3.87223 4.26633 4.56362 4.94185 5.98680 7.60422 7.96337 9.25050 10.97422 12.13272
C1910TS414_4 0.4683409 16.02420 12.58158 9.05225 6.39142 5.40351 4.95183 4.44995 3.46976 3.06806
2.78446 2.60180 2.44875 2.31845 2.30765 2.29842 2.35768 2.34250 2.42438 2.39030 2.39238 2.40454
2.46661 2.59734 2.79551 2.88146 2.80698 2.84276 2.81521 2.81197 2.84370 3.00958 3.26558 3.50908
3.82925 4.16187 4.45504 4.77110 5.67948 7.11081 7.59890 8.78758 10.14599 10.29567
C1910TS087_2 0.46814016 18.47276 17.79042 14.17296 12.55596 10.74787 11.16022 9.38014 8.87538
9.21251 9.44329 8.45783 8.94488 8.35771 7.33490 6.70152 6.44387 5.55521 3.04568 2.56350 2.36296
2.02823 1.98033 1.91069 1.95520 2.01958 2.01538 2.00532 2.08771 2.20785 2.19948 2.20060 2.40757
2.80983 3.26809 3.79408 4.18267 5.02205 6.80890 8.83523 10.60288 13.09815 14.76296 14.24612
C1910TS299_1 0.46685284 17.52751 13.78047 9.94055 6.72162 5.39672 5.03432 4.33048 3.29294 2.92984
2.68021 2.49471 2.34454 2.22221 2.25528 2.24974 2.32773 2.33589 2.42674 2.40063 2.40311 2.40029
2.44898 2.57426 2.77307 2.85064 2.79324 2.82889 2.81898 2.81834 2.84354 3.03912 3.35229 3.59508
3.92157 4.31173 4.60086 4.94283 5.92522 7.82070 8.78943 10.39886 11.75501 11.59031
C1910TS278_1 0.46685284 17.52751 13.78047 9.94055 6.72162 5.39672 5.03432 4.33048 3.29294 2.92984
2.68021 2.49471 2.34454 2.22221 2.25528 2.24974 2.32773 2.33589 2.42674 2.40063 2.40311 2.40029
2.44898 2.57426 2.77307 2.85064 2.79324 2.82889 2.81898 2.81834 2.84354 3.03912 3.35229 3.59508
3.92157 4.31173 4.60086 4.94283 5.92522 7.82070 8.78943 10.39886 11.75501 11.59031
C1910TS299_4 0.46685258 17.28426 13.53733 9.73733 6.64234 5.35164 4.99617 4.28549 3.25943 2.89938
2.65061 2.46120 2.31088 2.19994 2.23929 2.23711 2.32141 2.33554 2.43087 2.40967 2.41888 2.41977
2.47097 2.60556 2.80400 2.87318 2.81460 2.85368 2.83879 2.84155 2.87056 3.07610 3.40589 3.66657
3.97837 4.37658 4.68122 5.03376 6.06416 8.01877 8.97231 10.51226 11.80124 11.48486
C1910TS278_4 0.46685258 17.28426 13.53733 9.73733 6.64234 5.35164 4.99617 4.28549 3.25943 2.89938
2.65061 2.46120 2.31088 2.19994 2.23929 2.23711 2.32141 2.33554 2.43087 2.40967 2.41888 2.41977
2.47097 2.60556 2.80400 2.87318 2.81460 2.85368 2.83879 2.84155 2.87056 3.07610 3.40589 3.66657
3.97837 4.37658 4.68122 5.03376 6.06416 8.01877 8.97231 10.51226 11.80124 11.48486
C1910TS359_1 0.46681142 14.84305 12.81557 9.13165 7.22717 5.63455 5.53645 5.14108 4.05628 3.69829
3.29829 3.01442 2.81091 2.67371 2.69637 2.69478 2.77116 2.78201 2.88903 2.86993 2.92410 2.90823
2.84922 2.84658 2.83695 2.80881 2.78280 2.85321 2.87739 2.88724 2.95488 3.25120 3.54991 3.74257
4.12118 4.53698 4.75649 5.17960 6.27480 8.29570 8.56075 10.25982 11.46803 12.28177
C1910TS210_2 0.46669248 18.46460 14.76220 10.71400 6.98972 5.85724 5.19889 4.46145 3.56620 3.22501
2.88800 2.65199 2.51695 2.34776 2.26318 2.26337 2.33432 2.32319 2.39609 2.38541 2.39734 2.41720
2.49566 2.63401 2.89810 2.96065 2.93794 2.97119 2.99154 2.94740 3.03104 3.28538 3.54674 3.65407
4.06042 4.42943 4.60088 4.91738 5.77237 7.51187 7.95309 9.42062 10.73741 11.78273
C1910TS066_1 0.46663722 15.46452 14.11266 10.08869 8.03106 5.98725 5.52528 4.89267 3.92547 3.56769
3.10444 2.76703 2.56257 2.44206 2.40485 2.34455 2.46953 2.53800 2.67130 2.67808 2.75415 2.75064
2.68972 2.70935 2.70780 2.66333 2.69058 2.70642 2.72735 2.74937 2.73150 2.96417 3.22687 3.42180
3.63081 4.05506 4.16067 4.43441 5.12099 6.25948 6.71366 9.17625 11.30263 12.87694
C1910TS210_1 0.46574777 17.48504 13.79864 9.93875 6.77000 5.43604 5.07716 4.39002 3.35819 2.97749
2.71691 2.52394 2.37082 2.24252 2.27410 2.27438 2.35913 2.37214 2.46947 2.44443 2.45309 2.45516
2.51459 2.63869 2.83021 2.89245 2.82292 2.84016 2.81691 2.81990 2.84406 3.03213 3.35875 3.61873
3.92358 4.31500 4.62199 4.97740 5.95927 7.87983 8.84955 10.47732 11.81810 11.64564
C1910TS299_3 0.4657088 17.33709 13.68254 9.98278 6.82279 5.47467 5.10957 4.37889 3.32306 2.95147
2.69800 2.50234 2.34570 2.23116 2.27250 2.27283 2.35411 2.36087 2.45093 2.43073 2.44128 2.44017
2.49137 2.62991 2.83136 2.89897 2.82237 2.85317 2.83666 2.83151 2.85837 3.06771 3.39686 3.64376
3.96038 4.35876 4.66133 5.01788 6.05535 8.01319 8.97580 10.55646 11.85392 11.59043
C1910TS278_3 0.4657088 17.33709 13.68254 9.98278 6.82279 5.47467 5.10957 4.37889 3.32306 2.95147
2.69800 2.50234 2.34570 2.23116 2.27250 2.27283 2.35411 2.36087 2.45093 2.43073 2.44128 2.44017
2.49137 2.62991 2.83136 2.89897 2.82237 2.85317 2.83666 2.83151 2.85837 3.06771 3.39686 3.64376
3.96038 4.35876 4.66133 5.01788 6.05535 8.01319 8.97580 10.55646 11.85392 11.59043
C1910TS369_2 0.4656227 14.29540 12.15646 8.47823 7.05441 5.60651 5.61109 5.22193 4.14965 3.76544
3.36822 3.13603 2.94540 2.83008 2.84307 2.84328 2.87643 2.85608 2.94312 2.90971 2.94124 2.92957
2.89217 2.90310 2.89131 2.88157 2.86382 2.93010 2.94089 2.91499 2.95186 3.18245 3.48485 3.69006
3.99669 4.32537 4.59659 4.98395 5.82698 7.64776 8.75195 10.29352 11.57491 11.50126
C1910TS299_2 0.46559232 17.82057 14.17336 10.20520 6.93955 5.56082 5.18635 4.45029 3.38984 3.01013
2.74963 2.55315 2.38668 2.25553 2.28556 2.28084 2.36086 2.37513 2.47438 2.44019 2.44038 2.42904
2.47096 2.59498 2.79923 2.88018 2.81542 2.85127 2.84558 2.85055 2.87578 3.06874 3.38066 3.62472
3.94514 4.33760 4.62777 4.97700 5.97089 7.86334 8.74625 10.36934 11.71498 11.61555
C1910TS278_2 0.46559232 17.82057 14.17336 10.20520 6.93955 5.56082 5.18635 4.45029 3.38984 3.01013
2.74963 2.55315 2.38668 2.25553 2.28556 2.28084 2.36086 2.37513 2.47438 2.44019 2.44038 2.42904
2.47096 2.59498 2.79923 2.88018 2.81542 2.85127 2.84558 2.85055 2.87578 3.06874 3.38066 3.62472
3.94514 4.33760 4.62777 4.97700 5.97089 7.86334 8.74625 10.36934 11.71498 11.61555
C1910TS210_3 0.46518412 18.83721 15.27467 11.00232 7.17550 5.98166 5.31560 4.51034 3.58755 3.25752
2.93484 2.69535 2.54841 2.37455 2.28858 2.27938 2.33813 2.31190 2.37718 2.35931 2.36941 2.39521
2.48119 2.62250 2.86380 2.92792 2.90549 2.93081 2.95139 2.93279 3.02256 3.28857 3.57435 3.69686
4.10389 4.50080 4.70410 5.04759 5.94420 7.72383 8.12706 9.61586 10.82709 11.82269
C1910TS210_4 0.46502307 18.94150 15.22490 11.16736 7.24622 6.16016 5.47347 4.58804 3.64302 3.29755
2.93248 2.67003 2.50391 2.32315 2.25081 2.24659 2.32592 2.31403 2.40089 2.39593 2.41659 2.44377
2.52600 2.67091 2.92542 2.97801 2.94217 2.96014 2.94205 2.92937 3.00818 3.25888 3.50910 3.65139
4.07972 4.46904 4.68178 5.03371 5.97378 7.81700 8.23613 9.62766 10.87338 11.61844
C1910TS347_1 0.46471503 14.65793 12.59402 9.17558 8.06047 6.08263 6.40598 6.09580 4.64750 4.44641
3.95995 3.43499 3.16857 2.91276 2.79837 2.77418 2.88290 2.98184 3.06848 2.92823 3.03349 3.05933
3.01407 2.99169 2.97760 2.91049 2.88003 2.89134 2.93647 2.90902 2.88313 3.02823 3.28425 3.50696
3.57048 3.94922 4.16093 4.60227 5.81529 7.23216 7.93577 10.46240 13.13815 15.33068
C1910TS369_1 0.4645934 14.32872 12.24333 8.57548 7.13331 5.67298 5.70902 5.31526 4.27066 3.88291
3.46094 3.18432 2.96743 2.81972 2.82684 2.82560 2.88821 2.88755 2.97748 2.93836 2.96566 2.93362
2.88092 2.89454 2.88612 2.87651 2.86412 2.93973 2.96389 2.94540 2.96556 3.21173 3.53519 3.72440
4.02508 4.40346 4.64216 5.00936 5.90267 7.74465 8.83712 10.39452 11.72683 11.61720
C1910TS405_3 0.46426645 18.64016 14.90287 10.80091 7.01906 5.94031 5.36693 4.57533 3.65853 3.35054
3.00168 2.76441 2.64548 2.47039 2.44672 2.48272 2.58102 2.56829 2.67332 2.66104 2.68413 2.69815
2.67966 2.68318 2.67833 2.63535 2.63197 2.67018 2.67881 2.66421 2.73232 2.95417 3.19958 3.36495
3.74953 4.09438 4.28421 4.53209 5.21582 6.72599 7.39796 9.45306 11.03169 12.05909
C1910TS196_1 0.46377558 16.64135 14.17351 10.19785 8.13024 6.08164 5.74424 5.30909 4.22841 3.81366
3.39422 3.11813 2.91517 2.78456 2.79138 2.78244 2.82807 2.82064 2.91212 2.86274 2.90321 2.87586
2.81829 2.81396 2.81277 2.79095 2.77870 2.83792 2.86099 2.86220 2.90803 3.17253 3.50243 3.72282
4.08494 4.49848 4.71435 5.10985 6.13802 8.07514 9.03920 10.81856 12.14284 11.90847
C1910TS369_4 0.46376228 14.48619 12.30559 8.55349 7.02997 5.54020 5.53441 5.14758 4.09917 3.72728
3.33474 3.10441 2.90644 2.79604 2.82298 2.82592 2.87500 2.86971 2.96289 2.92936 2.96814 2.95416
2.91039 2.92407 2.90686 2.89183 2.87234 2.94393 2.95589 2.94132 2.98423 3.22358 3.51289 3.72060
4.02461 4.35397 4.61817 5.01782 5.89336 7.74686 8.85394 10.37159 11.63390 11.49790
C1910TS210_5 0.46335772 18.71976 15.39197 11.04152 7.16251 6.08404 5.32578 4.52351 3.61196 3.27911
2.93178 2.67264 2.51990 2.32793 2.25744 2.24949 2.32219 2.31493 2.40200 2.40517 2.42697 2.45479
2.54604 2.69834 2.93695 2.97629 2.94375 2.96729 2.95207 2.90980 2.98826 3.23596 3.49032 3.62267
4.05385 4.44329 4.63049 4.95678 5.82859 7.56487 7.96257 9.47977 10.73800 11.82810
C1910TS123_2 0.4630921 14.08524 12.74729 9.88098 8.83215 6.71291 6.15957 5.51350 5.15759 4.69476
4.23677 4.04437 3.71961 3.65925 3.56565 3.62947 3.49182 3.14031 2.87346 2.71932 2.53352 2.61532
2.70496 2.65891 2.71184 2.57509 2.78882 2.80623 2.98532 3.17620 3.35321 3.62335 4.04755 4.33859
4.23388 4.52535 4.74243 5.24286 5.06579 6.74855 7.35798 7.57189 8.47476 8.95029
C1910TS123_1 0.4630921 14.08524 12.74729 9.88098 8.83215 6.71291 6.15957 5.51350 5.15759 4.69476
4.23677 4.04437 3.71961 3.65925 3.56565 3.62947 3.49182 3.14031 2.87346 2.71932 2.53352 2.61532
2.70496 2.65891 2.71184 2.57509 2.78882 2.80623 2.98532 3.17620 3.35321 3.62335 4.04755 4.33859
4.23388 4.52535 4.74243 5.24286 5.06579 6.74855 7.35798 7.57189 8.47476 8.95029
C1910TS369_3 0.46277922 14.41371 12.36061 8.73272 7.24707 5.76326 5.78649 5.39969 4.31174 3.89259
3.45407 3.17163 2.94551 2.80336 2.83850 2.84040 2.90715 2.90792 3.01018 2.98392 3.02615 2.99741
2.93969 2.95450 2.94427 2.92532 2.92110 2.98729 2.99174 2.96810 2.99052 3.23251 3.55525 3.75626
4.04902 4.45072 4.71423 5.09675 6.01814 7.91541 8.98668 10.52463 11.76294 11.48494
C1910TS309_5 0.46257687 17.43917 15.43670 10.09959 6.95362 5.16590 4.77200 4.10057 3.13587 2.89286
2.66264 2.53052 2.39697 2.29445 2.32780 2.32378 2.41220 2.50291 2.76264 2.93094 3.03719 2.97935
2.92170 2.90696 2.89316 2.87766 2.84614 2.91314 2.92964 2.90918 2.95845 3.23565 3.52441 3.72699
4.02189 4.30530 4.51341 4.92781 5.86288 7.27624 7.69215 9.22408 10.82634 12.21989
C1910TS405_1 0.4617461 17.78434 13.95269 10.30179 6.89044 5.81864 5.21612 4.49118 3.59260 3.27612
2.93617 2.70398 2.55859 2.40314 2.31649 2.31422 2.38451 2.37572 2.45144 2.43917 2.45410 2.47898
2.55801 2.69958 2.94591 2.99265 2.96018 2.99007 3.01064 2.97687 3.05784 3.33242 3.59003 3.69516
4.10662 4.49319 4.70656 5.04211 5.94626 7.79525 8.26449 9.87488 11.15065 12.36714
C1910TS405_2 0.46138293 18.24949 14.30365 10.48842 6.91503 5.83908 5.28268 4.51007 3.62602 3.30303
2.96627 2.72849 2.58369 2.42044 2.33943 2.33206 2.39744 2.37978 2.45746 2.44285 2.45704 2.48553
2.57007 2.70674 2.95411 3.02069 2.99093 3.02066 3.04509 3.01970 3.09084 3.35244 3.63104 3.75034
4.14649 4.53955 4.76394 5.09634 6.00130 7.87120 8.27429 9.82915 11.02129 12.10969
C1910TS349_3 0.46117646 14.75292 12.60531 8.82121 7.09733 5.02637 4.78569 4.22067 3.48190 3.16997
2.88022 2.69758 2.56043 2.47114 2.40523 2.34240 2.44241 2.51917 2.66781 2.67160 2.78878 2.86459
2.93764 3.00957 2.98245 2.95151 2.94667 3.01416 3.07903 3.06860 3.05214 3.25462 3.60728 3.88416
3.99583 4.39992 4.67999 5.07445 6.31813 8.34107 8.96785 10.80784 11.81127 11.86177
C1910TS349_1 0.4611705 14.77494 12.62437 8.84351 7.11391 5.04018 4.79369 4.23489 3.49773 3.17641
2.88987 2.70761 2.56704 2.47601 2.40974 2.34648 2.44547 2.52100 2.66944 2.67175 2.78727 2.86396
2.93729 3.00760 2.98121 2.95196 2.94569 3.01465 3.07937 3.06906 3.05215 3.25033 3.60378 3.88309
3.99231 4.39402 4.67808 5.06900 6.31359 8.33301 8.96323 10.80149 11.80474 11.85169
C1910TS349_5 0.46114057 14.78551 12.63281 8.84817 7.11090 5.04565 4.79918 4.23976 3.49888 3.17677
2.88987 2.70783 2.56492 2.47380 2.40945 2.34596 2.44538 2.52169 2.67202 2.67447 2.78919 2.86585
2.93905 3.00767 2.98052 2.95196 2.94242 3.01329 3.07789 3.06543 3.04952 3.24775 3.60108 3.87810
4.00435 4.39297 4.67656 5.07246 6.31803 8.34196 8.97547 10.81208 11.81137 11.85134
C1910TS349_4 0.4611234 14.92684 12.75202 8.92513 7.14951 5.07101 4.80759 4.22456 3.46522 3.14598
2.86217 2.68222 2.54211 2.45151 2.39855 2.33990 2.44432 2.52188 2.67477 2.68073 2.80469 2.88770
2.95074 3.00559 2.98027 2.94518 2.92769 2.99496 3.06210 3.04918 3.03508 3.24326 3.60324 3.87370
3.99286 4.40962 4.67946 5.04675 6.30170 8.34533 8.97831 10.78917 11.83269 11.86446
C1910TS349_2 0.4604298 14.90414 12.77679 8.99198 7.27315 5.12343 4.86023 4.28748 3.52875 3.19892
2.91030 2.72250 2.58141 2.48613 2.41724 2.35973 2.46101 2.53499 2.68195 2.67978 2.78709 2.86073
2.92723 2.99652 2.97407 2.94136 2.92541 3.01496 3.08607 3.07657 3.05515 3.23599 3.58797 3.87444
3.99084 4.35382 4.64508 5.04172 6.27159 8.27553 8.94098 10.79679 11.83047 11.87137
C1910TS438_2 0.46012822 15.52257 13.90081 9.57446 6.87520 5.11736 5.06528 4.18438 3.16699 2.91632
2.64873 2.46246 2.34870 2.24006 2.25060 2.24368 2.34844 2.41101 2.53571 2.54496 2.60307 2.63440
2.69081 2.80706 3.00312 3.06091 2.97052 2.98437 2.92085 2.89017 2.92785 3.04899 3.29435 3.56360
3.77993 4.20554 4.60159 4.96699 6.16434 8.09146 8.83578 10.47537 11.80504 11.41559
C1910TS152_2 0.45881563 15.49348 12.74493 9.47769 7.44982 5.97026 5.78487 5.24360 4.08710 3.73591
3.36167 3.15473 2.98882 2.96022 2.98232 2.97248 2.95549 2.90537 2.97345 2.91170 2.95049 3.00141
2.96891 2.94434 2.97779 2.96316 2.90039 2.95536 2.93781 2.91726 2.97263 3.14513 3.38411 3.59934
3.94022 4.17333 4.47355 4.89266 5.77764 7.52208 8.76184 10.27011 11.60042 11.55662
C1910TS413_4 0.4587568 16.38697 14.62062 9.46504 6.73363 5.51237 5.36473 4.50741 3.53487 3.27428
2.93413 2.68656 2.55255 2.47102 2.47871 2.52470 2.57695 2.55049 2.61377 2.56402 2.55966 2.58185
2.66258 2.79831 3.05648 3.09955 3.02219 3.07404 2.99404 2.93094 2.90087 3.00239 3.21197 3.38806
3.64692 3.96015 4.35187 4.81266 5.66854 7.46224 8.71328 9.91757 10.83849 10.51809
C1910TS438_5 0.4584057 19.39982 16.54881 11.07742 8.16288 5.97010 5.60241 4.62952 3.69569 3.43071
2.98989 2.72464 2.51604 2.40658 2.37671 2.42552 2.50175 2.48886 2.54027 2.52152 2.54881 2.58730
2.66589 2.78126 3.06966 3.08265 2.99132 3.03994 3.00447 2.96278 2.97488 3.08510 3.25553 3.44000
3.75128 4.06665 4.41639 4.86097 5.65081 7.41718 8.95209 10.14190 11.18200 10.87881
C1910TS345_1 0.45832664 16.29622 13.36783 10.00854 7.29993 6.09334 5.41052 4.81604 4.26624 4.18849
4.23735 4.13644 3.95862 3.92625 3.87663 3.84511 3.91037 4.31344 4.50509 4.99258 5.04966 4.12794
3.78304 3.50422 3.17322 3.05852 3.09007 3.11926 3.14470 3.23432 3.20682 3.34214 3.56368 3.82428
3.79617 3.76247 5.26537 6.95576 9.27582 11.21254 12.20195 14.07723 17.61033 17.28106
C1910TS369_5 0.45827052 14.98898 12.74560 9.04814 7.32956 5.65544 5.69060 5.32144 4.22532 3.88482
3.48774 3.21607 2.99887 2.90722 2.87065 2.87386 2.89413 2.86047 2.92805 2.87251 2.91217 2.90875
2.85925 2.86745 2.85052 2.84566 2.82563 2.88749 2.89137 2.88749 2.94734 3.17343 3.42020 3.61675
3.86758 4.27750 4.60475 5.00904 6.03821 7.90958 8.94477 10.23470 11.78363 11.62228
C1910TS438_1 0.45804837 19.69156 16.29939 10.70157 7.80515 5.62535 5.37606 4.49205 3.54063 3.25396
2.86073 2.65573 2.50984 2.43543 2.46014 2.49956 2.55825 2.53050 2.58620 2.55068 2.55496 2.58433
2.66167 2.80427 3.07270 3.07123 2.98286 3.00789 2.93659 2.87929 2.86210 2.97809 3.15852 3.32215
3.58593 3.90084 4.29038 4.74889 5.58884 7.37338 8.67080 10.18171 11.47759 11.41675
C1910TS413_5 0.45801705 16.34310 14.43332 9.85527 6.98537 5.53415 5.42923 4.56065 3.57751 3.27192
2.93671 2.71232 2.56770 2.46576 2.41563 2.45492 2.52117 2.50681 2.56372 2.52597 2.53854 2.55922
2.63607 2.76481 3.00034 3.08094 2.99841 3.03139 2.98577 2.93997 2.93668 3.06220 3.31795 3.54555
3.82057 4.20146 4.58464 5.02713 6.01247 7.98694 9.15621 10.16436 11.08784 10.71321
C1910TS438_3 0.45773542 19.51911 15.28055 9.78006 6.84388 5.38039 5.18973 4.31710 3.36773 3.15869
2.80593 2.59356 2.52299 2.52907 2.58741 2.60336 2.60358 2.56482 2.63398 2.57128 2.56796 2.61762
2.69016 2.84736 3.07129 3.10942 3.01202 3.06085 3.00229 2.94056 2.95313 3.11404 3.35668 3.55934
3.84935 4.09665 4.47710 4.98572 5.88975 7.82205 9.40544 10.98462 12.08892 11.62692
C1910TS413_2 0.45765886 17.04921 14.82252 9.49441 6.62464 5.49848 5.43322 4.66772 3.59203 3.29596
2.95874 2.74707 2.64779 2.60313 2.58303 2.58354 2.59567 2.53613 2.56347 2.50190 2.50316 2.52467
2.60427 2.73967 3.01387 3.07083 2.98425 3.03973 2.96004 2.89482 2.88548 2.99384 3.21272 3.37512
3.65597 3.97523 4.37017 4.86074 5.61738 7.37577 8.76111 10.03719 11.08431 10.89171
C1910TS413_1 0.4575544 16.04524 13.75252 9.05840 6.31480 5.21718 5.15090 4.44507 3.39886 3.10736
2.78925 2.60077 2.52543 2.50387 2.53348 2.57197 2.59650 2.57016 2.62675 2.56658 2.57941 2.60224
2.66011 2.77588 3.00499 3.08656 2.99728 3.05019 2.99218 2.94561 2.94114 3.05845 3.28745 3.51007
3.78667 4.09500 4.49327 4.98021 6.10448 7.94093 9.00222 10.06035 11.09305 10.80048
C1910TS010_1 0.45701605 18.76922 17.89075 14.74390 12.88249 11.44756 12.22173 10.55200 9.62333
9.55361 9.60901 8.50540 8.59673 8.46747 7.19801 6.57026 6.53147 5.59480 3.18750 2.71849 2.47565
2.14835 1.96074 1.93291 1.91401 1.86672 1.84486 1.92206 2.05723 2.10316 2.05019 2.13626 2.44244
2.75413 3.04277 3.15839 4.41429 6.18516 8.94505 11.25275 12.38818 14.42377 18.92598 18.59935
C1910TS123_3 0.45624104 20.53735 19.35674 15.16059 11.94514 7.31503 6.40465 4.79163 4.30453
4.12783 3.76763 3.29332 2.99361 2.81291 2.79885 2.72999 2.74866 2.70971 2.69816 2.63561 2.70519
2.74758 2.56163 2.64224 2.53516 2.43126 2.51827 2.74614 2.91754 3.08239 3.26251 3.50629 3.56735
3.82106 4.08878 4.40196 4.38329 5.03020 5.80475 7.60798 8.28095 8.93170 9.71653 10.75271
C1910TS413_3 0.4559843 15.52866 14.06799 9.62037 6.91862 5.46070 5.43123 4.60342 3.52827 3.25387
2.93138 2.71524 2.56704 2.48458 2.51201 2.54219 2.58802 2.56995 2.64248 2.60872 2.62419 2.65441
2.73538 2.88567 3.14575 3.13989 3.05157 3.07568 2.99616 2.93829 2.93128 3.05735 3.29496 3.48728
3.73425 4.05608 4.47262 4.91605 5.87294 7.73373 8.85155 10.21182 11.34121 11.09232
C1910TS405_4 0.45572597 18.41723 14.86688 10.95185 7.15107 6.05675 5.38024 4.60058 3.71771 3.39099
3.02562 2.76890 2.59973 2.43001 2.38679 2.39545 2.45342 2.42532 2.50019 2.48531 2.50372 2.52602
2.61582 2.77573 3.00800 3.03249 3.00064 3.02017 3.00948 2.97915 3.05634 3.30759 3.59075 3.73083
4.15908 4.57451 4.79919 5.16025 6.10832 7.97640 9.07402 10.81868 12.09853 12.25887
C1910TS087_3 0.45526063 14.15716 11.67425 7.71056 5.87461 4.56527 4.38083 4.00855 3.22456 2.87008
2.59908 2.52811 2.51574 2.45683 2.47752 2.51387 2.61032 2.60754 2.71692 2.66229 2.66531 2.60961
2.55922 2.56473 2.57208 2.58646 2.62823 2.70487 2.78834 2.84144 3.05077 3.41913 3.72865 3.97455
4.66349 5.08574 6.18780 7.33142 10.59201 13.40250 15.65245 18.19221 20.39438 19.69700
C1910TS152_1 0.4547756 14.62959 12.47813 9.17243 7.53308 6.06609 5.97757 5.47553 4.40494 4.00460
3.50684 3.27181 3.08740 2.94229 2.91413 2.93119 2.96918 2.92891 3.01341 2.97159 2.99825 2.97800
2.94529 2.96670 2.96317 2.96045 2.93732 2.98050 3.01604 3.02234 3.11728 3.39481 3.64158 3.82566
4.28791 4.76402 5.09331 5.85770 7.28234 10.13476 11.63406 15.74665 17.55063 16.96238
C1910TS414_1 0.45456934 17.41279 14.78524 10.62942 7.63092 6.56528 6.00814 5.28585 4.00612 3.40090
3.13642 2.86164 2.61343 2.43972 2.40917 2.36564 2.46159 2.49445 2.63848 2.58785 2.55790 2.50292
2.52017 2.65887 2.89194 2.97487 2.91186 2.94925 2.92808 2.93305 2.93858 3.15843 3.41644 3.61398
3.94308 4.30848 4.52438 4.86649 5.83088 7.66783 7.84644 9.70691 10.81732 11.86282
C1910TS073_4 0.45431033 18.02589 17.71420 13.16838 11.46682 10.29881 10.84487 10.29743 9.32195
9.48289 9.86763 8.74314 8.42788 8.56210 8.15470 7.97299 8.21217 7.12869 3.34083 2.69333 2.27929
2.10962 2.11732 2.07958 2.01066 2.01739 1.99798 1.99080 2.02320 2.31800 2.43009 2.74310 3.16799
3.08016 5.36791 6.31466 9.78243 12.42647 13.28357 14.94702 15.50355 16.29452 19.43181 19.33162
C1910TS247_2 0.45411104 18.48988 14.35279 10.72314 7.14861 5.87677 5.43545 4.53014 3.53399 3.22422
2.85444 2.61050 2.44112 2.30853 2.28993 2.29807 2.40312 2.42504 2.50995 2.49316 2.54538 2.55476
2.60915 2.73993 2.96546 3.04048 2.94655 2.95938 2.91784 2.89547 2.92863 3.05908 3.29614 3.59281
3.85000 4.25669 4.68596 5.13753 6.08002 7.89784 8.70187 10.05813 11.59824 12.38894
C1910TS211_1 0.45367604 15.13475 12.83269 9.48741 7.68446 6.05002 5.87174 5.36013 4.33189 3.93498
3.47680 3.26141 3.10269 2.96310 2.94984 2.95078 2.95332 2.89994 2.97965 2.91973 2.93819 2.91982
2.88445 2.90286 2.90253 2.90818 2.89821 2.93925 2.96633 2.99437 3.09955 3.38079 3.65348 3.86063
4.35263 4.83778 5.21849 6.03892 7.55784 10.48486 11.93541 16.04022 17.75057 17.13057
C1910TS230_2 0.45345145 16.54771 13.69412 10.12762 7.89034 6.22906 5.90361 5.09177 3.92384 3.64658
3.33138 3.11914 2.98408 3.03620 3.05289 3.04646 3.05146 3.01832 3.07632 3.00192 3.06455 3.15636
3.08758 3.08592 3.11548 3.02275 3.01084 3.04304 2.94444 2.92040 2.97890 3.23451 3.48343 3.68108
3.99338 4.30867 4.62353 5.28785 5.85712 7.90052 9.54239 10.43364 10.90993 9.99602
C1910TS230_3 0.45330954 15.75884 13.68193 9.92846 7.80326 6.26754 5.95484 5.17140 4.18187 4.09013
3.61505 3.25257 3.19974 3.02527 2.73466 2.68232 2.80205 2.82194 3.01469 3.05613 3.24038 3.27119
3.24365 3.21994 3.18625 3.07225 3.04160 3.01503 2.94176 2.98617 3.02444 3.14861 3.43539 3.63557
3.83698 4.22732 4.52942 4.83123 5.54060 7.52671 7.99204 8.80989 9.18167 9.64673
C1910TS054_1 0.45305896 14.32109 12.77902 9.52295 8.14820 5.75717 5.69926 5.11317 4.04617 3.66757
3.24485 3.01003 2.82804 2.71746 2.71700 2.68377 2.78459 2.84930 2.97542 2.94101 3.02403 3.02985
2.94185 2.91324 2.92229 2.90853 2.87737 2.94666 2.99724 3.04414 3.14795 3.43332 3.64489 3.85613
4.08518 4.50510 4.73864 5.27059 6.80610 8.83705 8.50727 11.19527 11.41686 13.75933
C1910TS273_2 0.45263144 18.88851 17.77691 14.78009 13.19882 11.71574 12.26897 10.69269 9.76050
9.76767 9.87467 9.01739 8.90879 8.90650 7.61276 6.76370 6.84423 5.69010 3.23338 2.73510 2.49283
2.20461 2.04503 2.01733 1.99644 1.95317 1.96765 2.03650 2.20379 2.31145 2.29145 2.42379 2.75492
3.09491 3.40272 3.61022 5.07012 7.17868 9.91508 12.28369 13.47781 15.65651 19.76366 19.25297
C1910TS309_4 0.45221508 16.08793 15.27498 8.94576 6.71828 4.96615 4.60619 4.07446 3.18296 2.89214
2.59801 2.45016 2.36624 2.28573 2.26277 2.22228 2.32279 2.43598 2.64883 2.64192 2.73247 2.81952
2.91478 2.94249 2.80869 2.77248 2.74667 2.80672 2.94504 3.01671 3.10868 3.45823 3.69167 3.99940
4.56944 5.09469 5.17099 6.33710 7.36889 9.26495 11.19109 13.71829 16.51243 16.53438
C1910TS230_1 0.45206052 15.79989 13.53664 9.66482 7.93633 6.44944 6.10071 5.42252 4.66300 4.49034
4.15109 3.63303 3.45512 3.18322 2.93460 2.82384 2.82812 2.81691 2.99645 3.11690 3.18711 3.12598
3.09060 3.10414 3.12108 3.05935 3.03004 3.01332 2.99694 3.01029 3.03657 3.19045 3.41573 3.73562
3.97032 4.26178 4.56041 4.92127 5.42738 6.90512 8.32148 9.99698 11.54078 12.71982
C1910TS179_1 0.45206052 15.79989 13.53664 9.66482 7.93633 6.44944 6.10071 5.42252 4.66300 4.49034
4.15109 3.63303 3.45512 3.18322 2.93460 2.82384 2.82812 2.81691 2.99645 3.11690 3.18711 3.12598
3.09060 3.10414 3.12108 3.05935 3.03004 3.01332 2.99694 3.01029 3.03657 3.19045 3.41573 3.73562
3.97032 4.26178 4.56041 4.92127 5.42738 6.90512 8.32148 9.99698 11.54078 12.71982
C1910TS247_4 0.45181295 16.40769 13.79956 10.35732 8.49627 6.32888 6.00352 5.74950 4.59769 4.06663
3.61315 3.32252 3.04457 2.93799 2.97057 3.01873 3.06985 3.05444 3.14780 3.09880 3.14981 3.17754
3.12631 3.09617 3.05866 3.00829 2.95064 2.99105 2.97859 2.98232 2.98423 3.14355 3.38013 3.58072
3.88322 4.21855 4.54706 4.97662 6.02625 7.83071 8.41045 9.76194 11.56359 12.57761
C1910TS054_4 0.45148405 14.99734 13.20475 9.82016 8.46962 6.02068 5.85035 5.17657 4.06850 3.70497
3.29199 3.05492 2.86115 2.75926 2.74093 2.69874 2.80806 2.88028 3.01425 3.00735 3.10412 3.09965
3.01892 3.02082 3.01114 2.95859 2.94244 3.00311 3.02319 3.06041 3.13775 3.44409 3.75116 3.88940
4.25181 4.78758 5.06364 5.50842 7.27749 8.67324 10.68310 11.64719 11.59727 12.71754
C1910TS247_1 0.45106283 17.59740 14.75109 10.81368 8.24944 6.66625 6.07424 5.22581 4.17743 3.82286
3.42829 3.24341 3.10567 3.07644 3.09068 3.04936 3.02501 2.96080 3.08022 3.02524 3.05997 3.11708
3.07836 3.05440 3.07195 3.01853 3.00386 3.02844 2.99816 2.96520 3.02740 3.21136 3.39865 3.61088
3.91173 4.17440 4.50861 4.95332 5.87808 7.39408 8.12520 9.42997 10.98096 11.98130
C1910TS123_5 0.4502488 13.72285 11.95897 8.99580 7.02066 5.48973 5.53569 4.57673 3.91734 3.65282
3.66401 3.34613 3.08403 3.23903 3.10794 3.11494 3.17598 3.09885 3.08574 3.02053 3.10610 3.10431
2.92952 2.79755 2.61581 2.57031 2.67265 2.76066 2.84872 2.73316 2.80073 2.85515 3.07210 3.19595
3.50627 3.86309 4.56432 5.19149 5.71207 6.92075 7.71542 8.74149 9.63034 9.65176
C1910TS123_4 0.4502488 13.72285 11.95897 8.99580 7.02066 5.48973 5.53569 4.57673 3.91734 3.65282
3.66401 3.34613 3.08403 3.23903 3.10794 3.11494 3.17598 3.09885 3.08574 3.02053 3.10610 3.10431
2.92952 2.79755 2.61581 2.57031 2.67265 2.76066 2.84872 2.73316 2.80073 2.85515 3.07210 3.19595
3.50627 3.86309 4.56432 5.19149 5.71207 6.92075 7.71542 8.74149 9.63034 9.65176
C1910TS301_1 0.44880214 17.11216 14.37981 10.70975 7.80665 6.65354 6.38941 5.50217 4.20212 3.58211
3.35381 3.12664 2.90171 2.68472 2.61165 2.62266 2.66641 2.63474 2.75004 2.65920 2.60249 2.55200
2.56640 2.69067 2.93617 3.01173 2.94352 2.99151 2.95959 2.94286 2.95495 3.10820 3.32956 3.50527
3.83244 4.16514 4.46316 4.86901 5.88046 7.64677 8.53840 10.21600 11.40200 11.24662
C1910TS044_1 0.44880214 17.11216 14.37981 10.70975 7.80665 6.65354 6.38941 5.50217 4.20212 3.58211
3.35381 3.12664 2.90171 2.68472 2.61165 2.62266 2.66641 2.63474 2.75004 2.65920 2.60249 2.55200
2.56640 2.69067 2.93617 3.01173 2.94352 2.99151 2.95959 2.94286 2.95495 3.10820 3.32956 3.50527
3.83244 4.16514 4.46316 4.86901 5.88046 7.64677 8.53840 10.21600 11.40200 11.24662
C1910TS247_5 0.44848597 15.77204 13.28761 9.76969 7.71184 5.96106 5.85637 5.37659 4.29360 3.96857
3.60076 3.38783 3.27990 3.18094 3.18305 3.15178 3.15693 3.09250 3.15948 3.08570 3.11212 3.12467
2.96999 2.85525 2.73176 2.68536 2.69796 2.73543 2.75933 2.76394 2.84614 2.94272 3.13232 3.33562
3.65129 4.07091 4.40785 4.77250 5.28980 6.65759 7.57105 9.41327 11.08308 12.31396
C1910TS087_1 0.4475995 17.89048 14.79823 12.58594 9.66423 7.57241 7.29578 5.90866 4.25004 3.80153
3.47546 3.24487 3.04474 2.85059 2.78449 2.70934 2.74852 2.77590 2.90182 2.86220 2.92475 2.94663
2.89369 2.89669 2.90416 2.87701 2.89249 2.93458 2.93238 2.98774 3.05808 3.32636 3.63033 3.81434
4.16338 4.71094 4.95435 5.29215 6.59240 8.60477 10.41095 13.55175 16.86580 18.36104
C1910TS309_3 0.4475471 17.55397 15.80267 11.34510 8.71126 6.66093 6.21359 5.42209 4.33937 3.92118
3.54018 3.26092 3.01500 2.81336 2.75549 2.75038 2.83315 2.85484 2.97932 2.97030 3.05261 3.02936
2.96767 2.98835 2.96710 2.92309 2.95605 2.98463 3.00102 2.99241 3.06445 3.29780 3.53257 3.69254
4.20553 4.66612 4.90097 5.24708 6.14884 7.58995 8.70628 10.91647 14.19263 15.76987
C1910TS215_5 0.44667545 14.25420 12.01291 6.78304 5.12874 3.94977 3.93059 3.39620 3.00386 3.09664
2.99409 2.83449 2.84449 2.82926 2.86380 2.89499 2.97515 3.11321 3.30559 3.50511 3.57725 3.55983
3.34920 3.21557 3.08456 2.69478 2.74340 2.82961 3.12131 3.29693 3.38858 3.82009 4.68375 4.92252
5.20047 5.85556 9.19387 10.46971 12.87249 15.14110 15.20279 16.28809 18.39245 18.10384
C1910TS054_5 0.44635665 14.27249 12.65392 9.59779 8.36355 5.90655 5.78969 5.29172 4.18414 3.72335
3.32947 3.09173 2.98190 2.91030 2.89005 2.90492 2.94168 2.94251 3.05950 3.00535 3.05406 3.02379
2.94026 2.92966 2.92660 2.90480 2.88676 2.96219 2.98792 3.01719 3.14880 3.41044 3.63836 3.87256
4.45106 5.09926 5.61808 6.19752 7.68188 9.42338 10.94352 12.37563 14.01144 15.49184
C1910TS309_2 0.44629815 17.49426 14.22601 10.86016 10.54543 8.09131 8.66396 6.88009 5.01519
4.40336 4.01412 3.72953 3.45373 3.27412 3.25250 3.22988 3.19634 3.10171 3.08323 2.83587 2.60217
2.45186 2.52985 2.67596 2.92128 3.01823 2.94813 2.97110 2.92972 2.90644 2.92189 3.07837 3.31769
3.49265 3.82357 4.12088 4.48057 4.99767 6.14736 7.89188 8.81866 10.67540 11.91899 12.13050
C1910TS345_3 0.44627643 16.51026 15.26469 11.55519 9.68508 7.35965 6.31338 5.14195 3.84592 3.65956
3.80141 3.85526 3.84712 3.78747 3.67576 3.54418 3.45683 3.56888 3.71710 3.93131 4.03013 3.71405
4.85405 4.68210 5.42345 5.32583 5.33936 5.67229 5.38751 5.04859 4.79678 4.98939 4.87074 4.87309
4.90754 5.04835 5.48299 6.05981 6.34651 7.06472 6.93518 8.10895 10.25268 11.20288
C1910TS438_4 0.44619092 20.75152 18.11693 14.77118 11.33627 8.52958 7.83283 6.01192 4.60965
4.22710 3.81619 3.53530 3.28244 3.10832 3.09279 3.10238 3.10686 3.05303 3.16199 3.12955 3.12882
3.16866 3.12466 3.09107 3.17610 3.07632 3.04152 3.09432 3.04138 2.96760 2.95222 3.03109 3.22052
3.42859 3.73116 4.05396 4.41763 5.02783 6.16525 7.93643 9.11896 10.61372 11.54708 10.87522
C1910TS152_3 0.4461215 14.84656 12.36764 8.50685 6.36808 4.91126 4.61911 4.26797 3.49520 3.11937
2.71503 2.59611 2.42501 2.27247 2.28842 2.31756 2.40063 2.48259 2.70485 2.88691 3.00500 2.93479
2.89023 2.89984 2.90556 2.92935 2.93759 3.00069 3.09352 3.22662 3.52733 3.79783 4.04420 4.38917
5.11821 6.00976 8.33777 10.48965 14.43396 17.07734 19.08562 21.29309 22.22491 21.24207
C1910TS158_3 0.44565606 14.15485 12.01272 8.08128 6.49241 5.98823 5.46571 4.66513 4.48832 3.88779
3.85165 3.64140 3.33533 3.26127 3.24527 3.20546 3.23915 3.16912 3.20159 3.31127 3.41856 3.54785
3.57934 3.68260 3.37818 3.43131 3.47425 3.45723 3.28942 3.48173 3.41069 3.83037 3.98149 4.21315
4.28841 4.60886 4.61640 5.14756 5.85083 7.86520 8.70020 8.97080 9.24844 10.15587
C1910TS414_5 0.44525686 16.96767 14.81226 12.09845 9.19923 7.74060 6.98143 5.80264 4.28267 3.76923
3.44335 3.19169 2.94620 2.78016 2.79499 2.78344 2.81634 2.82750 2.95420 2.92296 2.96515 2.97467
2.92749 3.01304 3.15346 3.49967 3.64324 3.53252 3.51839 3.56076 3.61641 3.83426 4.14101 4.30167
4.61504 5.13731 5.70749 6.65262 8.22653 9.65758 9.90214 11.95369 13.79585 14.62215
C1910TS215_1 0.44515672 16.03602 13.77970 10.13969 8.54390 6.12239 5.94603 5.59260 4.42579 3.75319
3.50149 3.32905 3.17406 3.16155 3.17614 3.25352 3.17316 3.12537 3.37243 3.46387 3.79964 3.88850
3.44854 3.15876 3.13967 3.23854 3.20177 3.30952 3.34613 3.19653 3.35527 3.77579 3.94415 4.00542
4.49471 4.83362 5.48266 6.69877 7.56986 9.46956 11.39253 14.40674 17.81982 16.43316
C1910TS152_5 0.44499767 20.84739 19.58835 15.70699 13.36446 12.32387 11.82475 10.91658 9.70328
9.73734 9.29064 8.50856 8.16646 7.35003 6.84844 6.10016 3.51524 3.27482 3.01311 2.70341 2.70437
2.71277 2.63736 2.61364 2.65148 2.65680 2.60523 2.64190 2.61868 2.57546 2.65422 2.71445 2.76898
2.97464 3.14879 3.34166 3.76950 4.36726 5.18003 7.04630 8.38705 9.36716 10.25416 8.61749
C1910TS211_2 0.44461626 14.60630 12.80384 8.53169 6.72019 5.75860 5.32654 4.85569 4.23453 4.11905
3.79391 3.53097 3.36063 3.53137 3.28375 3.08384 3.26302 3.29409 3.54112 3.32103 3.25977 3.05952
2.93514 3.00206 3.05472 2.91652 2.81951 2.94348 2.93693 2.92104 2.88540 2.94579 3.09022 3.26605
3.53396 3.94544 4.33586 4.72242 5.45943 6.82226 7.68714 8.61900 10.19279 10.23790
C1910TS158_2 0.44436106 13.23931 10.99405 8.91377 7.42987 5.96444 5.72964 4.77376 3.70494 3.54282
3.17982 2.97682 2.88383 2.98005 3.10390 3.14472 3.23608 3.16272 3.18958 3.07682 3.10841 3.13449
3.01640 3.01256 3.07168 3.01955 3.04804 3.08189 3.16042 3.34825 3.38844 3.96831 4.00018 4.52925
4.60011 4.70817 5.58534 6.77587 8.68129 10.76371 12.60238 13.53742 14.73232 13.96943
C1910TS414_2 0.4443094 14.94354 13.93979 12.48382 10.22085 9.27947 8.74853 7.33696 5.24063 4.58600
4.21506 3.83571 3.35011 2.93941 2.91829 2.99438 3.16414 3.23757 3.14131 2.84917 2.55426 2.39806
2.49626 2.71613 3.07844 3.54164 3.60415 3.48543 3.46110 3.50791 3.59619 3.85806 4.15465 4.30624
4.75064 5.27701 5.83425 6.76599 8.34488 10.20248 10.35130 12.57214 14.39538 14.72948
C1910TS404_4 0.44414788 14.83880 12.21777 8.39159 6.27121 4.92426 4.64866 4.29638 3.46797 3.11434
2.71201 2.59846 2.45864 2.28678 2.32305 2.35331 2.43727 2.52195 2.75011 2.93595 3.06542 2.99737
2.95000 2.94942 2.96571 2.98730 2.98348 3.05368 3.12118 3.24197 3.55800 3.83009 4.10445 4.42627
5.11905 5.93165 8.18027 9.91960 13.56563 14.89747 16.30015 17.96326 20.01691 19.94521
C1910TS404_3 0.44372928 14.70071 12.31045 8.47077 6.35000 4.97465 4.68055 4.33523 3.53548 3.17763
2.74511 2.62674 2.47532 2.30026 2.32572 2.35731 2.43933 2.51764 2.75191 2.95711 3.09246 3.02761
2.99974 3.01204 3.02018 3.03379 3.03107 3.07761 3.13742 3.24163 3.51161 3.74379 4.01573 4.37351
5.09242 5.90088 8.15174 10.31656 13.97400 16.68649 15.76943 16.70083 16.63131 15.95792
C1910TS054_3 0.44369543 14.72508 13.05232 9.84564 8.57323 5.88244 5.70920 5.15541 4.11207 3.68435
3.30346 3.08256 2.94473 2.89369 2.87613 2.88243 2.91736 2.91568 3.01959 2.96306 2.99488 2.98611
2.92422 2.94025 2.95691 2.94610 2.93489 2.97637 3.01136 3.10534 3.25205 3.62891 3.79527 4.00625
4.51589 5.10829 5.64967 6.28324 7.70279 9.65652 11.15825 12.75583 14.25022 15.84578
C1910TS182_1 0.44354975 18.56651 16.19782 12.13667 10.30440 6.93052 7.16663 5.55139 3.99943
3.62067 3.29565 3.08093 2.86793 2.79266 2.83595 2.84180 2.90712 2.94536 3.08174 3.03903 3.08775
3.09785 3.04449 3.02529 3.00889 2.98083 2.93626 2.97611 2.96574 3.00988 3.08970 3.36352 3.70419
4.04481 4.54683 5.19358 6.03621 7.81064 9.85367 12.81196 14.43750 16.36443 18.17610 18.43890
C1910TS404_2 0.44353527 14.92057 12.31586 8.47652 6.33481 4.95866 4.66629 4.31037 3.49038 3.14288
2.72864 2.60268 2.46476 2.29394 2.32517 2.35629 2.44055 2.52370 2.75183 2.93734 3.06596 2.99821
2.95269 2.95519 2.97280 2.99170 2.98876 3.05457 3.11773 3.23308 3.54841 3.82720 4.10119 4.42778
5.15362 5.99418 8.28154 10.42603 14.10923 16.99245 18.54889 20.51308 21.54660 20.86311
C1910TS404_1 0.44305885 14.97533 12.31668 8.45058 6.33576 4.96059 4.65227 4.30274 3.49248 3.16374
2.75396 2.61210 2.47601 2.31421 2.33349 2.36669 2.45018 2.53372 2.75957 2.94261 3.07236 2.99851
2.94946 2.95452 2.96996 2.98674 2.98813 3.05207 3.12780 3.24417 3.56124 3.84436 4.12420 4.44598
5.18878 6.09012 8.50439 10.54283 14.22168 16.71579 18.41413 20.93037 21.85930 21.15007
C1910TS247_3 0.44304168 16.78660 14.26079 10.82486 8.49821 6.52683 6.03367 5.25075 3.94056 3.61753
3.13014 2.79904 2.59539 2.66908 2.71824 2.72836 2.82169 2.87904 3.04375 3.03139 3.07536 3.07801
3.00262 2.95709 2.95446 2.90303 2.84731 2.89911 2.93435 2.95087 2.95409 3.23735 3.56105 3.83475
4.08144 4.42637 4.74236 5.08247 5.85684 7.77372 8.94016 10.69711 11.97564 12.22652
C1910TS258_3 0.4425756 14.19745 12.08996 8.64911 7.54771 5.46747 5.47240 4.98246 3.63360 3.26673
2.96203 2.80104 2.76433 2.79246 2.82969 2.78237 2.69487 2.56883 2.56192 2.50470 2.51519 2.52530
2.47849 2.53095 2.65605 2.72031 2.79805 2.89043 3.29739 3.49357 3.70904 4.49771 5.25457 6.24449
8.52372 9.95209 12.42144 14.53918 14.66166 15.19834 14.36149 14.97047 14.91134 15.19646
C1910TS389_2 0.44205153 16.02272 15.53956 11.49441 8.91313 7.08079 6.66329 5.74796 4.36654 3.88846
3.44093 3.18071 2.97376 2.87127 2.90386 2.90613 2.97580 2.99250 3.10138 3.06892 3.09539 3.07072
3.00720 3.01806 2.93895 2.84481 2.72921 2.74469 2.77347 2.77691 2.86825 3.08460 3.36582 3.52062
3.92938 4.26169 4.73593 5.28116 5.80682 7.41367 9.31463 12.24215 15.54453 17.85781
C1910TS240_3 0.440997 16.67580 16.85453 13.95654 13.03177 8.45656 7.60231 6.25216 4.38979 3.83250
3.38725 3.12115 2.94482 2.84226 2.85777 2.85408 2.89477 2.87530 2.97250 2.93163 2.95360 2.92426
2.99706 3.18180 3.46764 3.58011 3.49692 3.57724 3.54939 3.52873 3.61361 4.00291 4.33604 4.59687
5.20634 6.48421 7.38014 8.89623 9.98829 10.94357 11.87885 13.30750 14.76077 14.77370
C1910TS405_5 0.44076443 18.47623 15.16886 11.13487 7.84074 6.63887 6.18418 5.07653 3.90047 3.51116
3.14388 2.96698 2.81700 2.70689 2.75036 2.78754 2.89314 3.03655 3.29896 3.52475 3.37937 3.19351
2.92206 2.92201 2.94813 2.82178 2.81739 2.83319 2.76910 2.73881 2.77706 2.92601 3.13829 3.30538
3.64189 4.00730 4.20960 4.53140 5.28097 6.81582 7.50099 9.68858 11.31270 12.39444
C1910TS215_4 0.43892783 20.44678 18.73168 14.26445 12.62174 11.24733 10.91256 10.47408 9.48799
9.48372 9.69283 9.00611 8.54885 8.82719 7.82197 7.10467 7.28109 6.76494 4.28140 3.75319 3.26174
2.93443 2.63492 2.59394 2.52295 2.51110 2.57187 2.66870 2.61218 2.62469 2.64192 2.72233 2.80149
3.05847 3.35352 3.81755 4.07283 4.75124 5.21530 7.11702 8.55521 9.44711 11.37273 12.45901
C1910TS345_2 0.43882698 15.97423 13.88872 10.02597 8.06227 6.21119 4.98356 4.22980 3.42948 3.46851
3.46247 3.28450 3.20660 3.14432 2.99520 2.93687 2.97927 3.06279 3.21796 3.43213 3.54610 3.54050
4.67256 5.03749 5.67242 5.65950 5.54721 5.96746 6.01163 5.78179 6.01350 6.70493 7.02254 7.42609
7.49820 8.87004 9.57780 10.69596 12.28861 14.12588 14.84186 16.39237 19.04393 18.57614
C1910TS258_2 0.4381405 15.01782 12.86046 9.27116 7.99407 5.66215 5.69098 5.19439 3.43580 2.63972
2.35874 2.30338 2.32795 2.37110 2.47813 2.53217 2.57610 2.57317 2.55440 2.49533 2.52043 2.53798
2.46512 2.48597 2.60093 2.72106 2.84574 3.08265 3.45970 3.56216 4.06365 4.73968 6.67552 9.12453
14.06859 16.58579 17.65399 18.92823 18.23452 17.91586 17.46676 19.80669 20.23743 19.63576
C1910TS228_3 0.4368435 13.82542 11.70594 7.78642 6.48472 4.85847 4.87538 4.43567 3.33797 2.99240
2.70313 2.53356 2.43433 2.44887 2.51931 2.52490 2.74253 2.88853 3.15841 3.07312 2.95814 3.04264
3.00553 2.99155 2.98870 2.90553 2.95635 3.16460 3.54310 3.82951 3.99025 4.94974 5.83567 7.84124
6.63481 7.66440 7.77687 8.76542 10.56759 13.44042 15.02790 16.58749 18.98838 18.86548
C1910TS073_5 0.4367917 18.82908 17.35775 13.19189 11.57629 10.76123 11.64488 11.06271 10.92833
10.58416 9.55480 8.50008 7.57498 8.00404 7.43798 7.43023 7.80416 7.24495 3.86314 3.10257 2.31327
2.20385 2.44931 2.48611 2.98385 2.97808 2.79475 2.85855 2.44755 2.85275 2.62478 3.07199 3.53016
3.32617 5.70706 6.61003 9.09528 11.13578 11.17751 13.13391 13.45806 13.80870 16.64745 17.47783
C1910TS182_3 0.43668738 16.79106 14.14303 11.45535 10.94731 8.94315 9.68286 7.93942 5.81570
5.36535 4.88877 4.67033 4.38919 4.13991 4.05373 3.79962 3.54106 3.12069 3.04998 2.98020 2.89654
2.67544 2.52459 2.57279 2.59106 2.59885 2.61049 2.64292 2.68139 2.75212 2.85232 3.09105 3.46069
3.78770 4.41281 4.90583 5.32820 6.18171 7.72871 11.34035 14.12322 16.75783 18.95820 19.97611
C1910TS240_1 0.4351564 15.53607 14.88901 12.67676 11.00166 9.76518 9.52099 8.71653 6.36090 5.56715
5.04816 4.63663 4.22084 3.92188 3.88627 3.82297 3.79272 3.72160 3.84901 3.68453 3.41632 2.99034
2.94872 3.19516 3.46017 3.54972 3.45622 3.50379 3.47157 3.46069 3.52921 3.88544 4.20434 4.35327
4.93932 6.20357 6.96900 8.24857 9.15801 9.98786 10.70622 12.15403 12.66882 12.91775
C1910TS211_3 0.43514162 11.57475 9.21737 9.35682 8.44889 6.10145 5.75816 4.15822 3.20630 2.98161
2.74200 2.58453 2.51046 2.52706 2.46606 2.36021 2.37490 2.28589 2.32824 2.31986 2.39033 2.43301
2.47454 2.52754 2.94557 3.67825 4.11756 7.18040 8.30568 11.34634 10.47902 9.97809 10.81238
10.90184 10.91230 11.49552 12.66369 13.42295 13.25213 15.07776 13.96690 14.83140 16.02128 15.73904
C1910TS230_4 0.4350028 21.89423 20.60681 16.38114 14.15859 12.37676 12.21175 10.99997 9.94026
9.74221 9.40303 8.59659 8.28307 7.49031 6.98633 7.33729 4.24080 4.02239 3.55680 3.20870 2.95494
2.72558 2.60493 2.54267 2.51319 2.55695 2.50359 2.59032 2.55565 2.51158 2.60548 2.70745 2.78124
2.96655 3.15089 3.30674 3.69710 4.27228 4.91094 6.64769 7.67156 8.59780 9.08374 9.25848
C1910TS228_4 0.43440473 14.84401 12.75714 9.03652 8.08388 6.06458 5.81811 5.73544 4.63659 4.08139
3.51687 3.37626 3.13589 2.99978 3.04246 3.55657 3.88164 4.89954 4.16353 3.90159 3.74773 3.46393
3.42787 3.38873 3.16803 3.11835 3.15815 3.04946 2.98695 3.06769 3.71053 4.27692 4.18772 4.32129
4.88493 6.17296 8.54757 11.16866 12.42742 13.20725 12.68181 14.71413 16.31828 16.43604
C1910TS158_5 0.43381944 15.91348 14.26948 10.35610 10.55839 7.23189 8.06221 6.50795 4.65591
4.22770 3.98367 3.64513 3.33087 3.29889 3.33827 3.24960 3.14721 3.11823 3.13119 3.05525 3.10873
3.21839 3.22284 3.18598 3.15289 3.14728 3.08709 3.17353 3.23230 3.27771 3.28366 3.48730 3.87546
4.22916 4.86330 5.34214 5.94298 7.20112 8.58329 10.44247 11.66412 14.31336 16.25444 17.10020
C1910TS215_3 0.43333197 15.74541 13.11616 10.48428 8.69922 7.22547 6.98879 5.97544 5.65530 5.96502
5.72490 5.37103 5.54797 5.46446 5.05016 5.02025 5.28440 5.18768 5.64990 6.55309 5.59246 4.70664
3.93428 4.05695 3.93909 3.56591 3.70174 3.73415 3.64954 3.72740 3.78318 3.69047 3.70925 3.81520
3.86667 3.86886 4.19213 5.14742 6.14655 8.08976 8.90871 9.55474 9.91722 9.39553
C1910TS389_4 0.43305114 15.48447 13.80630 10.55901 9.32104 6.66626 6.28969 6.10920 4.91181 4.21477
3.88038 3.64479 3.50874 3.35203 3.29813 3.29873 3.27763 3.19135 3.31224 3.31547 3.34659 3.29196
3.19669 3.17346 3.14259 3.11135 3.04819 3.14883 3.28193 3.31421 3.60480 3.96897 4.31881 4.69784
5.21960 6.06850 7.71245 10.97715 12.79916 14.77757 15.99638 17.12216 18.17255 18.27725
C1910TS211_4 0.43284515 11.90214 9.75589 9.77368 8.89296 5.99473 5.67910 4.06457 3.17484 2.95111
2.72372 2.54844 2.45652 2.49454 2.44449 2.36036 2.37638 2.30713 2.38267 2.40850 2.54428 2.66338
2.73279 2.80667 3.14252 3.91926 4.44907 7.70426 9.12868 11.95610 11.10481 10.36683 11.20786
11.34427 11.32851 11.89782 12.96690 13.81890 13.62010 14.93228 13.95631 14.40105 15.98343 15.59180
C1910TS389_3 0.43163154 19.39706 17.31199 12.59273 9.56898 7.50755 6.97072 5.82314 4.43234 4.01595
3.54008 3.31552 3.08046 2.89265 2.91783 2.89706 2.97052 2.99687 3.10539 3.07948 3.12367 3.13142
3.06257 3.04438 3.03532 3.04128 2.99761 3.03597 3.07774 3.14945 3.33610 3.71229 4.14168 4.68563
5.22752 5.91028 7.19688 8.56599 11.01534 13.46752 15.21542 16.52045 17.87488 17.32739
C1910TS258_5 0.43125477 15.61348 12.91657 9.21127 7.91493 6.02051 5.82747 5.82515 4.60431 4.21134
3.93784 3.59823 3.29538 3.14893 3.02372 3.01878 2.96400 2.89562 2.95889 2.95837 3.08609 3.16390
3.14847 3.19004 3.22315 3.17596 3.11024 3.00758 3.12891 3.27426 3.47558 4.15690 4.40650 4.66784
4.91873 5.12652 5.41505 6.34534 6.85221 8.95309 10.93205 11.85753 12.89364 12.53318
C1910TS228_2 0.43109143 14.89016 12.64765 9.01637 8.01761 6.05613 5.82376 5.65359 4.58110 4.27838
3.99437 4.21818 4.06077 3.67022 3.48747 3.68897 3.99104 4.85981 4.18293 3.91756 3.76512 3.56196
3.48780 3.41068 3.19966 3.13289 3.19653 3.21118 3.25483 3.31994 3.89112 4.50419 4.41610 4.31693
5.07077 6.54972 9.36965 12.20287 13.23964 15.02530 14.22226 15.35837 15.60352 15.54317
C1910TS211_5 0.43065536 10.79942 9.19479 9.81027 8.83962 6.33806 5.85186 4.32231 3.32755 3.17145
2.91708 2.69877 2.56754 2.54873 2.47092 2.35772 2.36372 2.25579 2.27298 2.25913 2.34275 2.41635
2.48589 2.52259 2.88672 3.54555 3.92034 6.93044 8.01984 11.20606 10.40189 9.88422 10.65545
10.79523 10.84014 11.50486 12.55365 13.38682 13.15663 15.51625 14.16068 15.19736 16.32496 16.19796
C1910TS182_2 0.42965847 15.76244 15.19872 13.20160 10.94726 8.27631 6.73120 5.41583 4.09639
3.83155 3.47448 3.24585 2.96574 2.79652 2.68635 2.42511 2.46859 2.53023 2.64980 2.68380 2.80635
2.83518 2.76781 2.68315 2.70022 2.67578 2.66500 2.65645 2.74301 2.81438 2.75004 2.94895 3.29563
3.70163 4.23608 4.57475 5.13581 6.20277 8.40499 9.38721 11.71420 14.50197 18.61644 19.35608
C1910TS389_1 0.429589 19.20221 17.14333 12.62458 9.56927 7.46455 7.01242 5.94318 4.45886 3.96593
3.57247 3.34657 3.12185 2.97989 3.02151 3.01771 3.06520 3.06625 3.17709 3.12924 3.16740 3.16795
3.10769 3.10769 3.12742 3.13126 3.09873 3.12637 3.18468 3.22600 3.39237 3.75061 4.20997 4.75347
5.34452 6.09062 7.49999 8.86134 11.32024 13.47603 15.06661 15.83689 17.20046 15.18272
C1910TS228_1 0.42932197 14.88945 12.85320 9.17109 8.23376 6.22963 5.85439 5.82663 4.70886 4.17739
3.64070 3.43096 3.19483 3.11087 3.24845 3.85285 4.14794 5.18017 4.20187 3.90545 3.87583 3.59043
3.59219 3.57720 3.32627 3.27769 3.32191 3.18972 3.11152 3.21665 3.85769 4.38993 4.22478 4.51292
4.94601 6.32819 8.76592 11.58709 12.88928 13.85251 13.41509 15.23043 17.00208 16.90601
C1910TS228_5 0.4289132 14.84058 12.81781 9.10671 8.11229 6.17030 5.80261 5.72514 4.63197 4.12544
3.58484 3.38951 3.13370 3.08154 3.18069 3.74828 4.00342 5.07995 4.23743 3.95172 3.85137 3.57122
3.55822 3.50517 3.26599 3.23136 3.28919 3.17207 3.11962 3.23940 3.92291 4.44844 4.26933 4.46107
4.95557 6.27597 8.83264 11.58463 12.94044 13.75578 13.37372 15.44714 17.10472 17.05088
C1910TS073_2 0.42859 17.64998 17.84315 14.19776 12.69529 11.13884 11.01285 10.06520 9.38437
9.06896 9.19393 8.32460 7.87391 8.27264 7.67908 6.76837 6.86458 6.34673 3.86769 3.68034 3.07931
2.78245 3.11036 3.13110 3.10462 3.04872 2.91132 2.95474 2.80768 3.12976 2.90072 3.26357 3.53642
3.31163 5.88401 6.73089 8.92134 10.15091 9.83544 11.69221 10.91309 12.36964 15.85350 17.03806
C1910TS182_4 0.42856443 16.00652 15.47550 13.43655 11.27029 8.39832 6.97691 5.49435 4.10969
3.83757 3.47603 3.23656 2.96511 2.81762 2.72573 2.50818 2.58392 2.65975 2.76627 2.77401 2.88039
2.91596 2.86085 2.77381 2.78566 2.78438 2.76540 2.74250 2.83902 2.89349 2.80357 2.97542 3.26659
3.63360 4.12027 4.46731 4.98135 6.11589 8.39230 9.46022 11.66824 14.21228 18.07032 18.66551
C1910TS258_1 0.42795333 14.77228 12.64176 9.51235 8.12602 5.94676 5.63754 5.38150 3.61188 2.94263
2.66922 2.51744 2.46514 2.51211 2.59952 2.68169 2.82508 2.87882 2.86991 2.77858 2.84067 2.91231
2.95201 2.96221 3.00113 2.99506 2.96698 3.21334 3.55323 3.64505 4.02909 4.55161 7.86811 9.98244
14.23776 15.93895 16.54721 17.95640 17.35737 17.42719 16.28127 19.50593 20.97064 20.26889
C1910TS240_4 0.42609176 15.12903 13.95929 11.85607 10.64868 9.34070 9.09025 7.95099 5.85440
5.10965 4.74952 4.49297 4.08686 3.88974 3.85767 3.69784 3.62514 3.55889 3.65353 3.51491 3.39564
3.01983 2.94763 3.21134 3.50688 3.60987 3.50383 3.53112 3.55551 3.60330 3.75374 4.26731 4.81091
5.18128 6.28112 8.52178 9.83418 10.96635 12.07133 12.18234 12.51710 13.34567 14.55254 14.01332
C1910TS240_5 0.42528492 15.24291 14.61838 12.19336 10.71116 9.36951 8.91455 7.93386 5.78557
5.06304 4.60588 4.32471 4.04159 3.85276 3.82852 3.68279 3.61696 3.55902 3.66503 3.52233 3.38470
3.00550 2.92869 3.17208 3.47417 3.56845 3.47657 3.52473 3.54642 3.60533 3.79282 4.33023 4.89022
5.27510 6.42484 8.74183 9.95944 11.04317 12.08891 12.24870 12.50140 13.39730 14.64043 14.12111
C1910TS010_2 0.4235742 21.38593 21.49552 18.84215 17.21103 16.19489 18.89632 16.70415 13.54956
12.15423 11.12478 10.23906 9.51520 9.05524 7.90432 6.76196 6.34090 5.64318 2.95665 2.58279
2.43448 2.20267 2.13975 2.16796 2.21162 2.29556 2.31175 2.41549 2.54891 2.70226 2.75618 2.84949
3.26524 3.48394 6.01152 7.47320 12.02109 14.77371 14.94442 16.51735 16.85547 18.84509 19.61695
19.01101
C1910TS073_1 0.4235626 14.36574 11.32943 8.36886 6.74698 5.61212 5.63764 5.17745 4.56756 4.73852
4.72122 4.47199 4.43965 4.53432 4.42946 4.36476 4.95251 4.70936 3.87807 4.24166 4.58334 4.34201
4.67718 4.83773 5.11312 4.95161 4.59342 4.69792 4.54383 4.66607 4.99341 5.53786 5.78346 6.66044
9.30200 10.59713 11.59342 12.74694 12.00107 13.24047 13.34612 15.39677 19.27427 19.54069
C1910TS240_2 0.42256248 15.65607 14.97660 12.62423 11.07941 9.85935 9.72285 8.92908 6.55050
5.71703 5.17683 4.77554 4.33515 4.03930 3.96975 3.89104 3.84410 3.77111 3.86809 3.68580 3.40828
2.97348 2.91412 3.15610 3.43191 3.50262 3.39267 3.44821 3.48456 3.53159 3.67571 4.17060 4.67683
5.00207 6.04713 8.37781 9.38104 10.92636 11.91882 12.20279 12.57749 13.59705 14.81613 14.35294
C1910TS158_1 0.42015684 19.54991 20.86583 17.88528 17.55596 14.30214 10.73453 7.72888 4.46509
3.60565 3.08823 2.81675 2.53619 2.46243 2.41118 2.35615 2.40416 2.51047 2.71367 2.80298 2.91745
2.95587 2.95303 2.98645 3.01122 2.95927 2.97071 3.05215 3.20499 3.30137 3.48667 3.68381 4.16874
4.72786 5.16970 6.00564 6.59313 7.74182 9.56608 12.62127 13.72928 15.11540 17.57032 17.20386
C1910TS345_5 0.41998002 20.02304 20.22377 16.47209 14.91177 14.45050 13.21238 12.10665 11.40077
11.63352 11.25924 11.64340 10.66899 9.83668 8.47640 8.17914 7.68052 6.43927 3.31972 2.93028
2.75034 2.51264 2.40904 2.39121 2.34986 2.34836 2.34471 2.38120 2.41505 2.39551 2.41611 2.63831
2.94764 3.23669 3.48252 3.88466 5.14480 7.08124 9.79679 13.02982 14.06489 16.37667 19.84226
20.35098
C1910TS215_2 0.41980505 13.83080 12.38819 8.26349 7.25686 5.24291 5.10555 4.66910 3.70448 3.45908
3.58990 3.59142 3.84711 3.93245 3.79185 3.77020 3.67658 3.59946 3.46809 3.46930 3.58868 3.86713
4.61091 5.12989 4.28419 4.79571 5.34355 6.20148 6.57695 6.84236 7.01319 6.67211 6.85749 7.22486
7.50386 8.12476 9.02722 10.37761 10.65237 11.94454 14.75303 16.60179 18.99760 18.23262
C1910TS054_2 0.4195562 14.36826 13.06679 9.78033 8.63525 5.99956 5.81676 5.20674 4.16138 3.81884
3.34392 3.12468 2.99820 2.86829 2.88264 2.88295 2.96489 3.09824 3.37742 3.72737 3.95266 3.74380
3.63567 3.65675 3.66952 3.60959 3.64717 3.78104 4.01637 4.12735 4.32333 5.06876 5.53727 5.73731
6.62555 7.95717 8.97033 10.15150 11.09757 12.51236 11.96872 12.95961 13.56228 14.27217
C1910TS258_4 0.41938275 14.61778 12.34987 8.81781 7.86404 5.77707 5.44626 5.21648 4.16414 3.74657
3.54449 3.35817 3.21577 3.04282 2.85672 2.62162 2.53004 2.48683 2.51858 2.48368 2.56332 2.62988
2.66569 2.65882 2.90156 2.91762 2.97303 3.44378 3.90974 3.89526 4.33262 5.69136 7.51216 10.87760
14.51893 17.91495 18.41747 18.42342 17.14423 16.25010 15.23176 17.42235 19.78032 18.43327
C1910TS182_5 0.41931704 15.65227 15.43878 14.03891 12.20656 10.16215 8.13128 6.67544 5.04225
4.70197 4.24758 3.90327 3.47327 3.20091 2.93197 2.61364 2.61897 2.68712 2.80547 2.82800 2.94949
2.97749 2.87251 2.81128 2.83821 2.83747 2.81792 2.80236 2.93164 3.05578 2.97095 3.12380 3.37239
3.72362 4.31331 4.56933 5.28586 6.48792 8.54920 9.26259 11.24810 13.62908 18.12851 19.24632
C1910TS389_5 0.41906223 15.13026 12.94917 9.74839 8.20849 6.56192 6.36607 5.64456 4.33856 3.94854
3.38602 3.18246 3.12424 3.14537 3.14256 3.13138 3.17791 3.10628 3.15992 3.10627 3.10178 2.99385
2.72993 2.65948 2.80820 2.91240 2.99306 3.13445 3.23352 3.34857 3.52407 4.07252 4.84128 6.22011
8.24398 12.07663 14.35062 16.65823 14.33021 15.84785 14.14907 16.44555 17.23959 16.99367
C1910TS152_4 0.4173484 14.57936 12.19595 8.44881 6.36727 4.88842 4.66773 4.28489 3.47110 3.08479
2.69648 2.57842 2.41530 2.26304 2.28799 2.31441 2.39292 2.47353 2.69578 3.03333 3.49169 4.42906
4.79354 4.45085 4.51023 4.64325 4.80038 5.04612 5.40552 5.79659 6.31419 6.76061 7.22363 7.60005
8.76628 9.49374 10.66160 10.76206 10.84267 11.62027 11.31750 12.73024 14.84778 14.90971
C1910TS158_4 0.4168949 15.31421 14.43922 11.59047 10.98476 9.66125 10.02622 9.18163 6.96645
6.46154 5.78668 5.42068 5.22145 5.45135 4.44403 3.79206 3.60741 3.60441 3.57106 3.40110 3.48210
3.36425 3.09144 2.87381 2.78644 2.80515 2.86179 3.00712 3.07181 3.26333 3.17135 3.73141 3.89278
3.81179 3.82017 4.33653 5.26190 6.25639 7.48259 10.02009 11.81107 13.90173 15.01402 15.90008
C1910TS073_3 0.41677552 17.59584 18.66882 15.18801 13.13396 10.58587 8.99447 7.84974 6.62790
6.87562 6.76842 5.78649 5.93690 6.15933 6.08238 6.46406 7.55216 6.84701 4.25632 3.68738 3.17174
2.76376 3.11071 3.26288 3.53816 3.67810 4.01751 3.91482 3.52197 3.59365 3.54140 4.10903 3.94460
3.72482 5.19282 5.98010 7.43239 8.15085 8.02148 9.59151 10.03206 11.20921 16.03142 16.52913
C1910TS273_3 0.41570753 14.12919 13.36300 10.84243 10.51866 10.63088 9.52078 8.23329 6.64128
5.69542 5.84923 5.71723 5.68438 5.63080 5.47424 5.26581 5.39153 6.21170 5.98853 5.95525 7.47190
6.42135 4.35222 4.10464 3.85587 3.62879 3.52100 3.58833 3.57156 3.59033 3.65513 3.74156 3.77959
4.10566 4.28529 4.51558 4.67173 6.89985 7.51029 9.19019 9.39895 12.51885 15.39288 16.57071
C1910TS404_5 0.4149965 14.60835 12.08267 8.31215 6.24685 4.87405 4.64114 4.26953 3.43952 3.08716
2.70003 2.58289 2.45129 2.28879 2.32634 2.35458 2.43578 2.51958 2.74496 3.08474 3.55985 4.50723
4.84096 4.45729 4.52243 4.68061 4.84199 5.12682 5.46346 5.83425 6.40253 6.84718 7.30312 7.71737
8.86365 9.51287 10.70463 10.75385 10.85133 11.65922 11.40274 12.84268 14.95714 15.01887
C1910TS010_5 0.4066354 14.73604 14.80978 11.47107 10.95165 10.81921 9.58493 8.78487 7.17153
6.14537 5.80047 5.81993 5.66812 5.52687 5.42629 5.22363 5.27813 5.98762 5.76831 5.90648 7.40911
6.39178 4.36974 4.13483 3.98642 3.85275 3.86691 4.05990 4.05134 4.07665 4.17442 4.21684 4.08898
4.35808 4.48054 4.83228 5.06812 7.72872 8.35641 10.50636 10.86844 14.22917 16.13564 16.78800
C1910TS345_4 0.40206558 15.91054 16.89629 15.02074 14.96067 14.93859 17.46500 14.90831 12.19365
11.23828 10.14624 10.52599 10.22482 9.81864 9.30970 9.23296 7.34072 3.93865 3.77530 2.99122
2.83737 2.77174 2.73950 2.86985 2.87155 2.99288 3.09212 3.06225 3.07947 3.13773 3.08484 3.28824
3.58404 3.82074 4.32772 4.55908 6.33429 8.16958 9.88421 11.82237 12.92444 12.73055 17.24907
16.12387
C1910TS103_1 0.40040106 16.35203 16.11182 12.93397 11.20967 8.02134 7.65964 6.26959 4.39686
3.89656 3.55645 3.40810 3.26435 3.19162 3.18941 3.12995 3.13914 3.09090 3.07251 2.92039 2.88081
2.84440 2.83330 2.88280 3.05324 3.21636 3.52671 4.04368 5.18140 6.81797 7.52495 7.87266 7.34740
9.00806 10.92654 14.48052 17.34961 18.35598 18.11100 19.09467 17.71935 18.14466 19.63391 18.61360
C1910TS102_1 0.40040106 16.35203 16.11182 12.93397 11.20967 8.02134 7.65964 6.26959 4.39686
3.89656 3.55645 3.40810 3.26435 3.19162 3.18941 3.12995 3.13914 3.09090 3.07251 2.92039 2.88081
2.84440 2.83330 2.88280 3.05324 3.21636 3.52671 4.04368 5.18140 6.81797 7.52495 7.87266 7.34740
9.00806 10.92654 14.48052 17.34961 18.35598 18.11100 19.09467 17.71935 18.14466 19.63391 18.61360
C1910TS273_4 0.4002909 18.05613 16.13432 13.96841 10.72281 11.27103 10.03335 8.78460 7.38081
4.82240 4.63694 3.96803 3.71878 3.77972 3.62629 3.39239 3.26626 3.11943 3.13691 3.04789 3.03032
3.07543 2.94596 3.13756 3.17938 2.95558 3.52687 4.97091 5.23249 5.09951 4.24596 5.41176 5.38750
4.86089 5.34606 5.05985 5.76337 7.63196 8.63325 10.51565 11.36701 13.77470 17.35790 18.78511
C1910TS003_2 0.40007436 14.00981 12.74113 11.48441 12.02858 10.58318 11.57845 11.85998 10.96434
7.65526 7.91903 6.16407 4.51497 4.58157 5.86479 4.89282 5.07646 4.55033 4.40373 3.97215 3.61659
3.60359 3.53217 3.44591 3.50712 3.33198 3.25505 3.34465 3.27674 3.17655 3.56137 3.60517 3.59241
4.17622 4.01327 4.13191 3.96220 4.55850 5.26887 6.80754 7.61496 9.36415 10.70214 13.25553
C1910TS273_5 0.3948015 18.35674 17.72768 17.09199 17.44085 17.03710 16.95154 14.66022 11.95475
7.98550 6.07430 4.77138 3.96809 3.71693 3.57680 3.38695 3.19815 3.08576 3.06421 2.99690 3.05295
3.04952 2.94063 2.87567 2.85172 2.81488 2.92121 3.20758 3.81674 3.97538 5.05272 5.34917 6.26321
6.98651 6.06978 8.49325 10.19198 13.98637 15.55079 16.84893 17.17437 19.16068 21.59338 20.47243
C1910TS003_3 0.391021 13.19730 12.89399 10.87574 10.34966 10.00964 11.99214 8.89745 9.40382
8.90098 5.84696 4.77374 4.26209 3.95854 3.69974 3.58546 3.59518 3.50244 3.57325 3.76249 3.73407
3.63852 3.80458 3.89734 4.37764 3.92740 4.48904 5.11417 4.52420 4.14919 4.46486 5.51230 5.73053
5.02051 6.55940 6.51932 6.35566 7.24142 7.16532 9.12268 9.23779 11.16453 13.69940 14.43934
C1910TS010_3 0.3837607 13.80583 12.17833 11.21794 10.77904 7.83496 9.00798 6.84010 3.59130 3.49422
2.96554 2.73459 2.80185 2.86758 2.79668 2.94937 3.00221 3.18952 3.90049 4.78957 7.25418 8.53489
7.90170 8.09141 8.61700 7.08077 6.76418 6.60492 6.68935 7.28054 7.17828 7.57938 7.11849 9.43970
10.36360 11.63555 12.01194 11.91972 11.56373 12.28373 12.44724 14.87739 18.27327 19.40409
C1910TS010_4 0.38362134 19.86489 20.85119 18.84356 16.34052 13.70068 12.21140 7.78400 4.11836
3.28077 2.72112 2.28224 2.29269 2.35391 2.43509 2.42622 2.54132 2.56714 2.60184 2.53369 2.65889
2.71049 2.60898 2.72940 2.98589 3.46044 4.31789 5.47472 6.62169 10.04824 12.15545 16.66035
17.58659 19.43403 17.65344 17.77773 15.43693 14.60245 13.73854 13.52559 12.00538 10.77668 15.30774
14.21218
C1910TS067_4 0.38217524 17.21191 16.50842 12.11203 10.65235 6.52047 6.25174 5.07241 3.79781
3.79812 3.74008 4.12012 4.16344 3.82136 3.76421 3.82952 3.76068 3.43950 3.35543 3.36696 3.60999
3.84631 3.94738 3.99738 4.21340 4.32591 4.60238 4.86958 5.78459 6.02552 12.24480 14.53641 14.24710
14.54224 14.53909 13.59818 13.11547 13.11842 13.98661 13.37127 14.85367 15.86648 17.55775 16.82092
C1910TS067_1 0.38217524 17.21191 16.50842 12.11203 10.65235 6.52047 6.25174 5.07241 3.79781
3.79812 3.74008 4.12012 4.16344 3.82136 3.76421 3.82952 3.76068 3.43950 3.35543 3.36696 3.60999
3.84631 3.94738 3.99738 4.21340 4.32591 4.60238 4.86958 5.78459 6.02552 12.24480 14.53641 14.24710
14.54224 14.53909 13.59818 13.11547 13.11842 13.98661 13.37127 14.85367 15.86648 17.55775 16.82092
C1910TS067_3 0.3811816 18.20470 16.92531 12.27143 10.85818 6.87540 6.66082 5.21478 3.78472 3.72316
3.67562 4.04320 4.08452 3.77330 3.74108 3.78763 3.76704 3.47451 3.39779 3.38221 3.56966 3.76174
3.83340 3.89094 4.07722 4.18667 4.55717 4.92466 5.86595 5.97560 11.96290 14.15138 13.81461
14.26628 14.13258 13.50417 13.01482 13.09486 13.75667 12.99769 13.62334 14.48227 14.41699 14.50559
C1910TS067_5 0.3780579 19.09561 17.58595 13.37346 11.34278 7.43034 7.55347 6.16076 4.36396 4.12824
4.14016 4.61924 4.93751 4.33920 4.19200 4.14306 3.92083 3.49925 3.34414 3.30756 3.53868 3.73432
3.81680 3.84154 3.96638 4.08236 4.32783 4.69387 5.40007 5.48286 11.70754 14.01758 13.80547
14.10270 13.98128 13.15393 13.08895 13.24046 14.40457 13.78248 15.35496 16.16600 17.61822 16.74682
C1910TS067_2 0.3780579 19.09561 17.58595 13.37346 11.34278 7.43034 7.55347 6.16076 4.36396 4.12824
4.14016 4.61924 4.93751 4.33920 4.19200 4.14306 3.92083 3.49925 3.34414 3.30756 3.53868 3.73432
3.81680 3.84154 3.96638 4.08236 4.32783 4.69387 5.40007 5.48286 11.70754 14.01758 13.80547
14.10270 13.98128 13.15393 13.08895 13.24046 14.40457 13.78248 15.35496 16.16600 17.61822 16.74682
C1910TS003_1 0.35196435 17.38971 16.55256 12.37845 10.66953 8.96692 9.13691 9.77300 8.28741
9.54785 10.46552 9.71674 6.70326 9.04481 6.50949 8.50392 6.26172 9.31498 9.68755 6.13097 10.33004
5.83118 5.18777 3.88191 3.65185 3.26907 3.05803 2.88757 2.90260 2.89337 2.98839 3.14030 3.13474
3.28392 3.62137 3.95744 4.27909 4.69547 5.43674 6.84128 7.30359 8.63877 10.18265 11.21219
END



